Timestamp,Trial Duration,Wrist World Position X,Wrist World Position Y,Wrist World Position Z,Wrist World Position Magnitude,Wrist World Rotation X,Wrist World Rotation Y,Wrist World Rotation Z,Wrist World Rotation W,Wrist World Rotation Angle,Wrist World Rotation Axis X,Wrist World Rotation Axis Y,Wrist World Rotation Axis Z,Wrist World Position_left X,Wrist World Position_left Y,Wrist World Position_left Z,Wrist World Position_left Magnitude,Wrist World Rotation_left X,Wrist World Rotation_left Y,Wrist World Rotation_left Z,Wrist World Rotation_left W,Wrist World Rotation_left Angle,Wrist World Rotation_left Axis X,Wrist World Rotation_left Axis Y,Wrist World Rotation_left Axis Z,Thumb Tip World Position X,Thumb Tip World Position Y,Thumb Tip World Position Z,Thumb Tip World Position Magnitude,Index Tip World Position X,Index Tip World Position Y,Index Tip World Position Z,Index Tip World Position Magnitude,Middle Tip World Position X,Middle Tip World Position Y,Middle Tip World Position Z,Middle Tip World Position Magnitude,Thumb Tip World Position_left X,Thumb Tip World Position_left Y,Thumb Tip World Position_left Z,Thumb Tip World Position_left Magnitude,Index Tip World Position_left X,Index Tip World Position_left Y,Index Tip World Position_left Z,Index Tip World Position_left Magnitude,Middle Tip World Position_left X,Middle Tip World Position_left Y,Middle Tip World Position_left Z,Middle Tip World Position_left Magnitude,Thumb Tip Local Position X,Thumb Tip Local Position Y,Thumb Tip Local Position Z,Thumb Tip Local Position Magnitude,Index Tip Local Position X,Index Tip Local Position Y,Index Tip Local Position Z,Index Tip Local Position Magnitude,Middle Tip Local Position X,Middle Tip Local Position Y,Middle Tip Local Position Z,Middle Tip Local Position Magnitude,Thumb Tip Local Position_left X,Thumb Tip Local Position_left Y,Thumb Tip Local Position_left Z,Thumb Tip Local Position_left Magnitude,Index Tip Local Position_left X,Index Tip Local Position_left Y,Index Tip Local Position_left Z,Index Tip Local Position_left Magnitude,Middle Tip Local Position_left X,Middle Tip Local Position_left Y,Middle Tip Local Position_left Z,Middle Tip Local Position_left Magnitude,Thumb Tip Euro Position X,Thumb Tip Euro Position Y,Thumb Tip Euro Position Z,Thumb Tip Euro Position Magnitude,Index Tip Euro Position X,Index Tip Euro Position Y,Index Tip Euro Position Z,Index Tip Euro Position Magnitude,Middle Tip Euro Position X,Middle Tip Euro Position Y,Middle Tip Euro Position Z,Middle Tip Euro Position Magnitude,Thumb Tip Euro Position_left X,Thumb Tip Euro Position_left Y,Thumb Tip Euro Position_left Z,Thumb Tip Euro Position_left Magnitude,Index Tip Euro Position_left X,Index Tip Euro Position_left Y,Index Tip Euro Position_left Z,Index Tip Euro Position_left Magnitude,Middle Tip Euro Position_left X,Middle Tip Euro Position_left Y,Middle Tip Euro Position_left Z,Middle Tip Euro Position_left Magnitude,Triangle Local Position X,Triangle Local Position Y,Triangle Local Position Z,Triangle Local Position Magnitude,Triangle Local Rotation X,Triangle Local Rotation Y,Triangle Local Rotation Z,Triangle Local Rotation W,Triangle Local Rotation Angle,Triangle Local Rotation Axis X,Triangle Local Rotation Axis Y,Triangle Local Rotation Axis Z,Triangle Local Position_left X,Triangle Local Position_left Y,Triangle Local Position_left Z,Triangle Local Position_left Magnitude,Triangle Local Rotation_left X,Triangle Local Rotation_left Y,Triangle Local Rotation_left Z,Triangle Local Rotation_left W,Triangle Local Rotation_left Angle,Triangle Local Rotation_left Axis X,Triangle Local Rotation_left Axis Y,Triangle Local Rotation_left Axis Z,Die World Position X,Die World Position Y,Die World Position Z,Die World Position Magnitude,Die World Rotation X,Die World Rotation Y,Die World Rotation Z,Die World Rotation W,Die World Rotation Angle,Die World Rotation Axis X,Die World Rotation Axis Y,Die World Rotation Axis Z,Die Local Position X,Die Local Position Y,Die Local Position Z,Die Local Position Magnitude,Die Local Rotation X,Die Local Rotation Y,Die Local Rotation Z,Die Local Rotation W,Die Local Rotation Angle,Die Local Rotation Axis X,Die Local Rotation Axis Y,Die Local Rotation Axis Z,Die Local_left Position X,Die Local_left Position Y,Die Local_left Position Z,Die Local_left Position Magnitude,Die Local_left Rotation X,Die Local_left Rotation Y,Die Local_left Rotation Z,Die Local_left Rotation W,Die Local_left Rotation Angle,Die Local_left Rotation Axis X,Die Local_left Rotation Axis Y,Die Local_left Rotation Axis Z,Target Offset Position X,Target Offset Position Y,Target Offset Position Z,Target Offset Position Magnitude,Target Offset Rotation X,Target Offset Rotation Y,Target Offset Rotation Z,Target Offset Rotation W,Target Offset Rotation Angle,Target Offset Rotation Axis X,Target Offset Rotation Axis Y,Target Offset Rotation Axis Z,Head World Position X,Head World Position Y,Head World Position Z,Head World Position Magnitude,Head World Rotation X,Head World Rotation Y,Head World Rotation Z,Head World Rotation W,Head World Rotation Angle,Head World Rotation Axis X,Head World Rotation Axis Y,Head World Rotation Axis Z,Is Grabbed,Is Grabbed_right,Is Grabbed_left,Is On Target
1772879674400,0.01386399,0.2060187,1.093683,0.2109661,1.132737,-0.238165,-0.827237,0.4202791,0.2869182,146.6529,-0.2486182,-0.8635447,0.4387253,-0.09011206,0.6567784,-0.06214078,0.6658375,0.5550617,0.2632137,-0.733242,0.2915157,146.1026,0.5802649,0.2751652,-0.7665356,0.09235958,1.097488,0.2865796,1.138042,0.08508943,1.130141,0.3011182,1.17266,0.106201,1.125686,0.3099857,1.172407,0.002009171,0.686908,0.03308962,0.6877075,-0.0008497724,0.6597591,0.07798322,0.6643525,-0.01762694,0.6465366,0.1048612,0.6552222,0.1052256,-0.07825622,0.03812905,0.1365661,0.1352066,-0.07405034,0.01778425,0.1551791,0.11957,-0.08057699,0.001750484,0.1441967,-0.1159075,0.03952556,-0.0588738,0.1358784,-0.1550551,0.05344028,-0.02670991,0.1661667,-0.1756814,0.04883209,0.0003466234,0.1823421,0.1050526,-0.07827744,0.03874155,0.1366174,0.1360598,-0.07359391,0.01784853,0.1557142,0.1204494,-0.08047771,0.001721585,0.1448713,-0.1161917,0.04058493,-0.05512904,0.1348587,-0.1550992,0.05348881,-0.02641411,0.1661762,-0.175783,0.04880789,0.0007263889,0.1824346,0.1161662,-0.07780103,0.02417496,0.1418873,-0.1414351,0.9700337,-0.05587333,0.1894967,158.1532,-0.144045,0.9879338,-0.05690436,-0.1410002,0.0443272,-0.03220408,0.1512714,0.1419811,-0.3736679,-0.4396501,0.8043144,72.91181,0.2389433,-0.6288546,-0.7398977,-0.09973542,1.103555,0.2970073,1.147168,0.07491048,0.03949127,0.03490076,0.9957966,10.5104,0.8178705,0.4311645,0.3810455,0.2493716,-0.117488,0.1600776,0.3187702,0.238165,0.827237,-0.4202791,0.2869182,146.6529,0.2486182,0.8635447,-0.4387253,-0.4082083,-0.3361833,-0.2191713,0.5724415,-0.5550617,-0.2632137,0.733242,0.2915157,146.1026,-0.5802649,-0.2751652,0.7665356,0.1997354,-0.003555417,0.002992719,0.1997895,0.5142113,-0.7599192,0.04923757,0.3945701,133.5217,0.5596151,-0.8270184,0.05358515,-0.1157929,1.219079,-0.06939145,1.226531,0.06708328,-0.01742019,-0.1336493,-0.9886022,342.6822,0.4455837,-0.1157092,-0.8877317,True,True,False,False
1772879674413,0.028813,0.007703042,1.029714,0.2310131,1.055338,-0.4733294,-0.785975,0.2090205,0.3383978,140.4414,-0.5030051,-0.8352523,0.2221252,-0.09937938,0.6674159,-0.06394829,0.6777977,0.5487592,0.2269867,-0.742912,0.3089051,144.0135,0.5769776,0.2386589,-0.7811141,-0.09599257,1.081393,0.2957347,1.125204,-0.09004378,1.12943,0.3080973,1.174156,-0.0790282,1.125274,0.3260352,1.174217,0.001511069,0.710813,0.01888468,0.7110655,-0.008844588,0.6765448,0.07331292,0.680563,-0.03101426,0.6727198,0.1056247,0.6816673,0.100867,-0.08047751,0.03101034,0.1327118,0.1456131,-0.06260028,0.01782285,0.1594981,0.1443691,-0.06953305,-0.002444565,0.1602599,-0.1091343,0.04094382,-0.07305346,0.1375627,-0.1518118,0.05790421,-0.02684786,0.1646831,-0.1772996,0.04496386,0.000227958,0.1829124,0.1047172,-0.07845373,0.03812205,0.1362863,0.1368253,-0.072713,0.01784647,0.1559707,0.1223661,-0.07960071,0.001387752,0.1459852,-0.1156262,0.04061369,-0.05656532,0.134976,-0.1548358,0.05384262,-0.02644887,0.1660502,-0.1759045,0.04849987,0.0006864497,0.1824695,0.1163834,-0.07747956,0.02414327,0.141884,-0.1514387,0.9631046,-0.04873786,0.2170724,154.9257,-0.1551379,0.9866304,-0.04992839,-0.1405289,0.04421386,-0.03321391,0.1510179,0.1555925,-0.3646847,-0.4667561,0.7905282,75.53019,0.2540594,-0.595476,-0.7621434,-0.09992527,1.103902,0.2969187,1.147495,0.07551944,0.04145596,0.03671778,0.9956054,10.74697,0.8064217,0.4426805,0.3920846,0.1221257,-0.07326343,0.03268978,0.1461193,0.5323749,0.7638577,-0.236517,0.2777739,147.7452,0.554184,0.7951495,-0.246206,-0.4363802,-0.3075767,-0.1883503,0.5661333,-0.5605728,-0.1390295,0.7459028,0.3317503,141.2499,-0.5942254,-0.1473758,0.7906812,0.1999253,-0.003901601,0.003081322,0.1999871,0.5155278,-0.7596794,0.04704728,0.3935797,133.6452,0.5607888,-0.8263757,0.05117781,-0.1163282,1.219012,-0.06965261,1.226529,0.06662717,-0.01559705,-0.1350219,-0.9884769,342.5872,0.4401565,-0.1030382,-0.8919901,True,True,False,False
1772879674428,0.0450933,0.007705452,1.030231,0.2311342,1.055869,-0.4743949,-0.7864555,0.2080713,0.3363686,140.6884,-0.5037481,-0.8351174,0.2209457,-0.09936952,0.6677239,-0.06394857,0.6780995,0.5487804,0.2269033,-0.7426284,0.3096099,143.9286,0.5771388,0.2386286,-0.781004,-0.09610905,1.082177,0.2956164,1.125937,-0.09059475,1.12954,0.3079914,1.174277,-0.07951839,1.125645,0.3255891,1.174482,0.001422556,0.7112213,0.01895191,0.7114751,-0.008792665,0.6766134,0.07306123,0.6806034,-0.03108549,0.672845,0.1055769,0.6817868,0.1010142,-0.08054817,0.0306907,0.1327923,0.1453055,-0.0632608,0.01779614,0.1594751,0.144106,-0.06972633,-0.002310857,0.1601051,-0.1091475,0.04100385,-0.07300053,0.1375629,-0.1514538,0.0583236,-0.02673954,0.1644837,-0.1771393,0.04526957,0.0004319176,0.1828328,0.1043992,-0.07863356,0.03748397,0.1359687,0.1375535,-0.0719014,0.01784215,0.1562341,0.1242328,-0.07875288,0.00107018,0.147095,-0.1150699,0.04064719,-0.05797649,0.1351094,-0.1545454,0.05422737,-0.02647382,0.1659088,-0.1760105,0.04822251,0.0006645949,0.1824981,0.1165438,-0.07721235,0.02407457,0.1418584,-0.1603954,0.9557006,-0.04231236,0.2431444,151.8556,-0.1653578,0.9852685,-0.04362144,-0.1400754,0.0441236,-0.03418969,0.1507878,0.1683246,-0.3554697,-0.4929776,0.7760679,78.19611,0.2669067,-0.5636566,-0.7816985,-0.1005575,1.104847,0.2967638,1.148419,0.09499303,0.03936422,0.03548736,0.9940661,12.4897,0.8732786,0.3618785,0.3262382,0.1219326,-0.0736381,0.03239161,0.1460799,0.5352152,0.7638116,-0.2345324,0.274101,148.1831,0.5565298,0.7942299,-0.2438725,-0.4366747,-0.3070235,-0.1884901,0.5661067,-0.5621049,-0.1368381,0.7451184,0.3318317,141.24,-0.5958675,-0.1450572,0.7898737,0.2005575,-0.004846811,0.003236234,0.2006421,0.5060634,-0.7610745,0.03366558,0.4043912,132.2941,0.5533249,-0.8321517,0.03680963,-0.1169723,1.21893,-0.06985293,1.22652,0.06665225,-0.01412791,-0.136143,-0.9883435,342.4865,0.4378102,-0.09280024,-0.8942651,True,True,False,False
1772879674441,0.0593512,0.007997425,1.031664,0.2313718,1.057321,-0.475001,-0.7872565,0.2069877,0.3343012,140.9399,-0.5039979,-0.8353153,0.2196235,-0.09899178,0.6688443,-0.06400338,0.6791528,0.5488358,0.2268524,-0.7423401,0.3102397,143.8526,0.5773216,0.2386265,-0.7808694,-0.09682129,1.083784,0.2949786,1.127375,-0.09118621,1.12864,0.3084434,1.173576,-0.08031156,1.125861,0.3256655,1.174765,0.001659164,0.7123652,0.01900526,0.7126206,-0.008436214,0.6768953,0.07242432,0.6808111,-0.03073164,0.6732956,0.1053343,0.6821779,0.1012558,-0.08068337,0.03141104,0.1332261,0.1436182,-0.06514208,0.01766235,0.1586872,0.1432973,-0.07088296,-0.002073959,0.1598837,-0.1091718,0.04106994,-0.07286903,0.1375322,-0.1506437,0.05909707,-0.02629947,0.1639441,-0.176759,0.04593521,0.000864327,0.1826322,0.1041075,-0.07882378,0.03692041,0.1357007,0.1381163,-0.07127414,0.01782547,0.1564412,0.1260019,-0.07802255,0.0007784053,0.1482046,-0.1145226,0.04068642,-0.05935851,0.1352562,-0.1541833,0.05467927,-0.02645764,0.1657176,-0.17608,0.04801025,0.0006831299,0.1825092,0.1165899,-0.07705546,0.02402097,0.1418018,-0.1679736,0.9483451,-0.03721453,0.2665364,149.0835,-0.1742782,0.9839393,-0.0386113,-0.1396343,0.04407185,-0.03511321,0.1505755,0.1804648,-0.3457929,-0.51948,0.7602633,81.02518,0.2778026,-0.5323042,-0.7996736,-0.1008959,1.105004,0.2965612,1.148548,0.1059616,0.03929482,0.03899536,0.9928281,13.73237,0.8863305,0.328687,0.3261821,0.1217275,-0.07435584,0.0327039,0.1463418,0.5400243,0.7592256,-0.2499819,0.2635514,149.4382,0.5598164,0.7870516,-0.2591438,-0.436686,-0.3069607,-0.187974,0.5659097,-0.5533804,-0.1233,0.7488896,0.3431205,139.8658,-0.5891467,-0.1312692,0.7972922,0.2008959,-0.005003691,0.00343886,0.2009876,0.5038708,-0.7598487,0.02389969,0.4100895,131.5791,0.5524624,-0.8331258,0.02620449,-0.1175586,1.218846,-0.07002328,1.226503,0.06707169,-0.01253839,-0.1372711,-0.9881806,342.3643,0.4375356,-0.08179292,-0.8954746,True,True,False,False
1772879674454,0.0725767,0.00839144,1.032332,0.2315519,1.058015,-0.4751607,-0.7884263,0.2059338,0.3319603,141.2244,-0.5037253,-0.8358231,0.2183136,-0.09888174,0.6692683,-0.06407502,0.6795611,0.5489317,0.226775,-0.7420788,0.3107511,143.791,0.5775241,0.2385871,-0.7807317,-0.09701765,1.084584,0.2944686,1.128028,-0.09166275,1.127683,0.3085009,1.172708,-0.08104354,1.124991,0.3255263,1.173942,0.001615407,0.7128469,0.01905187,0.7131032,-0.008454788,0.6772085,0.0723331,0.681113,-0.03074836,0.6736072,0.1052552,0.6824741,0.1014947,-0.0806203,0.03160803,0.1334162,0.1425222,-0.06634171,0.01760855,0.1581893,0.1422337,-0.07198466,-0.001832396,0.1594226,-0.1092116,0.04107206,-0.07276516,0.1375095,-0.1505091,0.05925509,-0.02613599,0.1638513,-0.1766539,0.04610935,0.001020588,0.1825753,0.1038927,-0.07897149,0.03648363,0.1355037,0.1384785,-0.0708686,0.01780763,0.1565751,0.1273365,-0.07752612,0.0005637467,0.1490812,-0.1140859,0.04071813,-0.06046079,0.1353849,-0.1538812,0.05505549,-0.0264312,0.1655571,-0.1761272,0.04785396,0.0007108756,0.1825138,0.1165838,-0.07698584,0.02395405,0.1417476,-0.1735511,0.9425247,-0.03432883,0.2834585,147.0665,-0.1809739,0.9828362,-0.03579706,-0.1392827,0.04403991,-0.03584329,0.1504125,0.1894339,-0.3379895,-0.5396658,0.7474215,83.26498,0.2851416,-0.5087519,-0.8123211,-0.1017516,1.104903,0.2957299,1.148312,0.1361381,0.0494288,0.02491039,0.9891425,16.90156,0.9263633,0.3363426,0.169505,0.1215443,-0.0748684,0.03275418,0.146462,0.5457651,0.755466,-0.2563835,0.2562801,150.3011,0.564622,0.7815682,-0.2652419,-0.4367065,-0.306538,-0.1877496,0.5656218,-0.5500702,-0.1129,0.7513338,0.3466616,139.4335,-0.5864347,-0.1203637,0.8010036,0.2017516,-0.00490284,0.004270107,0.2018564,0.4812109,-0.772396,0.0007782077,0.4145362,131.0198,0.528784,-0.848756,0.0008551423,-0.1181086,1.218762,-0.07022795,1.226484,0.06742759,-0.01113635,-0.1382896,-0.9880311,342.2529,0.4371189,-0.07219461,-0.8965023,True,True,False,False
1772879674468,0.0880339,0.008960666,1.03338,0.2318822,1.059114,-0.4749674,-0.789915,0.2047942,0.3293927,141.5362,-0.5030407,-0.8366033,0.2168986,-0.09901117,0.6700149,-0.06391311,0.6803,0.5490198,0.2267077,-0.7418926,0.3110892,143.7502,0.577684,0.2385441,-0.7806266,-0.09841143,1.085403,0.2926717,1.128469,-0.09208775,1.125318,0.3082166,1.170392,-0.08154854,1.121096,0.324495,1.169959,0.001422839,0.7137489,0.0191766,0.7140079,-0.008706119,0.6778585,0.0724915,0.6817793,-0.03099436,0.6742029,0.1054052,0.6830962,0.1014907,-0.08058407,0.03371052,0.1339051,0.1397932,-0.06802817,0.01789719,0.1564937,0.1378631,-0.07386474,-0.000973165,0.1564071,-0.109156,0.04101937,-0.07284191,0.1374902,-0.1504134,0.05935432,-0.0259927,0.1637765,-0.176553,0.04626153,0.001187034,0.1825171,0.1037084,-0.07909521,0.03627087,0.1353775,0.1385794,-0.07065067,0.0178145,0.1565667,0.1281441,-0.07724521,0.0004458306,0.149626,-0.1137077,0.04074124,-0.06141071,0.1355011,-0.1536151,0.05538531,-0.02639755,0.1654146,-0.1761598,0.04773178,0.0007474077,0.1825135,0.1164871,-0.07698821,0.02394944,0.1416687,-0.1776778,0.9386786,-0.03288073,0.2936526,145.8465,-0.1858725,0.9819716,-0.03439723,-0.138975,0.04401682,-0.03646918,0.1502716,0.1964966,-0.3313243,-0.556111,0.7364468,85.14079,0.2904625,-0.4897657,-0.8220469,-0.1021038,1.104686,0.2953018,1.148024,0.149075,0.05410931,0.01840006,0.987173,18.37368,0.9337348,0.3389149,0.1152492,0.1208583,-0.07552022,0.033753,0.1464558,0.5444532,0.7579081,-0.2784257,0.2272121,153.734,0.5590756,0.7782632,-0.2859034,-0.435627,-0.306087,-0.1871316,0.5643389,-0.543026,-0.09419338,0.745313,0.3751791,135.9292,-0.5858186,-0.1016162,0.8040467,0.2021039,-0.004685879,0.004698187,0.2022128,0.470987,-0.7778516,-0.009180526,0.4159737,130.8387,0.5179228,-0.8553678,-0.0100954,-0.1187326,1.218695,-0.07030085,1.226482,0.0680757,-0.009818472,-0.1395351,-0.9878255,342.1008,0.4376006,-0.06311457,-0.896952,True,True,False,False
1772879674482,0.10073,0.009282412,1.034008,0.232183,1.059796,-0.4749381,-0.7910706,0.2037413,0.327308,141.7891,-0.5026238,-0.8371848,0.2156181,-0.09914453,0.6702481,-0.06370655,0.6805297,0.5490198,0.2267077,-0.7418926,0.3110892,143.7502,0.577684,0.2385441,-0.7806266,-0.09902488,1.085709,0.2918525,1.128604,-0.09224036,1.123856,0.3078302,1.168897,-0.08174121,1.118385,0.3235675,1.167118,0.001284646,0.7139753,0.01937528,0.7142392,-0.008850839,0.6780389,0.07266146,0.6819786,-0.03110575,0.6743345,0.1055853,0.683259,0.1013371,-0.08063974,0.03452472,0.1340296,0.1380012,-0.06879375,0.01803388,0.1552486,0.1347516,-0.07481887,-0.0004312098,0.15413,-0.109146,0.04102072,-0.07283633,0.1374798,-0.1503649,0.05938322,-0.02596002,0.1637373,-0.1765107,0.04634847,0.001233317,0.1824985,0.1034985,-0.07923194,0.03611629,0.1352554,0.1385282,-0.07048629,0.01783392,0.1564494,0.128729,-0.07703043,0.0003681923,0.1500166,-0.1133039,0.04076598,-0.06242214,0.1356324,-0.1533274,0.05573922,-0.02635882,0.1652602,-0.1761909,0.04760933,0.0007904219,0.1825117,0.1163205,-0.07702327,0.02395507,0.1415517,-0.1817901,0.9353815,-0.03176792,0.3016698,144.8842,-0.1906731,0.981088,-0.03332023,-0.1386472,0.04399744,-0.0371335,0.1501257,0.2034011,-0.3243493,-0.5725902,0.7249593,87.06908,0.2953013,-0.470896,-0.8312966,-0.1023064,1.104422,0.2948995,1.147685,0.1652041,0.05937974,0.005425151,0.9844553,20.23127,0.9406084,0.3380853,0.03088871,0.1202768,-0.07588661,0.0340739,0.1462406,0.5432195,0.7595223,-0.2873357,0.2132528,155.3739,0.5560093,0.7774048,-0.2941009,-0.4348802,-0.3059291,-0.1868658,0.5635887,-0.5399166,-0.08626731,0.7421897,0.38756,134.3945,-0.5856916,-0.09358118,0.8051137,0.2023064,-0.004422307,0.005100489,0.202419,0.4543569,-0.7867322,-0.01948424,0.417412,130.6574,0.499998,-0.8657612,-0.02144148,-0.1192728,1.218632,-0.0703302,1.226473,0.06890149,-0.008538612,-0.1405592,-0.987635,341.9609,0.4395036,-0.05446545,-0.8965885,True,True,False,False
1772879674497,0.1143697,0.009647861,1.034589,0.2325464,1.060446,-0.4750373,-0.792047,0.2026934,0.3254484,142.0145,-0.5023873,-0.8376488,0.2143634,-0.0993184,0.6706873,-0.06352513,0.6809707,0.5490198,0.2267077,-0.7418926,0.3110892,143.7502,0.577684,0.2385441,-0.7806266,-0.09974606,1.085946,0.2909665,1.128668,-0.09222763,1.122007,0.3075661,1.167049,-0.08157692,1.115891,0.322572,1.164439,0.001098754,0.7143829,0.01957884,0.7146521,-0.00903121,0.6783785,0.07280423,0.6823338,-0.03129352,0.6745985,0.1057318,0.6835508,0.101139,-0.08074928,0.03560863,0.1342293,0.1358612,-0.06972328,0.01813683,0.1537808,0.13171,-0.07542534,7.347763E-05,0.1517778,-0.109158,0.04103449,-0.07280034,0.1374743,-0.1503054,0.05944848,-0.02589948,0.1636968,-0.1764372,0.04646172,0.001351222,0.1824571,0.1033242,-0.07934404,0.03607879,0.1351778,0.1383312,-0.07042992,0.0178563,0.1562521,0.1289493,-0.07691184,0.0003464193,0.1501448,-0.1129976,0.04078582,-0.06318887,0.1357379,-0.1531042,0.05601325,-0.02632489,0.1651405,-0.1762091,0.04752455,0.000831853,0.1825073,0.1161213,-0.07707742,0.02398975,0.1414235,-0.1842947,0.9336663,-0.03073447,0.3055454,144.418,-0.1935508,0.9805592,-0.03227809,-0.1383985,0.04398824,-0.03763238,0.1500177,0.2082022,-0.3191408,-0.5844065,0.7164287,88.47919,0.2984292,-0.4574444,-0.8376662,-0.1022695,1.103132,0.2936264,1.146113,0.2033617,0.07078384,-0.02543201,0.9762105,25.04524,0.937907,0.326456,-0.1172928,0.1196124,-0.07619797,0.03442535,0.1459396,0.5377512,0.762997,-0.3004189,0.1959793,157.3961,0.5483855,0.7780856,-0.3063598,-0.434167,-0.305458,-0.1865418,0.5626752,-0.5343755,-0.07916901,0.7369002,0.4063907,132.0434,-0.5848482,-0.08664666,0.8065016,0.2022695,-0.003131509,0.006373584,0.2023941,0.4138113,-0.8060457,-0.04350647,0.4209013,130.217,0.4561881,-0.8885898,-0.0479618,-0.1196937,1.218434,-0.0703746,1.22632,0.06987793,-0.007341729,-0.1413019,-0.98747,341.8408,0.4428062,-0.04652346,-0.8954096,True,True,False,False
1772879674510,0.1286854,0.01070341,1.034943,0.232594,1.060812,-0.4755603,-0.7931267,0.2007236,0.3232686,142.2786,-0.5025432,-0.8381281,0.2121125,-0.1000743,0.6724224,-0.06362282,0.6827991,0.5490198,0.2267077,-0.7418926,0.3110892,143.7502,0.577684,0.2385441,-0.7806266,-0.1009699,1.08523,0.2883526,1.127416,-0.09148104,1.117846,0.3067907,1.162785,-0.08029571,1.110283,0.3202195,1.158325,0.000450315,0.7163071,0.0192457,0.7165657,-0.009872679,0.6800724,0.07282306,0.6840315,-0.03224635,0.6762105,0.1057326,0.685186,0.1002295,-0.08115724,0.0384229,0.1345688,0.1317868,-0.07153574,0.01829033,0.1510618,0.1256345,-0.0764867,0.0009619147,0.147089,-0.1089951,0.04097655,-0.07307019,0.1374709,-0.1503906,0.05941725,-0.02577961,0.1637447,-0.176465,0.04640893,0.001596346,0.1824726,0.1030799,-0.07948717,0.03626382,0.1351249,0.1378146,-0.07051721,0.01789056,0.1558384,0.1286876,-0.07687829,0.0003950039,0.1499031,-0.1126816,0.04080087,-0.06396886,0.1358451,-0.15289,0.05628195,-0.02628184,0.1650265,-0.1762293,0.04743648,0.000892199,0.1825042,0.1157358,-0.07719326,0.02413715,0.1411955,-0.1852096,0.9337677,-0.02882741,0.3048677,144.4996,-0.1944672,0.9804419,-0.03026834,-0.1381399,0.04397514,-0.03813773,0.1499031,0.2125505,-0.3140401,-0.5954261,0.7082859,89.80876,0.3010947,-0.4448628,-0.8434686,-0.1022576,1.102722,0.2929632,1.145548,0.2155686,0.07519898,-0.03631821,0.9729113,26.73296,0.9324759,0.325285,-0.1571001,0.1181941,-0.07690801,0.03539511,0.1453874,0.5240245,0.7684157,-0.3317995,0.157622,161.8622,0.530658,0.7781429,-0.3359996,-0.4325617,-0.3027716,-0.1853704,0.5595913,-0.5194436,-0.06238451,0.7235736,0.4502532,126.4802,-0.5817482,-0.06986722,0.8103626,0.2022576,-0.002722144,0.007036835,0.2023983,0.3998418,-0.8125386,-0.05128916,0.421043,130.1991,0.4408201,-0.8958126,-0.05654559,-0.1201002,1.218211,-0.07040349,1.22614,0.07021432,-0.006363057,-0.1423295,-0.9873053,341.7216,0.4420609,-0.04006103,-0.8960895,True,True,False,False
1772879674524,0.1420814,0.01107946,1.034869,0.2326587,1.060757,-0.4765326,-0.7937806,0.1984072,0.3216574,142.4736,-0.5032789,-0.838333,0.2095432,-0.1003666,0.6729457,-0.06360254,0.6833554,0.5490198,0.2267077,-0.7418926,0.3110892,143.7502,0.577684,0.2385441,-0.7806266,-0.1014508,1.084896,0.2871599,1.126833,-0.09112146,1.116417,0.306092,1.161199,-0.07974713,1.10845,0.3189854,1.156189,0.0002207701,0.7170274,0.01908604,0.7172814,-0.01018338,0.6805552,0.07284068,0.6845179,-0.03259585,0.6766654,0.1057891,0.6856602,0.09989473,-0.08127575,0.03938871,0.1346706,0.1303513,-0.07182341,0.0183713,0.1499586,0.1235984,-0.07640541,0.001268968,0.1453134,-0.1088778,0.04088159,-0.07329899,0.1374715,-0.1503757,0.05943268,-0.02574053,0.1637305,-0.1764734,0.04641655,0.001691833,0.1824835,0.102817,-0.07963477,0.03652171,0.135081,0.1371987,-0.07062501,0.01793023,0.1553475,0.1282676,-0.07683926,0.000467128,0.1495228,-0.1123677,0.04080753,-0.06473883,0.1359517,-0.1526825,0.05654196,-0.02623717,0.1649161,-0.1762494,0.04735231,0.000958189,0.1825021,0.1152941,-0.07731236,0.02432408,0.1409311,-0.1856267,0.934456,-0.02630977,0.3027251,144.7573,-0.1947655,0.9804613,-0.02760505,-0.1378824,0.04395897,-0.03863617,0.1497888,0.2164301,-0.3091886,-0.6056039,0.7005744,91.0538,0.303302,-0.4332925,-0.8486845,-0.1018414,1.101795,0.2913608,1.14421,0.2463329,0.09222925,-0.05126878,0.9634238,31.08847,0.9192135,0.3441618,-0.1913141,0.1177953,-0.07706355,0.03565761,0.1452101,0.5190545,0.7710029,-0.3399941,0.1433214,163.5198,0.5244691,0.7790456,-0.3435407,-0.431772,-0.3019028,-0.1851442,0.558436,-0.5146425,-0.05718362,0.7180828,0.465006,124.5788,-0.5813148,-0.0645918,0.811111,0.2018414,-0.001795173,0.008639246,0.2020342,0.3742916,-0.8238688,-0.07887469,0.4182405,130.5529,0.4120627,-0.9070084,-0.08683423,-0.1204646,1.218,-0.07038276,1.225965,0.07017097,-0.005549638,-0.143034,-0.9872115,341.654,0.4401757,-0.03481235,-0.8972388,True,True,False,False
1772879674538,0.1564628,0.01207352,1.034392,0.2320477,1.060169,-0.4788707,-0.7941616,0.1938306,0.3200313,142.6704,-0.505454,-0.8382475,0.2045907,-0.1004145,0.673327,-0.06372635,0.6837495,0.5490198,0.2267077,-0.7418926,0.3110892,143.7502,0.577684,0.2385441,-0.7806266,-0.1017911,1.084385,0.2843294,1.125653,-0.09017664,1.114813,0.3049044,1.15927,-0.07813042,1.105299,0.3164941,1.152371,0.0001190547,0.7176788,0.01881729,0.7179254,-0.01024954,0.6808523,0.07275231,0.6848049,-0.03287241,0.6767774,0.1057473,0.6857774,0.09941545,-0.08129163,0.04130488,0.1348994,0.1290652,-0.07235252,0.01838928,0.1491002,0.120334,-0.07624093,0.001697898,0.1424634,-0.1087858,0.04065257,-0.07348859,0.137432,-0.150388,0.05947916,-0.02566077,0.1637461,-0.176448,0.04644409,0.002052583,0.1824697,0.102553,-0.0797634,0.03689305,0.135057,0.1365672,-0.07075913,0.01796587,0.1548555,0.1276517,-0.07679281,0.0005626789,0.1489712,-0.1120896,0.0407955,-0.06541812,0.1360437,-0.1525044,0.05676999,-0.02619242,0.1648225,-0.1762649,0.04728181,0.001043152,0.1824992,0.1148271,-0.07741589,0.02457354,0.1406498,-0.1843696,0.9361929,-0.0229118,0.2983719,145.2803,-0.1931685,0.980872,-0.02400525,-0.1376555,0.04393671,-0.03906479,0.1496847,0.2193355,-0.3051063,-0.6138553,0.6942505,92.06496,0.3047455,-0.4239158,-0.8528927,-0.1017,1.101468,0.2905886,1.143685,0.2611151,0.1028303,-0.05152307,0.9584311,33.15643,0.9151532,0.3603986,-0.1805775,0.1171038,-0.07752621,0.03625341,0.1450445,0.5173508,0.7714347,-0.3546109,0.1071818,167.6942,0.5203483,0.7759042,-0.3566655,-0.4301752,-0.3006601,-0.1850051,0.5564837,-0.5091085,-0.03511916,0.7040177,0.4938973,120.8059,-0.5855049,-0.04038912,0.8096622,0.2017,-0.001467586,0.009411454,0.2019247,0.3673651,-0.8263547,-0.09608291,0.4158715,130.8516,0.4039538,-0.9086577,-0.1056525,-0.1207647,1.217945,-0.07035699,1.225938,0.06999791,-0.005100925,-0.1435163,-0.9871562,341.6143,0.4381499,-0.03192909,-0.8983358,True,True,False,False
1772879674551,0.169708,0.01232611,1.034143,0.2318876,1.059894,-0.4824875,-0.794256,0.1866624,0.3186229,142.8407,-0.5090166,-0.8379274,0.1969258,-0.100364,0.6733547,-0.06380434,0.6837766,0.5490198,0.2267077,-0.7418926,0.3110892,143.7502,0.577684,0.2385441,-0.7806266,-0.1016534,1.085019,0.2832187,1.125971,-0.08991805,1.11494,0.3042904,1.159211,-0.07751636,1.10421,0.3151484,1.150916,0.0001045633,0.7177334,0.01875073,0.7179784,-0.01020146,0.6808137,0.07263368,0.6847532,-0.03281068,0.6765414,0.1056035,0.6855195,0.09954879,-0.08115987,0.04144491,0.1349614,0.1290219,-0.07238282,0.0183941,0.149078,0.1189521,-0.07589729,0.001869082,0.1411152,-0.1087892,0.04058743,-0.07345965,0.1373999,-0.1503345,0.05952385,-0.02562606,0.1637078,-0.1763314,0.04663716,0.002204455,0.1824079,0.102304,-0.07987913,0.03727027,0.1350402,0.1359419,-0.07089368,0.01800136,0.1543702,0.1269308,-0.07671859,0.0006709439,0.1483159,-0.1118161,0.04077826,-0.06608454,0.1361355,-0.1523245,0.05699821,-0.02614549,0.1647275,-0.1762704,0.04722838,0.001139392,0.1824913,0.1143696,-0.07749788,0.0248192,0.140365,-0.1819266,0.9384429,-0.01873511,0.2930475,145.919,-0.1902803,0.9815342,-0.01959539,-0.1374292,0.04391829,-0.03948039,0.1495804,0.2218133,-0.3012496,-0.6214974,0.688323,93.00499,0.3057789,-0.4152851,-0.8567601,-0.1015284,1.101285,0.289573,1.143236,0.2744007,0.1123824,-0.05179409,0.9536204,35.03676,0.9115945,0.373349,-0.1720667,0.1165307,-0.07799692,0.03629703,0.1448461,0.5239003,0.7701226,-0.3530974,0.08810228,169.8911,0.5259455,0.7731289,-0.3544758,-0.4294547,-0.3003491,-0.1850298,0.5557671,-0.509576,-0.01986216,0.6977656,0.5030519,119.5958,-0.5896121,-0.02298179,0.8073596,0.2015284,-0.001284719,0.01042703,0.201802,0.3609453,-0.8283756,-0.1115903,0.4135943,131.1384,0.3964422,-0.9098415,-0.1225646,-0.121063,1.217779,-0.07028562,1.225799,0.07006047,-0.004970173,-0.143811,-0.9871095,341.5808,0.4377519,-0.03105464,-0.8985598,True,True,False,False
1772879674566,0.1836287,0.01265959,1.033786,0.2318453,1.05954,-0.4865716,-0.7940693,0.1785102,0.317547,142.9707,-0.5131299,-0.8374116,0.1882538,-0.1003639,0.6734431,-0.06385387,0.6838683,0.5490198,0.2267077,-0.7418926,0.3110892,143.7502,0.577684,0.2385441,-0.7806266,-0.1014715,1.085679,0.2820283,1.126293,-0.08952594,1.115193,0.3039458,1.159333,-0.07691132,1.103114,0.3141851,1.149559,1.812171E-05,0.7177973,0.01875913,0.7180424,-0.01018992,0.6807938,0.07252157,0.6847214,-0.03277593,0.6762972,0.1054552,0.685254,0.09964604,-0.08097476,0.04184377,0.135045,0.129164,-0.07242685,0.0183971,0.1492228,0.1177479,-0.075766,0.002014026,0.1400325,-0.1088217,0.0405435,-0.07336771,0.1373636,-0.150254,0.05960783,-0.02557883,0.1636571,-0.1761733,0.04689532,0.002377503,0.1823235,0.1020998,-0.0799633,0.03762164,0.1350329,0.1354212,-0.07101148,0.01803176,0.1539697,0.1262252,-0.0766454,0.0007741305,0.1476751,-0.1115861,0.04076022,-0.06664409,0.1362141,-0.1521655,0.0571987,-0.02610195,0.164643,-0.1762629,0.04720279,0.001234514,0.1824781,0.1139844,-0.07755144,0.02503952,0.1401201,-0.1788813,0.9408153,-0.01473872,0.2874907,146.5844,-0.1867659,0.9822839,-0.01538836,-0.137235,0.04390872,-0.03982339,0.1494902,0.2235819,-0.2981194,-0.6276168,0.6835446,93.75748,0.3063148,-0.4084339,-0.8598565,-0.1005439,1.100331,0.2866846,1.141501,0.3054575,0.1284395,-0.05196923,0.9420713,39.19528,0.9106912,0.3829295,-0.1549411,0.1159869,-0.078261,0.03673832,0.1446633,0.5300731,0.7691456,-0.3498891,0.07081854,171.878,0.5314074,0.7710816,-0.3507698,-0.4285088,-0.3000414,-0.1852457,0.554942,-0.509827,-0.006092357,0.6918799,0.511216,118.5103,-0.5931998,-0.00708865,0.8050241,0.2005439,-0.000330925,0.01331538,0.2009858,0.3452502,-0.830235,-0.1448405,0.4129571,131.2186,0.3790832,-0.9115942,-0.1590342,-0.1214521,1.217702,-0.07015898,1.225753,0.07001112,-0.004752215,-0.1443644,-0.9870334,341.5264,0.4361651,-0.02960601,-0.8993818,True,True,False,False
1772879674579,0.1977135,0.01374936,1.032799,0.2300951,1.058209,-0.4911252,-0.7936499,0.1687014,0.3169477,143.0431,-0.5178226,-0.8367923,0.1778719,-0.1005112,0.6737851,-0.06374717,0.6842167,0.5488464,0.2268985,-0.7419021,0.3112334,143.7328,0.5775302,0.2387567,-0.7806755,-0.100525,1.08624,0.2786331,1.125904,-0.08824015,1.114825,0.3020012,1.158372,-0.07511211,1.100296,0.3111014,1.145896,-0.0002304967,0.7182498,0.01885599,0.7184973,-0.0103344,0.6810555,0.07254559,0.6849863,-0.03286936,0.6762874,0.105453,0.6852484,0.09993999,-0.0803533,0.04273006,0.1351685,0.1292746,-0.07245424,0.01841561,0.1493341,0.1153069,-0.07558731,0.002249077,0.1378919,-0.1088341,0.040425,-0.07333188,0.1373194,-0.1501688,0.05966783,-0.02548586,0.1635862,-0.1760086,0.04716511,0.00261119,0.1822372,0.1019261,-0.07999467,0.03803252,0.1350354,0.1349268,-0.07112752,0.01806264,0.1535924,0.1253471,-0.0765603,0.0008927624,0.1468815,-0.1113647,0.04073326,-0.067182,0.1362891,-0.1520049,0.0573973,-0.0260524,0.1645559,-0.1762425,0.04719976,0.001345242,0.1824583,0.1136235,-0.07755905,0.02527053,0.1398725,-0.1741579,0.9440917,-0.0103052,0.2797388,147.5108,-0.1814001,0.9833508,-0.01073373,-0.1370422,0.04390207,-0.04014695,0.1493979,0.2249472,-0.2952265,-0.6332528,0.6791399,94.44707,0.3064639,-0.4022111,-0.8627318,-0.1001789,1.100401,0.285689,1.141287,0.3158043,0.124869,-0.04630674,0.9394313,40.08748,0.9214177,0.3643284,-0.1351085,0.115154,-0.0785374,0.03738071,0.1443118,0.5399115,0.7623756,-0.3547467,0.03786619,175.6598,0.540299,0.7629227,-0.3550013,-0.4256173,-0.2982738,-0.1860824,0.5520362,-0.5054816,0.02431656,0.6815644,0.5285521,116.1847,-0.5954541,0.02864475,0.8028786,0.2001789,-0.0004012585,0.01431102,0.2006902,0.3437134,-0.8254176,-0.1533609,0.4207463,130.2366,0.3788818,-0.9098735,-0.1690527,-0.1217013,1.217659,-0.07005093,1.225729,0.0704734,-0.004072124,-0.1447875,-0.9869415,341.4609,0.4375084,-0.02528029,-0.8988602,True,True,False,False
1772879674593,0.2117408,0.01394914,1.031992,0.229385,1.05727,-0.4955189,-0.7932501,0.1579144,0.3166677,143.077,-0.5224036,-0.8362885,0.1664822,-0.1006281,0.6739038,-0.06372201,0.6843485,0.5486911,0.2270836,-0.7419209,0.3113273,143.7215,0.5773855,0.2389591,-0.7807204,-0.09987564,1.086918,0.2773409,1.126181,-0.08816411,1.115736,0.3017799,1.159186,-0.07497877,1.099935,0.3104226,1.145356,-0.0003629606,0.7184388,0.01883647,0.7186858,-0.01044006,0.6812198,0.07261612,0.6851588,-0.03297142,0.6764142,0.1054837,0.6853831,0.1003599,-0.07994927,0.0425287,0.1351765,0.1307395,-0.07247691,0.01831752,0.150603,0.1156606,-0.07556131,0.002151325,0.138172,-0.1088222,0.04038262,-0.07334402,0.137304,-0.1502374,0.05963395,-0.02545642,0.1636322,-0.176025,0.04714314,0.002650715,0.182248,0.1017987,-0.07999098,0.03839807,0.1350406,0.1345864,-0.07123723,0.01808336,0.1533468,0.1245595,-0.07647908,0.0009950865,0.1461681,-0.111158,0.04070475,-0.06768299,0.1363597,-0.1518612,0.05757914,-0.02600394,0.1644791,-0.1762248,0.04719516,0.00145138,0.1824409,0.1133552,-0.07754102,0.02546519,0.13968,-0.1686531,0.9472696,-0.006295094,0.2723911,148.3868,-0.1752811,0.9844967,-0.006542488,-0.1368605,0.04389303,-0.04045014,0.1493105,0.2260884,-0.2926256,-0.6382281,0.675218,95.05783,0.3065114,-0.3967169,-0.8652553,-0.09935763,1.100837,0.2831801,1.14101,0.3460113,0.1205875,-0.03810283,0.9296682,43.23368,0.9392326,0.3273295,-0.1034285,0.1152893,-0.07867911,0.03732451,0.1444823,0.5484967,0.7578217,-0.3516505,0.03463567,176.0302,0.548826,0.7582767,-0.3518616,-0.4247196,-0.2978772,-0.1867377,0.5513515,-0.4992664,0.03443944,0.6857666,0.5284613,116.1969,-0.5880935,0.04056675,0.8077749,0.1993576,-0.0008364916,0.01681992,0.2000677,0.3327416,-0.8164244,-0.1784889,0.4368937,128.1883,0.3699129,-0.9076291,-0.1984284,-0.1219487,1.217599,-0.06992359,1.225687,0.07055041,-0.003523846,-0.1453825,-0.9868506,341.3964,0.43648,-0.02180127,-0.8994498,True,True,False,False
1772879674607,0.2257585,0.01491521,1.031464,0.2277324,1.05641,-0.5008513,-0.792455,0.1452749,0.31632,143.119,-0.5279607,-0.835348,0.1531382,-0.1007818,0.6739989,-0.06384096,0.6844758,0.5485592,0.2272918,-0.7419396,0.3113631,143.7172,0.5772539,0.2391812,-0.7807499,-0.09868484,1.088447,0.2741759,1.126778,-0.08729589,1.116593,0.3007601,1.159679,-0.07434318,1.09903,0.3089962,1.144059,-0.0005556475,0.718566,0.01869836,0.7188095,-0.01060256,0.6813068,0.07253391,0.6852391,-0.03305726,0.6763675,0.105318,0.6853157,0.1008693,-0.07915572,0.04322988,0.135311,0.1318613,-0.07286944,0.01815834,0.1517468,0.1153741,-0.07629411,0.002018332,0.1383331,-0.1088203,0.04033624,-0.07331698,0.1372743,-0.1502863,0.05960708,-0.02539355,0.1636576,-0.1759754,0.04724623,0.002725609,0.1822278,0.1017235,-0.07992333,0.03878944,0.1350556,0.1343657,-0.07136943,0.01808943,0.1532154,0.1238155,-0.0764641,0.001077967,0.1455273,-0.1109687,0.0406749,-0.06813933,0.1364238,-0.1517336,0.0577434,-0.0259545,0.1644111,-0.1762046,0.04719929,0.001554589,0.1824233,0.1131671,-0.07750251,0.0256529,0.1395403,-0.1626333,0.9505932,-0.003734786,0.2644032,149.337,-0.1686347,0.985671,-0.003872603,-0.1366887,0.04388494,-0.04072874,0.1492264,0.2269526,-0.2903562,-0.6425333,0.671816,95.58524,0.3063953,-0.3919929,-0.8674465,-0.09897993,1.101247,0.2823633,1.141171,0.3551303,0.1119995,-0.02647895,0.9277055,43.84016,0.9512938,0.3000151,-0.07092962,0.1152473,-0.07890353,0.03791587,0.144725,0.5623994,0.7436816,-0.3609122,0.01967695,177.745,0.5625083,0.7438256,-0.360982,-0.422653,-0.297459,-0.1884108,0.5501055,-0.4830511,0.06205839,0.6903901,0.5349506,115.3189,-0.5717369,0.07345201,0.8171424,0.1989799,-0.001246929,0.01763672,0.1997639,0.3358228,-0.8069676,-0.1856938,0.448937,126.649,0.3758242,-0.9030892,-0.2078126,-0.1220787,1.217409,-0.0698818,1.225508,0.07072647,-0.003221893,-0.145357,-0.9868428,341.3909,0.43744,-0.01992727,-0.8990266,True,True,False,False
1772879674621,0.2393569,0.01510016,1.030847,0.2270709,1.055668,-0.5062627,-0.791406,0.1335789,0.3154858,143.2197,-0.5335089,-0.833998,0.1407679,-0.100741,0.674129,-0.06395455,0.6846085,0.5485592,0.2272918,-0.7419396,0.3113631,143.7172,0.5772539,0.2391812,-0.7807499,-0.09762632,1.089691,0.2733605,1.12769,-0.08718424,1.117675,0.3006327,1.160681,-0.07449339,1.099435,0.3086321,1.14436,-0.0005577858,0.7186397,0.01864128,0.7188817,-0.01055316,0.6813532,0.07237399,0.6852675,-0.03301082,0.6764116,0.1051767,0.6853353,0.1014693,-0.07882208,0.04246937,0.135324,0.1331711,-0.07317202,0.01799515,0.1530115,0.1162707,-0.07655828,0.0018498,0.1392245,-0.1088535,0.0403456,-0.0732332,0.1372587,-0.1502259,0.05967189,-0.02535617,0.16362,-0.1759318,0.04731056,0.002771936,0.1822031,0.1017029,-0.07983419,0.03908731,0.1350733,0.134269,-0.07151534,0.0180818,0.1531978,0.1232048,-0.07647172,0.001140444,0.1450126,-0.1107974,0.04064825,-0.06855166,0.1364833,-0.1516116,0.05789951,-0.02590607,0.1643458,-0.1761825,0.0472083,0.001653129,0.1824051,0.1130737,-0.07745843,0.02577495,0.1394626,-0.156364,0.9535621,-0.001907316,0.2574216,150.1658,-0.1618174,0.9868188,-0.001973836,-0.1365332,0.04388061,-0.04097701,0.1491507,0.2276887,-0.2883062,-0.646423,0.6687112,96.06465,0.3062299,-0.3877573,-0.8694065,-0.09859104,1.1017,0.2815231,1.141367,0.3673517,0.1018191,-0.01602935,0.9243531,44.85798,0.9628181,0.266865,-0.04201245,0.1153713,-0.07935214,0.03768709,0.145009,0.5757064,0.7354933,-0.3566267,0.0207145,177.6261,0.57583,0.7356511,-0.3567033,-0.4221095,-0.2974194,-0.189035,0.5498809,-0.4754053,0.07297271,0.6993367,0.5287656,116.1558,-0.5601123,0.08597487,0.8239434,0.1985911,-0.001699686,0.0184769,0.199456,0.3358937,-0.7968886,-0.1941702,0.463079,124.8281,0.3789768,-0.8991009,-0.2190753,-0.1222207,1.21726,-0.0698325,1.225372,0.07047912,-0.0033401,-0.1452768,-0.9868719,341.4115,0.4363901,-0.02068111,-0.8995197,True,True,False,False
1772879674635,0.2532653,0.0154181,1.030359,0.2266845,1.055113,-0.5117245,-0.7900962,0.1227691,0.3143467,143.3572,-0.5390499,-0.8322862,0.1293248,-0.1005354,0.6743107,-0.06419636,0.6847799,0.5484319,0.2275789,-0.7419269,0.3114079,143.7118,0.5771288,0.2394871,-0.7807486,-0.09670236,1.090868,0.272498,1.128539,-0.0868512,1.118615,0.3006942,1.161577,-0.07471556,1.099547,0.3085382,1.144457,-0.0003631022,0.7187998,0.0184048,0.7190355,-0.01032698,0.6815237,0.07215416,0.6854104,-0.03279339,0.6765105,0.1049391,0.6853861,0.1018422,-0.078641,0.04213081,0.1353929,0.1341387,-0.07359786,0.01776969,0.1540312,0.1167769,-0.07727373,0.00172396,0.1400395,-0.108865,0.04036158,-0.07318519,0.137247,-0.150267,0.05966388,-0.02531996,0.1636492,-0.1759347,0.04732315,0.002850972,0.1822104,0.1017139,-0.07974026,0.03932688,0.1350956,0.1342587,-0.07167927,0.01805723,0.1532625,0.1226988,-0.07653485,0.001186376,0.1446167,-0.1106453,0.04062568,-0.06891639,0.1365368,-0.1515057,0.05803839,-0.02585994,0.1642899,-0.176163,0.04721734,0.001747418,0.1823895,0.1130427,-0.07742907,0.02585631,0.1394362,-0.1505681,0.956147,-0.001159372,0.2512188,150.9007,-0.1555568,0.9878262,-0.001197784,-0.136395,0.04387782,-0.0411946,0.1490834,0.2282616,-0.2865299,-0.649717,0.666082,96.46922,0.3060306,-0.3841508,-0.8710761,-0.09721401,1.102498,0.2791633,1.14144,0.3809641,0.08710787,-0.02128682,0.9202312,46.08018,0.9733988,0.2225687,-0.0543898,0.1153121,-0.07984458,0.03772026,0.1452407,0.5883255,0.7254375,-0.3566606,0.02016963,177.6886,0.5884452,0.7255852,-0.3567332,-0.4215471,-0.2975017,-0.1896784,0.5497155,-0.4644429,0.08510111,0.7085714,0.5243827,116.7466,-0.545452,0.09994462,0.8321619,0.197214,-0.002498388,0.02083671,0.1983274,0.3225378,-0.7927492,-0.1954693,0.4788634,122.7776,0.3674013,-0.9030169,-0.2226581,-0.1224923,1.217225,-0.06972212,1.225358,0.07016993,-0.003384325,-0.1453585,-0.9868818,341.4185,0.434638,-0.02096277,-0.9003617,True,True,False,False
1772879674649,0.2676194,0.01676106,1.03001,0.2253002,1.054496,-0.5172494,-0.788561,0.112538,0.3129855,143.5215,-0.5446119,-0.8302758,0.1184913,-0.1000445,0.6742342,-0.06479508,0.684689,0.5483767,0.2278581,-0.7418656,0.3114469,143.7071,0.5770785,0.2397841,-0.7806946,-0.09528516,1.091986,0.2699077,1.128877,-0.08524244,1.119252,0.2994448,1.161748,-0.07372288,1.099174,0.3070069,1.143622,0.0001302455,0.7189482,0.01765789,0.719165,-0.009833593,0.6813837,0.07151192,0.6851966,-0.0323112,0.6761558,0.1042832,0.6849129,0.1018886,-0.07862733,0.04268114,0.1355922,0.1344919,-0.0739629,0.01754154,0.1544872,0.1164527,-0.07799342,0.001687944,0.140168,-0.1087708,0.0402173,-0.07337782,0.1372327,-0.1502229,0.05968789,-0.02528161,0.1636115,-0.1758308,0.04746918,0.003028639,0.182151,0.1017279,-0.07965082,0.03959645,0.1351321,0.1342775,-0.07186279,0.01801579,0.1533599,0.1221969,-0.07665207,0.001226685,0.1442537,-0.1104947,0.04059286,-0.06927493,0.1365865,-0.1514026,0.05817096,-0.02581346,0.1642344,-0.1761363,0.04723758,0.001850385,0.18237,0.1130217,-0.07742018,0.02594958,0.1394316,-0.1451942,0.9586583,-0.001185959,0.2447274,151.6685,-0.1497478,0.9887235,-0.001223153,-0.1362533,0.04387214,-0.04140762,0.1490112,0.2285892,-0.2849138,-0.6527143,0.6637283,96.83032,0.3056113,-0.3809141,-0.8726432,-0.09652662,1.102999,0.2783047,1.141656,0.3797704,0.08230017,-0.01457353,0.9212973,45.76704,0.9766278,0.2116453,-0.03747768,0.115215,-0.08008344,0.03818793,0.1454173,0.5882423,0.7210596,-0.3655804,0.01988012,177.7218,0.5883586,0.7212021,-0.3656527,-0.4201345,-0.2974921,-0.1916017,0.5492957,-0.4457552,0.08839829,0.7150961,0.5311552,115.8329,-0.5261047,0.1043325,0.8439956,0.1965266,-0.002999187,0.02169535,0.1977433,0.3279396,-0.7881027,-0.1945203,0.4832306,122.2068,0.374577,-0.9001814,-0.2221837,-0.1224767,1.217192,-0.06959177,1.225316,0.07014949,-0.003750134,-0.14543,-0.9868714,341.4111,0.4343401,-0.02321946,-0.9004498,True,True,False,False
1772879674662,0.2806637,0.01696025,1.029417,0.2246596,1.053783,-0.5221671,-0.7870048,0.1040296,0.3116775,143.6793,-0.5495408,-0.8282623,0.1094832,-0.09989699,0.6740641,-0.06503856,0.684523,0.5484307,0.2281481,-0.741722,0.3114815,143.7029,0.5771423,0.2400922,-0.7805527,-0.09410341,1.093113,0.2693386,1.129732,-0.08476102,1.120473,0.2989414,1.162759,-0.07354419,1.099949,0.3063709,1.144186,0.0002189819,0.7188125,0.01744116,0.7190241,-0.009695377,0.6811428,0.07126634,0.6849295,-0.03217269,0.6758429,0.1040318,0.6845592,0.102467,-0.07835674,0.04182348,0.1356041,0.135602,-0.07391897,0.01744018,0.1554223,0.1173201,-0.07794945,0.001573831,0.1408637,-0.1087682,0.04017146,-0.0733775,0.1372171,-0.1502029,0.05972061,-0.02525848,0.1636015,-0.1757995,0.04753461,0.003082424,0.1821387,0.101789,-0.07954376,0.03978069,0.1351692,0.134387,-0.0720329,0.01796817,0.15353,0.1217934,-0.07675941,0.001255404,0.1439695,-0.1103519,0.040558,-0.06961433,0.1366332,-0.1513034,0.05829915,-0.02576754,0.1641812,-0.1761084,0.04726215,0.001952309,0.1823505,0.1130792,-0.07739548,0.02598435,0.1394709,-0.1398616,0.9608708,-0.001492711,0.2390896,152.3344,-0.1440391,0.9895708,-0.001537296,-0.1361178,0.04386666,-0.04160815,0.1489415,0.2288217,-0.283427,-0.655492,0.6615437,97.16458,0.3051336,-0.3779498,-0.8740982,-0.09578448,1.103554,0.2772045,1.141862,0.3860303,0.074392,-0.005780908,0.9194634,46.30446,0.9818272,0.1892081,-0.01470312,0.1152893,-0.08029652,0.03784468,0.1455038,0.5965292,0.718819,-0.3562911,0.02255732,177.4149,0.5966811,0.7190019,-0.3563818,-0.4196764,-0.2975486,-0.1929193,0.5494373,-0.4446952,0.08913423,0.720315,0.5248309,116.6863,-0.5224293,0.1047152,0.8462284,0.1957845,-0.003554225,0.02279547,0.1971391,0.3301375,-0.7800558,-0.1988126,0.4929461,120.9312,0.3794423,-0.8965542,-0.2285046,-0.1223572,1.217223,-0.06945524,1.225328,0.07044634,-0.004093851,-0.1451566,-0.9868891,341.4237,0.4364714,-0.02536468,-0.8993615,True,True,False,False
1772879674677,0.2949389,0.01719397,1.028539,0.2238643,1.05276,-0.5268773,-0.7854179,0.09591653,0.3103531,143.839,-0.5542452,-0.8262153,0.1008988,-0.09974306,0.6738724,-0.0652217,0.6843293,0.5486009,0.2283664,-0.7415343,0.3114689,143.7045,0.5773188,0.2403208,-0.7803518,-0.09277245,1.094116,0.2685587,1.130407,-0.0842173,1.12135,0.2982796,1.163395,-0.07345369,1.100374,0.3057193,1.144414,0.0003191251,0.7186204,0.01731094,0.718829,-0.009587664,0.6808069,0.07105044,0.6845714,-0.03200116,0.675474,0.1037889,0.6841501,0.1031792,-0.07785419,0.04102804,0.1356117,0.1366687,-0.07386813,0.01734719,0.1563194,0.1182207,-0.07809847,0.001442879,0.1416954,-0.1087663,0.0401479,-0.07337925,0.1372096,-0.1501203,0.05978657,-0.02521178,0.1635426,-0.1757134,0.04765921,0.003081851,0.1820882,0.1018943,-0.07941578,0.03987518,0.1352012,0.1345599,-0.07217192,0.01792113,0.1537411,0.1215228,-0.07686084,0.001269605,0.143795,-0.1102317,0.04052694,-0.06989953,0.1366727,-0.1512138,0.05841183,-0.02572544,0.1641321,-0.1760785,0.04729223,0.002037873,0.1823303,0.1132047,-0.07735395,0.02596438,0.139546,-0.1353428,0.962605,-0.002404812,0.2346661,152.8561,-0.1392307,0.9902569,-0.002473892,-0.1359995,0.0438645,-0.0417785,0.1488805,0.2289852,-0.2821847,-0.657895,0.65963,97.45668,0.3046676,-0.3754501,-0.875337,-0.09298812,1.104585,0.2735182,1.141739,0.3998426,0.06305707,0.004723528,0.9144,47.75866,0.9877247,0.1557689,0.01166846,0.1156534,-0.0802733,0.03764431,0.1457279,0.6068451,0.71127,-0.3539855,0.02298435,177.366,0.6070055,0.711458,-0.3540791,-0.418943,-0.2976271,-0.1944298,0.5494525,-0.4380261,0.09627955,0.7273579,0.5194362,117.4111,-0.5126054,0.1126723,0.8511995,0.1929881,-0.004585028,0.02648178,0.1948505,0.3286014,-0.7684371,-0.2081589,0.5081295,118.9214,0.3815264,-0.8922027,-0.2416853,-0.1221344,1.217293,-0.06932539,1.225367,0.07060374,-0.005257592,-0.1449446,-0.9869035,341.4339,0.4376851,-0.03259274,-0.8985373,True,True,False,False
1772879674691,0.3098037,0.01950031,1.028025,0.2209229,1.051676,-0.531487,-0.7837,0.08695393,0.3094752,143.9448,-0.558926,-0.82416,0.09144309,-0.09950885,0.67365,-0.06522937,0.6840768,0.5488034,0.2285636,-0.7412893,0.3115506,143.6946,0.5775483,0.2405352,-0.7801159,-0.0893201,1.096011,0.2649605,1.131115,-0.08130697,1.122438,0.2953867,1.1635,-0.07119334,1.100792,0.3029376,1.143933,0.0004682411,0.7183421,0.01741157,0.7185532,-0.009445731,0.6804882,0.07103793,0.6842513,-0.03184259,0.6750694,0.1037655,0.6837397,0.1040828,-0.07673649,0.04100661,0.1356586,0.137516,-0.07355094,0.0173329,0.1569102,0.118821,-0.07827273,0.001331359,0.1422913,-0.1087866,0.0401701,-0.07330874,0.1371945,-0.1500511,0.05982006,-0.02516204,0.1634836,-0.1756394,0.04775828,0.003154576,0.182044,0.1020745,-0.07919524,0.03996831,0.1352352,0.1348032,-0.07228543,0.01787271,0.1540017,0.1213004,-0.07697705,0.001274688,0.1436693,-0.1101128,0.04049757,-0.07018015,0.1367119,-0.1511181,0.05852774,-0.02567907,0.164078,-0.1760424,0.04733059,0.00212979,0.1823064,0.1134114,-0.07725935,0.02592281,0.1396536,-0.1309999,0.9643764,-0.004629539,0.2297732,153.4326,-0.1346013,0.9908884,-0.004756812,-0.1358804,0.04386649,-0.04194281,0.1488185,0.2290969,-0.280952,-0.6602938,0.6577179,97.74788,0.3041388,-0.3729794,-0.8765765,-0.09179179,1.105203,0.2722973,1.141948,0.4007671,0.05653502,0.01485326,0.9143134,47.78317,0.9895304,0.1395901,0.03667405,0.1159404,-0.07997572,0.03798784,0.1458814,0.618918,0.6988515,-0.3578915,0.02146594,177.54,0.6190606,0.6990126,-0.3579739,-0.4161291,-0.2965568,-0.1984649,0.5481766,-0.4250779,0.1096382,0.7360901,0.5152279,117.9746,-0.495976,0.1279246,0.8588616,0.1917918,-0.005203247,0.02770269,0.193852,0.3349418,-0.7608073,-0.2093992,0.5149161,118.0163,0.3907208,-0.8875071,-0.2442711,-0.121893,1.217364,-0.06925985,1.22541,0.07003598,-0.007015886,-0.1452166,-0.9868931,341.4265,0.4339935,-0.04347549,-0.8998668,True,True,False,False
1772879674705,0.3232205,0.02022522,1.02734,0.2197948,1.050784,-0.5352817,-0.7823027,0.07883421,0.3086438,144.045,-0.5627569,-0.8224571,0.08288065,-0.09940372,0.6734841,-0.06515653,0.6838914,0.5490358,0.2286915,-0.7409922,0.311754,143.6701,0.5778333,0.2406867,-0.7798581,-0.08755337,1.097006,0.2639686,1.13171,-0.08000322,1.123859,0.2945098,1.164558,-0.070547,1.101656,0.3022265,1.144536,0.0004958753,0.7181994,0.01755429,0.7184141,-0.009446207,0.6803622,0.07120316,0.6841431,-0.03188114,0.6748549,0.1039101,0.6835516,0.1048208,-0.07618712,0.04036079,0.1357235,0.1390032,-0.07295869,0.01729549,0.1579367,0.1201666,-0.07820459,0.001182452,0.1433784,-0.1087762,0.04017766,-0.07330732,0.1371877,-0.1500828,0.05979527,-0.02516566,0.1635042,-0.1756491,0.04776843,0.003209032,0.1820569,0.1023091,-0.07893828,0.04000183,0.1352721,0.135162,-0.07234294,0.01782341,0.1543371,0.1212036,-0.07708191,0.001266809,0.1436438,-0.1099986,0.04047024,-0.07044727,0.1367493,-0.1510296,0.05863601,-0.02563521,0.1640283,-0.1760088,0.04736799,0.002221979,0.1822848,0.1137106,-0.07713115,0.02584248,0.1398111,-0.1275083,0.9657704,-0.007528449,0.2257708,153.9036,-0.1308877,0.991367,-0.007727982,-0.1357671,0.04386879,-0.04209749,0.1487595,0.2291424,-0.2798215,-0.6624432,0.6560205,98.00586,0.3036031,-0.3707506,-0.8777068,-0.08856147,1.105581,0.2691933,1.141323,0.4198083,0.05396581,0.01773232,0.9058335,50.12845,0.9909695,0.1273878,0.04185764,0.1164062,-0.07991191,0.03782433,0.1461746,0.6291862,0.6931742,-0.3507538,0.02461737,177.1788,0.6293769,0.6933843,-0.3508602,-0.4152821,-0.2960642,-0.200503,0.5480098,-0.4223389,0.1136495,0.742742,0.5069993,119.0717,-0.4899826,0.1318522,0.8617031,0.1885615,-0.005581141,0.03080675,0.191143,0.3251187,-0.7546074,-0.2247538,0.5237857,116.8269,0.3816618,-0.8858452,-0.263842,-0.121488,1.217424,-0.06924137,1.225428,0.06927519,-0.008853325,-0.1450556,-0.9869556,341.471,0.4303011,-0.0549922,-0.9010094,True,True,False,False
1772879674719,0.3380058,0.02371893,1.027329,0.2176804,1.050406,-0.5390413,-0.7809141,0.0708099,0.307561,144.1754,-0.5665005,-0.8206945,0.07441702,-0.09878606,0.6729206,-0.06506616,0.6832381,0.5492718,0.2287997,-0.7406244,0.3121329,143.6244,0.5781574,0.2408321,-0.779573,-0.08406683,1.097948,0.2602713,1.131502,-0.07602242,1.123661,0.2920344,1.163477,-0.06725457,1.100901,0.2996496,1.142933,0.000944728,0.7175692,0.01785215,0.7177919,-0.008942422,0.6798614,0.07133453,0.683652,-0.03134112,0.6742094,0.1039737,0.682899,0.1044926,-0.07600964,0.04150333,0.1357155,0.138246,-0.0731194,0.01727187,0.1573427,0.1191555,-0.07879243,0.001262978,0.1428562,-0.1088477,0.04023331,-0.07313448,0.1371685,-0.1500493,0.05980227,-0.02518154,0.1634784,-0.1755552,0.04790539,0.003223978,0.1820026,0.1024788,-0.07871059,0.04011857,0.1353025,0.1354017,-0.0724033,0.01778053,0.1545704,0.1210443,-0.0772149,0.001266511,0.1435809,-0.1099091,0.04045182,-0.0706562,0.1367796,-0.1509534,0.05872669,-0.02559994,0.1639851,-0.1759735,0.04740977,0.002299881,0.1822626,0.1139102,-0.07703402,0.02582211,0.1399162,-0.125045,0.9670733,-0.01067972,0.2214019,154.4172,-0.1282273,0.9916844,-0.01095151,-0.1356755,0.04387704,-0.04221573,0.1487118,0.2290938,-0.278951,-0.6641057,0.654726,98.20225,0.3030877,-0.369048,-0.8786021,-0.08748948,1.105804,0.2681897,1.14122,0.4261188,0.05490042,0.02837401,0.902554,51.00834,0.9896467,0.1275044,0.06589768,0.1158887,-0.08042198,0.03854775,0.1462321,0.635067,0.6846908,-0.3574326,0.011418,178.6916,0.6351085,0.6847355,-0.3574559,-0.4130532,-0.2944278,-0.2042756,0.5468357,-0.4105383,0.1302502,0.7428274,0.5125436,118.3332,-0.4781143,0.1516898,0.8650993,0.1874895,-0.005803943,0.03181031,0.1902574,0.3291906,-0.7479107,-0.234532,0.526553,116.4543,0.3872181,-0.8797477,-0.2758738,-0.1210783,1.217393,-0.06922887,1.225356,0.06873377,-0.01121554,-0.1449896,-0.9869792,341.4878,0.427321,-0.06972753,-0.9014071,True,True,False,False
1772879674733,0.3518755,0.02487604,1.026827,0.2170068,1.049802,-0.5425571,-0.7796064,0.06332574,0.3063256,144.3241,-0.5699568,-0.8189774,0.06652376,-0.09856968,0.672795,-0.06504907,0.6830816,0.5494733,0.2287876,-0.740214,0.3127599,143.5487,0.5784951,0.2408715,-0.7793102,-0.08264294,1.098376,0.2588428,1.131486,-0.07444847,1.124204,0.2913818,1.163736,-0.06624115,1.101185,0.2990108,1.14298,0.0009875838,0.7175505,0.01799454,0.7177768,-0.008867774,0.679872,0.07141609,0.6836702,-0.03126883,0.6741477,0.1040121,0.6828406,0.1044515,-0.07597084,0.04181135,0.1357567,0.1387766,-0.07297024,0.01719799,0.157732,0.1196941,-0.07891729,0.001199096,0.1433739,-0.10887,0.0402292,-0.0730745,0.137153,-0.1500226,0.05981806,-0.02518503,0.1634603,-0.1754998,0.04798203,0.003238544,0.1819696,0.1026465,-0.07847771,0.04026246,0.1353371,0.1356886,-0.07245149,0.01773101,0.1548387,0.1209296,-0.0773596,0.001260781,0.143562,-0.1098208,0.0404329,-0.07086176,0.1368094,-0.1508743,0.05881945,-0.02556468,0.16394,-0.1759332,0.04745841,0.002379669,0.1822374,0.1141229,-0.07693703,0.02582355,0.1400364,-0.1229959,0.9682173,-0.01420587,0.2173147,154.8973,-0.1260073,0.9919227,-0.01455368,-0.135583,0.04388752,-0.04233093,0.1486633,0.2289857,-0.2781149,-0.6657258,0.6534729,98.39209,0.3025111,-0.3674152,-0.8794847,-0.0843935,1.105793,0.2656562,1.140383,0.4298145,0.0476841,0.0305927,0.9011381,51.38387,0.9914245,0.1099897,0.07056614,0.115929,-0.08091739,0.038677,0.146571,0.6458154,0.6780754,-0.3508815,0.004277701,179.5098,0.6458213,0.6780817,-0.3508848,-0.4126087,-0.2933823,-0.2057878,0.546505,-0.4097861,0.1416874,0.7442817,0.5079813,118.9411,-0.4757386,0.1644911,0.8640692,0.1843935,-0.005793095,0.03434378,0.187654,0.3277152,-0.7434586,-0.2346681,0.5336695,115.4926,0.3875107,-0.8791115,-0.277486,-0.120557,1.217367,-0.06921148,1.225278,0.06797065,-0.0136927,-0.1452494,-0.9869626,341.4759,0.4223092,-0.08507425,-0.9024508,True,True,False,False
1772879674746,0.3642702,0.02798322,1.025756,0.2154394,1.04851,-0.5452966,-0.7785705,0.05773623,0.3051985,144.4598,-0.5726169,-0.8175782,0.06062891,-0.09825669,0.672677,-0.06495619,0.6829115,0.5496093,0.228644,-0.7398145,0.3135702,143.451,0.578801,0.240788,-0.7791088,-0.07947931,1.098281,0.2560596,1.130533,-0.07074928,1.123478,0.2893699,1.162301,-0.06327407,1.100648,0.2974131,1.141878,0.00103608,0.7177299,0.01817984,0.7179609,-0.008718174,0.6799704,0.0715742,0.6837826,-0.03106311,0.6739908,0.1040413,0.6826808,0.1044192,-0.07572077,0.04267408,0.1358605,0.1385227,-0.07265332,0.01721421,0.1573639,0.1200126,-0.0790704,0.001153558,0.1437236,-0.1088885,0.04007117,-0.07306179,0.1371146,-0.1499938,0.05982031,-0.02518485,0.1634347,-0.1753294,0.04822247,0.003324144,0.1818705,0.1027886,-0.07825671,0.04045577,0.1353746,0.1359158,-0.07246767,0.01768958,0.1550406,0.1208561,-0.07749674,0.001252186,0.143574,-0.1097461,0.0404039,-0.07103811,0.1368323,-0.1508037,0.05889968,-0.02553423,0.1638991,-0.1758848,0.04751966,0.002455379,0.1822076,0.1142855,-0.07684557,0.02587318,0.140128,-0.1221189,0.9690785,-0.01784361,0.2136714,155.3248,-0.1250058,0.9919879,-0.01826544,-0.1354957,0.0438952,-0.04243124,0.1486145,0.2286556,-0.2775155,-0.6669939,0.6525496,98.53179,0.3017575,-0.3662381,-0.8802341,-0.08332583,1.10595,0.2648876,1.140278,0.4348572,0.04528626,0.043648,0.8983002,52.12894,0.9897014,0.103068,0.09933948,0.1160953,-0.08078257,0.03939912,0.1468204,0.649138,0.6746547,-0.3513304,0.005290492,179.3938,0.6491471,0.6746642,-0.3513353,-0.4111256,-0.2906344,-0.2087916,0.5450565,-0.4027691,0.1437096,0.7483348,0.5070698,119.0623,-0.467301,0.1667348,0.8682335,0.1833258,-0.005949974,0.03511244,0.1867529,0.3338554,-0.7344042,-0.2426403,0.5388106,114.7946,0.3963019,-0.8717719,-0.2880253,-0.1195456,1.217529,-0.06921121,1.22534,0.0677539,-0.01613595,-0.145649,-0.9868817,341.4184,0.419671,-0.09994689,-0.9021574,True,True,False,False
1772879674760,0.3778558,0.02921603,1.02508,0.2149344,1.047778,-0.5478389,-0.7775689,0.05259387,0.3041268,144.5887,-0.5750796,-0.8162326,0.05520904,-0.0981687,0.6725823,-0.06498963,0.6828086,0.5495434,0.228692,-0.7392752,0.3149197,143.2881,0.5790041,0.240952,-0.7789072,-0.07781543,1.098565,0.254988,1.130451,-0.06931017,1.123867,0.2890719,1.162516,-0.06236937,1.101119,0.2973126,1.142255,0.0008703712,0.7180035,0.01821777,0.7182351,-0.008775365,0.6802151,0.07160756,0.6840302,-0.03119257,0.6742626,0.1041001,0.682964,0.1045791,-0.07541712,0.04284333,0.1358679,0.1392745,-0.07261402,0.01710208,0.1579958,0.1210982,-0.07931037,0.001029015,0.1447618,-0.1089015,0.04001277,-0.07303926,0.1370959,-0.1499689,0.05986406,-0.02517629,0.1634265,-0.1753439,0.04820032,0.003350869,0.181879,0.102918,-0.07805154,0.04062828,0.1354061,0.1361585,-0.07247824,0.01764714,0.1552535,0.1208735,-0.07762778,0.001236061,0.1436594,-0.1096851,0.04037564,-0.0711827,0.1368502,-0.1507434,0.05896936,-0.02550837,0.1638647,-0.1758458,0.04756884,0.002520079,0.1821836,0.114445,-0.07676395,0.025931,0.140224,-0.1216336,0.9696128,-0.02144397,0.2111791,155.6171,-0.12444,0.9919846,-0.02193875,-0.135426,0.04389917,-0.0425107,0.1485749,0.2283838,-0.2770203,-0.6680692,0.6517547,98.65195,0.3011272,-0.365255,-0.8808582,-0.08220828,1.106195,0.2641176,1.140256,0.4458725,0.04402388,0.05881411,0.8920766,53.72927,0.9866963,0.09742293,0.1301531,0.1164024,-0.08113263,0.03961046,0.1473126,0.6606966,0.6654802,-0.3472924,0.002047951,179.7653,0.6606981,0.6654816,-0.3472931,-0.411342,-0.2888014,-0.2103295,0.5448367,-0.4001709,0.154293,0.7523983,0.499954,120.0061,-0.4620633,0.1781567,0.8687679,0.1822083,-0.006194711,0.03588244,0.1858111,0.3377262,-0.72298,-0.2569888,0.5451587,113.929,0.4028544,-0.8624019,-0.3065474,-0.118929,1.217707,-0.06913338,1.225453,0.06801794,-0.01908909,-0.1457027,-0.9868029,341.3626,0.4200553,-0.1178876,-0.8998095,True,True,False,False
1772879674775,0.3916794,0.03066601,1.024349,0.2144369,1.047002,-0.5498148,-0.7768654,0.04838795,0.3030552,144.7176,-0.5769469,-0.8152019,0.05077579,-0.09805013,0.6724388,-0.06502056,0.6826532,0.5494361,0.2288525,-0.7387661,0.3161823,143.1356,0.5791472,0.2412278,-0.7787154,-0.07603914,1.098994,0.2534536,1.130402,-0.06767575,1.124122,0.2887007,1.162574,-0.06139868,1.101248,0.2972138,1.142301,0.0007447097,0.7181787,0.01826589,0.7184114,-0.008741979,0.680275,0.07149671,0.6840777,-0.03120089,0.6743625,0.1040884,0.6830613,0.1048435,-0.07479471,0.04351778,0.1359419,0.1399968,-0.07247334,0.01701178,0.1585588,0.122012,-0.07970965,0.0009095371,0.1457442,-0.1089246,0.03997049,-0.0729862,0.1370737,-0.1498037,0.06000317,-0.02515524,0.1633227,-0.1752947,0.04827743,0.003380649,0.1818526,0.1030694,-0.0777954,0.04085553,0.1354422,0.1364603,-0.07247785,0.01759717,0.1555125,0.1209631,-0.07779151,0.001210381,0.143823,-0.1096253,0.04034378,-0.07132454,0.1368667,-0.1506695,0.05905067,-0.0254806,0.1638217,-0.1758024,0.04762457,0.002587761,0.1821573,0.1146329,-0.07666312,0.02602677,0.14034,-0.1215953,0.9700235,-0.02612435,0.208774,155.899,-0.1243352,0.9918806,-0.026713,-0.1353596,0.04390499,-0.04258206,0.1485366,0.2281378,-0.2764862,-0.6693326,0.6507707,98.80053,0.3004682,-0.3641453,-0.8815426,-0.07806584,1.107227,0.2616912,1.140407,0.4680573,0.04039185,0.08829765,0.8783476,57.11266,0.9791532,0.08449781,0.1847144,0.1169661,-0.08142579,0.03995395,0.148012,0.6734217,0.6524534,-0.3475197,-0.00615351,180.7051,0.6734345,0.6524657,-0.3475263,-0.4114963,-0.2871472,-0.2120013,0.5447267,-0.3951452,0.1714757,0.7554827,0.4936624,120.8368,-0.4543707,0.197177,0.8687166,0.1780658,-0.007226944,0.03830886,0.1822834,0.3439548,-0.6991965,-0.2850889,0.5581611,112.1426,0.4145369,-0.8426769,-0.3435913,-0.118197,1.217795,-0.06906932,1.225465,0.0681776,-0.02201362,-0.1457699,-0.986721,341.3047,0.4197504,-0.1355316,-0.8974645,True,True,False,False
1772879674787,0.406557,0.03509,1.02389,0.212958,1.04639,-0.5514249,-0.7764088,0.04469313,0.3018651,144.8607,-0.5784072,-0.8144,0.04688005,-0.09788554,0.672061,-0.06506601,0.6822618,0.5494638,0.2290214,-0.7382351,0.3172504,143.0066,0.5793942,0.2414967,-0.7784483,-0.07070363,1.10115,0.2503556,1.131463,-0.06309578,1.124116,0.2871034,1.161915,-0.05748193,1.101667,0.2961073,1.142215,0.0006774832,0.7181478,0.01827536,0.7183806,-0.00868595,0.6798697,0.07132447,0.6836559,-0.0311567,0.673993,0.1039848,0.6826786,0.1061023,-0.07281128,0.0447308,0.1362352,0.1402062,-0.07237861,0.01693756,0.1586925,0.1229783,-0.08005269,0.0007868707,0.1467403,-0.1089196,0.03987338,-0.07301427,0.1370564,-0.1495445,0.06024491,-0.02503809,0.1631561,-0.1751339,0.04848393,0.003475584,0.1817544,0.1033118,-0.07739709,0.04116523,0.1354925,0.1367597,-0.07246993,0.01754445,0.1557656,0.1211241,-0.07797221,0.001176536,0.1440559,-0.1095689,0.04030618,-0.07145958,0.1368809,-0.1505796,0.05914611,-0.02544523,0.1637679,-0.175749,0.04769325,0.002658711,0.1821247,0.1148558,-0.07649516,0.02617035,0.1404573,-0.1214906,0.9705352,-0.03249659,0.2055374,156.2781,-0.1241411,0.9917088,-0.03320555,-0.135293,0.04391355,-0.04264551,0.1484966,0.2278963,-0.2759141,-0.6708477,0.6495368,98.98662,0.2997334,-0.3628872,-0.882311,-0.07680463,1.107832,0.260985,1.140747,0.479296,0.0408268,0.1073237,0.8701093,59.05731,0.9724813,0.0828367,0.2177575,0.1177676,-0.08112007,0.04092152,0.1487422,0.6959932,0.6245412,-0.3537328,-0.02037021,182.3344,0.6961376,0.6246709,-0.3538062,-0.410747,-0.2842192,-0.2168846,0.5445481,-0.3841696,0.2057066,0.7614408,0.4799028,122.6419,-0.437889,0.234471,0.867915,0.1768046,-0.007832289,0.03901505,0.1812275,0.3498597,-0.6849505,-0.3022364,0.5631112,111.4575,0.4233636,-0.8288554,-0.3657348,-0.1174667,1.217679,-0.06909366,1.225281,0.06826326,-0.02510203,-0.1464857,-0.9865353,341.1742,0.4173889,-0.1534838,-0.895672,True,True,False,False
1772879674802,0.4202489,0.03655629,1.023761,0.2126047,1.046243,-0.5531239,-0.7759959,0.04073634,0.3003747,145.0398,-0.5799031,-0.8135653,0.04270856,-0.09784687,0.6719754,-0.06502627,0.6821681,0.5494723,0.2293406,-0.7376687,0.3183209,142.8772,0.5796224,0.2419247,-0.7781454,-0.06876236,1.102414,0.2490279,1.132281,-0.06151022,1.124446,0.2865037,1.162001,-0.05645118,1.102165,0.2958319,1.142572,0.0005016942,0.7183463,0.01838221,0.7185816,-0.008745071,0.6798895,0.07132281,0.6836762,-0.0312097,0.6740218,0.1040086,0.6827131,0.1066528,-0.07197365,0.04527666,0.1364002,0.1403805,-0.07227017,0.0169081,0.158794,0.1235863,-0.0803138,0.0007127821,0.1473919,-0.108915,0.03983497,-0.07300942,0.137039,-0.149404,0.06038659,-0.02499478,0.1630731,-0.1750495,0.04861069,0.003484778,0.1817071,0.1035974,-0.07693346,0.0415167,0.1355537,0.1370692,-0.07245285,0.01749005,0.1560234,0.1213346,-0.07817239,0.001136891,0.1443409,-0.109513,0.0402659,-0.07159207,0.1368936,-0.1504791,0.05925215,-0.02540673,0.1637079,-0.1756892,0.04777167,0.00272933,0.1820887,0.1150996,-0.07629805,0.02634075,0.1405815,-0.1216731,0.9709777,-0.03977603,0.2020297,156.6887,-0.1242349,0.9914213,-0.04061351,-0.1352248,0.04392502,-0.04270636,0.1484554,0.2276606,-0.2753274,-0.6725156,0.6481421,99.19666,0.2989557,-0.3615501,-0.8831234,-0.07595206,1.108236,0.2604438,1.140959,0.4900225,0.03904413,0.1243369,0.861913,60.93589,0.9664066,0.07700157,0.2452131,0.1181417,-0.08132507,0.04108628,0.1491956,0.7101926,0.6085765,-0.3525572,-0.03106064,183.5599,0.7105353,0.6088702,-0.3527273,-0.4107969,-0.2827561,-0.2190719,0.5446995,-0.3802614,0.2259777,0.7635046,0.4705278,123.8629,-0.4309471,0.2560987,0.8652735,0.1759521,-0.008235931,0.03955624,0.1805316,0.354151,-0.6708488,-0.3170829,0.569208,110.61,0.4307392,-0.8159255,-0.3856548,-0.1167575,1.217642,-0.06911833,1.225178,0.06811717,-0.02793837,-0.1467618,-0.9864281,341.0992,0.4148588,-0.170155,-0.8938339,True,True,False,False
1772879674816,0.4338114,0.03805909,1.023967,0.2124319,1.046463,-0.5547885,-0.775649,0.03680601,0.2987033,145.2405,-0.5813285,-0.8127545,0.03856673,-0.09778017,0.6719313,-0.0648863,0.6821018,0.5494548,0.2297993,-0.7371131,0.3193057,142.7581,0.5798066,0.2424934,-0.7778311,-0.06709857,1.103295,0.2478454,1.132779,-0.06004702,1.124377,0.2858584,1.161699,-0.05571771,1.102363,0.2956146,1.142671,0.000366496,0.7186353,0.01854273,0.7188746,-0.008716132,0.6798666,0.07132852,0.6836536,-0.03124759,0.6740715,0.1041531,0.6827859,0.1066404,-0.07166988,0.04578675,0.1364008,0.1398572,-0.07247819,0.01688807,0.1584246,0.1236579,-0.0810409,0.0006771237,0.1478491,-0.1088857,0.03974797,-0.07306455,0.1370198,-0.1491839,0.06058698,-0.02496424,0.1629412,-0.1749926,0.04868983,0.003515072,0.1816741,0.1038385,-0.07651651,0.04185495,0.1356062,0.1372901,-0.07245485,0.01744237,0.156213,0.1215186,-0.07839961,0.001100471,0.1446184,-0.1094633,0.04022488,-0.07170871,0.1369029,-0.1503765,0.05935789,-0.02537167,0.1636465,-0.175634,0.04784441,0.002791571,0.1820555,0.1152808,-0.07613876,0.0265131,0.1406759,-0.1224421,0.9712324,-0.04686452,0.1987947,157.067,-0.1249357,0.9910119,-0.04781894,-0.1351674,0.04393505,-0.04275478,0.1484199,0.2275064,-0.2747644,-0.6742019,0.6466815,99.41625,0.2982673,-0.360224,-0.8838978,-0.07353232,1.108936,0.2594445,1.141253,0.4973031,0.03638261,0.1423708,0.8550419,62.47128,0.9590098,0.07016098,0.2745509,0.1181483,-0.08210374,0.04129025,0.1496828,0.7224295,0.5931881,-0.353008,-0.04011085,184.5976,0.7230113,0.5936658,-0.3532923,-0.410666,-0.2815287,-0.2208461,0.5446815,-0.3744677,0.2439195,0.7661827,0.4617809,124.9958,-0.4221761,0.2749956,0.8637967,0.1735323,-0.008936286,0.04055554,0.1784323,0.3610892,-0.6564054,-0.3290804,0.5748503,109.8217,0.4412898,-0.8021978,-0.4021716,-0.1160536,1.217605,-0.06906519,1.225072,0.0680363,-0.03022458,-0.1473802,-0.9862741,340.992,0.4120512,-0.1830504,-0.8925848,True,True,False,False
1772879674830,0.4479821,0.0412714,1.024521,0.2117285,1.046984,-0.5563218,-0.7753112,0.0332102,0.2971458,145.4275,-0.5826384,-0.811987,0.0347812,-0.09782986,0.6717792,-0.06457451,0.6819295,0.5492834,0.230346,-0.7367295,0.3200909,142.6632,0.5797878,0.2431382,-0.7776437,-0.06380033,1.104306,0.2463459,1.133247,-0.05698138,1.124188,0.2848543,1.161114,-0.0516884,1.098668,0.2917703,1.137925,7.638524E-05,0.7193549,0.01854957,0.719594,-0.008757498,0.679799,0.07155174,0.6836103,-0.0313734,0.6739147,0.10444,0.6826808,0.1065513,-0.07157043,0.04613732,0.136397,0.1390207,-0.07300605,0.01666959,0.1579066,0.1183516,-0.08085428,0.001232639,0.1433389,-0.1086982,0.0391909,-0.07353559,0.1369624,-0.1490715,0.06069021,-0.02495879,0.1628759,-0.1749186,0.04875711,0.003629208,0.1816231,0.1040515,-0.07612813,0.04219122,0.1356551,0.137426,-0.07249814,0.01738169,0.1563458,0.12127,-0.07859237,0.00111085,0.1445144,-0.1094032,0.04014368,-0.07185216,0.1369062,-0.150274,0.05946251,-0.02533925,0.1635853,-0.1755778,0.04791608,0.002857346,0.1820211,0.115419,-0.07598536,0.0266096,0.1407246,-0.1208698,0.9725322,-0.05225435,0.1919408,157.8679,-0.1231597,0.9909576,-0.05324435,-0.1350966,0.04392064,-0.04282558,0.1483716,0.227178,-0.2742888,-0.6759205,0.6452034,99.63815,0.2973492,-0.3590117,-0.8847002,-0.07306292,1.109072,0.2592292,1.141306,0.4980675,0.03294513,0.1535016,0.8528076,62.96327,0.9537407,0.06308606,0.2939375,0.1181776,-0.0830248,0.04151686,0.1502755,0.7350399,0.5780149,-0.3514155,-0.04606812,185.2809,0.7358211,0.5786292,-0.3517889,-0.4102398,-0.2796133,-0.2240646,0.5446882,-0.3700768,0.2592701,0.7700736,0.4503433,126.4686,-0.4144867,0.290383,0.8624839,0.1730629,-0.009072423,0.04077086,0.1780319,0.367577,-0.6477975,-0.3324664,0.5785429,109.3038,0.4506542,-0.7942082,-0.4076081,-0.1154862,1.217746,-0.06906194,1.225157,0.06785923,-0.03262151,-0.1476754,-0.9861658,340.917,0.4093772,-0.1967971,-0.8908874,True,True,False,False
1772879674844,0.4614308,0.04244471,1.024388,0.2113887,1.046832,-0.5576625,-0.7749251,0.03029745,0.295949,145.5711,-0.5838152,-0.8112668,0.03171831,-0.09801515,0.671811,-0.06438664,0.6819696,0.5491019,0.2307923,-0.7364972,0.3206151,142.5997,0.5797048,0.243655,-0.7775441,-0.06271012,1.104319,0.2453773,1.132989,-0.0557857,1.123552,0.2840473,1.160243,-0.04984954,1.095248,0.2889857,1.133828,-0.0002083238,0.7199277,0.01848627,0.7201651,-0.00893167,0.6799103,0.07168305,0.683737,-0.03146696,0.6738919,0.1045345,0.682677,0.1062899,-0.07174442,0.04644348,0.1363885,0.1382833,-0.07322861,0.01665359,0.1573596,0.1142065,-0.08071429,0.001652278,0.1398594,-0.1085412,0.03888835,-0.07386355,0.1369282,-0.149015,0.06073095,-0.02495388,0.1628387,-0.174818,0.04891554,0.003644779,0.1815692,0.1042345,-0.07576972,0.04253888,0.1357035,0.1374961,-0.07255786,0.01732216,0.1564285,0.1206925,-0.07876585,0.001155115,0.1441252,-0.1093327,0.04004105,-0.07201661,0.1369063,-0.1501711,0.05956621,-0.02530775,0.1635236,-0.1755157,0.04799779,0.002921725,0.1819838,0.1155177,-0.07584378,0.02664924,0.1407366,-0.1180164,0.9744904,-0.05652143,0.1823347,158.9884,-0.1200285,0.9911048,-0.05748508,-0.1350084,0.04389582,-0.04291976,0.1483112,0.2267108,-0.27389,-0.6776567,0.6437141,99.86134,0.2962509,-0.3579017,-0.8855178,-0.07222984,1.108475,0.2591023,1.140643,0.4941632,0.02027908,0.1523744,0.8556715,62.33201,0.9548688,0.03918516,0.2944323,0.118469,-0.08394109,0.04148772,0.1510041,0.7429317,0.5699198,-0.348002,-0.04624534,185.3012,0.7437274,0.5705302,-0.3483747,-0.4100919,-0.2787456,-0.2251067,0.5445617,-0.3682813,0.2648546,0.7741652,0.4414628,127.6055,-0.410442,0.295175,0.8627914,0.1722298,-0.008474827,0.04089767,0.1772218,0.3679156,-0.6451454,-0.3221852,0.5870455,108.1048,0.454467,-0.7969146,-0.3979786,-0.1148029,1.217906,-0.06898728,1.225249,0.06763285,-0.03445473,-0.147617,-0.9861277,340.8907,0.4074559,-0.2075734,-0.8893223,True,True,False,False
1772879674857,0.4757972,0.04397417,1.022816,0.2106719,1.045213,-0.5590519,-0.7744447,0.02755445,0.2948511,145.7028,-0.5850619,-0.8104758,0.02883642,-0.09858611,0.6721967,-0.0642029,0.6824146,0.5489414,0.2311451,-0.7363359,0.3210061,142.5524,0.5796164,0.2440616,-0.7774826,-0.06123682,1.102782,0.244302,1.131177,-0.05455498,1.120551,0.2827261,1.156955,-0.04822801,1.092123,0.2870457,1.130245,-0.0007688757,0.7208031,0.01832753,0.7210365,-0.00957628,0.6804251,0.07199651,0.6842905,-0.03209714,0.674265,0.1047444,0.6831068,0.1060171,-0.07205653,0.04650851,0.1363628,0.136713,-0.07405157,0.01666591,0.1563708,0.112203,-0.08089916,0.001860961,0.1383389,-0.1083153,0.0386622,-0.0742638,0.1369017,-0.1491404,0.06065087,-0.02488653,0.1629133,-0.1748183,0.04891545,0.003757715,0.1815717,0.1043734,-0.0754804,0.04284818,0.1357463,0.137435,-0.07267424,0.01727103,0.1564232,0.120031,-0.07893208,0.001210113,0.1436634,-0.1092535,0.03993361,-0.07219171,0.1369038,-0.1500908,0.05965073,-0.02527493,0.1634756,-0.1754614,0.04806929,0.002986862,0.1819513,0.1155315,-0.07575563,0.02666722,0.1407039,-0.1145932,0.976458,-0.05987574,0.1726649,160.1144,-0.1163405,0.9913474,-0.06078875,-0.1349079,0.04386121,-0.0430325,0.1482422,0.226163,-0.2735884,-0.6790852,0.6425286,100.0387,0.2951511,-0.3570431,-0.8862314,-0.0721499,1.108223,0.259073,1.140387,0.4906563,0.01749513,0.1484277,0.8584402,61.71623,0.9566057,0.03410929,0.2893814,0.1195526,-0.08478204,0.041297,0.1522703,0.7426337,0.5698479,-0.3500148,-0.03547366,184.0658,0.7431014,0.5702068,-0.3502352,-0.4099118,-0.2767106,-0.2257505,0.543654,-0.3612369,0.2562401,0.7820661,0.4384311,127.9924,-0.4019259,0.2851025,0.8701564,0.1721499,-0.008223295,0.04092699,0.177139,0.3673072,-0.6477057,-0.3162095,0.5878559,107.99,0.4540454,-0.800659,-0.3908812,-0.1142867,1.217952,-0.06900135,1.225247,0.06771395,-0.03634013,-0.1474809,-0.9860749,340.8542,0.4071744,-0.2185188,-0.8868253,True,True,False,False
1772879674871,0.4895338,0.04437416,1.022025,0.2103784,1.044396,-0.5605739,-0.7738327,0.02470236,0.2938192,145.8265,-0.5864596,-0.8095661,0.02584305,-0.09871441,0.6723933,-0.06422441,0.6826288,0.5487103,0.2315425,-0.7363181,0.3211555,142.5344,0.5794033,0.2444942,-0.7775053,-0.06078027,1.101944,0.2436458,1.130194,-0.05420117,1.120196,0.2824745,1.156533,-0.04796644,1.091272,0.2864186,1.129252,-0.0008382704,0.7210725,0.01819445,0.7213025,-0.009669129,0.6806148,0.07193951,0.6844745,-0.03220052,0.6744489,0.1047263,0.6832904,0.1056138,-0.07234043,0.04651798,0.1362033,0.1369866,-0.07424483,0.01658139,0.1566925,0.111917,-0.08108665,0.001893036,0.1382174,-0.1082578,0.0386872,-0.07433593,0.1369024,-0.149134,0.0606569,-0.02484047,0.1629026,-0.1748382,0.04888434,0.00381887,0.1815838,0.1044761,-0.07522044,0.04315201,0.1357772,0.1373979,-0.07280428,0.01721393,0.1564448,0.1193592,-0.07911046,0.001266654,0.1432016,-0.109171,0.03983042,-0.07236923,0.1369017,-0.1500116,0.05973403,-0.02523896,0.1634278,-0.1754098,0.04813677,0.003055747,0.1819205,0.1155308,-0.07569126,0.02668122,0.1406713,-0.1111711,0.9782577,-0.06311705,0.1633071,161.2022,-0.1126838,0.9915692,-0.06397591,-0.1348062,0.04382737,-0.04314576,0.1481726,0.2256503,-0.2732601,-0.680501,0.6413496,100.2149,0.2941032,-0.3561558,-0.8869367,-0.07207082,1.108082,0.2589601,1.14022,0.4877993,0.01501133,0.1491473,0.8599893,61.36924,0.9558843,0.02941598,0.2922668,0.1200013,-0.08538619,0.04108658,0.1529027,0.7406738,0.5741044,-0.3474732,-0.03269466,183.7472,0.74107,0.5744115,-0.347659,-0.4097902,-0.2761749,-0.2257747,0.5433,-0.3607073,0.2495762,0.7837615,0.4396818,127.8329,-0.4016097,0.277877,0.8726362,0.1720708,-0.008082151,0.04103991,0.1770818,0.3693911,-0.6471561,-0.3128352,0.5889596,107.8336,0.4570754,-0.8007748,-0.3870944,-0.1138231,1.218046,-0.06891701,1.225293,0.06762695,-0.03786457,-0.1474767,-0.9860241,340.8193,0.4059171,-0.2272744,-0.885199,True,True,False,False
1772879674886,0.504399,0.04455967,1.021236,0.2099686,1.04355,-0.5621766,-0.7731256,0.02180874,0.2928458,145.9432,-0.5879527,-0.8085737,0.02280868,-0.09877434,0.6725501,-0.06422707,0.6827922,0.5484911,0.2320082,-0.7363734,0.321067,142.5451,0.5791535,0.2449782,-0.777539,-0.06040103,1.10138,0.2429492,1.129474,-0.05391514,1.120081,0.2821557,1.15633,-0.04789322,1.090466,0.2857088,1.12829,-0.0008564871,0.7212445,0.01812046,0.7214726,-0.009646039,0.680705,0.07187337,0.6845568,-0.03215219,0.6745074,0.1046772,0.6833383,0.1054297,-0.07245956,0.04649464,0.136116,0.1374422,-0.07427341,0.01648083,0.157094,0.1116598,-0.08127294,0.001913674,0.138119,-0.1082341,0.03867448,-0.0743627,0.1368947,-0.1491229,0.06066379,-0.02481818,0.1628916,-0.174831,0.04889131,0.003844276,0.1815792,0.1045518,-0.07500108,0.04341759,0.1357989,0.1374014,-0.07292101,0.01715568,0.1564958,0.1187475,-0.07928227,0.001318061,0.1427879,-0.1090966,0.03973858,-0.07252762,0.1368995,-0.149941,0.0598079,-0.02520553,0.1633848,-0.1753638,0.04819672,0.003118397,0.1818931,0.1155355,-0.07564556,0.02668203,0.1406508,-0.1082479,0.9797389,-0.0660769,0.1550099,162.1653,-0.1095723,0.991726,-0.06688535,-0.1347146,0.04379699,-0.04324689,0.1481097,0.2251936,-0.2729696,-0.6817508,0.6403056,100.3708,0.293175,-0.3553735,-0.8875574,-0.07196683,1.107854,0.2583588,1.139855,0.4824732,0.008890111,0.1593198,0.8612536,61.08474,0.9494226,0.01749418,0.3135135,0.1204902,-0.08580703,0.04079614,0.153444,0.7419528,0.5747903,-0.3437692,-0.03073806,183.5229,0.7423036,0.575062,-0.3439318,-0.4094411,-0.2760304,-0.2258683,0.5430021,-0.3607376,0.2463034,0.7860993,0.4373224,128.1337,-0.4011294,0.273882,0.8741189,0.1719668,-0.007854104,0.04164118,0.1771109,0.3789053,-0.6398029,-0.3093866,0.592759,107.2939,0.4704676,-0.7944111,-0.3841498,-0.1132762,1.218079,-0.06891806,1.225274,0.06738833,-0.0387134,-0.1474235,-0.9860154,340.8133,0.4043607,-0.2322981,-0.884608,True,True,False,False
1772879674899,0.5189103,0.0450649,1.019874,0.2088991,1.042023,-0.5640727,-0.772231,0.01846682,0.291788,146.0699,-0.5897363,-0.8073651,0.01930701,-0.09885832,0.6726205,-0.0641413,0.6828656,0.5482529,0.2326284,-0.7365094,0.3207132,142.5879,0.5788286,0.245602,-0.7775841,-0.05929598,1.100747,0.2420935,1.128614,-0.05323294,1.119856,0.2813855,1.155893,-0.04745777,1.088963,0.2842251,1.126444,-0.0009929668,0.7212495,0.01828571,0.7214819,-0.009579685,0.6806536,0.07187198,0.6845047,-0.03201267,0.6742392,0.1046276,0.6830595,0.1057745,-0.0723132,0.04600071,0.1361378,0.138344,-0.07421543,0.01631282,0.1578389,0.1112016,-0.08147503,0.001947574,0.1378686,-0.1083353,0.03857607,-0.0742427,0.1368818,-0.1491254,0.06066237,-0.0248301,0.1628951,-0.1747395,0.04903785,0.003911853,0.1815321,0.1046563,-0.07477147,0.04363825,0.1358234,0.1374819,-0.07303158,0.01708368,0.1566102,0.1181029,-0.07946958,0.001371836,0.1423573,-0.1090316,0.03963927,-0.07267413,0.1368966,-0.1498713,0.05988089,-0.02517346,0.1633427,-0.1753105,0.04826857,0.003186176,0.181862,0.1155967,-0.0755989,0.02662398,0.140665,-0.1052878,0.9811894,-0.0693635,0.1461869,163.188,-0.1064312,0.9918448,-0.07011677,-0.1346271,0.04376618,-0.04333809,0.1480478,0.2245733,-0.2727809,-0.6828618,0.6394194,100.5029,0.2920868,-0.3547871,-0.8881507,-0.07196568,1.107932,0.2581929,1.139893,0.4810122,0.005917861,0.1701966,0.8600147,61.36353,0.9426636,0.01159753,0.3335428,0.1214841,-0.0864538,0.04062716,0.154542,0.7497854,0.568903,-0.3369831,-0.02476963,182.8387,0.7500156,0.5690777,-0.3370865,-0.4083546,-0.2761288,-0.22618,0.5423634,-0.3610592,0.2451927,0.7927803,0.4254602,129.6404,-0.3989705,0.2709379,0.8760223,0.1719657,-0.007932067,0.04180712,0.1771523,0.3866288,-0.6319437,-0.3110937,0.5953035,106.9315,0.4811802,-0.7864877,-0.3871727,-0.1128073,1.218199,-0.06891222,1.22535,0.06723472,-0.03945336,-0.1475349,-0.9859799,340.7889,0.4029313,-0.2364403,-0.8841627,True,True,False,False
1772879674912,0.5307826,0.04517985,1.019629,0.2085805,1.041725,-0.5658067,-0.771301,0.01538971,0.2910682,146.1562,-0.5914136,-0.806208,0.0160862,-0.09880255,0.6726187,-0.06418797,0.6828601,0.548235,0.2332673,-0.7364163,0.3204934,142.6145,0.5787644,0.2462572,-0.7774249,-0.05883275,1.10083,0.2416328,1.128572,-0.05295253,1.119425,0.2808496,1.155332,-0.0472952,1.088618,0.2835622,1.125937,-0.001028968,0.7211258,0.01840781,0.7213615,-0.009484526,0.6805287,0.07180366,0.684372,-0.03191753,0.6740454,0.1045736,0.6828555,0.1056583,-0.07235141,0.04589517,0.1360322,0.1378611,-0.07443967,0.01628253,0.1575184,0.1107908,-0.08157779,0.001976497,0.1375989,-0.1084466,0.03854482,-0.07408328,0.1368747,-0.14913,0.06064897,-0.02481861,0.1628926,-0.1747485,0.04902515,0.003951505,0.1815382,0.10474,-0.07456926,0.04382683,0.1358375,0.1375136,-0.07314924,0.01701674,0.1566856,0.1174919,-0.07964574,0.00142236,0.14195,-0.1089827,0.03954782,-0.07279187,0.1368938,-0.1498093,0.05994507,-0.02514381,0.1633048,-0.1752635,0.04833179,0.003250126,0.1818346,0.1156237,-0.07556991,0.0265613,0.1406597,-0.1025154,0.9824423,-0.07237282,0.1380581,164.129,-0.1035065,0.991941,-0.07307255,-0.1345588,0.04373722,-0.04340604,0.1479969,0.2239972,-0.2726353,-0.6838194,0.6386598,100.6161,0.2910986,-0.3543068,-0.8886667,-0.07171517,1.108241,0.2580561,1.140147,0.4848765,0.001660263,0.1886746,0.8539872,62.70396,0.9319277,0.003191009,0.3626307,0.1215664,-0.0869927,0.04044488,0.154861,0.7579734,0.5613517,-0.3313534,-0.02378217,182.7255,0.7581878,0.5615105,-0.3314471,-0.4078453,-0.2764504,-0.2266825,0.5423537,-0.3613883,0.2488163,0.7968358,0.4153816,130.9133,-0.397284,0.2735305,0.8759834,0.1717152,-0.008241415,0.04194391,0.1769557,0.3954191,-0.6168205,-0.3197432,0.6007835,106.1479,0.4946375,-0.7715928,-0.3999731,-0.1124122,1.218212,-0.06885674,1.225324,0.06755247,-0.03981002,-0.1477098,-0.9859177,340.7462,0.4039463,-0.2380536,-0.883266,True,True,False,False
1772879674928,0.544616,0.04511252,1.019456,0.2081963,1.041476,-0.5676277,-0.7702116,0.01202803,0.290565,146.2164,-0.5932223,-0.8049407,0.01257038,-0.09871062,0.672687,-0.06429236,0.6829239,0.5482761,0.2339894,-0.7361892,0.3204184,142.6236,0.5787922,0.2470129,-0.7771643,-0.0584947,1.101209,0.241223,1.128837,-0.05288464,1.118635,0.2803673,1.154447,-0.0472909,1.088426,0.2829309,1.125592,-0.001043214,0.7211748,0.01843362,0.721411,-0.009397987,0.6804374,0.07167234,0.6842663,-0.03178388,0.6739135,0.1044386,0.6826983,0.1057347,-0.07232729,0.04580111,0.1360471,0.1370323,-0.07490711,0.0161157,0.1569988,0.1104745,-0.08168184,0.002000362,0.1374065,-0.1085151,0.03848029,-0.07400897,0.1368707,-0.1490934,0.06067054,-0.02476793,0.1628595,-0.1747234,0.0490595,0.00396543,0.1815236,0.1048091,-0.07441362,0.04396388,0.1358497,0.1374802,-0.07327127,0.01695419,0.1567065,0.1170048,-0.07978708,0.001462484,0.1416271,-0.1089502,0.03947371,-0.07287636,0.1368915,-0.1497597,0.05999543,-0.02511771,0.1632737,-0.175226,0.0483823,0.00329978,0.1818128,0.1156135,-0.07556001,0.02651214,0.1406368,-0.1000771,0.983402,-0.07473049,0.1316073,164.875,-0.1009553,0.9920307,-0.0753862,-0.1345091,0.04371359,-0.04345384,0.1479588,0.223554,-0.2725217,-0.6846172,0.6380085,100.713,0.2903188,-0.3539108,-0.8890793,-0.07149433,1.108607,0.2580531,1.140487,0.5004361,-0.01309423,0.2344407,0.8333246,67.11644,0.9053014,-0.02368779,0.424109,0.1217061,-0.08716061,0.04010259,0.154976,0.7709743,0.5453042,-0.3279646,-0.02609987,182.9912,0.771237,0.54549,-0.3280764,-0.4075097,-0.2765601,-0.2275863,0.5425358,-0.3582275,0.2611146,0.8016966,0.4009676,132.7226,-0.3910387,0.2850308,0.8751264,0.1714943,-0.008606672,0.04194689,0.1767595,0.4113674,-0.5742601,-0.3443333,0.6184149,103.5991,0.5234668,-0.7307485,-0.4381656,-0.112042,1.218288,-0.06887433,1.225366,0.06773068,-0.04045602,-0.14736,-0.9859315,340.7557,0.4052097,-0.2420347,-0.8816047,True,True,False,False
1772879674941,0.5595872,0.04534237,1.020047,0.2071224,1.04185,-0.5691227,-0.7692244,0.008874295,0.2903696,146.2398,-0.5947476,-0.803859,0.009273863,-0.09865431,0.6730009,-0.06437606,0.6832329,0.5482392,0.2348143,-0.7359009,0.3205402,142.6088,0.5787786,0.2478945,-0.7768937,-0.05781312,1.102003,0.2413788,1.129609,-0.05269196,1.116029,0.2785073,1.151462,-0.04716453,1.089394,0.2820418,1.1263,-0.001105873,0.7215798,0.01844264,0.7218163,-0.009363364,0.6806377,0.07157448,0.6844547,-0.03169084,0.6741298,0.1043564,0.682895,0.1060733,-0.07272584,0.04461754,0.1361298,0.1336973,-0.07610876,0.01586082,0.154658,0.1107675,-0.08189087,0.001958132,0.1377657,-0.1085675,0.03838278,-0.0739892,0.1368742,-0.149067,0.06068666,-0.02469651,0.1628304,-0.1747413,0.04904969,0.003955424,0.181538,0.1049102,-0.07427865,0.04401615,0.1358708,0.1371777,-0.07349817,0.01686676,0.1565381,0.116506,-0.07995532,0.001502119,0.1413109,-0.1089196,0.03938647,-0.07296535,0.1368894,-0.1497043,0.06005071,-0.02508403,0.163238,-0.1751873,0.04843567,0.00335221,0.1817906,0.1154896,-0.07559954,0.02644425,0.1405434,-0.09703745,0.9843827,-0.07721229,0.124951,165.6441,-0.09780394,0.9921582,-0.07782219,-0.1344578,0.04368356,-0.04350522,0.1479184,0.2231162,-0.2723726,-0.6856224,0.6371455,100.8414,0.2894818,-0.3533894,-0.8895597,-0.07152019,1.108855,0.2580094,1.14072,0.5033326,-0.01605945,0.2458636,0.8282207,68.16721,0.8981634,-0.02865702,0.4387272,0.1216809,-0.08804809,0.03909991,0.1552015,0.7997966,0.4993449,-0.3317206,-0.03068453,183.5168,0.8001735,0.4995801,-0.3318769,-0.4073084,-0.2763584,-0.2284222,0.5426332,-0.3418653,0.2969272,0.8130803,0.365873,137.0774,-0.3673345,0.3190485,0.8736553,0.1715202,-0.008854866,0.04199061,0.1768072,0.4158536,-0.5638139,-0.3500858,0.6217876,103.1064,0.5309768,-0.7198978,-0.4470021,-0.1117678,1.218388,-0.06884063,1.225439,0.06774013,-0.04063077,-0.1469889,-0.9859791,340.7884,0.4059488,-0.2434895,-0.8808659,True,True,False,False
1772879674955,0.5732392,0.04542508,1.020598,0.2069123,1.042351,-0.5700366,-0.7685513,0.006040668,0.2904318,146.2324,-0.5957144,-0.8031715,0.006312775,-0.09863642,0.6730262,-0.06444122,0.6832613,0.5482283,0.2354813,-0.7356888,0.3205565,142.6068,0.5787703,0.2486,-0.7766743,-0.05780527,1.102187,0.2414462,1.129802,-0.05258396,1.115776,0.278191,1.151135,-0.04720328,1.090225,0.2820856,1.127117,-0.001151046,0.7216051,0.01844731,0.7218418,-0.009338927,0.6806356,0.0715477,0.6844495,-0.03168961,0.6741136,0.1043403,0.6828765,0.1056813,-0.07328434,0.04434753,0.1360362,0.1328392,-0.07647885,0.01581077,0.154095,0.1110978,-0.08205266,0.001911491,0.1381268,-0.1085973,0.03835638,-0.07395434,0.1368715,-0.1491184,0.06065172,-0.02469843,0.1628648,-0.1748069,0.04896109,0.003952459,0.1815772,0.1049765,-0.07419316,0.04404464,0.1358846,0.1368047,-0.07375445,0.01677596,0.1563223,0.116041,-0.08013564,0.001537317,0.1410305,-0.1088919,0.03929791,-0.07305039,0.1368873,-0.1496539,0.06010238,-0.02505088,0.1632058,-0.1751546,0.04848085,0.003403819,0.1817721,0.1153134,-0.07567453,0.02638911,0.1404286,-0.09418745,0.9852089,-0.07942674,0.1190951,166.3203,-0.0948626,0.992271,-0.07999609,-0.134412,0.04364993,-0.04355311,0.1478809,0.2227068,-0.272231,-0.6865808,0.6363167,100.9646,0.2886943,-0.3528923,-0.8900128,-0.07226138,1.108359,0.2584263,1.14038,0.4920571,-0.03018354,0.2407703,0.8360612,66.54699,0.8968734,-0.0550156,0.4388524,0.1213154,-0.0885573,0.03894281,0.1551656,0.8071617,0.4886743,-0.3295878,-0.03254871,183.7305,0.8075896,0.4889334,-0.3297626,-0.4070632,-0.2765244,-0.2291077,0.5428228,-0.338789,0.3049071,0.8154556,0.356772,138.1958,-0.3626547,0.3263861,0.8728997,0.1722614,-0.008358955,0.04157373,0.1774042,0.4183665,-0.5653662,-0.3312736,0.6289582,102.0534,0.5381341,-0.727216,-0.4261087,-0.1115783,1.21839,-0.06880367,1.225422,0.06812888,-0.04047053,-0.1471779,-0.9859307,340.7551,0.4075798,-0.2421142,-0.880489,True,True,False,False
1772879674968,0.5875846,0.04561485,1.02068,0.2067414,1.042406,-0.5706569,-0.7680136,0.00226042,0.2906902,146.2014,-0.5964116,-0.8026754,0.002362436,-0.09861869,0.6729454,-0.06455852,0.6831903,0.5481964,0.2362157,-0.7354606,0.3205943,142.6023,0.5787445,0.2493788,-0.776444,-0.05772189,1.101557,0.2424303,1.129394,-0.05256667,1.113961,0.2775278,1.149215,-0.04753553,1.091278,0.2828771,1.128347,-0.001233635,0.7216005,0.01839797,0.721836,-0.009272274,0.6804579,0.07132567,0.6842487,-0.03155654,0.6736899,0.1041062,0.6824163,0.1054111,-0.07420688,0.04330172,0.1359897,0.1309547,-0.07713573,0.01589325,0.1528124,0.1125131,-0.08243488,0.001741983,0.139491,-0.1086343,0.03825662,-0.07394572,0.1368684,-0.1490282,0.06069183,-0.02471497,0.1627997,-0.1746773,0.04916597,0.004029371,0.1815094,0.1050108,-0.07419425,0.04398595,0.1358927,0.1363425,-0.07402158,0.01670623,0.1560371,0.1157623,-0.08031729,0.001553486,0.1409049,-0.1088715,0.03921565,-0.07312112,0.1368853,-0.1496045,0.06014895,-0.02502434,0.1631736,-0.1751169,0.04853497,0.003453239,0.1817511,0.1150947,-0.07579502,0.02634577,0.140306,-0.09231426,0.9856411,-0.08112058,0.1157986,166.7006,-0.09293949,0.9923167,-0.08167,-0.1343718,0.0436227,-0.04359023,0.1478473,0.22222,-0.272166,-0.6873791,0.6356524,101.0632,0.2878589,-0.3525579,-0.8904159,-0.07259724,1.107984,0.2587036,1.140099,0.4874325,-0.03944274,0.2332355,0.8405088,65.61221,0.8996576,-0.07279976,0.4304844,0.1210962,-0.08992296,0.03877186,0.155736,0.8049869,0.4948229,-0.3270313,-0.01403539,181.6084,0.8050662,0.4948716,-0.3270636,-0.4070183,-0.276758,-0.2287797,0.5427698,-0.33525,0.2867106,0.8248578,0.3535736,138.5879,-0.3584002,0.306509,0.8818172,0.1725972,-0.007983565,0.04129639,0.1776483,0.4154301,-0.5684014,-0.3195225,0.6342264,101.2747,0.5373234,-0.7351786,-0.4132751,-0.1115328,1.218502,-0.06870385,1.225523,0.06822497,-0.03997085,-0.1467507,-0.986008,340.8083,0.4092738,-0.2397806,-0.8803405,True,True,False,False
1772879674982,0.6010759,0.04550464,1.020253,0.2066031,1.041956,-0.5708637,-0.7676924,-0.00184036,0.291135,146.1481,-0.5967122,-0.8024532,-0.00192369,-0.09853941,0.6728767,-0.06459767,0.6831148,0.5481815,0.2369526,-0.7351871,0.3207034,142.5891,0.5787513,0.2501665,-0.7761854,-0.05774988,1.100804,0.2429815,1.12878,-0.05271574,1.112974,0.2774708,1.148251,-0.04790202,1.090842,0.2831,1.127997,-0.001187785,0.7216246,0.01834493,0.7218587,-0.009202633,0.6803924,0.07129943,0.6841799,-0.03149264,0.6734748,0.1040735,0.6821961,0.1053069,-0.07455232,0.04272949,0.1359169,0.1305501,-0.07726345,0.01592687,0.1525341,0.1128434,-0.08260107,0.001691282,0.139855,-0.1086008,0.03821605,-0.07401732,0.1368692,-0.1490512,0.06064437,-0.02472998,0.1628053,-0.1746759,0.04916545,0.004087575,0.1815092,0.1050353,-0.07422385,0.04388206,0.1358942,0.1358636,-0.07428962,0.01664179,0.1557396,0.115521,-0.08050612,0.001564879,0.1408147,-0.1088492,0.039133,-0.07319523,0.1368834,-0.1495587,0.06018991,-0.025,0.163143,-0.1750804,0.0485871,0.003505687,0.181731,0.1148725,-0.07593122,0.02628576,0.1401863,-0.09074984,0.9859644,-0.08273844,0.1131065,167.0112,-0.09133595,0.9923323,-0.08327281,-0.1343307,0.04359381,-0.04362892,0.1478128,0.2216944,-0.2721226,-0.6880788,0.6350972,101.1456,0.2870083,-0.3522932,-0.8907951,-0.07282225,1.107744,0.2589513,1.139937,0.485352,-0.04969021,0.2311342,0.841749,65.34946,0.8990178,-0.09204121,0.42813,0.1213061,-0.09026339,0.03868502,0.1560743,0.8008503,0.5015205,-0.3272648,-0.003705275,180.4246,0.8008559,0.501524,-0.3272671,-0.4068835,-0.2767389,-0.2288586,0.5426922,-0.3306981,0.2743992,0.8298508,0.3559377,138.2982,-0.3538734,0.293629,0.8880066,0.1728223,-0.007743955,0.04104871,0.177799,0.4138404,-0.5662035,-0.3117148,0.6410801,100.2552,0.539224,-0.7377496,-0.4061569,-0.1110857,1.218524,-0.06868248,1.225504,0.06875879,-0.03914348,-0.1464079,-0.9860552,340.8407,0.4131675,-0.2352108,-0.8797564,False,False,False,False
1772879674998,0.6140187,0.04550464,1.020253,0.2066031,1.041956,-0.5708637,-0.7676924,-0.00184036,0.291135,146.1481,-0.5967122,-0.8024532,-0.00192369,-0.09853941,0.6728767,-0.06459767,0.6831148,0.5481815,0.2369526,-0.7351871,0.3207034,142.5891,0.5787513,0.2501665,-0.7761854,-0.05774988,1.100804,0.2429815,1.12878,-0.05271574,1.112974,0.2774708,1.148251,-0.04790202,1.090842,0.2831,1.127997,-0.001187785,0.7216246,0.01834493,0.7218587,-0.009202633,0.6803924,0.07129943,0.6841799,-0.03149264,0.6734748,0.1040735,0.6821961,0.1053069,-0.07455232,0.04272949,0.1359169,0.1305501,-0.07726345,0.01592687,0.1525341,0.1128434,-0.08260107,0.001691282,0.139855,-0.1086008,0.03821605,-0.07401732,0.1368692,-0.1490512,0.06064437,-0.02472998,0.1628053,-0.1746759,0.04916545,0.004087575,0.1815092,0.1050353,-0.07422385,0.04388206,0.1358942,0.1358636,-0.07428962,0.01664179,0.1557396,0.115521,-0.08050612,0.001564879,0.1408147,-0.1088492,0.039133,-0.07319523,0.1368834,-0.1495587,0.06018991,-0.025,0.163143,-0.1750804,0.0485871,0.003505687,0.181731,0.1148725,-0.07593122,0.02628576,0.1401863,-0.09074984,0.9859644,-0.08273844,0.1131065,167.0112,-0.09133595,0.9923323,-0.08327281,-0.1343307,0.04359381,-0.04362892,0.1478128,0.2216944,-0.2721226,-0.6880788,0.6350972,101.1456,0.2870083,-0.3522932,-0.8907951,-0.07341007,1.107494,0.2596428,1.139888,0.479989,-0.07001428,0.2318215,0.8431888,65.04321,0.8928075,-0.1302306,0.4312015,0.1213061,-0.09026339,0.03868502,0.1560743,0.8008503,0.5015205,-0.3272648,-0.003705275,180.4246,0.8008559,0.501524,-0.3272671,-0.4068835,-0.2767389,-0.2288586,0.5426922,-0.3306981,0.2743992,0.8298508,0.3559377,138.2982,-0.3538734,0.293629,0.8880066,0.1734101,-0.007493496,0.04035717,0.1782019,0.4143046,-0.5584099,-0.2972959,0.6543282,98.26254,0.5478693,-0.7384316,-0.3931389,-0.1110253,1.218409,-0.06860533,1.225379,0.06905595,-0.03812323,-0.1462645,-0.9860956,340.8685,0.4155519,-0.2294108,-0.8801631,False,False,False,False
1772879675011,0.6280122,0.04550464,1.020253,0.2066031,1.041956,-0.5708637,-0.7676924,-0.00184036,0.291135,146.1481,-0.5967122,-0.8024532,-0.00192369,-0.09853941,0.6728767,-0.06459767,0.6831148,0.5481815,0.2369526,-0.7351871,0.3207034,142.5891,0.5787513,0.2501665,-0.7761854,-0.05774988,1.100804,0.2429815,1.12878,-0.05271574,1.112974,0.2774708,1.148251,-0.04790202,1.090842,0.2831,1.127997,-0.001187785,0.7216246,0.01834493,0.7218587,-0.009202633,0.6803924,0.07129943,0.6841799,-0.03149264,0.6734748,0.1040735,0.6821961,0.1053069,-0.07455232,0.04272949,0.1359169,0.1305501,-0.07726345,0.01592687,0.1525341,0.1128434,-0.08260107,0.001691282,0.139855,-0.1086008,0.03821605,-0.07401732,0.1368692,-0.1490512,0.06064437,-0.02472998,0.1628053,-0.1746759,0.04916545,0.004087575,0.1815092,0.1050353,-0.07422385,0.04388206,0.1358942,0.1358636,-0.07428962,0.01664179,0.1557396,0.115521,-0.08050612,0.001564879,0.1408147,-0.1088492,0.039133,-0.07319523,0.1368834,-0.1495587,0.06018991,-0.025,0.163143,-0.1750804,0.0485871,0.003505687,0.181731,0.1148725,-0.07593122,0.02628576,0.1401863,-0.09074984,0.9859644,-0.08273844,0.1131065,167.0112,-0.09133595,0.9923323,-0.08327281,-0.1343307,0.04359381,-0.04362892,0.1478128,0.2216944,-0.2721226,-0.6880788,0.6350972,101.1456,0.2870083,-0.3522932,-0.8907951,-0.0735954,1.107446,0.2598989,1.139913,0.4799852,-0.07843634,0.2338419,0.8418906,65.31937,0.8894412,-0.1453472,0.433323,0.1213061,-0.09026339,0.03868502,0.1560743,0.8008503,0.5015205,-0.3272648,-0.003705275,180.4246,0.8008559,0.501524,-0.3272671,-0.4068835,-0.2767389,-0.2288586,0.5426922,-0.3306981,0.2743992,0.8298508,0.3559377,138.2982,-0.3538734,0.293629,0.8880066,0.1735954,-0.00744617,0.04010111,0.1783225,0.4139868,-0.553169,-0.2939263,0.6604745,97.32787,0.5513585,-0.736725,-0.3914588,-0.1109901,1.218281,-0.06852291,1.225244,0.06909133,-0.03724003,-0.146254,-0.9861284,340.8912,0.4162529,-0.2243591,-0.881133,False,False,False,False
1772879675025,0.6412487,0.04550464,1.020253,0.2066031,1.041956,-0.5708637,-0.7676924,-0.00184036,0.291135,146.1481,-0.5967122,-0.8024532,-0.00192369,-0.09853941,0.6728767,-0.06459767,0.6831148,0.5481815,0.2369526,-0.7351871,0.3207034,142.5891,0.5787513,0.2501665,-0.7761854,-0.05774988,1.100804,0.2429815,1.12878,-0.05271574,1.112974,0.2774708,1.148251,-0.04790202,1.090842,0.2831,1.127997,-0.001187785,0.7216246,0.01834493,0.7218587,-0.009202633,0.6803924,0.07129943,0.6841799,-0.03149264,0.6734748,0.1040735,0.6821961,0.1053069,-0.07455232,0.04272949,0.1359169,0.1305501,-0.07726345,0.01592687,0.1525341,0.1128434,-0.08260107,0.001691282,0.139855,-0.1086008,0.03821605,-0.07401732,0.1368692,-0.1490512,0.06064437,-0.02472998,0.1628053,-0.1746759,0.04916545,0.004087575,0.1815092,0.1050353,-0.07422385,0.04388206,0.1358942,0.1358636,-0.07428962,0.01664179,0.1557396,0.115521,-0.08050612,0.001564879,0.1408147,-0.1088492,0.039133,-0.07319523,0.1368834,-0.1495587,0.06018991,-0.025,0.163143,-0.1750804,0.0485871,0.003505687,0.181731,0.1148725,-0.07593122,0.02628576,0.1401863,-0.09074984,0.9859644,-0.08273844,0.1131065,167.0112,-0.09133595,0.9923323,-0.08327281,-0.1343307,0.04359381,-0.04362892,0.1478128,0.2216944,-0.2721226,-0.6880788,0.6350972,101.1456,0.2870083,-0.3522932,-0.8907951,-0.07417611,1.107416,0.26051,1.140061,0.476014,-0.09438241,0.2367534,0.8416951,65.3609,0.8815839,-0.1747974,0.4384702,0.1213061,-0.09026339,0.03868502,0.1560743,0.8008503,0.5015205,-0.3272648,-0.003705275,180.4246,0.8008559,0.501524,-0.3272671,-0.4068835,-0.2767389,-0.2288586,0.5426922,-0.3306981,0.2743992,0.8298508,0.3559377,138.2982,-0.3538734,0.293629,0.8880066,0.1741761,-0.007416248,0.03949001,0.1787506,0.4153725,-0.5448688,-0.2838854,0.6708152,95.73998,0.5600844,-0.7346961,-0.3827884,-0.1110572,1.218147,-0.06841046,1.225111,0.06890563,-0.03625499,-0.146198,-0.9861865,340.9313,0.4159994,-0.2188799,-0.8826318,False,False,False,False
1772879675037,0.65374,0.04550464,1.020253,0.2066031,1.041956,-0.5708637,-0.7676924,-0.00184036,0.291135,146.1481,-0.5967122,-0.8024532,-0.00192369,-0.09853941,0.6728767,-0.06459767,0.6831148,0.5481815,0.2369526,-0.7351871,0.3207034,142.5891,0.5787513,0.2501665,-0.7761854,-0.05774988,1.100804,0.2429815,1.12878,-0.05271574,1.112974,0.2774708,1.148251,-0.04790202,1.090842,0.2831,1.127997,-0.001187785,0.7216246,0.01834493,0.7218587,-0.009202633,0.6803924,0.07129943,0.6841799,-0.03149264,0.6734748,0.1040735,0.6821961,0.1053069,-0.07455232,0.04272949,0.1359169,0.1305501,-0.07726345,0.01592687,0.1525341,0.1128434,-0.08260107,0.001691282,0.139855,-0.1086008,0.03821605,-0.07401732,0.1368692,-0.1490512,0.06064437,-0.02472998,0.1628053,-0.1746759,0.04916545,0.004087575,0.1815092,0.1050353,-0.07422385,0.04388206,0.1358942,0.1358636,-0.07428962,0.01664179,0.1557396,0.115521,-0.08050612,0.001564879,0.1408147,-0.1088492,0.039133,-0.07319523,0.1368834,-0.1495587,0.06018991,-0.025,0.163143,-0.1750804,0.0485871,0.003505687,0.181731,0.1148725,-0.07593122,0.02628576,0.1401863,-0.09074984,0.9859644,-0.08273844,0.1131065,167.0112,-0.09133595,0.9923323,-0.08327281,-0.1343307,0.04359381,-0.04362892,0.1478128,0.2216944,-0.2721226,-0.6880788,0.6350972,101.1456,0.2870083,-0.3522932,-0.8907951,-0.07447974,1.107416,0.260755,1.140136,0.4745142,-0.09978175,0.2369564,0.841862,65.32547,0.8792301,-0.1848862,0.4390579,0.1213061,-0.09026339,0.03868502,0.1560743,0.8008503,0.5015205,-0.3272648,-0.003705275,180.4246,0.8008559,0.501524,-0.3272671,-0.4068835,-0.2767389,-0.2288586,0.5426922,-0.3306981,0.2743992,0.8298508,0.3559377,138.2982,-0.3538734,0.293629,0.8880066,0.1744798,-0.007416129,0.03924504,0.1789926,0.4154294,-0.5426144,-0.2800362,0.6742166,95.21332,0.5625057,-0.7347186,-0.3791786,-0.1112259,1.217975,-0.0682568,1.224946,0.06839218,-0.03513266,-0.1460702,-0.9862818,340.9974,0.4143216,-0.2128345,-0.8848969,False,False,False,False
1772879675052,0.6672421,0.04550464,1.020253,0.2066031,1.041956,-0.5708637,-0.7676924,-0.00184036,0.291135,146.1481,-0.5967122,-0.8024532,-0.00192369,-0.09853941,0.6728767,-0.06459767,0.6831148,0.5481815,0.2369526,-0.7351871,0.3207034,142.5891,0.5787513,0.2501665,-0.7761854,-0.05774988,1.100804,0.2429815,1.12878,-0.05271574,1.112974,0.2774708,1.148251,-0.04790202,1.090842,0.2831,1.127997,-0.001187785,0.7216246,0.01834493,0.7218587,-0.009202633,0.6803924,0.07129943,0.6841799,-0.03149264,0.6734748,0.1040735,0.6821961,0.1053069,-0.07455232,0.04272949,0.1359169,0.1305501,-0.07726345,0.01592687,0.1525341,0.1128434,-0.08260107,0.001691282,0.139855,-0.1086008,0.03821605,-0.07401732,0.1368692,-0.1490512,0.06064437,-0.02472998,0.1628053,-0.1746759,0.04916545,0.004087575,0.1815092,0.1050353,-0.07422385,0.04388206,0.1358942,0.1358636,-0.07428962,0.01664179,0.1557396,0.115521,-0.08050612,0.001564879,0.1408147,-0.1088492,0.039133,-0.07319523,0.1368834,-0.1495587,0.06018991,-0.025,0.163143,-0.1750804,0.0485871,0.003505687,0.181731,0.1148725,-0.07593122,0.02628576,0.1401863,-0.09074984,0.9859644,-0.08273844,0.1131065,167.0112,-0.09133595,0.9923323,-0.08327281,-0.1343307,0.04359381,-0.04362892,0.1478128,0.2216944,-0.2721226,-0.6880788,0.6350972,101.1456,0.2870083,-0.3522932,-0.8907951,-0.07489166,1.107304,0.2609345,1.140096,0.4691176,-0.1044652,0.2334306,0.8452963,64.5926,0.8780078,-0.1955188,0.4368924,0.1213061,-0.09026339,0.03868502,0.1560743,0.8008503,0.5015205,-0.3272648,-0.003705275,180.4246,0.8008559,0.501524,-0.3272671,-0.4068835,-0.2767389,-0.2288586,0.5426922,-0.3306981,0.2743992,0.8298508,0.3559377,138.2982,-0.3538734,0.293629,0.8880066,0.1748917,-0.007304311,0.03906551,0.1793504,0.4159377,-0.54447,-0.271726,0.6758058,94.96649,0.5643048,-0.7386852,-0.3686521,-0.1114448,1.217781,-0.06806428,1.224762,0.06808908,-0.03385631,-0.1457676,-0.9863921,341.0741,0.4141428,-0.2059266,-0.8866125,False,False,False,False
1772879675065,0.6808022,0.04550464,1.020253,0.2066031,1.041956,-0.5708637,-0.7676924,-0.00184036,0.291135,146.1481,-0.5967122,-0.8024532,-0.00192369,-0.09853941,0.6728767,-0.06459767,0.6831148,0.5481815,0.2369526,-0.7351871,0.3207034,142.5891,0.5787513,0.2501665,-0.7761854,-0.05774988,1.100804,0.2429815,1.12878,-0.05271574,1.112974,0.2774708,1.148251,-0.04790202,1.090842,0.2831,1.127997,-0.001187785,0.7216246,0.01834493,0.7218587,-0.009202633,0.6803924,0.07129943,0.6841799,-0.03149264,0.6734748,0.1040735,0.6821961,0.1053069,-0.07455232,0.04272949,0.1359169,0.1305501,-0.07726345,0.01592687,0.1525341,0.1128434,-0.08260107,0.001691282,0.139855,-0.1086008,0.03821605,-0.07401732,0.1368692,-0.1490512,0.06064437,-0.02472998,0.1628053,-0.1746759,0.04916545,0.004087575,0.1815092,0.1050353,-0.07422385,0.04388206,0.1358942,0.1358636,-0.07428962,0.01664179,0.1557396,0.115521,-0.08050612,0.001564879,0.1408147,-0.1088492,0.039133,-0.07319523,0.1368834,-0.1495587,0.06018991,-0.025,0.163143,-0.1750804,0.0485871,0.003505687,0.181731,0.1148725,-0.07593122,0.02628576,0.1401863,-0.09074984,0.9859644,-0.08273844,0.1131065,167.0112,-0.09133595,0.9923323,-0.08327281,-0.1343307,0.04359381,-0.04362892,0.1478128,0.2216944,-0.2721226,-0.6880788,0.6350972,101.1456,0.2870083,-0.3522932,-0.8907951,-0.07530951,1.107205,0.2610794,1.14006,0.4636452,-0.1101106,0.2314446,0.8481405,63.98002,0.8751798,-0.2078455,0.4368763,0.1213061,-0.09026339,0.03868502,0.1560743,0.8008503,0.5015205,-0.3272648,-0.003705275,180.4246,0.8008559,0.501524,-0.3272671,-0.4068835,-0.2767389,-0.2288586,0.5426922,-0.3306981,0.2743992,0.8298508,0.3559377,138.2982,-0.3538734,0.293629,0.8880066,0.1753095,-0.007204652,0.03892061,0.1797224,0.4172005,-0.5447109,-0.263537,0.6780725,94.6136,0.5676234,-0.7411081,-0.3585562,-0.1117617,1.217562,-0.06782818,1.22456,0.06740201,-0.03242758,-0.145953,-0.9864599,341.1214,0.4109815,-0.1977261,-0.8899434,False,False,False,False
1772879675081,0.694315,0.04550464,1.020253,0.2066031,1.041956,-0.5708637,-0.7676924,-0.00184036,0.291135,146.1481,-0.5967122,-0.8024532,-0.00192369,-0.09853941,0.6728767,-0.06459767,0.6831148,0.5481815,0.2369526,-0.7351871,0.3207034,142.5891,0.5787513,0.2501665,-0.7761854,-0.05774988,1.100804,0.2429815,1.12878,-0.05271574,1.112974,0.2774708,1.148251,-0.04790202,1.090842,0.2831,1.127997,-0.001187785,0.7216246,0.01834493,0.7218587,-0.009202633,0.6803924,0.07129943,0.6841799,-0.03149264,0.6734748,0.1040735,0.6821961,0.1053069,-0.07455232,0.04272949,0.1359169,0.1305501,-0.07726345,0.01592687,0.1525341,0.1128434,-0.08260107,0.001691282,0.139855,-0.1086008,0.03821605,-0.07401732,0.1368692,-0.1490512,0.06064437,-0.02472998,0.1628053,-0.1746759,0.04916545,0.004087575,0.1815092,0.1050353,-0.07422385,0.04388206,0.1358942,0.1358636,-0.07428962,0.01664179,0.1557396,0.115521,-0.08050612,0.001564879,0.1408147,-0.1088492,0.039133,-0.07319523,0.1368834,-0.1495587,0.06018991,-0.025,0.163143,-0.1750804,0.0485871,0.003505687,0.181731,0.1148725,-0.07593122,0.02628576,0.1401863,-0.09074984,0.9859644,-0.08273844,0.1131065,167.0112,-0.09133595,0.9923323,-0.08327281,-0.1343307,0.04359381,-0.04362892,0.1478128,0.2216944,-0.2721226,-0.6880788,0.6350972,101.1456,0.2870083,-0.3522932,-0.8907951,-0.07625949,1.107196,0.2617899,1.140278,0.4515955,-0.1253285,0.2309949,0.8526405,62.99994,0.8643007,-0.239864,0.4420971,0.1213061,-0.09026339,0.03868502,0.1560743,0.8008503,0.5015205,-0.3272648,-0.003705275,180.4246,0.8008559,0.501524,-0.3272671,-0.4068835,-0.2767389,-0.2288586,0.5426922,-0.3306981,0.2743992,0.8298508,0.3559377,138.2982,-0.3538734,0.293629,0.8880066,0.1762595,-0.007196307,0.03821006,0.1804971,0.4216501,-0.5408299,-0.2458235,0.6850439,93.52189,0.5787907,-0.7423864,-0.337437,-0.1121348,1.21732,-0.06753103,1.224338,0.06686071,-0.030992,-0.1463529,-0.9864836,341.138,0.408036,-0.1891372,-0.8931594,False,False,False,False
1772879675094,0.7096909,0.04550464,1.020253,0.2066031,1.041956,-0.5708637,-0.7676924,-0.00184036,0.291135,146.1481,-0.5967122,-0.8024532,-0.00192369,-0.09853941,0.6728767,-0.06459767,0.6831148,0.5481815,0.2369526,-0.7351871,0.3207034,142.5891,0.5787513,0.2501665,-0.7761854,-0.05774988,1.100804,0.2429815,1.12878,-0.05271574,1.112974,0.2774708,1.148251,-0.04790202,1.090842,0.2831,1.127997,-0.001187785,0.7216246,0.01834493,0.7218587,-0.009202633,0.6803924,0.07129943,0.6841799,-0.03149264,0.6734748,0.1040735,0.6821961,0.1053069,-0.07455232,0.04272949,0.1359169,0.1305501,-0.07726345,0.01592687,0.1525341,0.1128434,-0.08260107,0.001691282,0.139855,-0.1086008,0.03821605,-0.07401732,0.1368692,-0.1490512,0.06064437,-0.02472998,0.1628053,-0.1746759,0.04916545,0.004087575,0.1815092,0.1050353,-0.07422385,0.04388206,0.1358942,0.1358636,-0.07428962,0.01664179,0.1557396,0.115521,-0.08050612,0.001564879,0.1408147,-0.1088492,0.039133,-0.07319523,0.1368834,-0.1495587,0.06018991,-0.025,0.163143,-0.1750804,0.0485871,0.003505687,0.181731,0.1148725,-0.07593122,0.02628576,0.1401863,-0.09074984,0.9859644,-0.08273844,0.1131065,167.0112,-0.09133595,0.9923323,-0.08327281,-0.1343307,0.04359381,-0.04362892,0.1478128,0.2216944,-0.2721226,-0.6880788,0.6350972,101.1456,0.2870083,-0.3522932,-0.8907951,-0.07655176,1.107162,0.2620728,1.140329,0.4494289,-0.135126,0.2326989,0.8518251,63.17854,0.857973,-0.2579596,0.4442289,0.1213061,-0.09026339,0.03868502,0.1560743,0.8008503,0.5015205,-0.3272648,-0.003705275,180.4246,0.8008559,0.501524,-0.3272671,-0.4068835,-0.2767389,-0.2288586,0.5426922,-0.3306981,0.2743992,0.8298508,0.3559377,138.2982,-0.3538734,0.293629,0.8880066,0.1765518,-0.007161617,0.03792718,0.1807216,0.421976,-0.5352868,-0.2399256,0.6912599,92.54017,0.5839638,-0.7407724,-0.3320281,-0.1129454,1.216976,-0.06708323,1.224046,0.06643629,-0.02982963,-0.1464859,-0.9865284,341.1693,0.4061144,-0.1823437,-0.8954447,False,False,False,False
1772879675108,0.7225989,0.04550464,1.020253,0.2066031,1.041956,-0.5708637,-0.7676924,-0.00184036,0.291135,146.1481,-0.5967122,-0.8024532,-0.00192369,-0.09853941,0.6728767,-0.06459767,0.6831148,0.5481815,0.2369526,-0.7351871,0.3207034,142.5891,0.5787513,0.2501665,-0.7761854,-0.05774988,1.100804,0.2429815,1.12878,-0.05271574,1.112974,0.2774708,1.148251,-0.04790202,1.090842,0.2831,1.127997,-0.001187785,0.7216246,0.01834493,0.7218587,-0.009202633,0.6803924,0.07129943,0.6841799,-0.03149264,0.6734748,0.1040735,0.6821961,0.1053069,-0.07455232,0.04272949,0.1359169,0.1305501,-0.07726345,0.01592687,0.1525341,0.1128434,-0.08260107,0.001691282,0.139855,-0.1086008,0.03821605,-0.07401732,0.1368692,-0.1490512,0.06064437,-0.02472998,0.1628053,-0.1746759,0.04916545,0.004087575,0.1815092,0.1050353,-0.07422385,0.04388206,0.1358942,0.1358636,-0.07428962,0.01664179,0.1557396,0.115521,-0.08050612,0.001564879,0.1408147,-0.1088492,0.039133,-0.07319523,0.1368834,-0.1495587,0.06018991,-0.025,0.163143,-0.1750804,0.0485871,0.003505687,0.181731,0.1148725,-0.07593122,0.02628576,0.1401863,-0.09074984,0.9859644,-0.08273844,0.1131065,167.0112,-0.09133595,0.9923323,-0.08327281,-0.1343307,0.04359381,-0.04362892,0.1478128,0.2216944,-0.2721226,-0.6880788,0.6350972,101.1456,0.2870083,-0.3522932,-0.8907951,-0.07695214,1.107587,0.262939,1.140968,0.4464954,-0.1549586,0.2385501,0.8483652,63.93139,0.8433809,-0.2926998,0.450595,0.1213061,-0.09026339,0.03868502,0.1560743,0.8008503,0.5015205,-0.3272648,-0.003705275,180.4246,0.8008559,0.501524,-0.3272671,-0.4068835,-0.2767389,-0.2288586,0.5426922,-0.3306981,0.2743992,0.8298508,0.3559377,138.2982,-0.3538734,0.293629,0.8880066,0.1769521,-0.007587433,0.03706104,0.1809507,0.422966,-0.5216704,-0.2302565,0.7042314,90.46503,0.5957515,-0.7347775,-0.3243183,-0.1134712,1.216591,-0.06670324,1.223691,0.06595148,-0.02858835,-0.1468732,-0.9865401,341.1776,0.4033252,-0.1748316,-0.8982005,False,False,False,False
1772879675121,0.737172,0.04550464,1.020253,0.2066031,1.041956,-0.5708637,-0.7676924,-0.00184036,0.291135,146.1481,-0.5967122,-0.8024532,-0.00192369,-0.09853941,0.6728767,-0.06459767,0.6831148,0.5481815,0.2369526,-0.7351871,0.3207034,142.5891,0.5787513,0.2501665,-0.7761854,-0.05774988,1.100804,0.2429815,1.12878,-0.05271574,1.112974,0.2774708,1.148251,-0.04790202,1.090842,0.2831,1.127997,-0.001187785,0.7216246,0.01834493,0.7218587,-0.009202633,0.6803924,0.07129943,0.6841799,-0.03149264,0.6734748,0.1040735,0.6821961,0.1053069,-0.07455232,0.04272949,0.1359169,0.1305501,-0.07726345,0.01592687,0.1525341,0.1128434,-0.08260107,0.001691282,0.139855,-0.1086008,0.03821605,-0.07401732,0.1368692,-0.1490512,0.06064437,-0.02472998,0.1628053,-0.1746759,0.04916545,0.004087575,0.1815092,0.1050353,-0.07422385,0.04388206,0.1358942,0.1358636,-0.07428962,0.01664179,0.1557396,0.115521,-0.08050612,0.001564879,0.1408147,-0.1088492,0.039133,-0.07319523,0.1368834,-0.1495587,0.06018991,-0.025,0.163143,-0.1750804,0.0485871,0.003505687,0.181731,0.1148725,-0.07593122,0.02628576,0.1401863,-0.09074984,0.9859644,-0.08273844,0.1131065,167.0112,-0.09133595,0.9923323,-0.08327281,-0.1343307,0.04359381,-0.04362892,0.1478128,0.2216944,-0.2721226,-0.6880788,0.6350972,101.1456,0.2870083,-0.3522932,-0.8907951,-0.07713901,1.10773,0.2632066,1.141181,0.4457185,-0.1595443,0.2433853,0.8465484,64.32356,0.8373262,-0.2997198,0.4572232,0.1213061,-0.09026339,0.03868502,0.1560743,0.8008503,0.5015205,-0.3272648,-0.003705275,180.4246,0.8008559,0.501524,-0.3272671,-0.4068835,-0.2767389,-0.2288586,0.5426922,-0.3306981,0.2743992,0.8298508,0.3559377,138.2982,-0.3538734,0.293629,0.8880066,0.177139,-0.007730246,0.03679344,0.1810849,0.4253414,-0.5159532,-0.2294212,0.7072787,89.97215,0.6016697,-0.7298453,-0.3245294,-0.1141492,1.216383,-0.06640595,1.22353,0.06508829,-0.02754543,-0.1475857,-0.9865208,341.164,0.3977632,-0.1683338,-0.9019157,False,False,False,False
1772879675136,0.7506412,0.04550464,1.020253,0.2066031,1.041956,-0.5708637,-0.7676924,-0.00184036,0.291135,146.1481,-0.5967122,-0.8024532,-0.00192369,-0.09853941,0.6728767,-0.06459767,0.6831148,0.5481815,0.2369526,-0.7351871,0.3207034,142.5891,0.5787513,0.2501665,-0.7761854,-0.05774988,1.100804,0.2429815,1.12878,-0.05271574,1.112974,0.2774708,1.148251,-0.04790202,1.090842,0.2831,1.127997,-0.001187785,0.7216246,0.01834493,0.7218587,-0.009202633,0.6803924,0.07129943,0.6841799,-0.03149264,0.6734748,0.1040735,0.6821961,0.1053069,-0.07455232,0.04272949,0.1359169,0.1305501,-0.07726345,0.01592687,0.1525341,0.1128434,-0.08260107,0.001691282,0.139855,-0.1086008,0.03821605,-0.07401732,0.1368692,-0.1490512,0.06064437,-0.02472998,0.1628053,-0.1746759,0.04916545,0.004087575,0.1815092,0.1050353,-0.07422385,0.04388206,0.1358942,0.1358636,-0.07428962,0.01664179,0.1557396,0.115521,-0.08050612,0.001564879,0.1408147,-0.1088492,0.039133,-0.07319523,0.1368834,-0.1495587,0.06018991,-0.025,0.163143,-0.1750804,0.0485871,0.003505687,0.181731,0.1148725,-0.07593122,0.02628576,0.1401863,-0.09074984,0.9859644,-0.08273844,0.1131065,167.0112,-0.09133595,0.9923323,-0.08327281,-0.1343307,0.04359381,-0.04362892,0.1478128,0.2216944,-0.2721226,-0.6880788,0.6350972,101.1456,0.2870083,-0.3522932,-0.8907951,-0.0772953,1.107872,0.2634577,1.141388,0.4445622,-0.1633828,0.2480287,0.8450754,64.63998,0.8315058,-0.3055899,0.4639109,0.1213061,-0.09026339,0.03868502,0.1560743,0.8008503,0.5015205,-0.3272648,-0.003705275,180.4246,0.8008559,0.501524,-0.3272671,-0.4068835,-0.2767389,-0.2288586,0.5426922,-0.3306981,0.2743992,0.8298508,0.3559377,138.2982,-0.3538734,0.293629,0.8880066,0.1772953,-0.007872343,0.0365423,0.1811931,0.4279981,-0.5108269,-0.2285612,0.7096714,89.58363,0.6074919,-0.7250575,-0.3244152,-0.1149175,1.216031,-0.06604771,1.223233,0.06465687,-0.0261556,-0.1486161,-0.9864324,341.1022,0.3938453,-0.1593219,-0.9052671,False,False,False,False
1772879675150,0.7643553,0.04550464,1.020253,0.2066031,1.041956,-0.5708637,-0.7676924,-0.00184036,0.291135,146.1481,-0.5967122,-0.8024532,-0.00192369,-0.09853941,0.6728767,-0.06459767,0.6831148,0.5481815,0.2369526,-0.7351871,0.3207034,142.5891,0.5787513,0.2501665,-0.7761854,-0.05774988,1.100804,0.2429815,1.12878,-0.05271574,1.112974,0.2774708,1.148251,-0.04790202,1.090842,0.2831,1.127997,-0.001187785,0.7216246,0.01834493,0.7218587,-0.009202633,0.6803924,0.07129943,0.6841799,-0.03149264,0.6734748,0.1040735,0.6821961,0.1053069,-0.07455232,0.04272949,0.1359169,0.1305501,-0.07726345,0.01592687,0.1525341,0.1128434,-0.08260107,0.001691282,0.139855,-0.1086008,0.03821605,-0.07401732,0.1368692,-0.1490512,0.06064437,-0.02472998,0.1628053,-0.1746759,0.04916545,0.004087575,0.1815092,0.1050353,-0.07422385,0.04388206,0.1358942,0.1358636,-0.07428962,0.01664179,0.1557396,0.115521,-0.08050612,0.001564879,0.1408147,-0.1088492,0.039133,-0.07319523,0.1368834,-0.1495587,0.06018991,-0.025,0.163143,-0.1750804,0.0485871,0.003505687,0.181731,0.1148725,-0.07593122,0.02628576,0.1401863,-0.09074984,0.9859644,-0.08273844,0.1131065,167.0112,-0.09133595,0.9923323,-0.08327281,-0.1343307,0.04359381,-0.04362892,0.1478128,0.2216944,-0.2721226,-0.6880788,0.6350972,101.1456,0.2870083,-0.3522932,-0.8907951,-0.07738219,1.108622,0.2641939,1.142291,0.4444839,-0.1721625,0.2713407,0.8361629,66.52575,0.8103906,-0.3138896,0.494713,0.1213061,-0.09026339,0.03868502,0.1560743,0.8008503,0.5015205,-0.3272648,-0.003705275,180.4246,0.8008559,0.501524,-0.3272671,-0.4068835,-0.2767389,-0.2288586,0.5426922,-0.3306981,0.2743992,0.8298508,0.3559377,138.2982,-0.3538734,0.293629,0.8880066,0.1773822,-0.008621693,0.03580615,0.1811653,0.4398352,-0.4887612,-0.2341661,0.7161173,88.53033,0.6301544,-0.7002509,-0.335491,-0.1157925,1.215752,-0.06564856,1.223017,0.06367794,-0.02453169,-0.1495393,-0.9863982,341.0783,0.3873977,-0.1492435,-0.9097525,False,False,False,False
1772879675163,0.7785616,0.04550464,1.020253,0.2066031,1.041956,-0.5708637,-0.7676924,-0.00184036,0.291135,146.1481,-0.5967122,-0.8024532,-0.00192369,-0.09853941,0.6728767,-0.06459767,0.6831148,0.5481815,0.2369526,-0.7351871,0.3207034,142.5891,0.5787513,0.2501665,-0.7761854,-0.05774988,1.100804,0.2429815,1.12878,-0.05271574,1.112974,0.2774708,1.148251,-0.04790202,1.090842,0.2831,1.127997,-0.001187785,0.7216246,0.01834493,0.7218587,-0.009202633,0.6803924,0.07129943,0.6841799,-0.03149264,0.6734748,0.1040735,0.6821961,0.1053069,-0.07455232,0.04272949,0.1359169,0.1305501,-0.07726345,0.01592687,0.1525341,0.1128434,-0.08260107,0.001691282,0.139855,-0.1086008,0.03821605,-0.07401732,0.1368692,-0.1490512,0.06064437,-0.02472998,0.1628053,-0.1746759,0.04916545,0.004087575,0.1815092,0.1050353,-0.07422385,0.04388206,0.1358942,0.1358636,-0.07428962,0.01664179,0.1557396,0.115521,-0.08050612,0.001564879,0.1408147,-0.1088492,0.039133,-0.07319523,0.1368834,-0.1495587,0.06018991,-0.025,0.163143,-0.1750804,0.0485871,0.003505687,0.181731,0.1148725,-0.07593122,0.02628576,0.1401863,-0.09074984,0.9859644,-0.08273844,0.1131065,167.0112,-0.09133595,0.9923323,-0.08327281,-0.1343307,0.04359381,-0.04362892,0.1478128,0.2216944,-0.2721226,-0.6880788,0.6350972,101.1456,0.2870083,-0.3522932,-0.8907951,-0.07743859,1.108693,0.2644451,1.142422,0.4404379,-0.1778633,0.2771389,0.8352084,66.72491,0.8008931,-0.3234269,0.5039498,0.1213061,-0.09026339,0.03868502,0.1560743,0.8008503,0.5015205,-0.3272648,-0.003705275,180.4246,0.8008559,0.501524,-0.3272671,-0.4068835,-0.2767389,-0.2288586,0.5426922,-0.3306981,0.2743992,0.8298508,0.3559377,138.2982,-0.3538734,0.293629,0.8880066,0.1774386,-0.008692741,0.03555492,0.1811744,0.4444754,-0.4823167,-0.230537,0.7187942,88.08997,0.6393278,-0.6937583,-0.3316014,-0.1167888,1.21534,-0.06525029,1.222681,0.06284551,-0.02276183,-0.1506236,-0.986329,341.0301,0.3813714,-0.1381277,-0.9140437,False,False,False,False
1772879675177,0.7918446,0.04550464,1.020253,0.2066031,1.041956,-0.5708637,-0.7676924,-0.00184036,0.291135,146.1481,-0.5967122,-0.8024532,-0.00192369,-0.09853941,0.6728767,-0.06459767,0.6831148,0.5481815,0.2369526,-0.7351871,0.3207034,142.5891,0.5787513,0.2501665,-0.7761854,-0.05774988,1.100804,0.2429815,1.12878,-0.05271574,1.112974,0.2774708,1.148251,-0.04790202,1.090842,0.2831,1.127997,-0.001187785,0.7216246,0.01834493,0.7218587,-0.009202633,0.6803924,0.07129943,0.6841799,-0.03149264,0.6734748,0.1040735,0.6821961,0.1053069,-0.07455232,0.04272949,0.1359169,0.1305501,-0.07726345,0.01592687,0.1525341,0.1128434,-0.08260107,0.001691282,0.139855,-0.1086008,0.03821605,-0.07401732,0.1368692,-0.1490512,0.06064437,-0.02472998,0.1628053,-0.1746759,0.04916545,0.004087575,0.1815092,0.1050353,-0.07422385,0.04388206,0.1358942,0.1358636,-0.07428962,0.01664179,0.1557396,0.115521,-0.08050612,0.001564879,0.1408147,-0.1088492,0.039133,-0.07319523,0.1368834,-0.1495587,0.06018991,-0.025,0.163143,-0.1750804,0.0485871,0.003505687,0.181731,0.1148725,-0.07593122,0.02628576,0.1401863,-0.09074984,0.9859644,-0.08273844,0.1131065,167.0112,-0.09133595,0.9923323,-0.08327281,-0.1343307,0.04359381,-0.04362892,0.1478128,0.2216944,-0.2721226,-0.6880788,0.6350972,101.1456,0.2870083,-0.3522932,-0.8907951,-0.07760321,1.108578,0.2649538,1.142439,0.4284366,-0.1923358,0.2806398,0.8370726,66.33546,0.7831163,-0.3515603,0.5129665,0.1213061,-0.09026339,0.03868502,0.1560743,0.8008503,0.5015205,-0.3272648,-0.003705275,180.4246,0.8008559,0.501524,-0.3272671,-0.4068835,-0.2767389,-0.2288586,0.5426922,-0.3306981,0.2743992,0.8298508,0.3559377,138.2982,-0.3538734,0.293629,0.8880066,0.1776032,-0.008577585,0.03504619,0.1812311,0.4506426,-0.4747094,-0.2151234,0.724772,87.10025,0.6540636,-0.6889943,-0.3122305,-0.1180024,1.214743,-0.06482591,1.222181,0.06187703,-0.02094132,-0.1521544,-0.9861956,340.9377,0.3736887,-0.1264692,-0.9188933,False,False,False,False
1772879675191,0.806187,0.04550464,1.020253,0.2066031,1.041956,-0.5708637,-0.7676924,-0.00184036,0.291135,146.1481,-0.5967122,-0.8024532,-0.00192369,-0.09853941,0.6728767,-0.06459767,0.6831148,0.5481815,0.2369526,-0.7351871,0.3207034,142.5891,0.5787513,0.2501665,-0.7761854,-0.05774988,1.100804,0.2429815,1.12878,-0.05271574,1.112974,0.2774708,1.148251,-0.04790202,1.090842,0.2831,1.127997,-0.001187785,0.7216246,0.01834493,0.7218587,-0.009202633,0.6803924,0.07129943,0.6841799,-0.03149264,0.6734748,0.1040735,0.6821961,0.1053069,-0.07455232,0.04272949,0.1359169,0.1305501,-0.07726345,0.01592687,0.1525341,0.1128434,-0.08260107,0.001691282,0.139855,-0.1086008,0.03821605,-0.07401732,0.1368692,-0.1490512,0.06064437,-0.02472998,0.1628053,-0.1746759,0.04916545,0.004087575,0.1815092,0.1050353,-0.07422385,0.04388206,0.1358942,0.1358636,-0.07428962,0.01664179,0.1557396,0.115521,-0.08050612,0.001564879,0.1408147,-0.1088492,0.039133,-0.07319523,0.1368834,-0.1495587,0.06018991,-0.025,0.163143,-0.1750804,0.0485871,0.003505687,0.181731,0.1148725,-0.07593122,0.02628576,0.1401863,-0.09074984,0.9859644,-0.08273844,0.1131065,167.0112,-0.09133595,0.9923323,-0.08327281,-0.1343307,0.04359381,-0.04362892,0.1478128,0.2216944,-0.2721226,-0.6880788,0.6350972,101.1456,0.2870083,-0.3522932,-0.8907951,-0.07760321,1.108578,0.2649538,1.142439,0.4284366,-0.1923358,0.2806398,0.8370726,66.33546,0.7831163,-0.3515603,0.5129665,0.1213061,-0.09026339,0.03868502,0.1560743,0.8008503,0.5015205,-0.3272648,-0.003705275,180.4246,0.8008559,0.501524,-0.3272671,-0.4068835,-0.2767389,-0.2288586,0.5426922,-0.3306981,0.2743992,0.8298508,0.3559377,138.2982,-0.3538734,0.293629,0.8880066,0.1776032,-0.008577585,0.03504619,0.1812311,0.4506426,-0.4747094,-0.2151234,0.724772,87.10025,0.6540636,-0.6889943,-0.3122305,-0.1193078,1.214159,-0.06431969,1.221701,0.06080942,-0.0190789,-0.1537052,-0.9860593,340.8435,0.3654541,-0.1146609,-0.9237416,False,False,False,False
1772879675204,0.8197933,0.04550464,1.020253,0.2066031,1.041956,-0.5708637,-0.7676924,-0.00184036,0.291135,146.1481,-0.5967122,-0.8024532,-0.00192369,-0.09853941,0.6728767,-0.06459767,0.6831148,0.5481815,0.2369526,-0.7351871,0.3207034,142.5891,0.5787513,0.2501665,-0.7761854,-0.05774988,1.100804,0.2429815,1.12878,-0.05271574,1.112974,0.2774708,1.148251,-0.04790202,1.090842,0.2831,1.127997,-0.001187785,0.7216246,0.01834493,0.7218587,-0.009202633,0.6803924,0.07129943,0.6841799,-0.03149264,0.6734748,0.1040735,0.6821961,0.1053069,-0.07455232,0.04272949,0.1359169,0.1305501,-0.07726345,0.01592687,0.1525341,0.1128434,-0.08260107,0.001691282,0.139855,-0.1086008,0.03821605,-0.07401732,0.1368692,-0.1490512,0.06064437,-0.02472998,0.1628053,-0.1746759,0.04916545,0.004087575,0.1815092,0.1050353,-0.07422385,0.04388206,0.1358942,0.1358636,-0.07428962,0.01664179,0.1557396,0.115521,-0.08050612,0.001564879,0.1408147,-0.1088492,0.039133,-0.07319523,0.1368834,-0.1495587,0.06018991,-0.025,0.163143,-0.1750804,0.0485871,0.003505687,0.181731,0.1148725,-0.07593122,0.02628576,0.1401863,-0.09074984,0.9859644,-0.08273844,0.1131065,167.0112,-0.09133595,0.9923323,-0.08327281,-0.1343307,0.04359381,-0.04362892,0.1478128,0.2216944,-0.2721226,-0.6880788,0.6350972,101.1456,0.2870083,-0.3522932,-0.8907951,-0.07760321,1.108578,0.2649538,1.142439,0.4284366,-0.1923358,0.2806398,0.8370726,66.33546,0.7831163,-0.3515603,0.5129665,0.1213061,-0.09026339,0.03868502,0.1560743,0.8008503,0.5015205,-0.3272648,-0.003705275,180.4246,0.8008559,0.501524,-0.3272671,-0.4068835,-0.2767389,-0.2288586,0.5426922,-0.3306981,0.2743992,0.8298508,0.3559377,138.2982,-0.3538734,0.293629,0.8880066,0.1776032,-0.008577585,0.03504619,0.1812311,0.4506426,-0.4747094,-0.2151234,0.724772,87.10025,0.6540636,-0.6889943,-0.3122305,-0.1209458,1.213469,-0.06377929,1.221148,0.05965495,-0.01619956,-0.1565814,-0.9857287,340.6172,0.3543687,-0.09623036,-0.9301414,False,False,False,False
1772879675220,0.8339354,0.04550464,1.020253,0.2066031,1.041956,-0.5708637,-0.7676924,-0.00184036,0.291135,146.1481,-0.5967122,-0.8024532,-0.00192369,-0.09853941,0.6728767,-0.06459767,0.6831148,0.5481815,0.2369526,-0.7351871,0.3207034,142.5891,0.5787513,0.2501665,-0.7761854,-0.05774988,1.100804,0.2429815,1.12878,-0.05271574,1.112974,0.2774708,1.148251,-0.04790202,1.090842,0.2831,1.127997,-0.001187785,0.7216246,0.01834493,0.7218587,-0.009202633,0.6803924,0.07129943,0.6841799,-0.03149264,0.6734748,0.1040735,0.6821961,0.1053069,-0.07455232,0.04272949,0.1359169,0.1305501,-0.07726345,0.01592687,0.1525341,0.1128434,-0.08260107,0.001691282,0.139855,-0.1086008,0.03821605,-0.07401732,0.1368692,-0.1490512,0.06064437,-0.02472998,0.1628053,-0.1746759,0.04916545,0.004087575,0.1815092,0.1050353,-0.07422385,0.04388206,0.1358942,0.1358636,-0.07428962,0.01664179,0.1557396,0.115521,-0.08050612,0.001564879,0.1408147,-0.1088492,0.039133,-0.07319523,0.1368834,-0.1495587,0.06018991,-0.025,0.163143,-0.1750804,0.0485871,0.003505687,0.181731,0.1148725,-0.07593122,0.02628576,0.1401863,-0.09074984,0.9859644,-0.08273844,0.1131065,167.0112,-0.09133595,0.9923323,-0.08327281,-0.1343307,0.04359381,-0.04362892,0.1478128,0.2216944,-0.2721226,-0.6880788,0.6350972,101.1456,0.2870083,-0.3522932,-0.8907951,-0.07760321,1.108578,0.2649538,1.142439,0.4284366,-0.1923358,0.2806398,0.8370726,66.33546,0.7831163,-0.3515603,0.5129665,0.1213061,-0.09026339,0.03868502,0.1560743,0.8008503,0.5015205,-0.3272648,-0.003705275,180.4246,0.8008559,0.501524,-0.3272671,-0.4068835,-0.2767389,-0.2288586,0.5426922,-0.3306981,0.2743992,0.8298508,0.3559377,138.2982,-0.3538734,0.293629,0.8880066,0.1776032,-0.008577585,0.03504619,0.1812311,0.4506426,-0.4747094,-0.2151234,0.724772,87.10025,0.6540636,-0.6889943,-0.3122305,-0.1227745,1.212699,-0.06323692,1.220537,0.05876861,-0.01255252,-0.1597184,-0.9853318,340.3488,0.3443818,-0.0735573,-0.9359438,False,False,False,False
1772879675233,0.8481637,0.04550464,1.020253,0.2066031,1.041956,-0.5708637,-0.7676924,-0.00184036,0.291135,146.1481,-0.5967122,-0.8024532,-0.00192369,-0.09853941,0.6728767,-0.06459767,0.6831148,0.5481815,0.2369526,-0.7351871,0.3207034,142.5891,0.5787513,0.2501665,-0.7761854,-0.05774988,1.100804,0.2429815,1.12878,-0.05271574,1.112974,0.2774708,1.148251,-0.04790202,1.090842,0.2831,1.127997,-0.001187785,0.7216246,0.01834493,0.7218587,-0.009202633,0.6803924,0.07129943,0.6841799,-0.03149264,0.6734748,0.1040735,0.6821961,0.1053069,-0.07455232,0.04272949,0.1359169,0.1305501,-0.07726345,0.01592687,0.1525341,0.1128434,-0.08260107,0.001691282,0.139855,-0.1086008,0.03821605,-0.07401732,0.1368692,-0.1490512,0.06064437,-0.02472998,0.1628053,-0.1746759,0.04916545,0.004087575,0.1815092,0.1050353,-0.07422385,0.04388206,0.1358942,0.1358636,-0.07428962,0.01664179,0.1557396,0.115521,-0.08050612,0.001564879,0.1408147,-0.1088492,0.039133,-0.07319523,0.1368834,-0.1495587,0.06018991,-0.025,0.163143,-0.1750804,0.0485871,0.003505687,0.181731,0.1148725,-0.07593122,0.02628576,0.1401863,-0.09074984,0.9859644,-0.08273844,0.1131065,167.0112,-0.09133595,0.9923323,-0.08327281,-0.1343307,0.04359381,-0.04362892,0.1478128,0.2216944,-0.2721226,-0.6880788,0.6350972,101.1456,0.2870083,-0.3522932,-0.8907951,-0.07760321,1.108578,0.2649538,1.142439,0.4284366,-0.1923358,0.2806398,0.8370726,66.33546,0.7831163,-0.3515603,0.5129665,0.1213061,-0.09026339,0.03868502,0.1560743,0.8008503,0.5015205,-0.3272648,-0.003705275,180.4246,0.8008559,0.501524,-0.3272671,-0.4068835,-0.2767389,-0.2288586,0.5426922,-0.3306981,0.2743992,0.8298508,0.3559377,138.2982,-0.3538734,0.293629,0.8880066,0.1776032,-0.008577585,0.03504619,0.1812311,0.4506426,-0.4747094,-0.2151234,0.724772,87.10025,0.6540636,-0.6889943,-0.3122305,-0.1247942,1.211938,-0.06258275,1.219952,0.05790853,-0.008454222,-0.162439,-0.9849816,340.1151,0.3353917,-0.04896474,-0.9408061,False,False,False,False
1772879675247,0.8612007,0.04550464,1.020253,0.2066031,1.041956,-0.5708637,-0.7676924,-0.00184036,0.291135,146.1481,-0.5967122,-0.8024532,-0.00192369,-0.09853941,0.6728767,-0.06459767,0.6831148,0.5481815,0.2369526,-0.7351871,0.3207034,142.5891,0.5787513,0.2501665,-0.7761854,-0.05774988,1.100804,0.2429815,1.12878,-0.05271574,1.112974,0.2774708,1.148251,-0.04790202,1.090842,0.2831,1.127997,-0.001187785,0.7216246,0.01834493,0.7218587,-0.009202633,0.6803924,0.07129943,0.6841799,-0.03149264,0.6734748,0.1040735,0.6821961,0.1053069,-0.07455232,0.04272949,0.1359169,0.1305501,-0.07726345,0.01592687,0.1525341,0.1128434,-0.08260107,0.001691282,0.139855,-0.1086008,0.03821605,-0.07401732,0.1368692,-0.1490512,0.06064437,-0.02472998,0.1628053,-0.1746759,0.04916545,0.004087575,0.1815092,0.1050353,-0.07422385,0.04388206,0.1358942,0.1358636,-0.07428962,0.01664179,0.1557396,0.115521,-0.08050612,0.001564879,0.1408147,-0.1088492,0.039133,-0.07319523,0.1368834,-0.1495587,0.06018991,-0.025,0.163143,-0.1750804,0.0485871,0.003505687,0.181731,0.1148725,-0.07593122,0.02628576,0.1401863,-0.09074984,0.9859644,-0.08273844,0.1131065,167.0112,-0.09133595,0.9923323,-0.08327281,-0.1343307,0.04359381,-0.04362892,0.1478128,0.2216944,-0.2721226,-0.6880788,0.6350972,101.1456,0.2870083,-0.3522932,-0.8907951,-0.07760321,1.108578,0.2649538,1.142439,0.4284366,-0.1923358,0.2806398,0.8370726,66.33546,0.7831163,-0.3515603,0.5129665,0.1213061,-0.09026339,0.03868502,0.1560743,0.8008503,0.5015205,-0.3272648,-0.003705275,180.4246,0.8008559,0.501524,-0.3272671,-0.4068835,-0.2767389,-0.2288586,0.5426922,-0.3306981,0.2743992,0.8298508,0.3559377,138.2982,-0.3538734,0.293629,0.8880066,0.1776032,-0.008577585,0.03504619,0.1812311,0.4506426,-0.4747094,-0.2151234,0.724772,87.10025,0.6540636,-0.6889943,-0.3122305,-0.1270664,1.211211,-0.06194065,1.219432,0.05717136,-0.004064971,-0.1649059,-0.9846426,339.8913,0.3274749,-0.02328397,-0.9445737,False,False,False,False
1772879675260,0.8750901,0.04550464,1.020253,0.2066031,1.041956,-0.5708637,-0.7676924,-0.00184036,0.291135,146.1481,-0.5967122,-0.8024532,-0.00192369,-0.09853941,0.6728767,-0.06459767,0.6831148,0.5481815,0.2369526,-0.7351871,0.3207034,142.5891,0.5787513,0.2501665,-0.7761854,-0.05774988,1.100804,0.2429815,1.12878,-0.05271574,1.112974,0.2774708,1.148251,-0.04790202,1.090842,0.2831,1.127997,-0.001187785,0.7216246,0.01834493,0.7218587,-0.009202633,0.6803924,0.07129943,0.6841799,-0.03149264,0.6734748,0.1040735,0.6821961,0.1053069,-0.07455232,0.04272949,0.1359169,0.1305501,-0.07726345,0.01592687,0.1525341,0.1128434,-0.08260107,0.001691282,0.139855,-0.1086008,0.03821605,-0.07401732,0.1368692,-0.1490512,0.06064437,-0.02472998,0.1628053,-0.1746759,0.04916545,0.004087575,0.1815092,0.1050353,-0.07422385,0.04388206,0.1358942,0.1358636,-0.07428962,0.01664179,0.1557396,0.115521,-0.08050612,0.001564879,0.1408147,-0.1088492,0.039133,-0.07319523,0.1368834,-0.1495587,0.06018991,-0.025,0.163143,-0.1750804,0.0485871,0.003505687,0.181731,0.1148725,-0.07593122,0.02628576,0.1401863,-0.09074984,0.9859644,-0.08273844,0.1131065,167.0112,-0.09133595,0.9923323,-0.08327281,-0.1343307,0.04359381,-0.04362892,0.1478128,0.2216944,-0.2721226,-0.6880788,0.6350972,101.1456,0.2870083,-0.3522932,-0.8907951,-0.07760321,1.108578,0.2649538,1.142439,0.4284366,-0.1923358,0.2806398,0.8370726,66.33546,0.7831163,-0.3515603,0.5129665,0.1213061,-0.09026339,0.03868502,0.1560743,0.8008503,0.5015205,-0.3272648,-0.003705275,180.4246,0.8008559,0.501524,-0.3272671,-0.4068835,-0.2767389,-0.2288586,0.5426922,-0.3306981,0.2743992,0.8298508,0.3559377,138.2982,-0.3538734,0.293629,0.8880066,0.1776032,-0.008577585,0.03504619,0.1812311,0.4506426,-0.4747094,-0.2151234,0.724772,87.10025,0.6540636,-0.6889943,-0.3122305,-0.1294932,1.210358,-0.06122563,1.218804,0.05573098,0.002065272,-0.1669783,-0.9843822,339.7211,0.3165726,0.01173151,-0.9484987,False,False,False,False
1772879675275,0.8896418,0.04550464,1.020253,0.2066031,1.041956,-0.5708637,-0.7676924,-0.00184036,0.291135,146.1481,-0.5967122,-0.8024532,-0.00192369,-0.09853941,0.6728767,-0.06459767,0.6831148,0.5481815,0.2369526,-0.7351871,0.3207034,142.5891,0.5787513,0.2501665,-0.7761854,-0.05774988,1.100804,0.2429815,1.12878,-0.05271574,1.112974,0.2774708,1.148251,-0.04790202,1.090842,0.2831,1.127997,-0.001187785,0.7216246,0.01834493,0.7218587,-0.009202633,0.6803924,0.07129943,0.6841799,-0.03149264,0.6734748,0.1040735,0.6821961,0.1053069,-0.07455232,0.04272949,0.1359169,0.1305501,-0.07726345,0.01592687,0.1525341,0.1128434,-0.08260107,0.001691282,0.139855,-0.1086008,0.03821605,-0.07401732,0.1368692,-0.1490512,0.06064437,-0.02472998,0.1628053,-0.1746759,0.04916545,0.004087575,0.1815092,0.1050353,-0.07422385,0.04388206,0.1358942,0.1358636,-0.07428962,0.01664179,0.1557396,0.115521,-0.08050612,0.001564879,0.1408147,-0.1088492,0.039133,-0.07319523,0.1368834,-0.1495587,0.06018991,-0.025,0.163143,-0.1750804,0.0485871,0.003505687,0.181731,0.1148725,-0.07593122,0.02628576,0.1401863,-0.09074984,0.9859644,-0.08273844,0.1131065,167.0112,-0.09133595,0.9923323,-0.08327281,-0.1343307,0.04359381,-0.04362892,0.1478128,0.2216944,-0.2721226,-0.6880788,0.6350972,101.1456,0.2870083,-0.3522932,-0.8907951,-0.07760321,1.108578,0.2649538,1.142439,0.4284366,-0.1923358,0.2806398,0.8370726,66.33546,0.7831163,-0.3515603,0.5129665,0.1213061,-0.09026339,0.03868502,0.1560743,0.8008503,0.5015205,-0.3272648,-0.003705275,180.4246,0.8008559,0.501524,-0.3272671,-0.4068835,-0.2767389,-0.2288586,0.5426922,-0.3306981,0.2743992,0.8298508,0.3559377,138.2982,-0.3538734,0.293629,0.8880066,0.1776032,-0.008577585,0.03504619,0.1812311,0.4506426,-0.4747094,-0.2151234,0.724772,87.10025,0.6540636,-0.6889943,-0.3122305,-0.1320208,1.209236,-0.06061359,1.217931,0.05347021,0.00811649,-0.1687913,-0.9841669,339.5815,0.3016756,0.04579273,-0.9523101,False,False,False,False
1772879675289,0.9032463,0.04550464,1.020253,0.2066031,1.041956,-0.5708637,-0.7676924,-0.00184036,0.291135,146.1481,-0.5967122,-0.8024532,-0.00192369,-0.09853941,0.6728767,-0.06459767,0.6831148,0.5481815,0.2369526,-0.7351871,0.3207034,142.5891,0.5787513,0.2501665,-0.7761854,-0.05774988,1.100804,0.2429815,1.12878,-0.05271574,1.112974,0.2774708,1.148251,-0.04790202,1.090842,0.2831,1.127997,-0.001187785,0.7216246,0.01834493,0.7218587,-0.009202633,0.6803924,0.07129943,0.6841799,-0.03149264,0.6734748,0.1040735,0.6821961,0.1053069,-0.07455232,0.04272949,0.1359169,0.1305501,-0.07726345,0.01592687,0.1525341,0.1128434,-0.08260107,0.001691282,0.139855,-0.1086008,0.03821605,-0.07401732,0.1368692,-0.1490512,0.06064437,-0.02472998,0.1628053,-0.1746759,0.04916545,0.004087575,0.1815092,0.1050353,-0.07422385,0.04388206,0.1358942,0.1358636,-0.07428962,0.01664179,0.1557396,0.115521,-0.08050612,0.001564879,0.1408147,-0.1088492,0.039133,-0.07319523,0.1368834,-0.1495587,0.06018991,-0.025,0.163143,-0.1750804,0.0485871,0.003505687,0.181731,0.1148725,-0.07593122,0.02628576,0.1401863,-0.09074984,0.9859644,-0.08273844,0.1131065,167.0112,-0.09133595,0.9923323,-0.08327281,-0.1343307,0.04359381,-0.04362892,0.1478128,0.2216944,-0.2721226,-0.6880788,0.6350972,101.1456,0.2870083,-0.3522932,-0.8907951,-0.07760321,1.108578,0.2649538,1.142439,0.4284366,-0.1923358,0.2806398,0.8370726,66.33546,0.7831163,-0.3515603,0.5129665,0.1213061,-0.09026339,0.03868502,0.1560743,0.8008503,0.5015205,-0.3272648,-0.003705275,180.4246,0.8008559,0.501524,-0.3272671,-0.4068835,-0.2767389,-0.2288586,0.5426922,-0.3306981,0.2743992,0.8298508,0.3559377,138.2982,-0.3538734,0.293629,0.8880066,0.1776032,-0.008577585,0.03504619,0.1812311,0.4506426,-0.4747094,-0.2151234,0.724772,87.10025,0.6540636,-0.6889943,-0.3122305,-0.1343054,1.208035,-0.05991653,1.216953,0.0506846,0.01427791,-0.1701014,-0.9840187,339.4858,0.2846406,0.08018361,-0.9552755,False,False,False,False
1772879675303,0.9181836,0.04550464,1.020253,0.2066031,1.041956,-0.5708637,-0.7676924,-0.00184036,0.291135,146.1481,-0.5967122,-0.8024532,-0.00192369,-0.09853941,0.6728767,-0.06459767,0.6831148,0.5481815,0.2369526,-0.7351871,0.3207034,142.5891,0.5787513,0.2501665,-0.7761854,-0.05774988,1.100804,0.2429815,1.12878,-0.05271574,1.112974,0.2774708,1.148251,-0.04790202,1.090842,0.2831,1.127997,-0.001187785,0.7216246,0.01834493,0.7218587,-0.009202633,0.6803924,0.07129943,0.6841799,-0.03149264,0.6734748,0.1040735,0.6821961,0.1053069,-0.07455232,0.04272949,0.1359169,0.1305501,-0.07726345,0.01592687,0.1525341,0.1128434,-0.08260107,0.001691282,0.139855,-0.1086008,0.03821605,-0.07401732,0.1368692,-0.1490512,0.06064437,-0.02472998,0.1628053,-0.1746759,0.04916545,0.004087575,0.1815092,0.1050353,-0.07422385,0.04388206,0.1358942,0.1358636,-0.07428962,0.01664179,0.1557396,0.115521,-0.08050612,0.001564879,0.1408147,-0.1088492,0.039133,-0.07319523,0.1368834,-0.1495587,0.06018991,-0.025,0.163143,-0.1750804,0.0485871,0.003505687,0.181731,0.1148725,-0.07593122,0.02628576,0.1401863,-0.09074984,0.9859644,-0.08273844,0.1131065,167.0112,-0.09133595,0.9923323,-0.08327281,-0.1343307,0.04359381,-0.04362892,0.1478128,0.2216944,-0.2721226,-0.6880788,0.6350972,101.1456,0.2870083,-0.3522932,-0.8907951,-0.07760321,1.108578,0.2649538,1.142439,0.4284366,-0.1923358,0.2806398,0.8370726,66.33546,0.7831163,-0.3515603,0.5129665,0.1213061,-0.09026339,0.03868502,0.1560743,0.8008503,0.5015205,-0.3272648,-0.003705275,180.4246,0.8008559,0.501524,-0.3272671,-0.4068835,-0.2767389,-0.2288586,0.5426922,-0.3306981,0.2743992,0.8298508,0.3559377,138.2982,-0.3538734,0.293629,0.8880066,0.1776032,-0.008577585,0.03504619,0.1812311,0.4506426,-0.4747094,-0.2151234,0.724772,87.10025,0.6540636,-0.6889943,-0.3122305,-0.1364141,1.206861,-0.05932814,1.215995,0.0476627,0.01960035,-0.1713179,-0.983867,339.3884,0.2664187,0.1095595,-0.9576105,False,False,False,False
1772879675316,0.9313624,0.04550464,1.020253,0.2066031,1.041956,-0.5708637,-0.7676924,-0.00184036,0.291135,146.1481,-0.5967122,-0.8024532,-0.00192369,-0.09853941,0.6728767,-0.06459767,0.6831148,0.5481815,0.2369526,-0.7351871,0.3207034,142.5891,0.5787513,0.2501665,-0.7761854,-0.05774988,1.100804,0.2429815,1.12878,-0.05271574,1.112974,0.2774708,1.148251,-0.04790202,1.090842,0.2831,1.127997,-0.001187785,0.7216246,0.01834493,0.7218587,-0.009202633,0.6803924,0.07129943,0.6841799,-0.03149264,0.6734748,0.1040735,0.6821961,0.1053069,-0.07455232,0.04272949,0.1359169,0.1305501,-0.07726345,0.01592687,0.1525341,0.1128434,-0.08260107,0.001691282,0.139855,-0.1086008,0.03821605,-0.07401732,0.1368692,-0.1490512,0.06064437,-0.02472998,0.1628053,-0.1746759,0.04916545,0.004087575,0.1815092,0.1050353,-0.07422385,0.04388206,0.1358942,0.1358636,-0.07428962,0.01664179,0.1557396,0.115521,-0.08050612,0.001564879,0.1408147,-0.1088492,0.039133,-0.07319523,0.1368834,-0.1495587,0.06018991,-0.025,0.163143,-0.1750804,0.0485871,0.003505687,0.181731,0.1148725,-0.07593122,0.02628576,0.1401863,-0.09074984,0.9859644,-0.08273844,0.1131065,167.0112,-0.09133595,0.9923323,-0.08327281,-0.1343307,0.04359381,-0.04362892,0.1478128,0.2216944,-0.2721226,-0.6880788,0.6350972,101.1456,0.2870083,-0.3522932,-0.8907951,-0.07760321,1.108578,0.2649538,1.142439,0.4284366,-0.1923358,0.2806398,0.8370726,66.33546,0.7831163,-0.3515603,0.5129665,0.1213061,-0.09026339,0.03868502,0.1560743,0.8008503,0.5015205,-0.3272648,-0.003705275,180.4246,0.8008559,0.501524,-0.3272671,-0.4068835,-0.2767389,-0.2288586,0.5426922,-0.3306981,0.2743992,0.8298508,0.3559377,138.2982,-0.3538734,0.293629,0.8880066,0.1776032,-0.008577585,0.03504619,0.1812311,0.4506426,-0.4747094,-0.2151234,0.724772,87.10025,0.6540636,-0.6889943,-0.3122305,-0.1384457,1.205732,-0.05856056,1.215067,0.04445586,0.023449,-0.1730531,-0.9836293,339.2367,0.2466975,0.1301249,-0.9603183,False,False,False,False
1772879675330,0.9451717,0.04550464,1.020253,0.2066031,1.041956,-0.5708637,-0.7676924,-0.00184036,0.291135,146.1481,-0.5967122,-0.8024532,-0.00192369,-0.09853941,0.6728767,-0.06459767,0.6831148,0.5481815,0.2369526,-0.7351871,0.3207034,142.5891,0.5787513,0.2501665,-0.7761854,-0.05774988,1.100804,0.2429815,1.12878,-0.05271574,1.112974,0.2774708,1.148251,-0.04790202,1.090842,0.2831,1.127997,-0.001187785,0.7216246,0.01834493,0.7218587,-0.009202633,0.6803924,0.07129943,0.6841799,-0.03149264,0.6734748,0.1040735,0.6821961,0.1053069,-0.07455232,0.04272949,0.1359169,0.1305501,-0.07726345,0.01592687,0.1525341,0.1128434,-0.08260107,0.001691282,0.139855,-0.1086008,0.03821605,-0.07401732,0.1368692,-0.1490512,0.06064437,-0.02472998,0.1628053,-0.1746759,0.04916545,0.004087575,0.1815092,0.1050353,-0.07422385,0.04388206,0.1358942,0.1358636,-0.07428962,0.01664179,0.1557396,0.115521,-0.08050612,0.001564879,0.1408147,-0.1088492,0.039133,-0.07319523,0.1368834,-0.1495587,0.06018991,-0.025,0.163143,-0.1750804,0.0485871,0.003505687,0.181731,0.1148725,-0.07593122,0.02628576,0.1401863,-0.09074984,0.9859644,-0.08273844,0.1131065,167.0112,-0.09133595,0.9923323,-0.08327281,-0.1343307,0.04359381,-0.04362892,0.1478128,0.2216944,-0.2721226,-0.6880788,0.6350972,101.1456,0.2870083,-0.3522932,-0.8907951,-0.07760321,1.108578,0.2649538,1.142439,0.4284366,-0.1923358,0.2806398,0.8370726,66.33546,0.7831163,-0.3515603,0.5129665,0.1213061,-0.09026339,0.03868502,0.1560743,0.8008503,0.5015205,-0.3272648,-0.003705275,180.4246,0.8008559,0.501524,-0.3272671,-0.4068835,-0.2767389,-0.2288586,0.5426922,-0.3306981,0.2743992,0.8298508,0.3559377,138.2982,-0.3538734,0.293629,0.8880066,0.1776032,-0.008577585,0.03504619,0.1812311,0.4506426,-0.4747094,-0.2151234,0.724772,87.10025,0.6540636,-0.6889943,-0.3122305,-0.1404724,1.204715,-0.05784546,1.214256,0.04176595,0.02745097,-0.1752576,-0.9832532,338.9989,0.2291749,0.1506268,-0.96166,False,False,False,False
1772879675343,0.9587085,0.04550464,1.020253,0.2066031,1.041956,-0.5708637,-0.7676924,-0.00184036,0.291135,146.1481,-0.5967122,-0.8024532,-0.00192369,-0.09853941,0.6728767,-0.06459767,0.6831148,0.5481815,0.2369526,-0.7351871,0.3207034,142.5891,0.5787513,0.2501665,-0.7761854,-0.05774988,1.100804,0.2429815,1.12878,-0.05271574,1.112974,0.2774708,1.148251,-0.04790202,1.090842,0.2831,1.127997,-0.001187785,0.7216246,0.01834493,0.7218587,-0.009202633,0.6803924,0.07129943,0.6841799,-0.03149264,0.6734748,0.1040735,0.6821961,0.1053069,-0.07455232,0.04272949,0.1359169,0.1305501,-0.07726345,0.01592687,0.1525341,0.1128434,-0.08260107,0.001691282,0.139855,-0.1086008,0.03821605,-0.07401732,0.1368692,-0.1490512,0.06064437,-0.02472998,0.1628053,-0.1746759,0.04916545,0.004087575,0.1815092,0.1050353,-0.07422385,0.04388206,0.1358942,0.1358636,-0.07428962,0.01664179,0.1557396,0.115521,-0.08050612,0.001564879,0.1408147,-0.1088492,0.039133,-0.07319523,0.1368834,-0.1495587,0.06018991,-0.025,0.163143,-0.1750804,0.0485871,0.003505687,0.181731,0.1148725,-0.07593122,0.02628576,0.1401863,-0.09074984,0.9859644,-0.08273844,0.1131065,167.0112,-0.09133595,0.9923323,-0.08327281,-0.1343307,0.04359381,-0.04362892,0.1478128,0.2216944,-0.2721226,-0.6880788,0.6350972,101.1456,0.2870083,-0.3522932,-0.8907951,-0.07760321,1.108578,0.2649538,1.142439,0.4284366,-0.1923358,0.2806398,0.8370726,66.33546,0.7831163,-0.3515603,0.5129665,0.1213061,-0.09026339,0.03868502,0.1560743,0.8008503,0.5015205,-0.3272648,-0.003705275,180.4246,0.8008559,0.501524,-0.3272671,-0.4068835,-0.2767389,-0.2288586,0.5426922,-0.3306981,0.2743992,0.8298508,0.3559377,138.2982,-0.3538734,0.293629,0.8880066,0.1776032,-0.008577585,0.03504619,0.1812311,0.4506426,-0.4747094,-0.2151234,0.724772,87.10025,0.6540636,-0.6889943,-0.3122305,-0.1426932,1.203825,-0.05706699,1.213595,0.03874534,0.03077595,-0.1770598,-0.9829555,338.8126,0.2107517,0.1674029,-0.9631002,False,False,False,False
1772879675358,0.9725689,0.04550464,1.020253,0.2066031,1.041956,-0.5708637,-0.7676924,-0.00184036,0.291135,146.1481,-0.5967122,-0.8024532,-0.00192369,-0.09853941,0.6728767,-0.06459767,0.6831148,0.5481815,0.2369526,-0.7351871,0.3207034,142.5891,0.5787513,0.2501665,-0.7761854,-0.05774988,1.100804,0.2429815,1.12878,-0.05271574,1.112974,0.2774708,1.148251,-0.04790202,1.090842,0.2831,1.127997,-0.001187785,0.7216246,0.01834493,0.7218587,-0.009202633,0.6803924,0.07129943,0.6841799,-0.03149264,0.6734748,0.1040735,0.6821961,0.1053069,-0.07455232,0.04272949,0.1359169,0.1305501,-0.07726345,0.01592687,0.1525341,0.1128434,-0.08260107,0.001691282,0.139855,-0.1086008,0.03821605,-0.07401732,0.1368692,-0.1490512,0.06064437,-0.02472998,0.1628053,-0.1746759,0.04916545,0.004087575,0.1815092,0.1050353,-0.07422385,0.04388206,0.1358942,0.1358636,-0.07428962,0.01664179,0.1557396,0.115521,-0.08050612,0.001564879,0.1408147,-0.1088492,0.039133,-0.07319523,0.1368834,-0.1495587,0.06018991,-0.025,0.163143,-0.1750804,0.0485871,0.003505687,0.181731,0.1148725,-0.07593122,0.02628576,0.1401863,-0.09074984,0.9859644,-0.08273844,0.1131065,167.0112,-0.09133595,0.9923323,-0.08327281,-0.1343307,0.04359381,-0.04362892,0.1478128,0.2216944,-0.2721226,-0.6880788,0.6350972,101.1456,0.2870083,-0.3522932,-0.8907951,-0.07760321,1.108578,0.2649538,1.142439,0.4284366,-0.1923358,0.2806398,0.8370726,66.33546,0.7831163,-0.3515603,0.5129665,0.1213061,-0.09026339,0.03868502,0.1560743,0.8008503,0.5015205,-0.3272648,-0.003705275,180.4246,0.8008559,0.501524,-0.3272671,-0.4068835,-0.2767389,-0.2288586,0.5426922,-0.3306981,0.2743992,0.8298508,0.3559377,138.2982,-0.3538734,0.293629,0.8880066,0.1776032,-0.008577585,0.03504619,0.1812311,0.4506426,-0.4747094,-0.2151234,0.724772,87.10025,0.6540636,-0.6889943,-0.3122305,-0.1446669,1.202718,-0.05632107,1.212696,0.03619534,0.03399078,-0.1794154,-0.9825195,338.5425,0.1944318,0.1825895,-0.9637723,False,False,False,False
1772879675372,0.9871841,0.04550464,1.020253,0.2066031,1.041956,-0.5708637,-0.7676924,-0.00184036,0.291135,146.1481,-0.5967122,-0.8024532,-0.00192369,-0.09853941,0.6728767,-0.06459767,0.6831148,0.5481815,0.2369526,-0.7351871,0.3207034,142.5891,0.5787513,0.2501665,-0.7761854,-0.05774988,1.100804,0.2429815,1.12878,-0.05271574,1.112974,0.2774708,1.148251,-0.04790202,1.090842,0.2831,1.127997,-0.001187785,0.7216246,0.01834493,0.7218587,-0.009202633,0.6803924,0.07129943,0.6841799,-0.03149264,0.6734748,0.1040735,0.6821961,0.1053069,-0.07455232,0.04272949,0.1359169,0.1305501,-0.07726345,0.01592687,0.1525341,0.1128434,-0.08260107,0.001691282,0.139855,-0.1086008,0.03821605,-0.07401732,0.1368692,-0.1490512,0.06064437,-0.02472998,0.1628053,-0.1746759,0.04916545,0.004087575,0.1815092,0.1050353,-0.07422385,0.04388206,0.1358942,0.1358636,-0.07428962,0.01664179,0.1557396,0.115521,-0.08050612,0.001564879,0.1408147,-0.1088492,0.039133,-0.07319523,0.1368834,-0.1495587,0.06018991,-0.025,0.163143,-0.1750804,0.0485871,0.003505687,0.181731,0.1148725,-0.07593122,0.02628576,0.1401863,-0.09074984,0.9859644,-0.08273844,0.1131065,167.0112,-0.09133595,0.9923323,-0.08327281,-0.1343307,0.04359381,-0.04362892,0.1478128,0.2216944,-0.2721226,-0.6880788,0.6350972,101.1456,0.2870083,-0.3522932,-0.8907951,-0.07760321,1.108578,0.2649538,1.142439,0.4284366,-0.1923358,0.2806398,0.8370726,66.33546,0.7831163,-0.3515603,0.5129665,0.1213061,-0.09026339,0.03868502,0.1560743,0.8008503,0.5015205,-0.3272648,-0.003705275,180.4246,0.8008559,0.501524,-0.3272671,-0.4068835,-0.2767389,-0.2288586,0.5426922,-0.3306981,0.2743992,0.8298508,0.3559377,138.2982,-0.3538734,0.293629,0.8880066,0.1776032,-0.008577585,0.03504619,0.1812311,0.4506426,-0.4747094,-0.2151234,0.724772,87.10025,0.6540636,-0.6889943,-0.3122305,-0.1463808,1.201671,-0.05553945,1.211827,0.03293328,0.03651403,-0.1813999,-0.9821793,338.3341,0.1752273,0.1942793,-0.96517,False,False,False,False
1772879675385,1.000506,0.04550464,1.020253,0.2066031,1.041956,-0.5708637,-0.7676924,-0.00184036,0.291135,146.1481,-0.5967122,-0.8024532,-0.00192369,-0.09853941,0.6728767,-0.06459767,0.6831148,0.5481815,0.2369526,-0.7351871,0.3207034,142.5891,0.5787513,0.2501665,-0.7761854,-0.05774988,1.100804,0.2429815,1.12878,-0.05271574,1.112974,0.2774708,1.148251,-0.04790202,1.090842,0.2831,1.127997,-0.001187785,0.7216246,0.01834493,0.7218587,-0.009202633,0.6803924,0.07129943,0.6841799,-0.03149264,0.6734748,0.1040735,0.6821961,0.1053069,-0.07455232,0.04272949,0.1359169,0.1305501,-0.07726345,0.01592687,0.1525341,0.1128434,-0.08260107,0.001691282,0.139855,-0.1086008,0.03821605,-0.07401732,0.1368692,-0.1490512,0.06064437,-0.02472998,0.1628053,-0.1746759,0.04916545,0.004087575,0.1815092,0.1050353,-0.07422385,0.04388206,0.1358942,0.1358636,-0.07428962,0.01664179,0.1557396,0.115521,-0.08050612,0.001564879,0.1408147,-0.1088492,0.039133,-0.07319523,0.1368834,-0.1495587,0.06018991,-0.025,0.163143,-0.1750804,0.0485871,0.003505687,0.181731,0.1148725,-0.07593122,0.02628576,0.1401863,-0.09074984,0.9859644,-0.08273844,0.1131065,167.0112,-0.09133595,0.9923323,-0.08327281,-0.1343307,0.04359381,-0.04362892,0.1478128,0.2216944,-0.2721226,-0.6880788,0.6350972,101.1456,0.2870083,-0.3522932,-0.8907951,-0.07760321,1.108578,0.2649538,1.142439,0.4284366,-0.1923358,0.2806398,0.8370726,66.33546,0.7831163,-0.3515603,0.5129665,0.1213061,-0.09026339,0.03868502,0.1560743,0.8008503,0.5015205,-0.3272648,-0.003705275,180.4246,0.8008559,0.501524,-0.3272671,-0.4068835,-0.2767389,-0.2288586,0.5426922,-0.3306981,0.2743992,0.8298508,0.3559377,138.2982,-0.3538734,0.293629,0.8880066,0.1776032,-0.008577585,0.03504619,0.1812311,0.4506426,-0.4747094,-0.2151234,0.724772,87.10025,0.6540636,-0.6889943,-0.3122305,-0.1479651,1.200451,-0.05478891,1.210776,0.0302763,0.03722245,-0.1835006,-0.9818479,338.133,0.1596264,0.1962487,-0.9674741,False,False,False,False
1772879675400,1.014115,0.04550464,1.020253,0.2066031,1.041956,-0.5708637,-0.7676924,-0.00184036,0.291135,146.1481,-0.5967122,-0.8024532,-0.00192369,-0.09853941,0.6728767,-0.06459767,0.6831148,0.5481815,0.2369526,-0.7351871,0.3207034,142.5891,0.5787513,0.2501665,-0.7761854,-0.05774988,1.100804,0.2429815,1.12878,-0.05271574,1.112974,0.2774708,1.148251,-0.04790202,1.090842,0.2831,1.127997,-0.001187785,0.7216246,0.01834493,0.7218587,-0.009202633,0.6803924,0.07129943,0.6841799,-0.03149264,0.6734748,0.1040735,0.6821961,0.1053069,-0.07455232,0.04272949,0.1359169,0.1305501,-0.07726345,0.01592687,0.1525341,0.1128434,-0.08260107,0.001691282,0.139855,-0.1086008,0.03821605,-0.07401732,0.1368692,-0.1490512,0.06064437,-0.02472998,0.1628053,-0.1746759,0.04916545,0.004087575,0.1815092,0.1050353,-0.07422385,0.04388206,0.1358942,0.1358636,-0.07428962,0.01664179,0.1557396,0.115521,-0.08050612,0.001564879,0.1408147,-0.1088492,0.039133,-0.07319523,0.1368834,-0.1495587,0.06018991,-0.025,0.163143,-0.1750804,0.0485871,0.003505687,0.181731,0.1148725,-0.07593122,0.02628576,0.1401863,-0.09074984,0.9859644,-0.08273844,0.1131065,167.0112,-0.09133595,0.9923323,-0.08327281,-0.1343307,0.04359381,-0.04362892,0.1478128,0.2216944,-0.2721226,-0.6880788,0.6350972,101.1456,0.2870083,-0.3522932,-0.8907951,-0.07760321,1.108578,0.2649538,1.142439,0.4284366,-0.1923358,0.2806398,0.8370726,66.33546,0.7831163,-0.3515603,0.5129665,0.1213061,-0.09026339,0.03868502,0.1560743,0.8008503,0.5015205,-0.3272648,-0.003705275,180.4246,0.8008559,0.501524,-0.3272671,-0.4068835,-0.2767389,-0.2288586,0.5426922,-0.3306981,0.2743992,0.8298508,0.3559377,138.2982,-0.3538734,0.293629,0.8880066,0.1776032,-0.008577585,0.03504619,0.1812311,0.4506426,-0.4747094,-0.2151234,0.724772,87.10025,0.6540636,-0.6889943,-0.3122305,-0.1497474,1.199711,-0.05400737,1.210226,0.02679991,0.0388926,-0.1866275,-0.9812948,337.8012,0.1392121,0.2020276,-0.9694363,False,False,False,False
1772879675414,1.02838,0.04550464,1.020253,0.2066031,1.041956,-0.5708637,-0.7676924,-0.00184036,0.291135,146.1481,-0.5967122,-0.8024532,-0.00192369,-0.09853941,0.6728767,-0.06459767,0.6831148,0.5481815,0.2369526,-0.7351871,0.3207034,142.5891,0.5787513,0.2501665,-0.7761854,-0.05774988,1.100804,0.2429815,1.12878,-0.05271574,1.112974,0.2774708,1.148251,-0.04790202,1.090842,0.2831,1.127997,-0.001187785,0.7216246,0.01834493,0.7218587,-0.009202633,0.6803924,0.07129943,0.6841799,-0.03149264,0.6734748,0.1040735,0.6821961,0.1053069,-0.07455232,0.04272949,0.1359169,0.1305501,-0.07726345,0.01592687,0.1525341,0.1128434,-0.08260107,0.001691282,0.139855,-0.1086008,0.03821605,-0.07401732,0.1368692,-0.1490512,0.06064437,-0.02472998,0.1628053,-0.1746759,0.04916545,0.004087575,0.1815092,0.1050353,-0.07422385,0.04388206,0.1358942,0.1358636,-0.07428962,0.01664179,0.1557396,0.115521,-0.08050612,0.001564879,0.1408147,-0.1088492,0.039133,-0.07319523,0.1368834,-0.1495587,0.06018991,-0.025,0.163143,-0.1750804,0.0485871,0.003505687,0.181731,0.1148725,-0.07593122,0.02628576,0.1401863,-0.09074984,0.9859644,-0.08273844,0.1131065,167.0112,-0.09133595,0.9923323,-0.08327281,-0.1343307,0.04359381,-0.04362892,0.1478128,0.2216944,-0.2721226,-0.6880788,0.6350972,101.1456,0.2870083,-0.3522932,-0.8907951,-0.07760321,1.108578,0.2649538,1.142439,0.4284366,-0.1923358,0.2806398,0.8370726,66.33546,0.7831163,-0.3515603,0.5129665,0.1213061,-0.09026339,0.03868502,0.1560743,0.8008503,0.5015205,-0.3272648,-0.003705275,180.4246,0.8008559,0.501524,-0.3272671,-0.4068835,-0.2767389,-0.2288586,0.5426922,-0.3306981,0.2743992,0.8298508,0.3559377,138.2982,-0.3538734,0.293629,0.8880066,0.1776032,-0.008577585,0.03504619,0.1812311,0.4506426,-0.4747094,-0.2151234,0.724772,87.10025,0.6540636,-0.6889943,-0.3122305,-0.1513738,1.198608,-0.05321555,1.2093,0.02422238,0.03993239,-0.1884416,-0.9809732,337.6107,0.1247655,0.2056852,-0.970632,False,False,False,False
1772879675428,1.042133,0.04550464,1.020253,0.2066031,1.041956,-0.5708637,-0.7676924,-0.00184036,0.291135,146.1481,-0.5967122,-0.8024532,-0.00192369,-0.09853941,0.6728767,-0.06459767,0.6831148,0.5481815,0.2369526,-0.7351871,0.3207034,142.5891,0.5787513,0.2501665,-0.7761854,-0.05774988,1.100804,0.2429815,1.12878,-0.05271574,1.112974,0.2774708,1.148251,-0.04790202,1.090842,0.2831,1.127997,-0.001187785,0.7216246,0.01834493,0.7218587,-0.009202633,0.6803924,0.07129943,0.6841799,-0.03149264,0.6734748,0.1040735,0.6821961,0.1053069,-0.07455232,0.04272949,0.1359169,0.1305501,-0.07726345,0.01592687,0.1525341,0.1128434,-0.08260107,0.001691282,0.139855,-0.1086008,0.03821605,-0.07401732,0.1368692,-0.1490512,0.06064437,-0.02472998,0.1628053,-0.1746759,0.04916545,0.004087575,0.1815092,0.1050353,-0.07422385,0.04388206,0.1358942,0.1358636,-0.07428962,0.01664179,0.1557396,0.115521,-0.08050612,0.001564879,0.1408147,-0.1088492,0.039133,-0.07319523,0.1368834,-0.1495587,0.06018991,-0.025,0.163143,-0.1750804,0.0485871,0.003505687,0.181731,0.1148725,-0.07593122,0.02628576,0.1401863,-0.09074984,0.9859644,-0.08273844,0.1131065,167.0112,-0.09133595,0.9923323,-0.08327281,-0.1343307,0.04359381,-0.04362892,0.1478128,0.2216944,-0.2721226,-0.6880788,0.6350972,101.1456,0.2870083,-0.3522932,-0.8907951,-0.07760321,1.108578,0.2649538,1.142439,0.4284366,-0.1923358,0.2806398,0.8370726,66.33546,0.7831163,-0.3515603,0.5129665,0.1213061,-0.09026339,0.03868502,0.1560743,0.8008503,0.5015205,-0.3272648,-0.003705275,180.4246,0.8008559,0.501524,-0.3272671,-0.4068835,-0.2767389,-0.2288586,0.5426922,-0.3306981,0.2743992,0.8298508,0.3559377,138.2982,-0.3538734,0.293629,0.8880066,0.1776032,-0.008577585,0.03504619,0.1812311,0.4506426,-0.4747094,-0.2151234,0.724772,87.10025,0.6540636,-0.6889943,-0.3122305,-0.153018,1.197389,-0.05268056,1.208276,0.02192396,0.04105096,-0.1910888,-0.9804689,337.3149,0.1114734,0.2087256,-0.9716003,False,False,False,False
1772879675441,1.056362,0.04550464,1.020253,0.2066031,1.041956,-0.5708637,-0.7676924,-0.00184036,0.291135,146.1481,-0.5967122,-0.8024532,-0.00192369,-0.09853941,0.6728767,-0.06459767,0.6831148,0.5481815,0.2369526,-0.7351871,0.3207034,142.5891,0.5787513,0.2501665,-0.7761854,-0.05774988,1.100804,0.2429815,1.12878,-0.05271574,1.112974,0.2774708,1.148251,-0.04790202,1.090842,0.2831,1.127997,-0.001187785,0.7216246,0.01834493,0.7218587,-0.009202633,0.6803924,0.07129943,0.6841799,-0.03149264,0.6734748,0.1040735,0.6821961,0.1053069,-0.07455232,0.04272949,0.1359169,0.1305501,-0.07726345,0.01592687,0.1525341,0.1128434,-0.08260107,0.001691282,0.139855,-0.1086008,0.03821605,-0.07401732,0.1368692,-0.1490512,0.06064437,-0.02472998,0.1628053,-0.1746759,0.04916545,0.004087575,0.1815092,0.1050353,-0.07422385,0.04388206,0.1358942,0.1358636,-0.07428962,0.01664179,0.1557396,0.115521,-0.08050612,0.001564879,0.1408147,-0.1088492,0.039133,-0.07319523,0.1368834,-0.1495587,0.06018991,-0.025,0.163143,-0.1750804,0.0485871,0.003505687,0.181731,0.1148725,-0.07593122,0.02628576,0.1401863,-0.09074984,0.9859644,-0.08273844,0.1131065,167.0112,-0.09133595,0.9923323,-0.08327281,-0.1343307,0.04359381,-0.04362892,0.1478128,0.2216944,-0.2721226,-0.6880788,0.6350972,101.1456,0.2870083,-0.3522932,-0.8907951,-0.07760321,1.108578,0.2649538,1.142439,0.4284366,-0.1923358,0.2806398,0.8370726,66.33546,0.7831163,-0.3515603,0.5129665,0.1213061,-0.09026339,0.03868502,0.1560743,0.8008503,0.5015205,-0.3272648,-0.003705275,180.4246,0.8008559,0.501524,-0.3272671,-0.4068835,-0.2767389,-0.2288586,0.5426922,-0.3306981,0.2743992,0.8298508,0.3559377,138.2982,-0.3538734,0.293629,0.8880066,0.1776032,-0.008577585,0.03504619,0.1812311,0.4506426,-0.4747094,-0.2151234,0.724772,87.10025,0.6540636,-0.6889943,-0.3122305,-0.1543328,1.196334,-0.05211553,1.207373,0.01907705,0.04192729,-0.193161,-0.9800852,337.0924,0.09606856,0.2111382,-0.9727237,False,False,False,False
1772879675455,1.06986,0.04550464,1.020253,0.2066031,1.041956,-0.5708637,-0.7676924,-0.00184036,0.291135,146.1481,-0.5967122,-0.8024532,-0.00192369,-0.09853941,0.6728767,-0.06459767,0.6831148,0.5481815,0.2369526,-0.7351871,0.3207034,142.5891,0.5787513,0.2501665,-0.7761854,-0.05774988,1.100804,0.2429815,1.12878,-0.05271574,1.112974,0.2774708,1.148251,-0.04790202,1.090842,0.2831,1.127997,-0.001187785,0.7216246,0.01834493,0.7218587,-0.009202633,0.6803924,0.07129943,0.6841799,-0.03149264,0.6734748,0.1040735,0.6821961,0.1053069,-0.07455232,0.04272949,0.1359169,0.1305501,-0.07726345,0.01592687,0.1525341,0.1128434,-0.08260107,0.001691282,0.139855,-0.1086008,0.03821605,-0.07401732,0.1368692,-0.1490512,0.06064437,-0.02472998,0.1628053,-0.1746759,0.04916545,0.004087575,0.1815092,0.1050353,-0.07422385,0.04388206,0.1358942,0.1358636,-0.07428962,0.01664179,0.1557396,0.115521,-0.08050612,0.001564879,0.1408147,-0.1088492,0.039133,-0.07319523,0.1368834,-0.1495587,0.06018991,-0.025,0.163143,-0.1750804,0.0485871,0.003505687,0.181731,0.1148725,-0.07593122,0.02628576,0.1401863,-0.09074984,0.9859644,-0.08273844,0.1131065,167.0112,-0.09133595,0.9923323,-0.08327281,-0.1343307,0.04359381,-0.04362892,0.1478128,0.2216944,-0.2721226,-0.6880788,0.6350972,101.1456,0.2870083,-0.3522932,-0.8907951,-0.07760321,1.108578,0.2649538,1.142439,0.4284366,-0.1923358,0.2806398,0.8370726,66.33546,0.7831163,-0.3515603,0.5129665,0.1213061,-0.09026339,0.03868502,0.1560743,0.8008503,0.5015205,-0.3272648,-0.003705275,180.4246,0.8008559,0.501524,-0.3272671,-0.4068835,-0.2767389,-0.2288586,0.5426922,-0.3306981,0.2743992,0.8298508,0.3559377,138.2982,-0.3538734,0.293629,0.8880066,0.1776032,-0.008577585,0.03504619,0.1812311,0.4506426,-0.4747094,-0.2151234,0.724772,87.10025,0.6540636,-0.6889943,-0.3122305,-0.155545,1.195397,-0.05158347,1.206577,0.01618449,0.04161624,-0.1950634,-0.9797736,336.9134,0.08087838,0.2079679,-0.974786,False,False,False,False
1772879675470,1.083904,0.04550464,1.020253,0.2066031,1.041956,-0.5708637,-0.7676924,-0.00184036,0.291135,146.1481,-0.5967122,-0.8024532,-0.00192369,-0.09853941,0.6728767,-0.06459767,0.6831148,0.5481815,0.2369526,-0.7351871,0.3207034,142.5891,0.5787513,0.2501665,-0.7761854,-0.05774988,1.100804,0.2429815,1.12878,-0.05271574,1.112974,0.2774708,1.148251,-0.04790202,1.090842,0.2831,1.127997,-0.001187785,0.7216246,0.01834493,0.7218587,-0.009202633,0.6803924,0.07129943,0.6841799,-0.03149264,0.6734748,0.1040735,0.6821961,0.1053069,-0.07455232,0.04272949,0.1359169,0.1305501,-0.07726345,0.01592687,0.1525341,0.1128434,-0.08260107,0.001691282,0.139855,-0.1086008,0.03821605,-0.07401732,0.1368692,-0.1490512,0.06064437,-0.02472998,0.1628053,-0.1746759,0.04916545,0.004087575,0.1815092,0.1050353,-0.07422385,0.04388206,0.1358942,0.1358636,-0.07428962,0.01664179,0.1557396,0.115521,-0.08050612,0.001564879,0.1408147,-0.1088492,0.039133,-0.07319523,0.1368834,-0.1495587,0.06018991,-0.025,0.163143,-0.1750804,0.0485871,0.003505687,0.181731,0.1148725,-0.07593122,0.02628576,0.1401863,-0.09074984,0.9859644,-0.08273844,0.1131065,167.0112,-0.09133595,0.9923323,-0.08327281,-0.1343307,0.04359381,-0.04362892,0.1478128,0.2216944,-0.2721226,-0.6880788,0.6350972,101.1456,0.2870083,-0.3522932,-0.8907951,-0.07760321,1.108578,0.2649538,1.142439,0.4284366,-0.1923358,0.2806398,0.8370726,66.33546,0.7831163,-0.3515603,0.5129665,0.1213061,-0.09026339,0.03868502,0.1560743,0.8008503,0.5015205,-0.3272648,-0.003705275,180.4246,0.8008559,0.501524,-0.3272671,-0.4068835,-0.2767389,-0.2288586,0.5426922,-0.3306981,0.2743992,0.8298508,0.3559377,138.2982,-0.3538734,0.293629,0.8880066,0.1776032,-0.008577585,0.03504619,0.1812311,0.4506426,-0.4747094,-0.2151234,0.724772,87.10025,0.6540636,-0.6889943,-0.3122305,-0.1567477,1.194612,-0.05112623,1.205936,0.01365261,0.04124101,-0.1967267,-0.9794955,336.7546,0.06776627,0.2047044,-0.9764752,False,False,False,False
1772879675483,1.09829,0.04550464,1.020253,0.2066031,1.041956,-0.5708637,-0.7676924,-0.00184036,0.291135,146.1481,-0.5967122,-0.8024532,-0.00192369,-0.09853941,0.6728767,-0.06459767,0.6831148,0.5481815,0.2369526,-0.7351871,0.3207034,142.5891,0.5787513,0.2501665,-0.7761854,-0.05774988,1.100804,0.2429815,1.12878,-0.05271574,1.112974,0.2774708,1.148251,-0.04790202,1.090842,0.2831,1.127997,-0.001187785,0.7216246,0.01834493,0.7218587,-0.009202633,0.6803924,0.07129943,0.6841799,-0.03149264,0.6734748,0.1040735,0.6821961,0.1053069,-0.07455232,0.04272949,0.1359169,0.1305501,-0.07726345,0.01592687,0.1525341,0.1128434,-0.08260107,0.001691282,0.139855,-0.1086008,0.03821605,-0.07401732,0.1368692,-0.1490512,0.06064437,-0.02472998,0.1628053,-0.1746759,0.04916545,0.004087575,0.1815092,0.1050353,-0.07422385,0.04388206,0.1358942,0.1358636,-0.07428962,0.01664179,0.1557396,0.115521,-0.08050612,0.001564879,0.1408147,-0.1088492,0.039133,-0.07319523,0.1368834,-0.1495587,0.06018991,-0.025,0.163143,-0.1750804,0.0485871,0.003505687,0.181731,0.1148725,-0.07593122,0.02628576,0.1401863,-0.09074984,0.9859644,-0.08273844,0.1131065,167.0112,-0.09133595,0.9923323,-0.08327281,-0.1343307,0.04359381,-0.04362892,0.1478128,0.2216944,-0.2721226,-0.6880788,0.6350972,101.1456,0.2870083,-0.3522932,-0.8907951,-0.07760321,1.108578,0.2649538,1.142439,0.4284366,-0.1923358,0.2806398,0.8370726,66.33546,0.7831163,-0.3515603,0.5129665,0.1213061,-0.09026339,0.03868502,0.1560743,0.8008503,0.5015205,-0.3272648,-0.003705275,180.4246,0.8008559,0.501524,-0.3272671,-0.4068835,-0.2767389,-0.2288586,0.5426922,-0.3306981,0.2743992,0.8298508,0.3559377,138.2982,-0.3538734,0.293629,0.8880066,0.1776032,-0.008577585,0.03504619,0.1812311,0.4506426,-0.4747094,-0.2151234,0.724772,87.10025,0.6540636,-0.6889943,-0.3122305,-0.1579565,1.193842,-0.05070846,1.205313,0.01161582,0.04067606,-0.1974722,-0.9793953,336.6977,0.05751763,0.2014141,-0.9778156,False,False,False,False
1772879675498,1.111289,0.04550464,1.020253,0.2066031,1.041956,-0.5708637,-0.7676924,-0.00184036,0.291135,146.1481,-0.5967122,-0.8024532,-0.00192369,-0.09853941,0.6728767,-0.06459767,0.6831148,0.5481815,0.2369526,-0.7351871,0.3207034,142.5891,0.5787513,0.2501665,-0.7761854,-0.05774988,1.100804,0.2429815,1.12878,-0.05271574,1.112974,0.2774708,1.148251,-0.04790202,1.090842,0.2831,1.127997,-0.001187785,0.7216246,0.01834493,0.7218587,-0.009202633,0.6803924,0.07129943,0.6841799,-0.03149264,0.6734748,0.1040735,0.6821961,0.1053069,-0.07455232,0.04272949,0.1359169,0.1305501,-0.07726345,0.01592687,0.1525341,0.1128434,-0.08260107,0.001691282,0.139855,-0.1086008,0.03821605,-0.07401732,0.1368692,-0.1490512,0.06064437,-0.02472998,0.1628053,-0.1746759,0.04916545,0.004087575,0.1815092,0.1050353,-0.07422385,0.04388206,0.1358942,0.1358636,-0.07428962,0.01664179,0.1557396,0.115521,-0.08050612,0.001564879,0.1408147,-0.1088492,0.039133,-0.07319523,0.1368834,-0.1495587,0.06018991,-0.025,0.163143,-0.1750804,0.0485871,0.003505687,0.181731,0.1148725,-0.07593122,0.02628576,0.1401863,-0.09074984,0.9859644,-0.08273844,0.1131065,167.0112,-0.09133595,0.9923323,-0.08327281,-0.1343307,0.04359381,-0.04362892,0.1478128,0.2216944,-0.2721226,-0.6880788,0.6350972,101.1456,0.2870083,-0.3522932,-0.8907951,-0.07760321,1.108578,0.2649538,1.142439,0.4284366,-0.1923358,0.2806398,0.8370726,66.33546,0.7831163,-0.3515603,0.5129665,0.1213061,-0.09026339,0.03868502,0.1560743,0.8008503,0.5015205,-0.3272648,-0.003705275,180.4246,0.8008559,0.501524,-0.3272671,-0.4068835,-0.2767389,-0.2288586,0.5426922,-0.3306981,0.2743992,0.8298508,0.3559377,138.2982,-0.3538734,0.293629,0.8880066,0.1776032,-0.008577585,0.03504619,0.1812311,0.4506426,-0.4747094,-0.2151234,0.724772,87.10025,0.6540636,-0.6889943,-0.3122305,-0.1593239,1.193424,-0.05025776,1.20506,0.009388844,0.04073074,-0.1993134,-0.979044,336.4992,0.04610308,0.2000046,-0.9787106,False,False,False,False
1772879675511,1.126622,0.04550464,1.020253,0.2066031,1.041956,-0.5708637,-0.7676924,-0.00184036,0.291135,146.1481,-0.5967122,-0.8024532,-0.00192369,-0.09853941,0.6728767,-0.06459767,0.6831148,0.5481815,0.2369526,-0.7351871,0.3207034,142.5891,0.5787513,0.2501665,-0.7761854,-0.05774988,1.100804,0.2429815,1.12878,-0.05271574,1.112974,0.2774708,1.148251,-0.04790202,1.090842,0.2831,1.127997,-0.001187785,0.7216246,0.01834493,0.7218587,-0.009202633,0.6803924,0.07129943,0.6841799,-0.03149264,0.6734748,0.1040735,0.6821961,0.1053069,-0.07455232,0.04272949,0.1359169,0.1305501,-0.07726345,0.01592687,0.1525341,0.1128434,-0.08260107,0.001691282,0.139855,-0.1086008,0.03821605,-0.07401732,0.1368692,-0.1490512,0.06064437,-0.02472998,0.1628053,-0.1746759,0.04916545,0.004087575,0.1815092,0.1050353,-0.07422385,0.04388206,0.1358942,0.1358636,-0.07428962,0.01664179,0.1557396,0.115521,-0.08050612,0.001564879,0.1408147,-0.1088492,0.039133,-0.07319523,0.1368834,-0.1495587,0.06018991,-0.025,0.163143,-0.1750804,0.0485871,0.003505687,0.181731,0.1148725,-0.07593122,0.02628576,0.1401863,-0.09074984,0.9859644,-0.08273844,0.1131065,167.0112,-0.09133595,0.9923323,-0.08327281,-0.1343307,0.04359381,-0.04362892,0.1478128,0.2216944,-0.2721226,-0.6880788,0.6350972,101.1456,0.2870083,-0.3522932,-0.8907951,-0.07760321,1.108578,0.2649538,1.142439,0.4284366,-0.1923358,0.2806398,0.8370726,66.33546,0.7831163,-0.3515603,0.5129665,0.1213061,-0.09026339,0.03868502,0.1560743,0.8008503,0.5015205,-0.3272648,-0.003705275,180.4246,0.8008559,0.501524,-0.3272671,-0.4068835,-0.2767389,-0.2288586,0.5426922,-0.3306981,0.2743992,0.8298508,0.3559377,138.2982,-0.3538734,0.293629,0.8880066,0.1776032,-0.008577585,0.03504619,0.1812311,0.4506426,-0.4747094,-0.2151234,0.724772,87.10025,0.6540636,-0.6889943,-0.3122305,-0.1603352,1.192745,-0.04997537,1.20451,0.008333864,0.04093671,-0.200461,-0.9788105,336.3682,0.04069907,0.1999176,-0.978967,False,False,False,False
1772879675525,1.139343,0.04550464,1.020253,0.2066031,1.041956,-0.5708637,-0.7676924,-0.00184036,0.291135,146.1481,-0.5967122,-0.8024532,-0.00192369,-0.09853941,0.6728767,-0.06459767,0.6831148,0.5481815,0.2369526,-0.7351871,0.3207034,142.5891,0.5787513,0.2501665,-0.7761854,-0.05774988,1.100804,0.2429815,1.12878,-0.05271574,1.112974,0.2774708,1.148251,-0.04790202,1.090842,0.2831,1.127997,-0.001187785,0.7216246,0.01834493,0.7218587,-0.009202633,0.6803924,0.07129943,0.6841799,-0.03149264,0.6734748,0.1040735,0.6821961,0.1053069,-0.07455232,0.04272949,0.1359169,0.1305501,-0.07726345,0.01592687,0.1525341,0.1128434,-0.08260107,0.001691282,0.139855,-0.1086008,0.03821605,-0.07401732,0.1368692,-0.1490512,0.06064437,-0.02472998,0.1628053,-0.1746759,0.04916545,0.004087575,0.1815092,0.1050353,-0.07422385,0.04388206,0.1358942,0.1358636,-0.07428962,0.01664179,0.1557396,0.115521,-0.08050612,0.001564879,0.1408147,-0.1088492,0.039133,-0.07319523,0.1368834,-0.1495587,0.06018991,-0.025,0.163143,-0.1750804,0.0485871,0.003505687,0.181731,0.1148725,-0.07593122,0.02628576,0.1401863,-0.09074984,0.9859644,-0.08273844,0.1131065,167.0112,-0.09133595,0.9923323,-0.08327281,-0.1343307,0.04359381,-0.04362892,0.1478128,0.2216944,-0.2721226,-0.6880788,0.6350972,101.1456,0.2870083,-0.3522932,-0.8907951,-0.07760321,1.108578,0.2649538,1.142439,0.4284366,-0.1923358,0.2806398,0.8370726,66.33546,0.7831163,-0.3515603,0.5129665,0.1213061,-0.09026339,0.03868502,0.1560743,0.8008503,0.5015205,-0.3272648,-0.003705275,180.4246,0.8008559,0.501524,-0.3272671,-0.4068835,-0.2767389,-0.2288586,0.5426922,-0.3306981,0.2743992,0.8298508,0.3559377,138.2982,-0.3538734,0.293629,0.8880066,0.1776032,-0.008577585,0.03504619,0.1812311,0.4506426,-0.4747094,-0.2151234,0.724772,87.10025,0.6540636,-0.6889943,-0.3122305,-0.1612197,1.192373,-0.0497735,1.204252,0.006628125,0.04091629,-0.2016538,-0.9785795,336.2392,0.03219577,0.1987487,-0.9795225,False,False,False,False
1772879675538,1.153463,0.04550464,1.020253,0.2066031,1.041956,-0.5708637,-0.7676924,-0.00184036,0.291135,146.1481,-0.5967122,-0.8024532,-0.00192369,-0.09853941,0.6728767,-0.06459767,0.6831148,0.5481815,0.2369526,-0.7351871,0.3207034,142.5891,0.5787513,0.2501665,-0.7761854,-0.05774988,1.100804,0.2429815,1.12878,-0.05271574,1.112974,0.2774708,1.148251,-0.04790202,1.090842,0.2831,1.127997,-0.001187785,0.7216246,0.01834493,0.7218587,-0.009202633,0.6803924,0.07129943,0.6841799,-0.03149264,0.6734748,0.1040735,0.6821961,0.1053069,-0.07455232,0.04272949,0.1359169,0.1305501,-0.07726345,0.01592687,0.1525341,0.1128434,-0.08260107,0.001691282,0.139855,-0.1086008,0.03821605,-0.07401732,0.1368692,-0.1490512,0.06064437,-0.02472998,0.1628053,-0.1746759,0.04916545,0.004087575,0.1815092,0.1050353,-0.07422385,0.04388206,0.1358942,0.1358636,-0.07428962,0.01664179,0.1557396,0.115521,-0.08050612,0.001564879,0.1408147,-0.1088492,0.039133,-0.07319523,0.1368834,-0.1495587,0.06018991,-0.025,0.163143,-0.1750804,0.0485871,0.003505687,0.181731,0.1148725,-0.07593122,0.02628576,0.1401863,-0.09074984,0.9859644,-0.08273844,0.1131065,167.0112,-0.09133595,0.9923323,-0.08327281,-0.1343307,0.04359381,-0.04362892,0.1478128,0.2216944,-0.2721226,-0.6880788,0.6350972,101.1456,0.2870083,-0.3522932,-0.8907951,-0.07760321,1.108578,0.2649538,1.142439,0.4284366,-0.1923358,0.2806398,0.8370726,66.33546,0.7831163,-0.3515603,0.5129665,0.1213061,-0.09026339,0.03868502,0.1560743,0.8008503,0.5015205,-0.3272648,-0.003705275,180.4246,0.8008559,0.501524,-0.3272671,-0.4068835,-0.2767389,-0.2288586,0.5426922,-0.3306981,0.2743992,0.8298508,0.3559377,138.2982,-0.3538734,0.293629,0.8880066,0.1776032,-0.008577585,0.03504619,0.1812311,0.4506426,-0.4747094,-0.2151234,0.724772,87.10025,0.6540636,-0.6889943,-0.3122305,-0.1618782,1.191921,-0.04976365,1.203892,0.005993572,0.04082013,-0.2029274,-0.9783242,336.0975,0.02894343,0.1971236,-0.979952,False,False,False,False
1772879675552,1.167809,0.04550464,1.020253,0.2066031,1.041956,-0.5708637,-0.7676924,-0.00184036,0.291135,146.1481,-0.5967122,-0.8024532,-0.00192369,-0.09853941,0.6728767,-0.06459767,0.6831148,0.5481815,0.2369526,-0.7351871,0.3207034,142.5891,0.5787513,0.2501665,-0.7761854,-0.05774988,1.100804,0.2429815,1.12878,-0.05271574,1.112974,0.2774708,1.148251,-0.04790202,1.090842,0.2831,1.127997,-0.001187785,0.7216246,0.01834493,0.7218587,-0.009202633,0.6803924,0.07129943,0.6841799,-0.03149264,0.6734748,0.1040735,0.6821961,0.1053069,-0.07455232,0.04272949,0.1359169,0.1305501,-0.07726345,0.01592687,0.1525341,0.1128434,-0.08260107,0.001691282,0.139855,-0.1086008,0.03821605,-0.07401732,0.1368692,-0.1490512,0.06064437,-0.02472998,0.1628053,-0.1746759,0.04916545,0.004087575,0.1815092,0.1050353,-0.07422385,0.04388206,0.1358942,0.1358636,-0.07428962,0.01664179,0.1557396,0.115521,-0.08050612,0.001564879,0.1408147,-0.1088492,0.039133,-0.07319523,0.1368834,-0.1495587,0.06018991,-0.025,0.163143,-0.1750804,0.0485871,0.003505687,0.181731,0.1148725,-0.07593122,0.02628576,0.1401863,-0.09074984,0.9859644,-0.08273844,0.1131065,167.0112,-0.09133595,0.9923323,-0.08327281,-0.1343307,0.04359381,-0.04362892,0.1478128,0.2216944,-0.2721226,-0.6880788,0.6350972,101.1456,0.2870083,-0.3522932,-0.8907951,-0.07760321,1.108578,0.2649538,1.142439,0.4284366,-0.1923358,0.2806398,0.8370726,66.33546,0.7831163,-0.3515603,0.5129665,0.1213061,-0.09026339,0.03868502,0.1560743,0.8008503,0.5015205,-0.3272648,-0.003705275,180.4246,0.8008559,0.501524,-0.3272671,-0.4068835,-0.2767389,-0.2288586,0.5426922,-0.3306981,0.2743992,0.8298508,0.3559377,138.2982,-0.3538734,0.293629,0.8880066,0.1776032,-0.008577585,0.03504619,0.1812311,0.4506426,-0.4747094,-0.2151234,0.724772,87.10025,0.6540636,-0.6889943,-0.3122305,-0.1626658,1.191682,-0.04976197,1.203762,0.005101053,0.04014472,-0.2041582,-0.9781011,335.9744,0.02450896,0.1928828,-0.9809162,False,False,False,False
1772879675566,1.181108,0.04550464,1.020253,0.2066031,1.041956,-0.5708637,-0.7676924,-0.00184036,0.291135,146.1481,-0.5967122,-0.8024532,-0.00192369,-0.09853941,0.6728767,-0.06459767,0.6831148,0.5481815,0.2369526,-0.7351871,0.3207034,142.5891,0.5787513,0.2501665,-0.7761854,-0.05774988,1.100804,0.2429815,1.12878,-0.05271574,1.112974,0.2774708,1.148251,-0.04790202,1.090842,0.2831,1.127997,-0.001187785,0.7216246,0.01834493,0.7218587,-0.009202633,0.6803924,0.07129943,0.6841799,-0.03149264,0.6734748,0.1040735,0.6821961,0.1053069,-0.07455232,0.04272949,0.1359169,0.1305501,-0.07726345,0.01592687,0.1525341,0.1128434,-0.08260107,0.001691282,0.139855,-0.1086008,0.03821605,-0.07401732,0.1368692,-0.1490512,0.06064437,-0.02472998,0.1628053,-0.1746759,0.04916545,0.004087575,0.1815092,0.1050353,-0.07422385,0.04388206,0.1358942,0.1358636,-0.07428962,0.01664179,0.1557396,0.115521,-0.08050612,0.001564879,0.1408147,-0.1088492,0.039133,-0.07319523,0.1368834,-0.1495587,0.06018991,-0.025,0.163143,-0.1750804,0.0485871,0.003505687,0.181731,0.1148725,-0.07593122,0.02628576,0.1401863,-0.09074984,0.9859644,-0.08273844,0.1131065,167.0112,-0.09133595,0.9923323,-0.08327281,-0.1343307,0.04359381,-0.04362892,0.1478128,0.2216944,-0.2721226,-0.6880788,0.6350972,101.1456,0.2870083,-0.3522932,-0.8907951,-0.07760321,1.108578,0.2649538,1.142439,0.4284366,-0.1923358,0.2806398,0.8370726,66.33546,0.7831163,-0.3515603,0.5129665,0.1213061,-0.09026339,0.03868502,0.1560743,0.8008503,0.5015205,-0.3272648,-0.003705275,180.4246,0.8008559,0.501524,-0.3272671,-0.4068835,-0.2767389,-0.2288586,0.5426922,-0.3306981,0.2743992,0.8298508,0.3559377,138.2982,-0.3538734,0.293629,0.8880066,0.1776032,-0.008577585,0.03504619,0.1812311,0.4506426,-0.4747094,-0.2151234,0.724772,87.10025,0.6540636,-0.6889943,-0.3122305,-0.1633693,1.191515,-0.04991877,1.203699,0.004618229,0.03957669,-0.2044729,-0.978061,335.9523,0.02216903,0.1899813,-0.9815378,False,False,False,False
1772879675581,1.194787,0.04550464,1.020253,0.2066031,1.041956,-0.5708637,-0.7676924,-0.00184036,0.291135,146.1481,-0.5967122,-0.8024532,-0.00192369,-0.09853941,0.6728767,-0.06459767,0.6831148,0.5481815,0.2369526,-0.7351871,0.3207034,142.5891,0.5787513,0.2501665,-0.7761854,-0.05774988,1.100804,0.2429815,1.12878,-0.05271574,1.112974,0.2774708,1.148251,-0.04790202,1.090842,0.2831,1.127997,-0.001187785,0.7216246,0.01834493,0.7218587,-0.009202633,0.6803924,0.07129943,0.6841799,-0.03149264,0.6734748,0.1040735,0.6821961,0.1053069,-0.07455232,0.04272949,0.1359169,0.1305501,-0.07726345,0.01592687,0.1525341,0.1128434,-0.08260107,0.001691282,0.139855,-0.1086008,0.03821605,-0.07401732,0.1368692,-0.1490512,0.06064437,-0.02472998,0.1628053,-0.1746759,0.04916545,0.004087575,0.1815092,0.1050353,-0.07422385,0.04388206,0.1358942,0.1358636,-0.07428962,0.01664179,0.1557396,0.115521,-0.08050612,0.001564879,0.1408147,-0.1088492,0.039133,-0.07319523,0.1368834,-0.1495587,0.06018991,-0.025,0.163143,-0.1750804,0.0485871,0.003505687,0.181731,0.1148725,-0.07593122,0.02628576,0.1401863,-0.09074984,0.9859644,-0.08273844,0.1131065,167.0112,-0.09133595,0.9923323,-0.08327281,-0.1343307,0.04359381,-0.04362892,0.1478128,0.2216944,-0.2721226,-0.6880788,0.6350972,101.1456,0.2870083,-0.3522932,-0.8907951,-0.07760321,1.108578,0.2649538,1.142439,0.4284366,-0.1923358,0.2806398,0.8370726,66.33546,0.7831163,-0.3515603,0.5129665,0.1213061,-0.09026339,0.03868502,0.1560743,0.8008503,0.5015205,-0.3272648,-0.003705275,180.4246,0.8008559,0.501524,-0.3272671,-0.4068835,-0.2767389,-0.2288586,0.5426922,-0.3306981,0.2743992,0.8298508,0.3559377,138.2982,-0.3538734,0.293629,0.8880066,0.1776032,-0.008577585,0.03504619,0.1812311,0.4506426,-0.4747094,-0.2151234,0.724772,87.10025,0.6540636,-0.6889943,-0.3122305,-0.1640013,1.19149,-0.04999823,1.203762,0.00416849,0.03902435,-0.2050471,-0.9779649,335.8995,0.01996697,0.1869258,-0.9821713,False,False,False,False
1772879675593,1.209175,0.04550464,1.020253,0.2066031,1.041956,-0.5708637,-0.7676924,-0.00184036,0.291135,146.1481,-0.5967122,-0.8024532,-0.00192369,-0.09853941,0.6728767,-0.06459767,0.6831148,0.5481815,0.2369526,-0.7351871,0.3207034,142.5891,0.5787513,0.2501665,-0.7761854,-0.05774988,1.100804,0.2429815,1.12878,-0.05271574,1.112974,0.2774708,1.148251,-0.04790202,1.090842,0.2831,1.127997,-0.001187785,0.7216246,0.01834493,0.7218587,-0.009202633,0.6803924,0.07129943,0.6841799,-0.03149264,0.6734748,0.1040735,0.6821961,0.1053069,-0.07455232,0.04272949,0.1359169,0.1305501,-0.07726345,0.01592687,0.1525341,0.1128434,-0.08260107,0.001691282,0.139855,-0.1086008,0.03821605,-0.07401732,0.1368692,-0.1490512,0.06064437,-0.02472998,0.1628053,-0.1746759,0.04916545,0.004087575,0.1815092,0.1050353,-0.07422385,0.04388206,0.1358942,0.1358636,-0.07428962,0.01664179,0.1557396,0.115521,-0.08050612,0.001564879,0.1408147,-0.1088492,0.039133,-0.07319523,0.1368834,-0.1495587,0.06018991,-0.025,0.163143,-0.1750804,0.0485871,0.003505687,0.181731,0.1148725,-0.07593122,0.02628576,0.1401863,-0.09074984,0.9859644,-0.08273844,0.1131065,167.0112,-0.09133595,0.9923323,-0.08327281,-0.1343307,0.04359381,-0.04362892,0.1478128,0.2216944,-0.2721226,-0.6880788,0.6350972,101.1456,0.2870083,-0.3522932,-0.8907951,-0.07760321,1.108578,0.2649538,1.142439,0.4284366,-0.1923358,0.2806398,0.8370726,66.33546,0.7831163,-0.3515603,0.5129665,0.1213061,-0.09026339,0.03868502,0.1560743,0.8008503,0.5015205,-0.3272648,-0.003705275,180.4246,0.8008559,0.501524,-0.3272671,-0.4068835,-0.2767389,-0.2288586,0.5426922,-0.3306981,0.2743992,0.8298508,0.3559377,138.2982,-0.3538734,0.293629,0.8880066,0.1776032,-0.008577585,0.03504619,0.1812311,0.4506426,-0.4747094,-0.2151234,0.724772,87.10025,0.6540636,-0.6889943,-0.3122305,-0.1644241,1.191496,-0.05013694,1.203833,0.004127841,0.03891584,-0.2053417,-0.9779076,335.8681,0.01974689,0.1861667,-0.9823195,False,False,False,False
1772879675608,1.222651,0.04550464,1.020253,0.2066031,1.041956,-0.5708637,-0.7676924,-0.00184036,0.291135,146.1481,-0.5967122,-0.8024532,-0.00192369,-0.09853941,0.6728767,-0.06459767,0.6831148,0.5481815,0.2369526,-0.7351871,0.3207034,142.5891,0.5787513,0.2501665,-0.7761854,-0.05774988,1.100804,0.2429815,1.12878,-0.05271574,1.112974,0.2774708,1.148251,-0.04790202,1.090842,0.2831,1.127997,-0.001187785,0.7216246,0.01834493,0.7218587,-0.009202633,0.6803924,0.07129943,0.6841799,-0.03149264,0.6734748,0.1040735,0.6821961,0.1053069,-0.07455232,0.04272949,0.1359169,0.1305501,-0.07726345,0.01592687,0.1525341,0.1128434,-0.08260107,0.001691282,0.139855,-0.1086008,0.03821605,-0.07401732,0.1368692,-0.1490512,0.06064437,-0.02472998,0.1628053,-0.1746759,0.04916545,0.004087575,0.1815092,0.1050353,-0.07422385,0.04388206,0.1358942,0.1358636,-0.07428962,0.01664179,0.1557396,0.115521,-0.08050612,0.001564879,0.1408147,-0.1088492,0.039133,-0.07319523,0.1368834,-0.1495587,0.06018991,-0.025,0.163143,-0.1750804,0.0485871,0.003505687,0.181731,0.1148725,-0.07593122,0.02628576,0.1401863,-0.09074984,0.9859644,-0.08273844,0.1131065,167.0112,-0.09133595,0.9923323,-0.08327281,-0.1343307,0.04359381,-0.04362892,0.1478128,0.2216944,-0.2721226,-0.6880788,0.6350972,101.1456,0.2870083,-0.3522932,-0.8907951,-0.07760321,1.108578,0.2649538,1.142439,0.4284366,-0.1923358,0.2806398,0.8370726,66.33546,0.7831163,-0.3515603,0.5129665,0.1213061,-0.09026339,0.03868502,0.1560743,0.8008503,0.5015205,-0.3272648,-0.003705275,180.4246,0.8008559,0.501524,-0.3272671,-0.4068835,-0.2767389,-0.2288586,0.5426922,-0.3306981,0.2743992,0.8298508,0.3559377,138.2982,-0.3538734,0.293629,0.8880066,0.1776032,-0.008577585,0.03504619,0.1812311,0.4506426,-0.4747094,-0.2151234,0.724772,87.10025,0.6540636,-0.6889943,-0.3122305,-0.1649616,1.191601,-0.05036633,1.204019,0.004391649,0.03863811,-0.2052934,-0.9779276,335.8791,0.02101832,0.184921,-0.9825291,False,False,False,False
1772879675621,1.23759,0.04550464,1.020253,0.2066031,1.041956,-0.5708637,-0.7676924,-0.00184036,0.291135,146.1481,-0.5967122,-0.8024532,-0.00192369,-0.09853941,0.6728767,-0.06459767,0.6831148,0.5481815,0.2369526,-0.7351871,0.3207034,142.5891,0.5787513,0.2501665,-0.7761854,-0.05774988,1.100804,0.2429815,1.12878,-0.05271574,1.112974,0.2774708,1.148251,-0.04790202,1.090842,0.2831,1.127997,-0.001187785,0.7216246,0.01834493,0.7218587,-0.009202633,0.6803924,0.07129943,0.6841799,-0.03149264,0.6734748,0.1040735,0.6821961,0.1053069,-0.07455232,0.04272949,0.1359169,0.1305501,-0.07726345,0.01592687,0.1525341,0.1128434,-0.08260107,0.001691282,0.139855,-0.1086008,0.03821605,-0.07401732,0.1368692,-0.1490512,0.06064437,-0.02472998,0.1628053,-0.1746759,0.04916545,0.004087575,0.1815092,0.1050353,-0.07422385,0.04388206,0.1358942,0.1358636,-0.07428962,0.01664179,0.1557396,0.115521,-0.08050612,0.001564879,0.1408147,-0.1088492,0.039133,-0.07319523,0.1368834,-0.1495587,0.06018991,-0.025,0.163143,-0.1750804,0.0485871,0.003505687,0.181731,0.1148725,-0.07593122,0.02628576,0.1401863,-0.09074984,0.9859644,-0.08273844,0.1131065,167.0112,-0.09133595,0.9923323,-0.08327281,-0.1343307,0.04359381,-0.04362892,0.1478128,0.2216944,-0.2721226,-0.6880788,0.6350972,101.1456,0.2870083,-0.3522932,-0.8907951,-0.07760321,1.108578,0.2649538,1.142439,0.4284366,-0.1923358,0.2806398,0.8370726,66.33546,0.7831163,-0.3515603,0.5129665,0.1213061,-0.09026339,0.03868502,0.1560743,0.8008503,0.5015205,-0.3272648,-0.003705275,180.4246,0.8008559,0.501524,-0.3272671,-0.4068835,-0.2767389,-0.2288586,0.5426922,-0.3306981,0.2743992,0.8298508,0.3559377,138.2982,-0.3538734,0.293629,0.8880066,0.1776032,-0.008577585,0.03504619,0.1812311,0.4506426,-0.4747094,-0.2151234,0.724772,87.10025,0.6540636,-0.6889943,-0.3122305,-0.165509,1.19175,-0.05065759,1.204254,0.004769313,0.03851934,-0.204714,-0.978052,335.9474,0.02288968,0.1848684,-0.9824976,False,False,False,False
1772879675636,1.25045,0.04550464,1.020253,0.2066031,1.041956,-0.5708637,-0.7676924,-0.00184036,0.291135,146.1481,-0.5967122,-0.8024532,-0.00192369,-0.09853941,0.6728767,-0.06459767,0.6831148,0.5481815,0.2369526,-0.7351871,0.3207034,142.5891,0.5787513,0.2501665,-0.7761854,-0.05774988,1.100804,0.2429815,1.12878,-0.05271574,1.112974,0.2774708,1.148251,-0.04790202,1.090842,0.2831,1.127997,-0.001187785,0.7216246,0.01834493,0.7218587,-0.009202633,0.6803924,0.07129943,0.6841799,-0.03149264,0.6734748,0.1040735,0.6821961,0.1053069,-0.07455232,0.04272949,0.1359169,0.1305501,-0.07726345,0.01592687,0.1525341,0.1128434,-0.08260107,0.001691282,0.139855,-0.1086008,0.03821605,-0.07401732,0.1368692,-0.1490512,0.06064437,-0.02472998,0.1628053,-0.1746759,0.04916545,0.004087575,0.1815092,0.1050353,-0.07422385,0.04388206,0.1358942,0.1358636,-0.07428962,0.01664179,0.1557396,0.115521,-0.08050612,0.001564879,0.1408147,-0.1088492,0.039133,-0.07319523,0.1368834,-0.1495587,0.06018991,-0.025,0.163143,-0.1750804,0.0485871,0.003505687,0.181731,0.1148725,-0.07593122,0.02628576,0.1401863,-0.09074984,0.9859644,-0.08273844,0.1131065,167.0112,-0.09133595,0.9923323,-0.08327281,-0.1343307,0.04359381,-0.04362892,0.1478128,0.2216944,-0.2721226,-0.6880788,0.6350972,101.1456,0.2870083,-0.3522932,-0.8907951,-0.07760321,1.108578,0.2649538,1.142439,0.4284366,-0.1923358,0.2806398,0.8370726,66.33546,0.7831163,-0.3515603,0.5129665,0.1213061,-0.09026339,0.03868502,0.1560743,0.8008503,0.5015205,-0.3272648,-0.003705275,180.4246,0.8008559,0.501524,-0.3272671,-0.4068835,-0.2767389,-0.2288586,0.5426922,-0.3306981,0.2743992,0.8298508,0.3559377,138.2982,-0.3538734,0.293629,0.8880066,0.1776032,-0.008577585,0.03504619,0.1812311,0.4506426,-0.4747094,-0.2151234,0.724772,87.10025,0.6540636,-0.6889943,-0.3122305,-0.1659313,1.191758,-0.05104914,1.204336,0.005259872,0.03832971,-0.2044407,-0.9781141,335.9816,0.02527945,0.1842162,-0.9825616,False,False,False,False
1772879675650,1.264259,0.04550464,1.020253,0.2066031,1.041956,-0.5708637,-0.7676924,-0.00184036,0.291135,146.1481,-0.5967122,-0.8024532,-0.00192369,-0.09853941,0.6728767,-0.06459767,0.6831148,0.5481815,0.2369526,-0.7351871,0.3207034,142.5891,0.5787513,0.2501665,-0.7761854,-0.05774988,1.100804,0.2429815,1.12878,-0.05271574,1.112974,0.2774708,1.148251,-0.04790202,1.090842,0.2831,1.127997,-0.001187785,0.7216246,0.01834493,0.7218587,-0.009202633,0.6803924,0.07129943,0.6841799,-0.03149264,0.6734748,0.1040735,0.6821961,0.1053069,-0.07455232,0.04272949,0.1359169,0.1305501,-0.07726345,0.01592687,0.1525341,0.1128434,-0.08260107,0.001691282,0.139855,-0.1086008,0.03821605,-0.07401732,0.1368692,-0.1490512,0.06064437,-0.02472998,0.1628053,-0.1746759,0.04916545,0.004087575,0.1815092,0.1050353,-0.07422385,0.04388206,0.1358942,0.1358636,-0.07428962,0.01664179,0.1557396,0.115521,-0.08050612,0.001564879,0.1408147,-0.1088492,0.039133,-0.07319523,0.1368834,-0.1495587,0.06018991,-0.025,0.163143,-0.1750804,0.0485871,0.003505687,0.181731,0.1148725,-0.07593122,0.02628576,0.1401863,-0.09074984,0.9859644,-0.08273844,0.1131065,167.0112,-0.09133595,0.9923323,-0.08327281,-0.1343307,0.04359381,-0.04362892,0.1478128,0.2216944,-0.2721226,-0.6880788,0.6350972,101.1456,0.2870083,-0.3522932,-0.8907951,-0.07760321,1.108578,0.2649538,1.142439,0.4284366,-0.1923358,0.2806398,0.8370726,66.33546,0.7831163,-0.3515603,0.5129665,0.1213061,-0.09026339,0.03868502,0.1560743,0.8008503,0.5015205,-0.3272648,-0.003705275,180.4246,0.8008559,0.501524,-0.3272671,-0.4068835,-0.2767389,-0.2288586,0.5426922,-0.3306981,0.2743992,0.8298508,0.3559377,138.2982,-0.3538734,0.293629,0.8880066,0.1776032,-0.008577585,0.03504619,0.1812311,0.4506426,-0.4747094,-0.2151234,0.724772,87.10025,0.6540636,-0.6889943,-0.3122305,-0.1663678,1.191774,-0.05152329,1.204433,0.005715999,0.03816885,-0.2042209,-0.9781637,336.0089,0.02750247,0.1836491,-0.9826069,False,False,False,False
1772879675663,1.278336,0.04550464,1.020253,0.2066031,1.041956,-0.5708637,-0.7676924,-0.00184036,0.291135,146.1481,-0.5967122,-0.8024532,-0.00192369,-0.09853941,0.6728767,-0.06459767,0.6831148,0.5481815,0.2369526,-0.7351871,0.3207034,142.5891,0.5787513,0.2501665,-0.7761854,-0.05774988,1.100804,0.2429815,1.12878,-0.05271574,1.112974,0.2774708,1.148251,-0.04790202,1.090842,0.2831,1.127997,-0.001187785,0.7216246,0.01834493,0.7218587,-0.009202633,0.6803924,0.07129943,0.6841799,-0.03149264,0.6734748,0.1040735,0.6821961,0.1053069,-0.07455232,0.04272949,0.1359169,0.1305501,-0.07726345,0.01592687,0.1525341,0.1128434,-0.08260107,0.001691282,0.139855,-0.1086008,0.03821605,-0.07401732,0.1368692,-0.1490512,0.06064437,-0.02472998,0.1628053,-0.1746759,0.04916545,0.004087575,0.1815092,0.1050353,-0.07422385,0.04388206,0.1358942,0.1358636,-0.07428962,0.01664179,0.1557396,0.115521,-0.08050612,0.001564879,0.1408147,-0.1088492,0.039133,-0.07319523,0.1368834,-0.1495587,0.06018991,-0.025,0.163143,-0.1750804,0.0485871,0.003505687,0.181731,0.1148725,-0.07593122,0.02628576,0.1401863,-0.09074984,0.9859644,-0.08273844,0.1131065,167.0112,-0.09133595,0.9923323,-0.08327281,-0.1343307,0.04359381,-0.04362892,0.1478128,0.2216944,-0.2721226,-0.6880788,0.6350972,101.1456,0.2870083,-0.3522932,-0.8907951,-0.07760321,1.108578,0.2649538,1.142439,0.4284366,-0.1923358,0.2806398,0.8370726,66.33546,0.7831163,-0.3515603,0.5129665,0.1213061,-0.09026339,0.03868502,0.1560743,0.8008503,0.5015205,-0.3272648,-0.003705275,180.4246,0.8008559,0.501524,-0.3272671,-0.4068835,-0.2767389,-0.2288586,0.5426922,-0.3306981,0.2743992,0.8298508,0.3559377,138.2982,-0.3538734,0.293629,0.8880066,0.1776032,-0.008577585,0.03504619,0.1812311,0.4506426,-0.4747094,-0.2151234,0.724772,87.10025,0.6540636,-0.6889943,-0.3122305,-0.1667691,1.191916,-0.05193338,1.204646,0.005677238,0.03832099,-0.2043161,-0.9781381,335.9948,0.02730017,0.1842744,-0.9824961,False,False,False,False
1772879675678,1.292061,0.04550464,1.020253,0.2066031,1.041956,-0.5708637,-0.7676924,-0.00184036,0.291135,146.1481,-0.5967122,-0.8024532,-0.00192369,-0.09853941,0.6728767,-0.06459767,0.6831148,0.5481815,0.2369526,-0.7351871,0.3207034,142.5891,0.5787513,0.2501665,-0.7761854,-0.05774988,1.100804,0.2429815,1.12878,-0.05271574,1.112974,0.2774708,1.148251,-0.04790202,1.090842,0.2831,1.127997,-0.001187785,0.7216246,0.01834493,0.7218587,-0.009202633,0.6803924,0.07129943,0.6841799,-0.03149264,0.6734748,0.1040735,0.6821961,0.1053069,-0.07455232,0.04272949,0.1359169,0.1305501,-0.07726345,0.01592687,0.1525341,0.1128434,-0.08260107,0.001691282,0.139855,-0.1086008,0.03821605,-0.07401732,0.1368692,-0.1490512,0.06064437,-0.02472998,0.1628053,-0.1746759,0.04916545,0.004087575,0.1815092,0.1050353,-0.07422385,0.04388206,0.1358942,0.1358636,-0.07428962,0.01664179,0.1557396,0.115521,-0.08050612,0.001564879,0.1408147,-0.1088492,0.039133,-0.07319523,0.1368834,-0.1495587,0.06018991,-0.025,0.163143,-0.1750804,0.0485871,0.003505687,0.181731,0.1148725,-0.07593122,0.02628576,0.1401863,-0.09074984,0.9859644,-0.08273844,0.1131065,167.0112,-0.09133595,0.9923323,-0.08327281,-0.1343307,0.04359381,-0.04362892,0.1478128,0.2216944,-0.2721226,-0.6880788,0.6350972,101.1456,0.2870083,-0.3522932,-0.8907951,-0.07760321,1.108578,0.2649538,1.142439,0.4284366,-0.1923358,0.2806398,0.8370726,66.33546,0.7831163,-0.3515603,0.5129665,0.1213061,-0.09026339,0.03868502,0.1560743,0.8008503,0.5015205,-0.3272648,-0.003705275,180.4246,0.8008559,0.501524,-0.3272671,-0.4068835,-0.2767389,-0.2288586,0.5426922,-0.3306981,0.2743992,0.8298508,0.3559377,138.2982,-0.3538734,0.293629,0.8880066,0.1776032,-0.008577585,0.03504619,0.1812311,0.4506426,-0.4747094,-0.2151234,0.724772,87.10025,0.6540636,-0.6889943,-0.3122305,-0.1672032,1.191942,-0.05252311,1.204758,0.005743819,0.03815751,-0.2038926,-0.9782325,336.0468,0.02767946,0.183881,-0.9825584,False,False,False,False
1772879675691,1.306362,0.04550464,1.020253,0.2066031,1.041956,-0.5708637,-0.7676924,-0.00184036,0.291135,146.1481,-0.5967122,-0.8024532,-0.00192369,-0.09853941,0.6728767,-0.06459767,0.6831148,0.5481815,0.2369526,-0.7351871,0.3207034,142.5891,0.5787513,0.2501665,-0.7761854,-0.05774988,1.100804,0.2429815,1.12878,-0.05271574,1.112974,0.2774708,1.148251,-0.04790202,1.090842,0.2831,1.127997,-0.001187785,0.7216246,0.01834493,0.7218587,-0.009202633,0.6803924,0.07129943,0.6841799,-0.03149264,0.6734748,0.1040735,0.6821961,0.1053069,-0.07455232,0.04272949,0.1359169,0.1305501,-0.07726345,0.01592687,0.1525341,0.1128434,-0.08260107,0.001691282,0.139855,-0.1086008,0.03821605,-0.07401732,0.1368692,-0.1490512,0.06064437,-0.02472998,0.1628053,-0.1746759,0.04916545,0.004087575,0.1815092,0.1050353,-0.07422385,0.04388206,0.1358942,0.1358636,-0.07428962,0.01664179,0.1557396,0.115521,-0.08050612,0.001564879,0.1408147,-0.1088492,0.039133,-0.07319523,0.1368834,-0.1495587,0.06018991,-0.025,0.163143,-0.1750804,0.0485871,0.003505687,0.181731,0.1148725,-0.07593122,0.02628576,0.1401863,-0.09074984,0.9859644,-0.08273844,0.1131065,167.0112,-0.09133595,0.9923323,-0.08327281,-0.1343307,0.04359381,-0.04362892,0.1478128,0.2216944,-0.2721226,-0.6880788,0.6350972,101.1456,0.2870083,-0.3522932,-0.8907951,-0.07760321,1.108578,0.2649538,1.142439,0.4284366,-0.1923358,0.2806398,0.8370726,66.33546,0.7831163,-0.3515603,0.5129665,0.1213061,-0.09026339,0.03868502,0.1560743,0.8008503,0.5015205,-0.3272648,-0.003705275,180.4246,0.8008559,0.501524,-0.3272671,-0.4068835,-0.2767389,-0.2288586,0.5426922,-0.3306981,0.2743992,0.8298508,0.3559377,138.2982,-0.3538734,0.293629,0.8880066,0.1776032,-0.008577585,0.03504619,0.1812311,0.4506426,-0.4747094,-0.2151234,0.724772,87.10025,0.6540636,-0.6889943,-0.3122305,-0.1674835,1.192071,-0.05305824,1.204947,0.005738159,0.03835295,-0.2033049,-0.9783472,336.1103,0.02772457,0.1853066,-0.9822905,False,False,False,False
1772879675705,1.320271,0.04550464,1.020253,0.2066031,1.041956,-0.5708637,-0.7676924,-0.00184036,0.291135,146.1481,-0.5967122,-0.8024532,-0.00192369,-0.09853941,0.6728767,-0.06459767,0.6831148,0.5481815,0.2369526,-0.7351871,0.3207034,142.5891,0.5787513,0.2501665,-0.7761854,-0.05774988,1.100804,0.2429815,1.12878,-0.05271574,1.112974,0.2774708,1.148251,-0.04790202,1.090842,0.2831,1.127997,-0.001187785,0.7216246,0.01834493,0.7218587,-0.009202633,0.6803924,0.07129943,0.6841799,-0.03149264,0.6734748,0.1040735,0.6821961,0.1053069,-0.07455232,0.04272949,0.1359169,0.1305501,-0.07726345,0.01592687,0.1525341,0.1128434,-0.08260107,0.001691282,0.139855,-0.1086008,0.03821605,-0.07401732,0.1368692,-0.1490512,0.06064437,-0.02472998,0.1628053,-0.1746759,0.04916545,0.004087575,0.1815092,0.1050353,-0.07422385,0.04388206,0.1358942,0.1358636,-0.07428962,0.01664179,0.1557396,0.115521,-0.08050612,0.001564879,0.1408147,-0.1088492,0.039133,-0.07319523,0.1368834,-0.1495587,0.06018991,-0.025,0.163143,-0.1750804,0.0485871,0.003505687,0.181731,0.1148725,-0.07593122,0.02628576,0.1401863,-0.09074984,0.9859644,-0.08273844,0.1131065,167.0112,-0.09133595,0.9923323,-0.08327281,-0.1343307,0.04359381,-0.04362892,0.1478128,0.2216944,-0.2721226,-0.6880788,0.6350972,101.1456,0.2870083,-0.3522932,-0.8907951,-0.07760321,1.108578,0.2649538,1.142439,0.4284366,-0.1923358,0.2806398,0.8370726,66.33546,0.7831163,-0.3515603,0.5129665,0.1213061,-0.09026339,0.03868502,0.1560743,0.8008503,0.5015205,-0.3272648,-0.003705275,180.4246,0.8008559,0.501524,-0.3272671,-0.4068835,-0.2767389,-0.2288586,0.5426922,-0.3306981,0.2743992,0.8298508,0.3559377,138.2982,-0.3538734,0.293629,0.8880066,0.1776032,-0.008577585,0.03504619,0.1812311,0.4506426,-0.4747094,-0.2151234,0.724772,87.10025,0.6540636,-0.6889943,-0.3122305,-0.1677968,1.19214,-0.05365505,1.205086,0.005694973,0.03830297,-0.2030216,-0.9784082,336.1441,0.02755431,0.1853235,-0.9822911,False,False,False,False
1772879675720,1.334397,0.04550464,1.020253,0.2066031,1.041956,-0.5708637,-0.7676924,-0.00184036,0.291135,146.1481,-0.5967122,-0.8024532,-0.00192369,-0.09853941,0.6728767,-0.06459767,0.6831148,0.5481815,0.2369526,-0.7351871,0.3207034,142.5891,0.5787513,0.2501665,-0.7761854,-0.05774988,1.100804,0.2429815,1.12878,-0.05271574,1.112974,0.2774708,1.148251,-0.04790202,1.090842,0.2831,1.127997,-0.001187785,0.7216246,0.01834493,0.7218587,-0.009202633,0.6803924,0.07129943,0.6841799,-0.03149264,0.6734748,0.1040735,0.6821961,0.1053069,-0.07455232,0.04272949,0.1359169,0.1305501,-0.07726345,0.01592687,0.1525341,0.1128434,-0.08260107,0.001691282,0.139855,-0.1086008,0.03821605,-0.07401732,0.1368692,-0.1490512,0.06064437,-0.02472998,0.1628053,-0.1746759,0.04916545,0.004087575,0.1815092,0.1050353,-0.07422385,0.04388206,0.1358942,0.1358636,-0.07428962,0.01664179,0.1557396,0.115521,-0.08050612,0.001564879,0.1408147,-0.1088492,0.039133,-0.07319523,0.1368834,-0.1495587,0.06018991,-0.025,0.163143,-0.1750804,0.0485871,0.003505687,0.181731,0.1148725,-0.07593122,0.02628576,0.1401863,-0.09074984,0.9859644,-0.08273844,0.1131065,167.0112,-0.09133595,0.9923323,-0.08327281,-0.1343307,0.04359381,-0.04362892,0.1478128,0.2216944,-0.2721226,-0.6880788,0.6350972,101.1456,0.2870083,-0.3522932,-0.8907951,-0.07760321,1.108578,0.2649538,1.142439,0.4284366,-0.1923358,0.2806398,0.8370726,66.33546,0.7831163,-0.3515603,0.5129665,0.1213061,-0.09026339,0.03868502,0.1560743,0.8008503,0.5015205,-0.3272648,-0.003705275,180.4246,0.8008559,0.501524,-0.3272671,-0.4068835,-0.2767389,-0.2288586,0.5426922,-0.3306981,0.2743992,0.8298508,0.3559377,138.2982,-0.3538734,0.293629,0.8880066,0.1776032,-0.008577585,0.03504619,0.1812311,0.4506426,-0.4747094,-0.2151234,0.724772,87.10025,0.6540636,-0.6889943,-0.3122305,-0.1681938,1.192292,-0.05420744,1.205317,0.005755348,0.03829265,-0.2030184,-0.978409,336.1445,0.02784691,0.1852767,-0.9822926,False,False,False,False
1772879675733,1.348499,0.04550464,1.020253,0.2066031,1.041956,-0.5708637,-0.7676924,-0.00184036,0.291135,146.1481,-0.5967122,-0.8024532,-0.00192369,-0.09853941,0.6728767,-0.06459767,0.6831148,0.5481815,0.2369526,-0.7351871,0.3207034,142.5891,0.5787513,0.2501665,-0.7761854,-0.05774988,1.100804,0.2429815,1.12878,-0.05271574,1.112974,0.2774708,1.148251,-0.04790202,1.090842,0.2831,1.127997,-0.001187785,0.7216246,0.01834493,0.7218587,-0.009202633,0.6803924,0.07129943,0.6841799,-0.03149264,0.6734748,0.1040735,0.6821961,0.1053069,-0.07455232,0.04272949,0.1359169,0.1305501,-0.07726345,0.01592687,0.1525341,0.1128434,-0.08260107,0.001691282,0.139855,-0.1086008,0.03821605,-0.07401732,0.1368692,-0.1490512,0.06064437,-0.02472998,0.1628053,-0.1746759,0.04916545,0.004087575,0.1815092,0.1050353,-0.07422385,0.04388206,0.1358942,0.1358636,-0.07428962,0.01664179,0.1557396,0.115521,-0.08050612,0.001564879,0.1408147,-0.1088492,0.039133,-0.07319523,0.1368834,-0.1495587,0.06018991,-0.025,0.163143,-0.1750804,0.0485871,0.003505687,0.181731,0.1148725,-0.07593122,0.02628576,0.1401863,-0.09074984,0.9859644,-0.08273844,0.1131065,167.0112,-0.09133595,0.9923323,-0.08327281,-0.1343307,0.04359381,-0.04362892,0.1478128,0.2216944,-0.2721226,-0.6880788,0.6350972,101.1456,0.2870083,-0.3522932,-0.8907951,-0.07760321,1.108578,0.2649538,1.142439,0.4284366,-0.1923358,0.2806398,0.8370726,66.33546,0.7831163,-0.3515603,0.5129665,0.1213061,-0.09026339,0.03868502,0.1560743,0.8008503,0.5015205,-0.3272648,-0.003705275,180.4246,0.8008559,0.501524,-0.3272671,-0.4068835,-0.2767389,-0.2288586,0.5426922,-0.3306981,0.2743992,0.8298508,0.3559377,138.2982,-0.3538734,0.293629,0.8880066,0.1776032,-0.008577585,0.03504619,0.1812311,0.4506426,-0.4747094,-0.2151234,0.724772,87.10025,0.6540636,-0.6889943,-0.3122305,-0.1685356,1.192496,-0.05473403,1.20559,0.006079975,0.03837673,-0.2026831,-0.9784732,336.1801,0.029461,0.1859575,-0.9821172,False,False,False,False
1772879675747,1.361347,0.04550464,1.020253,0.2066031,1.041956,-0.5708637,-0.7676924,-0.00184036,0.291135,146.1481,-0.5967122,-0.8024532,-0.00192369,-0.09853941,0.6728767,-0.06459767,0.6831148,0.5481815,0.2369526,-0.7351871,0.3207034,142.5891,0.5787513,0.2501665,-0.7761854,-0.05774988,1.100804,0.2429815,1.12878,-0.05271574,1.112974,0.2774708,1.148251,-0.04790202,1.090842,0.2831,1.127997,-0.001187785,0.7216246,0.01834493,0.7218587,-0.009202633,0.6803924,0.07129943,0.6841799,-0.03149264,0.6734748,0.1040735,0.6821961,0.1053069,-0.07455232,0.04272949,0.1359169,0.1305501,-0.07726345,0.01592687,0.1525341,0.1128434,-0.08260107,0.001691282,0.139855,-0.1086008,0.03821605,-0.07401732,0.1368692,-0.1490512,0.06064437,-0.02472998,0.1628053,-0.1746759,0.04916545,0.004087575,0.1815092,0.1050353,-0.07422385,0.04388206,0.1358942,0.1358636,-0.07428962,0.01664179,0.1557396,0.115521,-0.08050612,0.001564879,0.1408147,-0.1088492,0.039133,-0.07319523,0.1368834,-0.1495587,0.06018991,-0.025,0.163143,-0.1750804,0.0485871,0.003505687,0.181731,0.1148725,-0.07593122,0.02628576,0.1401863,-0.09074984,0.9859644,-0.08273844,0.1131065,167.0112,-0.09133595,0.9923323,-0.08327281,-0.1343307,0.04359381,-0.04362892,0.1478128,0.2216944,-0.2721226,-0.6880788,0.6350972,101.1456,0.2870083,-0.3522932,-0.8907951,-0.07760321,1.108578,0.2649538,1.142439,0.4284366,-0.1923358,0.2806398,0.8370726,66.33546,0.7831163,-0.3515603,0.5129665,0.1213061,-0.09026339,0.03868502,0.1560743,0.8008503,0.5015205,-0.3272648,-0.003705275,180.4246,0.8008559,0.501524,-0.3272671,-0.4068835,-0.2767389,-0.2288586,0.5426922,-0.3306981,0.2743992,0.8298508,0.3559377,138.2982,-0.3538734,0.293629,0.8880066,0.1776032,-0.008577585,0.03504619,0.1812311,0.4506426,-0.4747094,-0.2151234,0.724772,87.10025,0.6540636,-0.6889943,-0.3122305,-0.1689236,1.192724,-0.05526967,1.205894,0.006782114,0.03863281,-0.2026254,-0.9784704,336.1786,0.03286116,0.1871863,-0.9817744,False,False,False,False
1772879675761,1.37569,0.04550464,1.020253,0.2066031,1.041956,-0.5708637,-0.7676924,-0.00184036,0.291135,146.1481,-0.5967122,-0.8024532,-0.00192369,-0.09853941,0.6728767,-0.06459767,0.6831148,0.5481815,0.2369526,-0.7351871,0.3207034,142.5891,0.5787513,0.2501665,-0.7761854,-0.05774988,1.100804,0.2429815,1.12878,-0.05271574,1.112974,0.2774708,1.148251,-0.04790202,1.090842,0.2831,1.127997,-0.001187785,0.7216246,0.01834493,0.7218587,-0.009202633,0.6803924,0.07129943,0.6841799,-0.03149264,0.6734748,0.1040735,0.6821961,0.1053069,-0.07455232,0.04272949,0.1359169,0.1305501,-0.07726345,0.01592687,0.1525341,0.1128434,-0.08260107,0.001691282,0.139855,-0.1086008,0.03821605,-0.07401732,0.1368692,-0.1490512,0.06064437,-0.02472998,0.1628053,-0.1746759,0.04916545,0.004087575,0.1815092,0.1050353,-0.07422385,0.04388206,0.1358942,0.1358636,-0.07428962,0.01664179,0.1557396,0.115521,-0.08050612,0.001564879,0.1408147,-0.1088492,0.039133,-0.07319523,0.1368834,-0.1495587,0.06018991,-0.025,0.163143,-0.1750804,0.0485871,0.003505687,0.181731,0.1148725,-0.07593122,0.02628576,0.1401863,-0.09074984,0.9859644,-0.08273844,0.1131065,167.0112,-0.09133595,0.9923323,-0.08327281,-0.1343307,0.04359381,-0.04362892,0.1478128,0.2216944,-0.2721226,-0.6880788,0.6350972,101.1456,0.2870083,-0.3522932,-0.8907951,-0.07760321,1.108578,0.2649538,1.142439,0.4284366,-0.1923358,0.2806398,0.8370726,66.33546,0.7831163,-0.3515603,0.5129665,0.1213061,-0.09026339,0.03868502,0.1560743,0.8008503,0.5015205,-0.3272648,-0.003705275,180.4246,0.8008559,0.501524,-0.3272671,-0.4068835,-0.2767389,-0.2288586,0.5426922,-0.3306981,0.2743992,0.8298508,0.3559377,138.2982,-0.3538734,0.293629,0.8880066,0.1776032,-0.008577585,0.03504619,0.1812311,0.4506426,-0.4747094,-0.2151234,0.724772,87.10025,0.6540636,-0.6889943,-0.3122305,-0.1692094,1.19286,-0.05587339,1.206097,0.007629095,0.03904063,-0.2026916,-0.9784343,336.1586,0.03693437,0.1890055,-0.9812812,False,False,False,False
1772879675775,1.389345,0.04550464,1.020253,0.2066031,1.041956,-0.5708637,-0.7676924,-0.00184036,0.291135,146.1481,-0.5967122,-0.8024532,-0.00192369,-0.09853941,0.6728767,-0.06459767,0.6831148,0.5481815,0.2369526,-0.7351871,0.3207034,142.5891,0.5787513,0.2501665,-0.7761854,-0.05774988,1.100804,0.2429815,1.12878,-0.05271574,1.112974,0.2774708,1.148251,-0.04790202,1.090842,0.2831,1.127997,-0.001187785,0.7216246,0.01834493,0.7218587,-0.009202633,0.6803924,0.07129943,0.6841799,-0.03149264,0.6734748,0.1040735,0.6821961,0.1053069,-0.07455232,0.04272949,0.1359169,0.1305501,-0.07726345,0.01592687,0.1525341,0.1128434,-0.08260107,0.001691282,0.139855,-0.1086008,0.03821605,-0.07401732,0.1368692,-0.1490512,0.06064437,-0.02472998,0.1628053,-0.1746759,0.04916545,0.004087575,0.1815092,0.1050353,-0.07422385,0.04388206,0.1358942,0.1358636,-0.07428962,0.01664179,0.1557396,0.115521,-0.08050612,0.001564879,0.1408147,-0.1088492,0.039133,-0.07319523,0.1368834,-0.1495587,0.06018991,-0.025,0.163143,-0.1750804,0.0485871,0.003505687,0.181731,0.1148725,-0.07593122,0.02628576,0.1401863,-0.09074984,0.9859644,-0.08273844,0.1131065,167.0112,-0.09133595,0.9923323,-0.08327281,-0.1343307,0.04359381,-0.04362892,0.1478128,0.2216944,-0.2721226,-0.6880788,0.6350972,101.1456,0.2870083,-0.3522932,-0.8907951,-0.07760321,1.108578,0.2649538,1.142439,0.4284366,-0.1923358,0.2806398,0.8370726,66.33546,0.7831163,-0.3515603,0.5129665,0.1213061,-0.09026339,0.03868502,0.1560743,0.8008503,0.5015205,-0.3272648,-0.003705275,180.4246,0.8008559,0.501524,-0.3272671,-0.4068835,-0.2767389,-0.2288586,0.5426922,-0.3306981,0.2743992,0.8298508,0.3559377,138.2982,-0.3538734,0.293629,0.8880066,0.1776032,-0.008577585,0.03504619,0.1812311,0.4506426,-0.4747094,-0.2151234,0.724772,87.10025,0.6540636,-0.6889943,-0.3122305,-0.1695514,1.193038,-0.05645487,1.206347,0.008231016,0.0392548,-0.2024753,-0.9784657,336.176,0.03987709,0.1901791,-0.9809392,False,False,False,False
1772879675789,1.40318,0.04550464,1.020253,0.2066031,1.041956,-0.5708637,-0.7676924,-0.00184036,0.291135,146.1481,-0.5967122,-0.8024532,-0.00192369,-0.09853941,0.6728767,-0.06459767,0.6831148,0.5481815,0.2369526,-0.7351871,0.3207034,142.5891,0.5787513,0.2501665,-0.7761854,-0.05774988,1.100804,0.2429815,1.12878,-0.05271574,1.112974,0.2774708,1.148251,-0.04790202,1.090842,0.2831,1.127997,-0.001187785,0.7216246,0.01834493,0.7218587,-0.009202633,0.6803924,0.07129943,0.6841799,-0.03149264,0.6734748,0.1040735,0.6821961,0.1053069,-0.07455232,0.04272949,0.1359169,0.1305501,-0.07726345,0.01592687,0.1525341,0.1128434,-0.08260107,0.001691282,0.139855,-0.1086008,0.03821605,-0.07401732,0.1368692,-0.1490512,0.06064437,-0.02472998,0.1628053,-0.1746759,0.04916545,0.004087575,0.1815092,0.1050353,-0.07422385,0.04388206,0.1358942,0.1358636,-0.07428962,0.01664179,0.1557396,0.115521,-0.08050612,0.001564879,0.1408147,-0.1088492,0.039133,-0.07319523,0.1368834,-0.1495587,0.06018991,-0.025,0.163143,-0.1750804,0.0485871,0.003505687,0.181731,0.1148725,-0.07593122,0.02628576,0.1401863,-0.09074984,0.9859644,-0.08273844,0.1131065,167.0112,-0.09133595,0.9923323,-0.08327281,-0.1343307,0.04359381,-0.04362892,0.1478128,0.2216944,-0.2721226,-0.6880788,0.6350972,101.1456,0.2870083,-0.3522932,-0.8907951,-0.07760321,1.108578,0.2649538,1.142439,0.4284366,-0.1923358,0.2806398,0.8370726,66.33546,0.7831163,-0.3515603,0.5129665,0.1213061,-0.09026339,0.03868502,0.1560743,0.8008503,0.5015205,-0.3272648,-0.003705275,180.4246,0.8008559,0.501524,-0.3272671,-0.4068835,-0.2767389,-0.2288586,0.5426922,-0.3306981,0.2743992,0.8298508,0.3559377,138.2982,-0.3538734,0.293629,0.8880066,0.1776032,-0.008577585,0.03504619,0.1812311,0.4506426,-0.4747094,-0.2151234,0.724772,87.10025,0.6540636,-0.6889943,-0.3122305,-0.1697693,1.193215,-0.05706416,1.206582,0.008770185,0.03964128,-0.2025869,-0.9784223,336.1519,0.042447,0.1918606,-0.9805046,False,False,False,False
1772879675802,1.417568,0.04550464,1.020253,0.2066031,1.041956,-0.5708637,-0.7676924,-0.00184036,0.291135,146.1481,-0.5967122,-0.8024532,-0.00192369,-0.09853941,0.6728767,-0.06459767,0.6831148,0.5481815,0.2369526,-0.7351871,0.3207034,142.5891,0.5787513,0.2501665,-0.7761854,-0.05774988,1.100804,0.2429815,1.12878,-0.05271574,1.112974,0.2774708,1.148251,-0.04790202,1.090842,0.2831,1.127997,-0.001187785,0.7216246,0.01834493,0.7218587,-0.009202633,0.6803924,0.07129943,0.6841799,-0.03149264,0.6734748,0.1040735,0.6821961,0.1053069,-0.07455232,0.04272949,0.1359169,0.1305501,-0.07726345,0.01592687,0.1525341,0.1128434,-0.08260107,0.001691282,0.139855,-0.1086008,0.03821605,-0.07401732,0.1368692,-0.1490512,0.06064437,-0.02472998,0.1628053,-0.1746759,0.04916545,0.004087575,0.1815092,0.1050353,-0.07422385,0.04388206,0.1358942,0.1358636,-0.07428962,0.01664179,0.1557396,0.115521,-0.08050612,0.001564879,0.1408147,-0.1088492,0.039133,-0.07319523,0.1368834,-0.1495587,0.06018991,-0.025,0.163143,-0.1750804,0.0485871,0.003505687,0.181731,0.1148725,-0.07593122,0.02628576,0.1401863,-0.09074984,0.9859644,-0.08273844,0.1131065,167.0112,-0.09133595,0.9923323,-0.08327281,-0.1343307,0.04359381,-0.04362892,0.1478128,0.2216944,-0.2721226,-0.6880788,0.6350972,101.1456,0.2870083,-0.3522932,-0.8907951,-0.07760321,1.108578,0.2649538,1.142439,0.4284366,-0.1923358,0.2806398,0.8370726,66.33546,0.7831163,-0.3515603,0.5129665,0.1213061,-0.09026339,0.03868502,0.1560743,0.8008503,0.5015205,-0.3272648,-0.003705275,180.4246,0.8008559,0.501524,-0.3272671,-0.4068835,-0.2767389,-0.2288586,0.5426922,-0.3306981,0.2743992,0.8298508,0.3559377,138.2982,-0.3538734,0.293629,0.8880066,0.1776032,-0.008577585,0.03504619,0.1812311,0.4506426,-0.4747094,-0.2151234,0.724772,87.10025,0.6540636,-0.6889943,-0.3122305,-0.1698882,1.193399,-0.05763798,1.206808,0.009039774,0.04009417,-0.2023923,-0.9784417,336.1627,0.04377123,0.1941388,-0.9799978,False,False,False,False
1772879675817,1.431012,0.04550464,1.020253,0.2066031,1.041956,-0.5708637,-0.7676924,-0.00184036,0.291135,146.1481,-0.5967122,-0.8024532,-0.00192369,-0.09853941,0.6728767,-0.06459767,0.6831148,0.5481815,0.2369526,-0.7351871,0.3207034,142.5891,0.5787513,0.2501665,-0.7761854,-0.05774988,1.100804,0.2429815,1.12878,-0.05271574,1.112974,0.2774708,1.148251,-0.04790202,1.090842,0.2831,1.127997,-0.001187785,0.7216246,0.01834493,0.7218587,-0.009202633,0.6803924,0.07129943,0.6841799,-0.03149264,0.6734748,0.1040735,0.6821961,0.1053069,-0.07455232,0.04272949,0.1359169,0.1305501,-0.07726345,0.01592687,0.1525341,0.1128434,-0.08260107,0.001691282,0.139855,-0.1086008,0.03821605,-0.07401732,0.1368692,-0.1490512,0.06064437,-0.02472998,0.1628053,-0.1746759,0.04916545,0.004087575,0.1815092,0.1050353,-0.07422385,0.04388206,0.1358942,0.1358636,-0.07428962,0.01664179,0.1557396,0.115521,-0.08050612,0.001564879,0.1408147,-0.1088492,0.039133,-0.07319523,0.1368834,-0.1495587,0.06018991,-0.025,0.163143,-0.1750804,0.0485871,0.003505687,0.181731,0.1148725,-0.07593122,0.02628576,0.1401863,-0.09074984,0.9859644,-0.08273844,0.1131065,167.0112,-0.09133595,0.9923323,-0.08327281,-0.1343307,0.04359381,-0.04362892,0.1478128,0.2216944,-0.2721226,-0.6880788,0.6350972,101.1456,0.2870083,-0.3522932,-0.8907951,-0.07760321,1.108578,0.2649538,1.142439,0.4284366,-0.1923358,0.2806398,0.8370726,66.33546,0.7831163,-0.3515603,0.5129665,0.1213061,-0.09026339,0.03868502,0.1560743,0.8008503,0.5015205,-0.3272648,-0.003705275,180.4246,0.8008559,0.501524,-0.3272671,-0.4068835,-0.2767389,-0.2288586,0.5426922,-0.3306981,0.2743992,0.8298508,0.3559377,138.2982,-0.3538734,0.293629,0.8880066,0.1776032,-0.008577585,0.03504619,0.1812311,0.4506426,-0.4747094,-0.2151234,0.724772,87.10025,0.6540636,-0.6889943,-0.3122305,-0.1701358,1.193564,-0.05821205,1.207034,0.009417849,0.04034302,-0.2022663,-0.9784539,336.1694,0.0456147,0.1953987,-0.9796628,False,False,False,False
1772879675830,1.444933,0.04550464,1.020253,0.2066031,1.041956,-0.5708637,-0.7676924,-0.00184036,0.291135,146.1481,-0.5967122,-0.8024532,-0.00192369,-0.09853941,0.6728767,-0.06459767,0.6831148,0.5481815,0.2369526,-0.7351871,0.3207034,142.5891,0.5787513,0.2501665,-0.7761854,-0.05774988,1.100804,0.2429815,1.12878,-0.05271574,1.112974,0.2774708,1.148251,-0.04790202,1.090842,0.2831,1.127997,-0.001187785,0.7216246,0.01834493,0.7218587,-0.009202633,0.6803924,0.07129943,0.6841799,-0.03149264,0.6734748,0.1040735,0.6821961,0.1053069,-0.07455232,0.04272949,0.1359169,0.1305501,-0.07726345,0.01592687,0.1525341,0.1128434,-0.08260107,0.001691282,0.139855,-0.1086008,0.03821605,-0.07401732,0.1368692,-0.1490512,0.06064437,-0.02472998,0.1628053,-0.1746759,0.04916545,0.004087575,0.1815092,0.1050353,-0.07422385,0.04388206,0.1358942,0.1358636,-0.07428962,0.01664179,0.1557396,0.115521,-0.08050612,0.001564879,0.1408147,-0.1088492,0.039133,-0.07319523,0.1368834,-0.1495587,0.06018991,-0.025,0.163143,-0.1750804,0.0485871,0.003505687,0.181731,0.1148725,-0.07593122,0.02628576,0.1401863,-0.09074984,0.9859644,-0.08273844,0.1131065,167.0112,-0.09133595,0.9923323,-0.08327281,-0.1343307,0.04359381,-0.04362892,0.1478128,0.2216944,-0.2721226,-0.6880788,0.6350972,101.1456,0.2870083,-0.3522932,-0.8907951,-0.07760321,1.108578,0.2649538,1.142439,0.4284366,-0.1923358,0.2806398,0.8370726,66.33546,0.7831163,-0.3515603,0.5129665,0.1213061,-0.09026339,0.03868502,0.1560743,0.8008503,0.5015205,-0.3272648,-0.003705275,180.4246,0.8008559,0.501524,-0.3272671,-0.4068835,-0.2767389,-0.2288586,0.5426922,-0.3306981,0.2743992,0.8298508,0.3559377,138.2982,-0.3538734,0.293629,0.8880066,0.1776032,-0.008577585,0.03504619,0.1812311,0.4506426,-0.4747094,-0.2151234,0.724772,87.10025,0.6540636,-0.6889943,-0.3122305,-0.1703823,1.193708,-0.05878052,1.207239,0.01015205,0.0409389,-0.2022595,-0.9784232,336.1524,0.04913612,0.1981452,-0.9789404,False,False,False,False
1772879675843,1.459278,0.04550464,1.020253,0.2066031,1.041956,-0.5708637,-0.7676924,-0.00184036,0.291135,146.1481,-0.5967122,-0.8024532,-0.00192369,-0.09853941,0.6728767,-0.06459767,0.6831148,0.5481815,0.2369526,-0.7351871,0.3207034,142.5891,0.5787513,0.2501665,-0.7761854,-0.05774988,1.100804,0.2429815,1.12878,-0.05271574,1.112974,0.2774708,1.148251,-0.04790202,1.090842,0.2831,1.127997,-0.001187785,0.7216246,0.01834493,0.7218587,-0.009202633,0.6803924,0.07129943,0.6841799,-0.03149264,0.6734748,0.1040735,0.6821961,0.1053069,-0.07455232,0.04272949,0.1359169,0.1305501,-0.07726345,0.01592687,0.1525341,0.1128434,-0.08260107,0.001691282,0.139855,-0.1086008,0.03821605,-0.07401732,0.1368692,-0.1490512,0.06064437,-0.02472998,0.1628053,-0.1746759,0.04916545,0.004087575,0.1815092,0.1050353,-0.07422385,0.04388206,0.1358942,0.1358636,-0.07428962,0.01664179,0.1557396,0.115521,-0.08050612,0.001564879,0.1408147,-0.1088492,0.039133,-0.07319523,0.1368834,-0.1495587,0.06018991,-0.025,0.163143,-0.1750804,0.0485871,0.003505687,0.181731,0.1148725,-0.07593122,0.02628576,0.1401863,-0.09074984,0.9859644,-0.08273844,0.1131065,167.0112,-0.09133595,0.9923323,-0.08327281,-0.1343307,0.04359381,-0.04362892,0.1478128,0.2216944,-0.2721226,-0.6880788,0.6350972,101.1456,0.2870083,-0.3522932,-0.8907951,-0.07760321,1.108578,0.2649538,1.142439,0.4284366,-0.1923358,0.2806398,0.8370726,66.33546,0.7831163,-0.3515603,0.5129665,0.1213061,-0.09026339,0.03868502,0.1560743,0.8008503,0.5015205,-0.3272648,-0.003705275,180.4246,0.8008559,0.501524,-0.3272671,-0.4068835,-0.2767389,-0.2288586,0.5426922,-0.3306981,0.2743992,0.8298508,0.3559377,138.2982,-0.3538734,0.293629,0.8880066,0.1776032,-0.008577585,0.03504619,0.1812311,0.4506426,-0.4747094,-0.2151234,0.724772,87.10025,0.6540636,-0.6889943,-0.3122305,-0.1706635,1.193849,-0.05930464,1.207443,0.01092629,0.04148799,-0.202261,-0.9783915,336.1348,0.05284502,0.2006567,-0.9782355,False,False,False,False
1772879675858,1.472764,0.04550464,1.020253,0.2066031,1.041956,-0.5708637,-0.7676924,-0.00184036,0.291135,146.1481,-0.5967122,-0.8024532,-0.00192369,-0.09853941,0.6728767,-0.06459767,0.6831148,0.5481815,0.2369526,-0.7351871,0.3207034,142.5891,0.5787513,0.2501665,-0.7761854,-0.05774988,1.100804,0.2429815,1.12878,-0.05271574,1.112974,0.2774708,1.148251,-0.04790202,1.090842,0.2831,1.127997,-0.001187785,0.7216246,0.01834493,0.7218587,-0.009202633,0.6803924,0.07129943,0.6841799,-0.03149264,0.6734748,0.1040735,0.6821961,0.1053069,-0.07455232,0.04272949,0.1359169,0.1305501,-0.07726345,0.01592687,0.1525341,0.1128434,-0.08260107,0.001691282,0.139855,-0.1086008,0.03821605,-0.07401732,0.1368692,-0.1490512,0.06064437,-0.02472998,0.1628053,-0.1746759,0.04916545,0.004087575,0.1815092,0.1050353,-0.07422385,0.04388206,0.1358942,0.1358636,-0.07428962,0.01664179,0.1557396,0.115521,-0.08050612,0.001564879,0.1408147,-0.1088492,0.039133,-0.07319523,0.1368834,-0.1495587,0.06018991,-0.025,0.163143,-0.1750804,0.0485871,0.003505687,0.181731,0.1148725,-0.07593122,0.02628576,0.1401863,-0.09074984,0.9859644,-0.08273844,0.1131065,167.0112,-0.09133595,0.9923323,-0.08327281,-0.1343307,0.04359381,-0.04362892,0.1478128,0.2216944,-0.2721226,-0.6880788,0.6350972,101.1456,0.2870083,-0.3522932,-0.8907951,-0.07760321,1.108578,0.2649538,1.142439,0.4284366,-0.1923358,0.2806398,0.8370726,66.33546,0.7831163,-0.3515603,0.5129665,0.1213061,-0.09026339,0.03868502,0.1560743,0.8008503,0.5015205,-0.3272648,-0.003705275,180.4246,0.8008559,0.501524,-0.3272671,-0.4068835,-0.2767389,-0.2288586,0.5426922,-0.3306981,0.2743992,0.8298508,0.3559377,138.2982,-0.3538734,0.293629,0.8880066,0.1776032,-0.008577585,0.03504619,0.1812311,0.4506426,-0.4747094,-0.2151234,0.724772,87.10025,0.6540636,-0.6889943,-0.3122305,-0.170829,1.19396,-0.05986034,1.207604,0.01161116,0.04229725,-0.2022717,-0.9783467,336.11,0.05609995,0.2043614,-0.9772866,False,False,False,False
1772879675872,1.487208,0.04550464,1.020253,0.2066031,1.041956,-0.5708637,-0.7676924,-0.00184036,0.291135,146.1481,-0.5967122,-0.8024532,-0.00192369,-0.09853941,0.6728767,-0.06459767,0.6831148,0.5481815,0.2369526,-0.7351871,0.3207034,142.5891,0.5787513,0.2501665,-0.7761854,-0.05774988,1.100804,0.2429815,1.12878,-0.05271574,1.112974,0.2774708,1.148251,-0.04790202,1.090842,0.2831,1.127997,-0.001187785,0.7216246,0.01834493,0.7218587,-0.009202633,0.6803924,0.07129943,0.6841799,-0.03149264,0.6734748,0.1040735,0.6821961,0.1053069,-0.07455232,0.04272949,0.1359169,0.1305501,-0.07726345,0.01592687,0.1525341,0.1128434,-0.08260107,0.001691282,0.139855,-0.1086008,0.03821605,-0.07401732,0.1368692,-0.1490512,0.06064437,-0.02472998,0.1628053,-0.1746759,0.04916545,0.004087575,0.1815092,0.1050353,-0.07422385,0.04388206,0.1358942,0.1358636,-0.07428962,0.01664179,0.1557396,0.115521,-0.08050612,0.001564879,0.1408147,-0.1088492,0.039133,-0.07319523,0.1368834,-0.1495587,0.06018991,-0.025,0.163143,-0.1750804,0.0485871,0.003505687,0.181731,0.1148725,-0.07593122,0.02628576,0.1401863,-0.09074984,0.9859644,-0.08273844,0.1131065,167.0112,-0.09133595,0.9923323,-0.08327281,-0.1343307,0.04359381,-0.04362892,0.1478128,0.2216944,-0.2721226,-0.6880788,0.6350972,101.1456,0.2870083,-0.3522932,-0.8907951,-0.07760321,1.108578,0.2649538,1.142439,0.4284366,-0.1923358,0.2806398,0.8370726,66.33546,0.7831163,-0.3515603,0.5129665,0.1213061,-0.09026339,0.03868502,0.1560743,0.8008503,0.5015205,-0.3272648,-0.003705275,180.4246,0.8008559,0.501524,-0.3272671,-0.4068835,-0.2767389,-0.2288586,0.5426922,-0.3306981,0.2743992,0.8298508,0.3559377,138.2982,-0.3538734,0.293629,0.8880066,0.1776032,-0.008577585,0.03504619,0.1812311,0.4506426,-0.4747094,-0.2151234,0.724772,87.10025,0.6540636,-0.6889943,-0.3122305,-0.1709613,1.1941,-0.06031964,1.207784,0.01230356,0.04294655,-0.2025455,-0.9782533,336.0583,0.05931889,0.2070573,-0.9765288,False,False,False,False
1772879675886,1.500747,0.04550464,1.020253,0.2066031,1.041956,-0.5708637,-0.7676924,-0.00184036,0.291135,146.1481,-0.5967122,-0.8024532,-0.00192369,-0.09853941,0.6728767,-0.06459767,0.6831148,0.5481815,0.2369526,-0.7351871,0.3207034,142.5891,0.5787513,0.2501665,-0.7761854,-0.05774988,1.100804,0.2429815,1.12878,-0.05271574,1.112974,0.2774708,1.148251,-0.04790202,1.090842,0.2831,1.127997,-0.001187785,0.7216246,0.01834493,0.7218587,-0.009202633,0.6803924,0.07129943,0.6841799,-0.03149264,0.6734748,0.1040735,0.6821961,0.1053069,-0.07455232,0.04272949,0.1359169,0.1305501,-0.07726345,0.01592687,0.1525341,0.1128434,-0.08260107,0.001691282,0.139855,-0.1086008,0.03821605,-0.07401732,0.1368692,-0.1490512,0.06064437,-0.02472998,0.1628053,-0.1746759,0.04916545,0.004087575,0.1815092,0.1050353,-0.07422385,0.04388206,0.1358942,0.1358636,-0.07428962,0.01664179,0.1557396,0.115521,-0.08050612,0.001564879,0.1408147,-0.1088492,0.039133,-0.07319523,0.1368834,-0.1495587,0.06018991,-0.025,0.163143,-0.1750804,0.0485871,0.003505687,0.181731,0.1148725,-0.07593122,0.02628576,0.1401863,-0.09074984,0.9859644,-0.08273844,0.1131065,167.0112,-0.09133595,0.9923323,-0.08327281,-0.1343307,0.04359381,-0.04362892,0.1478128,0.2216944,-0.2721226,-0.6880788,0.6350972,101.1456,0.2870083,-0.3522932,-0.8907951,-0.07760321,1.108578,0.2649538,1.142439,0.4284366,-0.1923358,0.2806398,0.8370726,66.33546,0.7831163,-0.3515603,0.5129665,0.1213061,-0.09026339,0.03868502,0.1560743,0.8008503,0.5015205,-0.3272648,-0.003705275,180.4246,0.8008559,0.501524,-0.3272671,-0.4068835,-0.2767389,-0.2288586,0.5426922,-0.3306981,0.2743992,0.8298508,0.3559377,138.2982,-0.3538734,0.293629,0.8880066,0.1776032,-0.008577585,0.03504619,0.1812311,0.4506426,-0.4747094,-0.2151234,0.724772,87.10025,0.6540636,-0.6889943,-0.3122305,-0.1711226,1.194308,-0.06076456,1.208034,0.01296084,0.0436625,-0.2027708,-0.9781665,336.0104,0.06236485,0.2100947,-0.9756902,False,False,False,False
1772879675900,1.514446,0.04550464,1.020253,0.2066031,1.041956,-0.5708637,-0.7676924,-0.00184036,0.291135,146.1481,-0.5967122,-0.8024532,-0.00192369,-0.09853941,0.6728767,-0.06459767,0.6831148,0.5481815,0.2369526,-0.7351871,0.3207034,142.5891,0.5787513,0.2501665,-0.7761854,-0.05774988,1.100804,0.2429815,1.12878,-0.05271574,1.112974,0.2774708,1.148251,-0.04790202,1.090842,0.2831,1.127997,-0.001187785,0.7216246,0.01834493,0.7218587,-0.009202633,0.6803924,0.07129943,0.6841799,-0.03149264,0.6734748,0.1040735,0.6821961,0.1053069,-0.07455232,0.04272949,0.1359169,0.1305501,-0.07726345,0.01592687,0.1525341,0.1128434,-0.08260107,0.001691282,0.139855,-0.1086008,0.03821605,-0.07401732,0.1368692,-0.1490512,0.06064437,-0.02472998,0.1628053,-0.1746759,0.04916545,0.004087575,0.1815092,0.1050353,-0.07422385,0.04388206,0.1358942,0.1358636,-0.07428962,0.01664179,0.1557396,0.115521,-0.08050612,0.001564879,0.1408147,-0.1088492,0.039133,-0.07319523,0.1368834,-0.1495587,0.06018991,-0.025,0.163143,-0.1750804,0.0485871,0.003505687,0.181731,0.1148725,-0.07593122,0.02628576,0.1401863,-0.09074984,0.9859644,-0.08273844,0.1131065,167.0112,-0.09133595,0.9923323,-0.08327281,-0.1343307,0.04359381,-0.04362892,0.1478128,0.2216944,-0.2721226,-0.6880788,0.6350972,101.1456,0.2870083,-0.3522932,-0.8907951,-0.07760321,1.108578,0.2649538,1.142439,0.4284366,-0.1923358,0.2806398,0.8370726,66.33546,0.7831163,-0.3515603,0.5129665,0.1213061,-0.09026339,0.03868502,0.1560743,0.8008503,0.5015205,-0.3272648,-0.003705275,180.4246,0.8008559,0.501524,-0.3272671,-0.4068835,-0.2767389,-0.2288586,0.5426922,-0.3306981,0.2743992,0.8298508,0.3559377,138.2982,-0.3538734,0.293629,0.8880066,0.1776032,-0.008577585,0.03504619,0.1812311,0.4506426,-0.4747094,-0.2151234,0.724772,87.10025,0.6540636,-0.6889943,-0.3122305,-0.1713194,1.194535,-0.06112957,1.208305,0.01373004,0.04422478,-0.2029248,-0.9780988,335.9731,0.06596503,0.2124749,-0.9749383,False,False,False,False
1772879675913,1.528749,0.04550464,1.020253,0.2066031,1.041956,-0.5708637,-0.7676924,-0.00184036,0.291135,146.1481,-0.5967122,-0.8024532,-0.00192369,-0.09853941,0.6728767,-0.06459767,0.6831148,0.5481815,0.2369526,-0.7351871,0.3207034,142.5891,0.5787513,0.2501665,-0.7761854,-0.05774988,1.100804,0.2429815,1.12878,-0.05271574,1.112974,0.2774708,1.148251,-0.04790202,1.090842,0.2831,1.127997,-0.001187785,0.7216246,0.01834493,0.7218587,-0.009202633,0.6803924,0.07129943,0.6841799,-0.03149264,0.6734748,0.1040735,0.6821961,0.1053069,-0.07455232,0.04272949,0.1359169,0.1305501,-0.07726345,0.01592687,0.1525341,0.1128434,-0.08260107,0.001691282,0.139855,-0.1086008,0.03821605,-0.07401732,0.1368692,-0.1490512,0.06064437,-0.02472998,0.1628053,-0.1746759,0.04916545,0.004087575,0.1815092,0.1050353,-0.07422385,0.04388206,0.1358942,0.1358636,-0.07428962,0.01664179,0.1557396,0.115521,-0.08050612,0.001564879,0.1408147,-0.1088492,0.039133,-0.07319523,0.1368834,-0.1495587,0.06018991,-0.025,0.163143,-0.1750804,0.0485871,0.003505687,0.181731,0.1148725,-0.07593122,0.02628576,0.1401863,-0.09074984,0.9859644,-0.08273844,0.1131065,167.0112,-0.09133595,0.9923323,-0.08327281,-0.1343307,0.04359381,-0.04362892,0.1478128,0.2216944,-0.2721226,-0.6880788,0.6350972,101.1456,0.2870083,-0.3522932,-0.8907951,-0.07760321,1.108578,0.2649538,1.142439,0.4284366,-0.1923358,0.2806398,0.8370726,66.33546,0.7831163,-0.3515603,0.5129665,0.1213061,-0.09026339,0.03868502,0.1560743,0.8008503,0.5015205,-0.3272648,-0.003705275,180.4246,0.8008559,0.501524,-0.3272671,-0.4068835,-0.2767389,-0.2288586,0.5426922,-0.3306981,0.2743992,0.8298508,0.3559377,138.2982,-0.3538734,0.293629,0.8880066,0.1776032,-0.008577585,0.03504619,0.1812311,0.4506426,-0.4747094,-0.2151234,0.724772,87.10025,0.6540636,-0.6889943,-0.3122305,-0.1714816,1.194745,-0.06144593,1.208552,0.01408022,0.04507395,-0.2030087,-0.9780377,335.9395,0.06755424,0.2162564,-0.9739974,False,False,False,False
1772879675929,1.542822,0.04550464,1.020253,0.2066031,1.041956,-0.5708637,-0.7676924,-0.00184036,0.291135,146.1481,-0.5967122,-0.8024532,-0.00192369,-0.09853941,0.6728767,-0.06459767,0.6831148,0.5481815,0.2369526,-0.7351871,0.3207034,142.5891,0.5787513,0.2501665,-0.7761854,-0.05774988,1.100804,0.2429815,1.12878,-0.05271574,1.112974,0.2774708,1.148251,-0.04790202,1.090842,0.2831,1.127997,-0.001187785,0.7216246,0.01834493,0.7218587,-0.009202633,0.6803924,0.07129943,0.6841799,-0.03149264,0.6734748,0.1040735,0.6821961,0.1053069,-0.07455232,0.04272949,0.1359169,0.1305501,-0.07726345,0.01592687,0.1525341,0.1128434,-0.08260107,0.001691282,0.139855,-0.1086008,0.03821605,-0.07401732,0.1368692,-0.1490512,0.06064437,-0.02472998,0.1628053,-0.1746759,0.04916545,0.004087575,0.1815092,0.1050353,-0.07422385,0.04388206,0.1358942,0.1358636,-0.07428962,0.01664179,0.1557396,0.115521,-0.08050612,0.001564879,0.1408147,-0.1088492,0.039133,-0.07319523,0.1368834,-0.1495587,0.06018991,-0.025,0.163143,-0.1750804,0.0485871,0.003505687,0.181731,0.1148725,-0.07593122,0.02628576,0.1401863,-0.09074984,0.9859644,-0.08273844,0.1131065,167.0112,-0.09133595,0.9923323,-0.08327281,-0.1343307,0.04359381,-0.04362892,0.1478128,0.2216944,-0.2721226,-0.6880788,0.6350972,101.1456,0.2870083,-0.3522932,-0.8907951,-0.07760321,1.108578,0.2649538,1.142439,0.4284366,-0.1923358,0.2806398,0.8370726,66.33546,0.7831163,-0.3515603,0.5129665,0.1213061,-0.09026339,0.03868502,0.1560743,0.8008503,0.5015205,-0.3272648,-0.003705275,180.4246,0.8008559,0.501524,-0.3272671,-0.4068835,-0.2767389,-0.2288586,0.5426922,-0.3306981,0.2743992,0.8298508,0.3559377,138.2982,-0.3538734,0.293629,0.8880066,0.1776032,-0.008577585,0.03504619,0.1812311,0.4506426,-0.4747094,-0.2151234,0.724772,87.10025,0.6540636,-0.6889943,-0.3122305,-0.1716073,1.1948,-0.06184339,1.208645,0.01424205,0.04580892,-0.202788,-0.9780469,335.9445,0.06834495,0.2198285,-0.9731419,False,False,False,False
1772879675942,1.557351,0.04550464,1.020253,0.2066031,1.041956,-0.5708637,-0.7676924,-0.00184036,0.291135,146.1481,-0.5967122,-0.8024532,-0.00192369,-0.09853941,0.6728767,-0.06459767,0.6831148,0.5481815,0.2369526,-0.7351871,0.3207034,142.5891,0.5787513,0.2501665,-0.7761854,-0.05774988,1.100804,0.2429815,1.12878,-0.05271574,1.112974,0.2774708,1.148251,-0.04790202,1.090842,0.2831,1.127997,-0.001187785,0.7216246,0.01834493,0.7218587,-0.009202633,0.6803924,0.07129943,0.6841799,-0.03149264,0.6734748,0.1040735,0.6821961,0.1053069,-0.07455232,0.04272949,0.1359169,0.1305501,-0.07726345,0.01592687,0.1525341,0.1128434,-0.08260107,0.001691282,0.139855,-0.1086008,0.03821605,-0.07401732,0.1368692,-0.1490512,0.06064437,-0.02472998,0.1628053,-0.1746759,0.04916545,0.004087575,0.1815092,0.1050353,-0.07422385,0.04388206,0.1358942,0.1358636,-0.07428962,0.01664179,0.1557396,0.115521,-0.08050612,0.001564879,0.1408147,-0.1088492,0.039133,-0.07319523,0.1368834,-0.1495587,0.06018991,-0.025,0.163143,-0.1750804,0.0485871,0.003505687,0.181731,0.1148725,-0.07593122,0.02628576,0.1401863,-0.09074984,0.9859644,-0.08273844,0.1131065,167.0112,-0.09133595,0.9923323,-0.08327281,-0.1343307,0.04359381,-0.04362892,0.1478128,0.2216944,-0.2721226,-0.6880788,0.6350972,101.1456,0.2870083,-0.3522932,-0.8907951,-0.07750946,1.108504,0.265128,1.142401,0.4352183,-0.1883378,0.2755184,0.836184,66.52135,0.7935436,-0.3434006,0.502359,0.1213061,-0.09026339,0.03868502,0.1560743,0.8008503,0.5015205,-0.3272648,-0.003705275,180.4246,0.8008559,0.501524,-0.3272671,-0.4068835,-0.2767389,-0.2288586,0.5426922,-0.3306981,0.2743992,0.8298508,0.3559377,138.2982,-0.3538734,0.293629,0.8880066,0.1775095,-0.008503556,0.03487197,0.1811021,0.4442825,-0.4791459,-0.2204624,0.7241746,87.19956,0.6442454,-0.6948001,-0.3196882,-0.1716883,1.194919,-0.06217331,1.208791,0.01420534,0.04662812,-0.2025262,-0.978063,335.9534,0.0681935,0.2238407,-0.9722378,False,False,False,False
1772879675955,1.570588,0.04550464,1.020253,0.2066031,1.041956,-0.5708637,-0.7676924,-0.00184036,0.291135,146.1481,-0.5967122,-0.8024532,-0.00192369,-0.09853941,0.6728767,-0.06459767,0.6831148,0.5481815,0.2369526,-0.7351871,0.3207034,142.5891,0.5787513,0.2501665,-0.7761854,-0.05774988,1.100804,0.2429815,1.12878,-0.05271574,1.112974,0.2774708,1.148251,-0.04790202,1.090842,0.2831,1.127997,-0.001187785,0.7216246,0.01834493,0.7218587,-0.009202633,0.6803924,0.07129943,0.6841799,-0.03149264,0.6734748,0.1040735,0.6821961,0.1053069,-0.07455232,0.04272949,0.1359169,0.1305501,-0.07726345,0.01592687,0.1525341,0.1128434,-0.08260107,0.001691282,0.139855,-0.1086008,0.03821605,-0.07401732,0.1368692,-0.1490512,0.06064437,-0.02472998,0.1628053,-0.1746759,0.04916545,0.004087575,0.1815092,0.1050353,-0.07422385,0.04388206,0.1358942,0.1358636,-0.07428962,0.01664179,0.1557396,0.115521,-0.08050612,0.001564879,0.1408147,-0.1088492,0.039133,-0.07319523,0.1368834,-0.1495587,0.06018991,-0.025,0.163143,-0.1750804,0.0485871,0.003505687,0.181731,0.1148725,-0.07593122,0.02628576,0.1401863,-0.09074984,0.9859644,-0.08273844,0.1131065,167.0112,-0.09133595,0.9923323,-0.08327281,-0.1343307,0.04359381,-0.04362892,0.1478128,0.2216944,-0.2721226,-0.6880788,0.6350972,101.1456,0.2870083,-0.3522932,-0.8907951,-0.07732438,1.108292,0.26542,1.142252,0.4476959,-0.1832446,0.2648213,0.8341819,66.93851,0.8117942,-0.3322723,0.4801929,0.1213061,-0.09026339,0.03868502,0.1560743,0.8008503,0.5015205,-0.3272648,-0.003705275,180.4246,0.8008559,0.501524,-0.3272671,-0.4068835,-0.2767389,-0.2288586,0.5426922,-0.3306981,0.2743992,0.8298508,0.3559377,138.2982,-0.3538734,0.293629,0.8880066,0.1773244,-0.008292437,0.03458002,0.1808549,0.4311129,-0.4868189,-0.2286883,0.724466,87.15113,0.6254261,-0.7062402,-0.3317637,-0.1717606,1.194859,-0.06260254,1.208763,0.01399113,0.04697071,-0.2023232,-0.9780917,335.9692,0.06720868,0.2256316,-0.9718927,False,False,False,False
1772879675970,1.583985,0.04550464,1.020253,0.2066031,1.041956,-0.5708637,-0.7676924,-0.00184036,0.291135,146.1481,-0.5967122,-0.8024532,-0.00192369,-0.09853941,0.6728767,-0.06459767,0.6831148,0.5481815,0.2369526,-0.7351871,0.3207034,142.5891,0.5787513,0.2501665,-0.7761854,-0.05774988,1.100804,0.2429815,1.12878,-0.05271574,1.112974,0.2774708,1.148251,-0.04790202,1.090842,0.2831,1.127997,-0.001187785,0.7216246,0.01834493,0.7218587,-0.009202633,0.6803924,0.07129943,0.6841799,-0.03149264,0.6734748,0.1040735,0.6821961,0.1053069,-0.07455232,0.04272949,0.1359169,0.1305501,-0.07726345,0.01592687,0.1525341,0.1128434,-0.08260107,0.001691282,0.139855,-0.1086008,0.03821605,-0.07401732,0.1368692,-0.1490512,0.06064437,-0.02472998,0.1628053,-0.1746759,0.04916545,0.004087575,0.1815092,0.1050353,-0.07422385,0.04388206,0.1358942,0.1358636,-0.07428962,0.01664179,0.1557396,0.115521,-0.08050612,0.001564879,0.1408147,-0.1088492,0.039133,-0.07319523,0.1368834,-0.1495587,0.06018991,-0.025,0.163143,-0.1750804,0.0485871,0.003505687,0.181731,0.1148725,-0.07593122,0.02628576,0.1401863,-0.09074984,0.9859644,-0.08273844,0.1131065,167.0112,-0.09133595,0.9923323,-0.08327281,-0.1343307,0.04359381,-0.04362892,0.1478128,0.2216944,-0.2721226,-0.6880788,0.6350972,101.1456,0.2870083,-0.3522932,-0.8907951,-0.07635753,1.107386,0.2666143,1.141586,0.4770024,-0.1645039,0.2397776,0.8294058,67.92451,0.8538536,-0.2944686,0.4292115,0.1213061,-0.09026339,0.03868502,0.1560743,0.8008503,0.5015205,-0.3272648,-0.003705275,180.4246,0.8008559,0.501524,-0.3272671,-0.4068835,-0.2767389,-0.2288586,0.5426922,-0.3306981,0.2743992,0.8298508,0.3559377,138.2982,-0.3538734,0.293629,0.8880066,0.1763575,-0.007386088,0.03338566,0.1796417,0.4011532,-0.5073377,-0.2515281,0.7200128,87.88894,0.578063,-0.7310753,-0.3624527,-0.1718281,1.195016,-0.06290255,1.208944,0.01376074,0.04723107,-0.2023811,-0.9780704,335.9575,0.06607023,0.2267732,-0.9717039,False,False,False,False
1772879675983,1.598196,0.04550464,1.020253,0.2066031,1.041956,-0.5708637,-0.7676924,-0.00184036,0.291135,146.1481,-0.5967122,-0.8024532,-0.00192369,-0.09853941,0.6728767,-0.06459767,0.6831148,0.5481815,0.2369526,-0.7351871,0.3207034,142.5891,0.5787513,0.2501665,-0.7761854,-0.05774988,1.100804,0.2429815,1.12878,-0.05271574,1.112974,0.2774708,1.148251,-0.04790202,1.090842,0.2831,1.127997,-0.001187785,0.7216246,0.01834493,0.7218587,-0.009202633,0.6803924,0.07129943,0.6841799,-0.03149264,0.6734748,0.1040735,0.6821961,0.1053069,-0.07455232,0.04272949,0.1359169,0.1305501,-0.07726345,0.01592687,0.1525341,0.1128434,-0.08260107,0.001691282,0.139855,-0.1086008,0.03821605,-0.07401732,0.1368692,-0.1490512,0.06064437,-0.02472998,0.1628053,-0.1746759,0.04916545,0.004087575,0.1815092,0.1050353,-0.07422385,0.04388206,0.1358942,0.1358636,-0.07428962,0.01664179,0.1557396,0.115521,-0.08050612,0.001564879,0.1408147,-0.1088492,0.039133,-0.07319523,0.1368834,-0.1495587,0.06018991,-0.025,0.163143,-0.1750804,0.0485871,0.003505687,0.181731,0.1148725,-0.07593122,0.02628576,0.1401863,-0.09074984,0.9859644,-0.08273844,0.1131065,167.0112,-0.09133595,0.9923323,-0.08327281,-0.1343307,0.04359381,-0.04362892,0.1478128,0.2216944,-0.2721226,-0.6880788,0.6350972,101.1456,0.2870083,-0.3522932,-0.8907951,-0.07614563,1.107254,0.2668894,1.141507,0.4777796,-0.1616358,0.2313749,0.8319052,67.41011,0.8609917,-0.2912788,0.4169535,0.1213061,-0.09026339,0.03868502,0.1560743,0.8008503,0.5015205,-0.3272648,-0.003705275,180.4246,0.8008559,0.501524,-0.3272671,-0.4068835,-0.2767389,-0.2288586,0.5426922,-0.3306981,0.2743992,0.8298508,0.3559377,138.2982,-0.3538734,0.293629,0.8880066,0.1761456,-0.007253528,0.03311062,0.1793773,0.3961926,-0.5147439,-0.2500213,0.7180248,88.21671,0.5692278,-0.739556,-0.359217,-0.1718567,1.19508,-0.06324985,1.209029,0.01414699,0.048289,-0.2028244,-0.9779214,335.8757,0.06769773,0.2310778,-0.9705772,False,False,False,False
1772879675997,1.611282,0.04550464,1.020253,0.2066031,1.041956,-0.5708637,-0.7676924,-0.00184036,0.291135,146.1481,-0.5967122,-0.8024532,-0.00192369,-0.09853941,0.6728767,-0.06459767,0.6831148,0.5481815,0.2369526,-0.7351871,0.3207034,142.5891,0.5787513,0.2501665,-0.7761854,-0.05774988,1.100804,0.2429815,1.12878,-0.05271574,1.112974,0.2774708,1.148251,-0.04790202,1.090842,0.2831,1.127997,-0.001187785,0.7216246,0.01834493,0.7218587,-0.009202633,0.6803924,0.07129943,0.6841799,-0.03149264,0.6734748,0.1040735,0.6821961,0.1053069,-0.07455232,0.04272949,0.1359169,0.1305501,-0.07726345,0.01592687,0.1525341,0.1128434,-0.08260107,0.001691282,0.139855,-0.1086008,0.03821605,-0.07401732,0.1368692,-0.1490512,0.06064437,-0.02472998,0.1628053,-0.1746759,0.04916545,0.004087575,0.1815092,0.1050353,-0.07422385,0.04388206,0.1358942,0.1358636,-0.07428962,0.01664179,0.1557396,0.115521,-0.08050612,0.001564879,0.1408147,-0.1088492,0.039133,-0.07319523,0.1368834,-0.1495587,0.06018991,-0.025,0.163143,-0.1750804,0.0485871,0.003505687,0.181731,0.1148725,-0.07593122,0.02628576,0.1401863,-0.09074984,0.9859644,-0.08273844,0.1131065,167.0112,-0.09133595,0.9923323,-0.08327281,-0.1343307,0.04359381,-0.04362892,0.1478128,0.2216944,-0.2721226,-0.6880788,0.6350972,101.1456,0.2870083,-0.3522932,-0.8907951,-0.07540536,1.106714,0.2674359,1.141062,0.4855296,-0.1600063,0.2014059,0.8355207,66.65981,0.8836502,-0.291207,0.366553,0.1213061,-0.09026339,0.03868502,0.1560743,0.8008503,0.5015205,-0.3272648,-0.003705275,180.4246,0.8008559,0.501524,-0.3272671,-0.4068835,-0.2767389,-0.2288586,0.5426922,-0.3306981,0.2743992,0.8298508,0.3559377,138.2982,-0.3538734,0.293629,0.8880066,0.1754054,-0.006713748,0.03256413,0.1785288,0.3726716,-0.5345623,-0.2447369,0.7179577,88.22778,0.5353808,-0.7679533,-0.3515895,-0.1719306,1.195153,-0.06362969,1.209132,0.01464382,0.04959812,-0.202756,-0.9778628,335.8435,0.06998336,0.2370313,-0.9689783,False,False,False,False
1772879676011,1.6259,0.04550464,1.020253,0.2066031,1.041956,-0.5708637,-0.7676924,-0.00184036,0.291135,146.1481,-0.5967122,-0.8024532,-0.00192369,-0.09853941,0.6728767,-0.06459767,0.6831148,0.5481815,0.2369526,-0.7351871,0.3207034,142.5891,0.5787513,0.2501665,-0.7761854,-0.05774988,1.100804,0.2429815,1.12878,-0.05271574,1.112974,0.2774708,1.148251,-0.04790202,1.090842,0.2831,1.127997,-0.001187785,0.7216246,0.01834493,0.7218587,-0.009202633,0.6803924,0.07129943,0.6841799,-0.03149264,0.6734748,0.1040735,0.6821961,0.1053069,-0.07455232,0.04272949,0.1359169,0.1305501,-0.07726345,0.01592687,0.1525341,0.1128434,-0.08260107,0.001691282,0.139855,-0.1086008,0.03821605,-0.07401732,0.1368692,-0.1490512,0.06064437,-0.02472998,0.1628053,-0.1746759,0.04916545,0.004087575,0.1815092,0.1050353,-0.07422385,0.04388206,0.1358942,0.1358636,-0.07428962,0.01664179,0.1557396,0.115521,-0.08050612,0.001564879,0.1408147,-0.1088492,0.039133,-0.07319523,0.1368834,-0.1495587,0.06018991,-0.025,0.163143,-0.1750804,0.0485871,0.003505687,0.181731,0.1148725,-0.07593122,0.02628576,0.1401863,-0.09074984,0.9859644,-0.08273844,0.1131065,167.0112,-0.09133595,0.9923323,-0.08327281,-0.1343307,0.04359381,-0.04362892,0.1478128,0.2216944,-0.2721226,-0.6880788,0.6350972,101.1456,0.2870083,-0.3522932,-0.8907951,-0.07514932,1.106706,0.2673877,1.141027,0.4864121,-0.1673636,0.1868381,0.8369493,66.36127,0.8887805,-0.3058095,0.3413938,0.1213061,-0.09026339,0.03868502,0.1560743,0.8008503,0.5015205,-0.3272648,-0.003705275,180.4246,0.8008559,0.501524,-0.3272671,-0.4068835,-0.2767389,-0.2288586,0.5426922,-0.3306981,0.2743992,0.8298508,0.3559377,138.2982,-0.3538734,0.293629,0.8880066,0.1751493,-0.006706238,0.03261226,0.1782858,0.3610322,-0.5404249,-0.2358533,0.7224749,87.48161,0.5221778,-0.7816418,-0.3411257,-0.1719656,1.195287,-0.06394611,1.209285,0.0148904,0.05091828,-0.2025567,-0.9778325,335.8269,0.07111368,0.2431759,-0.9673718,False,False,False,False
1772879676024,1.639349,0.04550464,1.020253,0.2066031,1.041956,-0.5708637,-0.7676924,-0.00184036,0.291135,146.1481,-0.5967122,-0.8024532,-0.00192369,-0.09853941,0.6728767,-0.06459767,0.6831148,0.5481815,0.2369526,-0.7351871,0.3207034,142.5891,0.5787513,0.2501665,-0.7761854,-0.05774988,1.100804,0.2429815,1.12878,-0.05271574,1.112974,0.2774708,1.148251,-0.04790202,1.090842,0.2831,1.127997,-0.001187785,0.7216246,0.01834493,0.7218587,-0.009202633,0.6803924,0.07129943,0.6841799,-0.03149264,0.6734748,0.1040735,0.6821961,0.1053069,-0.07455232,0.04272949,0.1359169,0.1305501,-0.07726345,0.01592687,0.1525341,0.1128434,-0.08260107,0.001691282,0.139855,-0.1086008,0.03821605,-0.07401732,0.1368692,-0.1490512,0.06064437,-0.02472998,0.1628053,-0.1746759,0.04916545,0.004087575,0.1815092,0.1050353,-0.07422385,0.04388206,0.1358942,0.1358636,-0.07428962,0.01664179,0.1557396,0.115521,-0.08050612,0.001564879,0.1408147,-0.1088492,0.039133,-0.07319523,0.1368834,-0.1495587,0.06018991,-0.025,0.163143,-0.1750804,0.0485871,0.003505687,0.181731,0.1148725,-0.07593122,0.02628576,0.1401863,-0.09074984,0.9859644,-0.08273844,0.1131065,167.0112,-0.09133595,0.9923323,-0.08327281,-0.1343307,0.04359381,-0.04362892,0.1478128,0.2216944,-0.2721226,-0.6880788,0.6350972,101.1456,0.2870083,-0.3522932,-0.8907951,-0.07480033,1.106617,0.267212,1.140876,0.4873237,-0.1725268,0.1730464,0.8383348,66.07064,0.8939162,-0.3164723,0.3174254,0.1213061,-0.09026339,0.03868502,0.1560743,0.8008503,0.5015205,-0.3272648,-0.003705275,180.4246,0.8008559,0.501524,-0.3272671,-0.4068835,-0.2767389,-0.2288586,0.5426922,-0.3306981,0.2743992,0.8298508,0.3559377,138.2982,-0.3538734,0.293629,0.8880066,0.1748003,-0.006616592,0.03278801,0.1779719,0.350253,-0.5467004,-0.2284206,0.7254419,86.98877,0.5088789,-0.7942953,-0.3318699,-0.1717968,1.195343,-0.06423339,1.209332,0.01559961,0.05197362,-0.2015866,-0.9779664,335.9003,0.07472418,0.2489605,-0.9656265,False,False,False,False
1772879676039,1.653224,0.04550464,1.020253,0.2066031,1.041956,-0.5708637,-0.7676924,-0.00184036,0.291135,146.1481,-0.5967122,-0.8024532,-0.00192369,-0.09853941,0.6728767,-0.06459767,0.6831148,0.5481815,0.2369526,-0.7351871,0.3207034,142.5891,0.5787513,0.2501665,-0.7761854,-0.05774988,1.100804,0.2429815,1.12878,-0.05271574,1.112974,0.2774708,1.148251,-0.04790202,1.090842,0.2831,1.127997,-0.001187785,0.7216246,0.01834493,0.7218587,-0.009202633,0.6803924,0.07129943,0.6841799,-0.03149264,0.6734748,0.1040735,0.6821961,0.1053069,-0.07455232,0.04272949,0.1359169,0.1305501,-0.07726345,0.01592687,0.1525341,0.1128434,-0.08260107,0.001691282,0.139855,-0.1086008,0.03821605,-0.07401732,0.1368692,-0.1490512,0.06064437,-0.02472998,0.1628053,-0.1746759,0.04916545,0.004087575,0.1815092,0.1050353,-0.07422385,0.04388206,0.1358942,0.1358636,-0.07428962,0.01664179,0.1557396,0.115521,-0.08050612,0.001564879,0.1408147,-0.1088492,0.039133,-0.07319523,0.1368834,-0.1495587,0.06018991,-0.025,0.163143,-0.1750804,0.0485871,0.003505687,0.181731,0.1148725,-0.07593122,0.02628576,0.1401863,-0.09074984,0.9859644,-0.08273844,0.1131065,167.0112,-0.09133595,0.9923323,-0.08327281,-0.1343307,0.04359381,-0.04362892,0.1478128,0.2216944,-0.2721226,-0.6880788,0.6350972,101.1456,0.2870083,-0.3522932,-0.8907951,-0.07237869,1.105989,0.2664961,1.139943,0.4931366,-0.1729592,0.1436216,0.8404013,65.63496,0.9099055,-0.3191338,0.2650018,0.1213061,-0.09026339,0.03868502,0.1560743,0.8008503,0.5015205,-0.3272648,-0.003705275,180.4246,0.8008559,0.501524,-0.3272671,-0.4068835,-0.2767389,-0.2288586,0.5426922,-0.3306981,0.2743992,0.8298508,0.3559377,138.2982,-0.3538734,0.293629,0.8880066,0.1723787,-0.005989194,0.03350392,0.1757066,0.3268009,-0.564009,-0.22104,0.7254218,86.99212,0.4747909,-0.8194175,-0.3211368,-0.1716996,1.195451,-0.06449788,1.209439,0.01599765,0.05271015,-0.2014201,-0.9779548,335.894,0.07661099,0.2524232,-0.9645791,False,False,False,False
1772879676052,1.668151,0.04550464,1.020253,0.2066031,1.041956,-0.5708637,-0.7676924,-0.00184036,0.291135,146.1481,-0.5967122,-0.8024532,-0.00192369,-0.09853941,0.6728767,-0.06459767,0.6831148,0.5481815,0.2369526,-0.7351871,0.3207034,142.5891,0.5787513,0.2501665,-0.7761854,-0.05774988,1.100804,0.2429815,1.12878,-0.05271574,1.112974,0.2774708,1.148251,-0.04790202,1.090842,0.2831,1.127997,-0.001187785,0.7216246,0.01834493,0.7218587,-0.009202633,0.6803924,0.07129943,0.6841799,-0.03149264,0.6734748,0.1040735,0.6821961,0.1053069,-0.07455232,0.04272949,0.1359169,0.1305501,-0.07726345,0.01592687,0.1525341,0.1128434,-0.08260107,0.001691282,0.139855,-0.1086008,0.03821605,-0.07401732,0.1368692,-0.1490512,0.06064437,-0.02472998,0.1628053,-0.1746759,0.04916545,0.004087575,0.1815092,0.1050353,-0.07422385,0.04388206,0.1358942,0.1358636,-0.07428962,0.01664179,0.1557396,0.115521,-0.08050612,0.001564879,0.1408147,-0.1088492,0.039133,-0.07319523,0.1368834,-0.1495587,0.06018991,-0.025,0.163143,-0.1750804,0.0485871,0.003505687,0.181731,0.1148725,-0.07593122,0.02628576,0.1401863,-0.09074984,0.9859644,-0.08273844,0.1131065,167.0112,-0.09133595,0.9923323,-0.08327281,-0.1343307,0.04359381,-0.04362892,0.1478128,0.2216944,-0.2721226,-0.6880788,0.6350972,101.1456,0.2870083,-0.3522932,-0.8907951,-0.07154813,1.106028,0.2662295,1.139866,0.4975554,-0.1730164,0.1310321,0.839842,65.75312,0.9165937,-0.3187298,0.2413865,0.1213061,-0.09026339,0.03868502,0.1560743,0.8008503,0.5015205,-0.3272648,-0.003705275,180.4246,0.8008559,0.501524,-0.3272671,-0.4068835,-0.2767389,-0.2288586,0.5426922,-0.3306981,0.2743992,0.8298508,0.3559377,138.2982,-0.3538734,0.293629,0.8880066,0.1715481,-0.006028175,0.0337705,0.1749444,0.3153047,-0.5706436,-0.2196091,0.7257554,86.93656,0.458323,-0.8294805,-0.3192211,-0.171449,1.195495,-0.06469812,1.209458,0.01657532,0.05344275,-0.2013683,-0.9779161,335.8727,0.0793086,0.2557096,-0.963495,False,False,False,False
1772879676067,1.681223,0.04550464,1.020253,0.2066031,1.041956,-0.5708637,-0.7676924,-0.00184036,0.291135,146.1481,-0.5967122,-0.8024532,-0.00192369,-0.09853941,0.6728767,-0.06459767,0.6831148,0.5481815,0.2369526,-0.7351871,0.3207034,142.5891,0.5787513,0.2501665,-0.7761854,-0.05774988,1.100804,0.2429815,1.12878,-0.05271574,1.112974,0.2774708,1.148251,-0.04790202,1.090842,0.2831,1.127997,-0.001187785,0.7216246,0.01834493,0.7218587,-0.009202633,0.6803924,0.07129943,0.6841799,-0.03149264,0.6734748,0.1040735,0.6821961,0.1053069,-0.07455232,0.04272949,0.1359169,0.1305501,-0.07726345,0.01592687,0.1525341,0.1128434,-0.08260107,0.001691282,0.139855,-0.1086008,0.03821605,-0.07401732,0.1368692,-0.1490512,0.06064437,-0.02472998,0.1628053,-0.1746759,0.04916545,0.004087575,0.1815092,0.1050353,-0.07422385,0.04388206,0.1358942,0.1358636,-0.07428962,0.01664179,0.1557396,0.115521,-0.08050612,0.001564879,0.1408147,-0.1088492,0.039133,-0.07319523,0.1368834,-0.1495587,0.06018991,-0.025,0.163143,-0.1750804,0.0485871,0.003505687,0.181731,0.1148725,-0.07593122,0.02628576,0.1401863,-0.09074984,0.9859644,-0.08273844,0.1131065,167.0112,-0.09133595,0.9923323,-0.08327281,-0.1343307,0.04359381,-0.04362892,0.1478128,0.2216944,-0.2721226,-0.6880788,0.6350972,101.1456,0.2870083,-0.3522932,-0.8907951,-0.06874405,1.105735,0.2651792,1.139165,0.5026805,-0.1763209,0.1122886,0.8388174,65.96909,0.9233443,-0.3238734,0.2062563,0.1213061,-0.09026339,0.03868502,0.1560743,0.8008503,0.5015205,-0.3272648,-0.003705275,180.4246,0.8008559,0.501524,-0.3272671,-0.4068835,-0.2767389,-0.2288586,0.5426922,-0.3306981,0.2743992,0.8298508,0.3559377,138.2982,-0.3538734,0.293629,0.8880066,0.1687441,-0.005735159,0.03482085,0.1723947,0.298196,-0.5789407,-0.2147557,0.7278647,86.58465,0.434865,-0.8442804,-0.3131823,-0.1711243,1.195586,-0.06488148,1.209512,0.01671685,0.05410777,-0.2013966,-0.9778714,335.8482,0.07990574,0.2586325,-0.962666,False,False,False,False
1772879676080,1.695354,0.04550464,1.020253,0.2066031,1.041956,-0.5708637,-0.7676924,-0.00184036,0.291135,146.1481,-0.5967122,-0.8024532,-0.00192369,-0.09853941,0.6728767,-0.06459767,0.6831148,0.5481815,0.2369526,-0.7351871,0.3207034,142.5891,0.5787513,0.2501665,-0.7761854,-0.05774988,1.100804,0.2429815,1.12878,-0.05271574,1.112974,0.2774708,1.148251,-0.04790202,1.090842,0.2831,1.127997,-0.001187785,0.7216246,0.01834493,0.7218587,-0.009202633,0.6803924,0.07129943,0.6841799,-0.03149264,0.6734748,0.1040735,0.6821961,0.1053069,-0.07455232,0.04272949,0.1359169,0.1305501,-0.07726345,0.01592687,0.1525341,0.1128434,-0.08260107,0.001691282,0.139855,-0.1086008,0.03821605,-0.07401732,0.1368692,-0.1490512,0.06064437,-0.02472998,0.1628053,-0.1746759,0.04916545,0.004087575,0.1815092,0.1050353,-0.07422385,0.04388206,0.1358942,0.1358636,-0.07428962,0.01664179,0.1557396,0.115521,-0.08050612,0.001564879,0.1408147,-0.1088492,0.039133,-0.07319523,0.1368834,-0.1495587,0.06018991,-0.025,0.163143,-0.1750804,0.0485871,0.003505687,0.181731,0.1148725,-0.07593122,0.02628576,0.1401863,-0.09074984,0.9859644,-0.08273844,0.1131065,167.0112,-0.09133595,0.9923323,-0.08327281,-0.1343307,0.04359381,-0.04362892,0.1478128,0.2216944,-0.2721226,-0.6880788,0.6350972,101.1456,0.2870083,-0.3522932,-0.8907951,-0.06789745,1.106,0.2646427,1.139246,0.5022249,-0.1863706,0.1008631,0.8383692,66.06338,0.9213398,-0.3418998,0.185035,0.1213061,-0.09026339,0.03868502,0.1560743,0.8008503,0.5015205,-0.3272648,-0.003705275,180.4246,0.8008559,0.501524,-0.3272671,-0.4068835,-0.2767389,-0.2288586,0.5426922,-0.3306981,0.2743992,0.8298508,0.3559377,138.2982,-0.3538734,0.293629,0.8880066,0.1678975,-0.005999923,0.03535733,0.1716849,0.2881023,-0.5805554,-0.204945,0.7334509,85.64704,0.4238403,-0.8540814,-0.3015038,-0.1707439,1.195713,-0.06506871,1.209594,0.01702876,0.05407683,-0.201485,-0.9778494,335.8362,0.08135684,0.2583582,-0.9626172,False,False,False,False
1772879676094,1.708847,0.04550464,1.020253,0.2066031,1.041956,-0.5708637,-0.7676924,-0.00184036,0.291135,146.1481,-0.5967122,-0.8024532,-0.00192369,-0.09853941,0.6728767,-0.06459767,0.6831148,0.5481815,0.2369526,-0.7351871,0.3207034,142.5891,0.5787513,0.2501665,-0.7761854,-0.05774988,1.100804,0.2429815,1.12878,-0.05271574,1.112974,0.2774708,1.148251,-0.04790202,1.090842,0.2831,1.127997,-0.001187785,0.7216246,0.01834493,0.7218587,-0.009202633,0.6803924,0.07129943,0.6841799,-0.03149264,0.6734748,0.1040735,0.6821961,0.1053069,-0.07455232,0.04272949,0.1359169,0.1305501,-0.07726345,0.01592687,0.1525341,0.1128434,-0.08260107,0.001691282,0.139855,-0.1086008,0.03821605,-0.07401732,0.1368692,-0.1490512,0.06064437,-0.02472998,0.1628053,-0.1746759,0.04916545,0.004087575,0.1815092,0.1050353,-0.07422385,0.04388206,0.1358942,0.1358636,-0.07428962,0.01664179,0.1557396,0.115521,-0.08050612,0.001564879,0.1408147,-0.1088492,0.039133,-0.07319523,0.1368834,-0.1495587,0.06018991,-0.025,0.163143,-0.1750804,0.0485871,0.003505687,0.181731,0.1148725,-0.07593122,0.02628576,0.1401863,-0.09074984,0.9859644,-0.08273844,0.1131065,167.0112,-0.09133595,0.9923323,-0.08327281,-0.1343307,0.04359381,-0.04362892,0.1478128,0.2216944,-0.2721226,-0.6880788,0.6350972,101.1456,0.2870083,-0.3522932,-0.8907951,-0.06690738,1.106372,0.2639697,1.139392,0.5068054,-0.2004235,0.08559974,0.8340573,66.9644,0.9186618,-0.3632981,0.1551625,0.1213061,-0.09026339,0.03868502,0.1560743,0.8008503,0.5015205,-0.3272648,-0.003705275,180.4246,0.8008559,0.501524,-0.3272671,-0.4068835,-0.2767389,-0.2288586,0.5426922,-0.3306981,0.2743992,0.8298508,0.3559377,138.2982,-0.3538734,0.293629,0.8880066,0.1669074,-0.006371856,0.03603035,0.1708709,0.2706389,-0.580394,-0.1959567,0.7426295,84.08822,0.4041181,-0.8666444,-0.2926025,-0.1701624,1.195995,-0.06513979,1.209794,0.0172306,0.05369199,-0.201465,-0.9778712,335.8482,0.08236128,0.2566446,-0.9629907,False,False,False,False
1772879676109,1.722929,0.04550464,1.020253,0.2066031,1.041956,-0.5708637,-0.7676924,-0.00184036,0.291135,146.1481,-0.5967122,-0.8024532,-0.00192369,-0.09853941,0.6728767,-0.06459767,0.6831148,0.5481815,0.2369526,-0.7351871,0.3207034,142.5891,0.5787513,0.2501665,-0.7761854,-0.05774988,1.100804,0.2429815,1.12878,-0.05271574,1.112974,0.2774708,1.148251,-0.04790202,1.090842,0.2831,1.127997,-0.001187785,0.7216246,0.01834493,0.7218587,-0.009202633,0.6803924,0.07129943,0.6841799,-0.03149264,0.6734748,0.1040735,0.6821961,0.1053069,-0.07455232,0.04272949,0.1359169,0.1305501,-0.07726345,0.01592687,0.1525341,0.1128434,-0.08260107,0.001691282,0.139855,-0.1086008,0.03821605,-0.07401732,0.1368692,-0.1490512,0.06064437,-0.02472998,0.1628053,-0.1746759,0.04916545,0.004087575,0.1815092,0.1050353,-0.07422385,0.04388206,0.1358942,0.1358636,-0.07428962,0.01664179,0.1557396,0.115521,-0.08050612,0.001564879,0.1408147,-0.1088492,0.039133,-0.07319523,0.1368834,-0.1495587,0.06018991,-0.025,0.163143,-0.1750804,0.0485871,0.003505687,0.181731,0.1148725,-0.07593122,0.02628576,0.1401863,-0.09074984,0.9859644,-0.08273844,0.1131065,167.0112,-0.09133595,0.9923323,-0.08327281,-0.1343307,0.04359381,-0.04362892,0.1478128,0.2216944,-0.2721226,-0.6880788,0.6350972,101.1456,0.2870083,-0.3522932,-0.8907951,-0.06257004,1.106178,0.2624177,1.138599,0.5182534,-0.2221308,0.04702443,0.8245363,68.91698,0.9159511,-0.3925897,0.08311007,0.1213061,-0.09026339,0.03868502,0.1560743,0.8008503,0.5015205,-0.3272648,-0.003705275,180.4246,0.8008559,0.501524,-0.3272671,-0.4068835,-0.2767389,-0.2288586,0.5426922,-0.3306981,0.2743992,0.8298508,0.3559377,138.2982,-0.3538734,0.293629,0.8880066,0.16257,-0.006177902,0.03758231,0.1669719,0.2291928,-0.5862926,-0.1800368,0.7558563,81.79953,0.3500528,-0.8954617,-0.2749754,-0.1695476,1.196254,-0.06521945,1.209969,0.01744556,0.05277832,-0.2014891,-0.9779122,335.8706,0.08346514,0.2525083,-0.9639882,True,True,False,False
1772879676122,1.737783,0.02054212,1.120055,0.1638269,1.13216,-0.1021985,-0.8713543,0.3098091,0.3664909,137.0013,-0.1098411,-0.9365155,0.3329771,-0.1066775,0.639389,-0.06020189,0.6510167,0.5181156,0.2128688,-0.7702739,0.3048299,144.5041,0.5440066,0.2235062,-0.8087656,-0.06891029,1.073535,0.2533137,1.105167,-0.08940945,1.11319,0.2787277,1.151032,-0.07069931,1.114779,0.2884735,1.153667,-0.02355567,0.6467947,0.03369141,0.6480998,-0.01105243,0.6545135,0.07344589,0.6587142,-0.02788826,0.6469302,0.1042797,0.655874,0.09619199,-0.08725482,0.03615881,0.1348101,0.141446,-0.07066161,0.01840173,0.1591812,0.1344041,-0.07631917,-0.0007288754,0.1545626,-0.1120205,0.05087887,-0.02535287,0.1256186,-0.1543,0.05344419,-0.02387154,0.1650292,-0.176356,0.04693922,0.003748968,0.1825343,0.1043164,-0.07528312,0.04325426,0.1357218,0.1363174,-0.0739947,0.01678485,0.1560108,0.1170559,-0.08016577,0.001378424,0.1418821,-0.109107,0.0400878,-0.06930622,0.1353319,-0.1499441,0.05964156,-0.02490827,0.1632813,-0.1751841,0.04845314,0.003525463,0.1817955,0.1148706,-0.07626981,0.0263254,0.1403758,-0.100236,0.9825263,-0.07069857,0.1399877,163.9057,-0.1012328,0.9922972,-0.07140164,-0.1351222,0.04413994,-0.04066395,0.147851,0.2223645,-0.2856202,-0.6605029,0.6578077,97.73422,0.295232,-0.3792162,-0.8769455,-0.06138461,1.10644,0.2618774,1.138665,0.5221245,-0.2287278,0.02545986,0.8212317,69.58344,0.9150528,-0.4008586,0.04461985,0.110152,-0.06746787,0.01161824,0.1296933,0.2463583,0.4716889,-0.7124985,0.4573436,125.5684,0.2770281,0.5304105,-0.8011991,-0.4278491,-0.311185,-0.2098331,0.5691404,-0.1081345,0.180331,0.8748627,0.436352,128.2573,-0.1201793,0.2004177,0.9723116,0.1613846,-0.006440163,0.03812265,0.1659512,0.208802,-0.5928794,-0.1717861,0.7585417,81.32841,0.3204328,-0.9098479,-0.2636274,-0.1688997,1.19644,-0.06528834,1.210066,0.01759287,0.05197258,-0.2015925,-0.9779314,335.8811,0.0842061,0.2487603,-0.9648978,True,True,False,False
1772879676135,1.754358,0.02269469,1.119001,0.1640911,1.131196,-0.1122382,-0.8719558,0.3021757,0.3684913,136.7548,-0.1207341,-0.9379587,0.325049,-0.1066124,0.6392797,-0.06013361,0.6508923,0.5180389,0.2123363,-0.7705058,0.3047456,144.5143,0.5439106,0.2229407,-0.8089863,-0.06886577,1.074037,0.2522323,1.105405,-0.08811694,1.114124,0.2783715,1.15175,-0.06910364,1.114818,0.288018,1.153495,-0.02351986,0.6465642,0.03377904,0.647873,-0.01096593,0.6544489,0.07349338,0.6586538,-0.0277988,0.646892,0.1043308,0.6558406,0.09623644,-0.08688907,0.03691579,0.1348107,0.1415725,-0.07055049,0.01851726,0.1592577,0.134037,-0.07639434,-0.0005644113,0.15428,-0.1120039,0.05094971,-0.02522444,0.1256066,-0.1543,0.05344225,-0.02387374,0.1650289,-0.1763505,0.04695211,0.003749631,0.1825324,0.1036267,-0.07627384,0.04271319,0.1355751,0.136766,-0.0737007,0.01693273,0.15628,0.1185055,-0.07984383,0.001212578,0.1428988,-0.1093543,0.041015,-0.06554327,0.1339272,-0.150316,0.05911237,-0.02481996,0.1634172,-0.1752837,0.04832501,0.003544599,0.1818577,0.1148092,-0.0766077,0.0264005,0.1405236,-0.1093644,0.9783503,-0.05971988,0.1652383,160.9778,-0.1108887,0.9919865,-0.06055225,-0.1358965,0.04465868,-0.03784322,0.1479675,0.2213566,-0.3005517,-0.6291277,0.6818126,94.0291,0.3025953,-0.4108553,-0.8600199,-0.05857356,1.105633,0.2608501,1.137496,0.5315527,-0.2296216,0.005308075,0.8152898,70.76794,0.9179687,-0.3965467,0.009166818,0.1100777,-0.06730209,0.01194145,0.1295734,0.2376558,0.4711626,-0.7197159,0.4511484,126.3652,0.2662961,0.5279433,-0.8064503,-0.427901,-0.3107694,-0.2104727,0.5691886,-0.09548469,0.1714081,0.8698785,0.4525633,126.1835,-0.1070777,0.1922192,0.9754928,0.1585736,-0.005632758,0.03914988,0.163432,0.1867971,-0.5997099,-0.1715699,0.7589591,81.25499,0.2868777,-0.9210173,-0.2634921,-0.1681808,1.196647,-0.06533545,1.210172,0.01741432,0.05036564,-0.2017048,-0.9779955,335.9163,0.08347148,0.241416,-0.9668251,True,True,False,False
1772879676150,1.768134,0.0260316,1.117173,0.1638945,1.129431,-0.1232848,-0.8725098,0.2939171,0.3703246,136.5287,-0.1327209,-0.9392911,0.3164133,-0.1065427,0.6391534,-0.06002922,0.6507472,0.5179279,0.211851,-0.7707793,0.3045807,144.5341,0.543764,0.2224189,-0.8092284,-0.0671671,1.075206,0.2516381,1.106301,-0.08556931,1.113887,0.2777509,1.151178,-0.06555745,1.11278,0.2868965,1.151037,-0.02352151,0.6462458,0.03387225,0.6475602,-0.01089535,0.6544572,0.07364605,0.658678,-0.02763085,0.6466922,0.104353,0.6556399,0.09698166,-0.08621745,0.03615664,0.1347078,0.1415013,-0.07112601,0.01863626,0.1594642,0.1323549,-0.07758491,-0.0003365427,0.1534189,-0.1119411,0.05101934,-0.02503072,0.1255401,-0.1543931,0.05332703,-0.02388958,0.1650809,-0.176279,0.0470838,0.003774792,0.1824978,0.1029999,-0.07721175,0.04209476,0.1354349,0.1372126,-0.07345784,0.01709341,0.1565744,0.1198118,-0.07963076,0.001066461,0.1438647,-0.1095982,0.04195863,-0.06172203,0.1325968,-0.1507005,0.05856668,-0.02473221,0.1635616,-0.1753775,0.04820794,0.003566311,0.1819176,0.1147569,-0.07698069,0.0263644,0.1406779,-0.1181314,0.9736645,-0.05081525,0.1882561,158.2979,-0.120282,0.9913905,-0.05174037,-0.1366751,0.04517736,-0.03504089,0.1481517,0.2180055,-0.3178759,-0.5915152,0.7081938,89.82371,0.3087817,-0.4502377,-0.8378187,-0.05778416,1.105873,0.2603872,1.137583,0.5355578,-0.235524,-0.01769775,0.8107978,71.65209,0.9149731,-0.4023807,-0.0302357,0.1094613,-0.06756042,0.01205939,0.129196,0.2345015,0.469427,-0.7297557,0.4382967,128.0095,0.2608963,0.5222644,-0.8118948,-0.4275969,-0.3085631,-0.2117018,0.5682147,-0.08449763,0.1698007,0.8615626,0.4708906,123.8158,-0.09578148,0.192476,0.976616,0.1577842,-0.005872846,0.0396128,0.1627867,0.1647542,-0.6064239,-0.1633917,0.7605323,80.97773,0.2537412,-0.9339653,-0.2516427,-0.1674034,1.196782,-0.06541073,1.210203,0.01730289,0.04865588,-0.2016351,-0.9780984,335.9729,0.08312983,0.2337617,-0.9687333,True,True,False,False
1772879676164,1.781315,0.02761175,1.116357,0.1644009,1.128735,-0.1352764,-0.8734275,0.2841236,0.3716161,136.3694,-0.1457113,-0.9408016,0.3060402,-0.106562,0.6391182,-0.06002794,0.6507156,0.5178005,0.2113819,-0.7710425,0.3044568,144.549,0.5436077,0.2219171,-0.8094712,-0.06755963,1.076222,0.2508008,1.107122,-0.08496345,1.115037,0.2775279,1.152192,-0.06461998,1.112652,0.2865823,1.150782,-0.02349497,0.6462381,0.0338337,0.6475496,-0.01087837,0.6544753,0.07363221,0.6586941,-0.02762235,0.6467314,0.1043514,0.6556781,0.09688829,-0.08614755,0.03639492,0.1346601,0.1415127,-0.07140998,0.0186384,0.1596014,0.1316473,-0.07821519,-0.0002795011,0.1531297,-0.1119372,0.05101827,-0.02506046,0.1255421,-0.154415,0.05330484,-0.02389243,0.1650946,-0.1762962,0.04706657,0.003789507,0.1825102,0.1025131,-0.07792357,0.04164071,0.1353328,0.1375552,-0.07329471,0.01721649,0.1568118,0.1207546,-0.079518,0.0009592415,0.1445881,-0.1097846,0.04268033,-0.05880156,0.1316506,-0.1509964,0.05814752,-0.02466531,0.1636748,-0.1754507,0.04811702,0.003584091,0.1819644,0.1146883,-0.07729228,0.02633072,0.1407864,-0.1248333,0.969721,-0.04482493,0.2050575,156.3343,-0.1275436,0.9907751,-0.04579815,-0.1372705,0.04556542,-0.03294239,0.1483395,0.2137154,-0.3325081,-0.5587205,0.729106,86.377,0.3122664,-0.4858383,-0.8163645,-0.05543111,1.10584,0.2594476,1.137219,0.5443194,-0.2390141,-0.05899344,0.8019405,73.36839,0.9111413,-0.400088,-0.09874967,0.108925,-0.06784504,0.01217135,0.1289021,0.2263281,0.4708781,-0.7365753,0.429542,129.123,0.2506272,0.5214325,-0.8156556,-0.4276339,-0.3083536,-0.21202,0.5682475,-0.07143728,0.1606791,0.854933,0.4880252,121.5783,-0.08184563,0.1840899,0.9794961,0.1554311,-0.005839705,0.04055238,0.1607403,0.1251727,-0.6208149,-0.1536564,0.7584924,81.33709,0.1920763,-0.9526346,-0.2357843,-0.1666005,1.196946,-0.06546695,1.210257,0.0170144,0.04658109,-0.2013288,-0.9782676,336.0662,0.0820578,0.2246533,-0.9709775,True,True,False,False
1772879676177,1.795592,0.03140191,1.116002,0.1653886,1.128627,-0.1490297,-0.8754589,0.2697066,0.3723174,136.2828,-0.1605741,-0.9432752,0.2905991,-0.1065213,0.6389996,-0.06009183,0.6505985,0.5176995,0.2108396,-0.7712931,0.3043698,144.5595,0.5434857,0.2213414,-0.8097105,-0.06702733,1.077279,0.2489757,1.107705,-0.08223327,1.116107,0.2774043,1.153,-0.06148941,1.111812,0.2861472,1.14969,-0.02346625,0.6460633,0.03377316,0.6473709,-0.01080808,0.6543939,0.07353355,0.6586011,-0.02757342,0.6467265,0.1042967,0.6556625,0.09665795,-0.0860343,0.03781468,0.1348132,0.1411496,-0.07207352,0.01851159,0.1595634,0.1300917,-0.07940458,-0.0001744777,0.1524106,-0.1119288,0.0510525,-0.02498536,0.1255336,-0.1544049,0.05331125,-0.02389143,0.1650871,-0.176322,0.04703431,0.003793895,0.1825269,0.1020652,-0.07854395,0.04134807,0.1352632,0.1378301,-0.07320131,0.01731555,0.1570204,0.1214688,-0.07950933,0.000872526,0.1451797,-0.1099486,0.04332069,-0.05621504,0.1308644,-0.1512571,0.05777761,-0.02460612,0.1637755,-0.1755174,0.0480342,0.003600138,0.1820071,0.1145779,-0.07760376,0.02634352,0.1408702,-0.1307073,0.9662713,-0.04063395,0.2181383,154.8006,-0.1339327,0.9901154,-0.04163666,-0.1377962,0.04590348,-0.03111826,0.1485371,0.2085985,-0.3463899,-0.5267948,0.747655,83.2247,0.314113,-0.5216029,-0.7932613,-0.05484092,1.106184,0.2589587,1.137414,0.5526301,-0.2430227,-0.08575849,0.7925816,75.14516,0.9062987,-0.3985507,-0.1406417,0.1079653,-0.06830733,0.01295973,0.1284147,0.2060625,0.4750621,-0.7504024,0.4107928,131.4907,0.2260129,0.5210563,-0.8230543,-0.4277097,-0.3069226,-0.2133505,0.5680277,-0.05270173,0.1474594,0.839077,0.5209879,117.2029,-0.06174313,0.1727572,0.9830273,0.1548409,-0.006183743,0.04104128,0.160307,0.09641024,-0.6271092,-0.1489454,0.7584554,81.34358,0.1479308,-0.9622295,-0.2285402,-0.165739,1.197062,-0.06554659,1.210258,0.01687817,0.0441251,-0.2011227,-0.9784262,336.154,0.08169618,0.2135808,-0.9735034,True,True,False,False
1772879676192,1.809112,0.03319705,1.115681,0.166094,1.128465,-0.1594413,-0.8774968,0.2547465,0.3737408,136.107,-0.1718982,-0.9460542,0.2746495,-0.1064802,0.6388972,-0.06010741,0.6504926,0.5175446,0.2104029,-0.7715117,0.3043814,144.5581,0.5433252,0.2208838,-0.8099432,-0.06755432,1.077677,0.2472693,1.107742,-0.08191491,1.117485,0.277515,1.154338,-0.06074635,1.111701,0.2857666,1.149448,-0.02341762,0.6459621,0.03375376,0.6472672,-0.01071792,0.6543921,0.07350601,0.6585947,-0.02749932,0.646739,0.1042646,0.6556666,0.09626094,-0.08611321,0.03876837,0.1348504,0.1419805,-0.07190628,0.01843062,0.1602144,0.1298239,-0.07942574,-0.0001524389,0.152193,-0.1119322,0.05107081,-0.02494392,0.1255358,-0.1544359,0.05329831,-0.02391467,0.1651153,-0.1763292,0.04702415,0.003790736,0.1825312,0.1015874,-0.07916703,0.04113571,0.135202,0.1381717,-0.0730947,0.01740734,0.1572809,0.1221566,-0.07950245,0.0007881531,0.1457514,-0.1101119,0.04395866,-0.05364087,0.130132,-0.1515188,0.05740888,-0.0245492,0.1638792,-0.1755842,0.04795106,0.003615828,0.18205,0.1144552,-0.07791813,0.02640157,0.1409549,-0.1364238,0.9627203,-0.03653836,0.2307015,153.3233,-0.1402059,0.98941,-0.03755132,-0.1383139,0.04623474,-0.02934022,0.148759,0.2021729,-0.3610027,-0.4923579,0.7657591,80.05088,0.3143588,-0.5613235,-0.765568,-0.05396753,1.106641,0.2585563,1.137725,0.55753,-0.2435107,-0.1119199,0.7857078,76.42762,0.9012803,-0.3936496,-0.1809251,0.1078684,-0.06823801,0.01314263,0.128315,0.1957486,0.4775531,-0.7576378,0.399513,132.9045,0.2135298,0.5209324,-0.8264591,-0.427777,-0.3068891,-0.2136648,0.5681785,-0.03644733,0.1412437,0.8274328,0.5422888,114.3208,-0.04337975,0.1681088,0.9848136,0.1539675,-0.00664103,0.04144368,0.159586,0.07117726,-0.6358407,-0.1433474,0.7550445,81.94149,0.1085559,-0.9697519,-0.2186262,-0.164656,1.197344,-0.06564571,1.210394,0.01657069,0.04171092,-0.2006806,-0.9786281,336.2663,0.08058176,0.2028365,-0.9758917,True,True,False,False
1772879676206,1.823254,0.03539782,1.115954,0.1669808,1.128933,-0.1677611,-0.8790457,0.2406482,0.375797,135.8528,-0.1810302,-0.9485742,0.2596824,-0.1063945,0.6386419,-0.06009931,0.650227,0.5174122,0.2099642,-0.7717094,0.3044084,144.5549,0.5431912,0.2204252,-0.8101581,-0.06775754,1.078046,0.2453779,1.107693,-0.08039244,1.118528,0.2778234,1.155315,-0.05912387,1.111678,0.2857203,1.149331,-0.02333161,0.6457233,0.03376195,0.6470261,-0.01060132,0.6543145,0.07352982,0.6585184,-0.02735184,0.6465967,0.1042531,0.6555182,0.09564177,-0.08620419,0.04056693,0.134997,0.1420751,-0.07194877,0.01838842,0.1603125,0.1293317,-0.07952999,-9.828806E-05,0.1518279,-0.1119373,0.05107855,-0.02491096,0.125537,-0.1545033,0.05322403,-0.02397168,0.1651627,-0.1763392,0.04704353,0.003760271,0.1825452,0.1011219,-0.07971804,0.04109117,0.1351632,0.1384774,-0.07300498,0.01748416,0.1575164,0.1227184,-0.0795046,0.0007187447,0.1462235,-0.1102548,0.04451615,-0.05139131,0.1295333,-0.1517525,0.05708121,-0.02450398,0.1639742,-0.1756433,0.04788,0.003627138,0.1820885,0.1142883,-0.0782064,0.02654444,0.1410059,-0.1412681,0.9596468,-0.03303287,0.2408944,152.1213,-0.1455545,0.9887646,-0.03403516,-0.1387583,0.04652012,-0.02782211,0.14897,0.195398,-0.3743753,-0.460148,0.780978,77.29959,0.3128577,-0.5994239,-0.7367572,-0.04983935,1.107573,0.2578015,1.138272,0.5415025,-0.2563433,-0.1650885,0.7834597,76.84312,0.8713637,-0.4124971,-0.2656537,0.1077716,-0.06819461,0.01392012,0.1282926,0.1843462,0.4837697,-0.7620843,0.3888586,134.233,0.2000941,0.5250961,-0.8271859,-0.4280415,-0.3068642,-0.214309,0.5686066,-0.02539935,0.1332452,0.8153256,0.56289,111.4882,-0.03073003,0.1612099,0.9864416,0.1498394,-0.007572651,0.04219851,0.1558522,0.03419644,-0.6542702,-0.1046234,0.7482081,83.12922,0.05154226,-0.9861425,-0.1576926,-0.1635829,1.197579,-0.06583127,1.210491,0.01686489,0.03927243,-0.200511,-0.9787587,336.3392,0.0822615,0.1915582,-0.9780281,True,True,False,False
1772879676219,1.837758,0.04293667,1.117504,0.1671594,1.130752,-0.1757898,-0.8802424,0.2263005,0.3782321,135.5516,-0.1898971,-0.9508827,0.2444613,-0.1063564,0.6382962,-0.06006623,0.6498783,0.5172414,0.2094385,-0.7719439,0.3044661,144.5479,0.5430223,0.2198776,-0.81042,-0.06206547,1.08091,0.2439687,1.109837,-0.07358609,1.121262,0.2774341,1.157416,-0.05208253,1.113054,0.2849897,1.150139,-0.02333661,0.6453877,0.03380903,0.6466939,-0.01049894,0.6541174,0.07351393,0.6583192,-0.02708941,0.6463063,0.1041093,0.655198,0.09591419,-0.0859192,0.0410193,0.1351452,0.1424432,-0.07157019,0.01843441,0.1604748,0.1289059,-0.07947138,-3.650784E-05,0.1514346,-0.1119405,0.0510698,-0.0248261,0.1255195,-0.1545116,0.05320744,-0.02403641,0.1651745,-0.1762292,0.04723556,0.003622636,0.1824857,0.1006969,-0.08022407,0.04108531,0.1351435,0.138801,-0.07288789,0.0175617,0.1577554,0.1232233,-0.07950189,0.0006571134,0.1466457,-0.1103924,0.04505095,-0.0492235,0.1289923,-0.1519776,0.0567651,-0.02446582,0.1640672,-0.1756911,0.04782741,0.00362677,0.1821208,0.1141481,-0.07846479,0.0266882,0.141063,-0.1459848,0.9567704,-0.02995519,0.2497629,151.073,-0.1507629,0.9880859,-0.03093564,-0.1391682,0.04679624,-0.0264003,0.14918,0.1878212,-0.3877293,-0.4275686,0.7947165,74.74302,0.3094352,-0.6387835,-0.7044187,-0.04876817,1.107906,0.2576191,1.138509,0.5345406,-0.2590602,-0.194854,0.7805038,77.38655,0.8550583,-0.4143961,-0.311691,0.108868,-0.06929488,0.01637055,0.1300846,0.1392093,0.4991558,-0.7614551,0.3894236,134.1627,0.1511405,0.5419368,-0.826717,-0.4290892,-0.3049577,-0.2175729,0.5696093,-0.00791008,0.09048451,0.8005259,0.5923754,107.3485,-0.00981811,0.1123107,0.9936247,0.1487682,-0.00790596,0.0423809,0.154889,0.0124786,-0.6652966,-0.08699337,0.7413886,84.30033,0.01859491,-0.9913878,-0.1296326,-0.1626178,1.197798,-0.06581145,1.210576,0.01712115,0.03678471,-0.2006892,-0.9788144,336.3704,0.08362003,0.1796572,-0.9801697,True,True,False,False
1772879676233,1.851218,0.04612472,1.117842,0.1675707,1.131273,-0.1825556,-0.8810278,0.2141815,0.3802498,135.3017,-0.1973822,-0.952582,0.2315766,-0.1064008,0.6383124,-0.06002429,0.6498975,0.5170711,0.2090259,-0.7721495,0.3045176,144.5417,0.5428529,0.2194482,-0.8106499,-0.06042788,1.08222,0.2427733,1.110761,-0.07107218,1.12264,0.2775925,1.158632,-0.04944957,1.113307,0.2848691,1.150238,-0.02334031,0.6454701,0.03383335,0.6467775,-0.01050818,0.6542042,0.0735127,0.6584054,-0.02706971,0.6464381,0.1041095,0.6553273,0.09588309,-0.08572097,0.04166733,0.1351955,0.1429321,-0.07136901,0.01843324,0.1608195,0.1287877,-0.07954656,-2.345443E-05,0.1513735,-0.1119552,0.05107036,-0.02484744,0.125537,-0.1545009,0.05321478,-0.02403589,0.1651668,-0.1762204,0.04725242,0.003595173,0.1824811,0.1002949,-0.08068319,0.04113392,0.1351327,0.139146,-0.07276103,0.0176345,0.1580088,0.123688,-0.07950562,0.0006002706,0.1470382,-0.1105229,0.04555371,-0.04718755,0.1285189,-0.1521884,0.05646857,-0.02442991,0.1641549,-0.1757353,0.04777939,0.003624131,0.1821508,0.114021,-0.07869864,0.02685074,0.1411213,-0.15041,0.9540932,-0.02741972,0.2575485,150.1507,-0.1556612,0.9874029,-0.02837701,-0.1395427,0.0470534,-0.02509686,0.1493856,0.1800371,-0.4004813,-0.3961211,0.8064052,72.50763,0.3044442,-0.6772171,-0.6698439,-0.0457431,1.107671,0.2575782,1.138145,0.5201522,-0.2570823,-0.2462728,0.7763377,78.14706,0.8252228,-0.4078618,-0.3907124,0.1096046,-0.06991633,0.01762488,0.1311949,0.1185867,0.5102209,-0.7595006,0.3857082,134.6246,0.1285324,0.5530126,-0.8231991,-0.4295313,-0.3044108,-0.2181147,0.5698571,-3.622705E-05,0.06995802,0.7890145,0.6103787,104.7662,-4.573489E-05,0.08831858,0.9960923,0.1457431,-0.007671118,0.04242179,0.1519852,-0.02271783,-0.6872766,-0.05804551,0.7237166,87.27563,-0.03291974,-0.9959124,-0.08411205,-0.1616737,1.197921,-0.0658348,1.210573,0.01733389,0.0338385,-0.2009811,-0.978857,336.3942,0.08474343,0.1654326,-0.982574,True,True,False,False
1772879676247,1.866679,0.05197015,1.118439,0.1687737,1.132295,-0.1890682,-0.8815944,0.2024873,0.3821563,135.0654,-0.2045977,-0.9540057,0.2191189,-0.1065207,0.6384325,-0.05982949,0.6500171,0.5168801,0.2086724,-0.7723529,0.3045684,144.5356,0.5426617,0.2190808,-0.8108774,-0.05646022,1.084834,0.2425419,1.113049,-0.06533019,1.12349,0.2782106,1.159266,-0.04326967,1.11227,0.2848089,1.148971,-0.02339461,0.6456724,0.03398807,0.6469895,-0.01065182,0.6545205,0.07378176,0.6587521,-0.02719356,0.646715,0.1043302,0.6556405,0.09666109,-0.08480994,0.04233359,0.1353818,0.1424782,-0.07156035,0.01844901,0.1605032,0.1269027,-0.08042698,0.0001495332,0.1502426,-0.1119635,0.05107129,-0.02489962,0.1255552,-0.154618,0.0530813,-0.02402682,0.1652321,-0.1762691,0.04717953,0.003616601,0.1825097,0.1000115,-0.08100497,0.04122746,0.1351437,0.1394059,-0.07266741,0.01769801,0.1582017,0.1239387,-0.07957747,0.0005651244,0.1472878,-0.1106352,0.04598394,-0.04544965,0.1281419,-0.1523778,0.05620444,-0.02439848,0.1642353,-0.1757769,0.04773261,0.003623544,0.1821787,0.1139472,-0.07887314,0.02697512,0.1411829,-0.1540941,0.9523587,-0.02649041,0.2618515,149.6401,-0.1596651,0.9867896,-0.02744812,-0.1398515,0.04726796,-0.02401104,0.1495634,0.1728601,-0.4115073,-0.3685808,0.815432,70.7398,0.2986253,-0.7109014,-0.6367436,-0.04514401,1.107752,0.2574261,1.138165,0.5218122,-0.2586976,-0.2674026,0.767648,79.7137,0.8142228,-0.4036652,-0.4172483,0.1099684,-0.07110509,0.02002697,0.1324767,0.07639167,0.5274075,-0.7584825,0.3751134,135.9374,0.08240928,0.568953,-0.8182306,-0.4303387,-0.3019903,-0.2196297,0.5697602,0.007097049,0.03414814,0.7660219,0.6418677,100.1375,0.009255224,0.04453241,0.9989652,0.145144,-0.007751584,0.0425739,0.1514576,-0.04399979,-0.6911693,-0.0516015,0.7195043,87.97287,-0.06335572,-0.9952213,-0.07430148,-0.16077,1.197991,-0.06580793,1.21052,0.01733976,0.03107702,-0.2012857,-0.9788859,336.4104,0.08482946,0.1520348,-0.9847288,True,True,False,False
1772879676261,1.878971,0.05384272,1.117903,0.1694315,1.131951,-0.1960681,-0.88214,0.1909803,0.3832921,134.9245,-0.2122805,-0.9550823,0.2067721,-0.1065603,0.638564,-0.05978639,0.6501488,0.5166898,0.2083723,-0.7725262,0.3046571,144.5249,0.5424781,0.2187723,-0.8110834,-0.05633753,1.085884,0.2415133,1.113843,-0.06410486,1.123913,0.2784875,1.159674,-0.0422593,1.112014,0.284934,1.148716,-0.02341693,0.6458473,0.03400514,0.6471657,-0.01065956,0.6547075,0.07375766,0.6589353,-0.02719784,0.6469378,0.1043489,0.6558635,0.09691743,-0.08432606,0.04309101,0.1355017,0.1427618,-0.07156057,0.01841453,0.1607512,0.1270333,-0.08045878,0.000144437,0.1503699,-0.1119592,0.05107292,-0.02488788,0.1255496,-0.1545816,0.0530959,-0.02401929,0.1652016,-0.1762648,0.04718489,0.003632151,0.1825072,0.09973755,-0.08129903,0.04139247,0.1351682,0.139703,-0.0725694,0.01776145,0.1584258,0.1242127,-0.07965551,0.0005278753,0.1475604,-0.1107524,0.04643454,-0.04362904,0.1277723,-0.152573,0.0559292,-0.02436491,0.1643175,-0.1758201,0.04768411,0.003624306,0.1822077,0.1138817,-0.07903511,0.02714446,0.141253,-0.1576615,0.9507029,-0.02593902,0.2657708,149.1745,-0.1635431,0.9861693,-0.02690668,-0.1401642,0.04749077,-0.0228976,0.1497521,0.1650531,-0.4230676,-0.3396921,0.8236386,69.09858,0.29104,-0.7459996,-0.5989828,-0.044779,1.107879,0.2572442,1.138234,0.5225362,-0.2611769,-0.2863294,0.7594458,81.16927,0.8031968,-0.4014583,-0.4401204,0.1102084,-0.07125513,0.02052553,0.1328325,0.06522509,0.5307895,-0.7601327,0.3690615,136.6845,0.07017942,0.5711069,-0.8178703,-0.4305553,-0.3014728,-0.2197026,0.5696779,0.01790782,0.02617876,0.7539597,0.6561545,97.9855,0.0237307,0.03469102,0.9991163,0.144779,-0.007879138,0.04275584,0.1511658,-0.06313025,-0.6938381,-0.04478175,0.7159595,88.55622,-0.09042612,-0.9938355,-0.0641442,-0.1599323,1.198059,-0.06581189,1.210477,0.01740484,0.0284986,-0.2020021,-0.9788157,336.3711,0.08500806,0.1391918,-0.9866108,True,True,False,False
1772879676275,1.891989,0.055768,1.117331,0.1702203,1.131598,-0.2054003,-0.8832018,0.1767507,0.3827854,134.9874,-0.2223337,-0.9560143,0.1913223,-0.1065815,0.6387534,-0.05977055,0.6503368,0.5165299,0.2081984,-0.7726375,0.3047651,144.5119,0.5423298,0.2185976,-0.8112297,-0.05645389,1.087596,0.2402755,1.115251,-0.06347392,1.124932,0.2785687,1.160647,-0.04162983,1.111419,0.2845008,1.14801,-0.02344142,0.646055,0.03399023,0.6473731,-0.0106521,0.6549473,0.07372317,0.6591696,-0.02715802,0.6471601,0.104322,0.6560768,0.0973358,-0.08378713,0.04348689,0.1355937,0.1434163,-0.07150842,0.01827872,0.1612941,0.1266657,-0.08085225,0.0001936555,0.1502708,-0.1119364,0.05107867,-0.02485701,0.1255256,-0.154557,0.05310951,-0.02401606,0.1651825,-0.176239,0.04724094,0.003639467,0.182497,0.09956535,-0.08147742,0.04154263,0.1351947,0.1399692,-0.07249333,0.01779854,0.15863,0.1243886,-0.07974131,0.0005039126,0.1477547,-0.1108373,0.04676751,-0.04228314,0.1275146,-0.1527152,0.05572704,-0.0243399,0.1643772,-0.1758502,0.04765234,0.003625393,0.1822283,0.1138745,-0.07913426,0.02727086,0.1413271,-0.1602022,0.9496731,-0.02614782,0.2679039,148.9209,-0.1662805,0.985705,-0.02713991,-0.1403846,0.04765567,-0.02209212,0.1498898,0.1591078,-0.4316124,-0.3184243,0.8288556,68.03729,0.2843939,-0.7714767,-0.569161,-0.04225865,1.107281,0.2579021,1.137704,0.5202089,-0.2527136,-0.3332783,0.7446101,83.74876,0.7793396,-0.3785974,-0.4992936,0.1104123,-0.07179294,0.02066626,0.1333124,0.05695974,0.5372227,-0.758986,0.3634387,137.3769,0.06114066,0.5766556,-0.8146965,-0.4306415,-0.3010933,-0.2197446,0.5695586,0.02838276,0.01812039,0.74321,0.6682103,96.14182,0.03815028,0.02435626,0.9989753,0.1422586,-0.007280827,0.04209787,0.1485354,-0.1041325,-0.7096355,-0.03147751,0.6961202,91.76691,-0.1450464,-0.988453,-0.04384511,-0.1590964,1.198181,-0.0657641,1.210486,0.01753425,0.02616027,-0.2022216,-0.9788333,336.3809,0.08567542,0.1278237,-0.9880904,True,True,False,False
1772879676289,1.90708,0.06248827,1.11597,0.1744923,1.131256,-0.2187465,-0.8856229,0.1591709,0.3774742,135.6454,-0.2362222,-0.9563754,0.1718871,-0.1064587,0.6390423,-0.05986592,0.6506093,0.5165299,0.2081984,-0.7726375,0.3047651,144.5119,0.5423298,0.2185976,-0.8112297,-0.05390367,1.088749,0.2388251,1.115937,-0.05864251,1.126015,0.2809999,1.162028,-0.03667387,1.108436,0.2853363,1.14516,-0.02332187,0.646336,0.03388415,0.6476436,-0.01056341,0.6553007,0.07364108,0.6595101,-0.02702499,0.6474334,0.1042276,0.6563259,0.09679972,-0.08310824,0.04636391,0.1357453,0.1439129,-0.07141838,0.01749098,0.1616089,0.1239809,-0.08249123,0.0004450679,0.148917,-0.1119236,0.05108236,-0.02485386,0.125515,-0.1545763,0.05303913,-0.02402921,0.1651798,-0.1762388,0.04725929,0.003642827,0.1825015,0.09935624,-0.08160073,0.04190716,0.1352278,0.1402674,-0.07241205,0.01777528,0.1588534,0.1243578,-0.07994922,0.0004994635,0.1478411,-0.1109195,0.04709375,-0.04096533,0.1272757,-0.1528559,0.05552381,-0.02431641,0.1644358,-0.1758796,0.04762262,0.003626711,0.182249,0.1138482,-0.07921798,0.02749302,0.1413957,-0.1633491,0.9492613,-0.0280189,0.2672733,148.9958,-0.169516,0.9850984,-0.02907669,-0.1405909,0.04781621,-0.02131894,0.1500223,0.1531145,-0.43999,-0.2976127,0.8333017,67.12122,0.2769704,-0.7959027,-0.5383548,-0.04167312,1.107507,0.2579651,1.137917,0.5120756,-0.2511564,-0.3542302,0.7410939,84.35064,0.7626966,-0.3740779,-0.5275981,0.1104214,-0.07270479,0.02292886,0.1341813,0.02386277,0.5541522,-0.7603133,0.338038,140.4852,0.02535538,0.5888143,-0.8078707,-0.4317843,-0.2988082,-0.2205033,0.5695136,0.03857216,-0.002260191,0.7125829,0.7005233,91.062,0.05405068,-0.003167177,0.9985332,0.1416731,-0.007507324,0.04203486,0.1479681,-0.1184334,-0.7171875,-0.01860712,0.6864908,93.29408,-0.162876,-0.9863148,-0.02558951,-0.158074,1.198248,-0.06569695,1.210413,0.01770306,0.0237034,-0.2021168,-0.9789145,336.4264,0.08666484,0.1160393,-0.9894568,True,True,False,False
1772879676302,1.920351,0.06682469,1.115286,0.1778606,1.131355,-0.2286756,-0.8886139,0.1462272,0.3697167,136.6037,-0.2461141,-0.9563786,0.1573783,-0.1064434,0.6392905,-0.05994766,0.6508581,0.5165299,0.2081984,-0.7726375,0.3047651,144.5119,0.5423298,0.2185976,-0.8112297,-0.05300666,1.089713,0.2367718,1.116398,-0.05650621,1.127547,0.2820019,1.16365,-0.03365374,1.106037,0.2843535,1.142501,-0.02333518,0.6465583,0.03381279,0.6478623,-0.0105417,0.6555248,0.07352841,0.6597199,-0.02696756,0.6476225,0.1040988,0.6564897,0.09614996,-0.08281973,0.04878675,0.1359561,0.1444881,-0.07100677,0.01695457,0.1618834,0.1205934,-0.08353955,0.0007552952,0.1467044,-0.1119185,0.05108147,-0.02481422,0.1255023,-0.1545433,0.0530613,-0.02402988,0.1651561,-0.1761919,0.04733157,0.003634356,0.1824748,0.09907856,-0.0817063,0.04250297,0.1352737,0.140633,-0.07229035,0.01770421,0.159113,0.1240318,-0.08026017,0.00052162,0.1477357,-0.111006,0.04743911,-0.03956654,0.1270366,-0.1530021,0.05531054,-0.02429159,0.1644961,-0.1759066,0.04759742,0.003627374,0.1822685,0.1138182,-0.07928404,0.02779932,0.1414685,-0.166962,0.9496012,-0.03074609,0.2635071,149.4435,-0.173079,0.9843921,-0.03187255,-0.1407978,0.04798766,-0.02051528,0.150159,0.1466869,-0.4488412,-0.2758724,0.837209,66.30687,0.2682235,-0.8207262,-0.5044451,-0.04098051,1.107743,0.2579919,1.138128,0.5118905,-0.2528424,-0.3590766,0.7383108,84.82455,0.7589628,-0.3748809,-0.5323907,0.110764,-0.07335826,0.02447317,0.135089,0.00729323,0.5718141,-0.7518038,0.3282786,141.6713,0.007721127,0.6053627,-0.7959123,-0.4320726,-0.2984022,-0.2208172,0.569641,0.04106869,-0.01815991,0.700983,0.711763,89.24293,0.05846744,-0.02585335,0.9979545,0.1409805,-0.007743239,0.04200816,0.1473097,-0.1236877,-0.716901,-0.01613728,0.6859257,93.3831,-0.1699774,-0.9851984,-0.02217659,-0.1570424,1.198426,-0.0656046,1.21045,0.01766041,0.02130036,-0.2024819,-0.978895,336.4155,0.08641668,0.1042278,-0.990793,True,True,False,False
1772879676316,1.934208,0.073265,1.114944,0.1827258,1.132191,-0.2389284,-0.8923528,0.1328917,0.3591096,137.909,-0.2560051,-0.956131,0.1423897,-0.1064912,0.6399115,-0.06010978,0.6514909,0.5164521,0.2080886,-0.7726406,0.3049636,144.4881,0.5422844,0.2184969,-0.8112871,-0.04993992,1.09051,0.2347807,1.116615,-0.05296588,1.130069,0.2842539,1.166474,-0.02899591,1.104341,0.2841249,1.140674,-0.02342594,0.6471757,0.03366855,0.6484741,-0.01058898,0.6561782,0.0733038,0.660345,-0.02697913,0.6482693,0.1038859,0.6570945,0.094667,-0.08283682,0.05159827,0.1359638,0.1457771,-0.07041676,0.01617031,0.162699,0.1172253,-0.08431236,0.001063749,0.1444004,-0.1119091,0.05109972,-0.02474149,0.1254869,-0.15448,0.05310003,-0.02402806,0.1651091,-0.1761424,0.04740564,0.003626332,0.1824461,0.09873901,-0.08179332,0.04320303,0.1352998,0.1410289,-0.07214614,0.01758614,0.1593847,0.1235079,-0.08057205,0.0005633468,0.1474665,-0.1110755,0.04772086,-0.03842548,0.1268525,-0.1531158,0.0551404,-0.02427131,0.1645418,-0.1759247,0.04758266,0.003627294,0.1822821,0.1137716,-0.07931971,0.02813431,0.1415172,-0.1698286,0.9504602,-0.03311752,0.258238,150.0689,-0.1757912,0.9838304,-0.03428026,-0.1409574,0.04812923,-0.01987197,0.1502674,0.1414559,-0.4560131,-0.2585352,0.8397629,65.7698,0.2605307,-0.8398756,-0.4761649,-0.03646906,1.108465,0.2591837,1.138948,0.5236167,-0.290795,-0.3708574,0.7097385,89.57272,0.7432826,-0.4127884,-0.5264382,0.1114366,-0.07470308,0.02775254,0.1369995,0.006204613,0.5858032,-0.7442614,0.3207356,142.5852,0.006550692,0.6184781,-0.7857748,-0.4325316,-0.2974305,-0.2209036,0.5695146,0.04488186,-0.02068023,0.6980432,0.7143484,88.82035,0.06413616,-0.02955205,0.9975035,0.1364691,-0.008465409,0.04081628,0.1426935,-0.1570506,-0.6884809,-0.005012942,0.7080284,89.85056,-0.2223934,-0.9749312,-0.007098635,-0.1562205,1.198544,-0.06548012,1.210455,0.01789029,0.01858149,-0.2033211,-0.9787723,336.3468,0.08729082,0.09066334,-0.9920497,True,True,False,False
1772879676331,1.948445,0.08508462,1.116235,0.1903144,1.135535,-0.2478339,-0.8972308,0.1192897,0.3454349,139.5833,-0.2640906,-0.9560848,0.1271146,-0.1058385,0.6409976,-0.06041138,0.6524793,0.5164521,0.2080886,-0.7726406,0.3049636,144.4881,0.5422844,0.2184969,-0.8112871,-0.04126747,1.092794,0.2346936,1.118474,-0.03948905,1.125355,0.2836505,1.161224,-0.01914065,1.10382,0.2856966,1.140355,-0.02273515,0.648207,0.03337414,0.6494637,-0.0099517,0.6573079,0.07303953,0.6614283,-0.02635967,0.6494178,0.1036505,0.6581655,0.0932051,-0.08277211,0.05427194,0.1359553,0.136686,-0.07335559,0.01578948,0.1559276,0.1134887,-0.08504798,0.001395985,0.1418267,-0.1119124,0.05116562,-0.0247295,0.1255144,-0.1545213,0.05305751,-0.02403127,0.1651346,-0.1762103,0.04733697,0.003634021,0.1824941,0.09829577,-0.08187171,0.04408958,0.1353105,0.1406811,-0.07224301,0.01744224,0.1591051,0.1227054,-0.08093055,0.0006300361,0.1469924,-0.1111425,0.04799676,-0.03732852,0.1266877,-0.1532284,0.05497357,-0.02425208,0.164588,-0.1759476,0.04756298,0.003627832,0.1822991,0.113267,-0.07946116,0.0286292,0.1412909,-0.1720175,0.9519852,-0.03539572,0.2507614,150.9549,-0.1776951,0.9834061,-0.03656398,-0.1411067,0.04826454,-0.01926384,0.1503717,0.1364887,-0.4628754,-0.2420901,0.8417302,65.35345,0.2528044,-0.8573378,-0.4483994,-0.03546132,1.109199,0.2588507,1.139554,0.5125258,-0.3080952,-0.375785,0.7079409,89.86474,0.725678,-0.4362276,-0.5320686,0.1121348,-0.07716922,0.03239394,0.1399238,-0.01066077,0.5657974,-0.7546455,0.3320692,141.2112,-0.0113021,0.599835,-0.8000439,-0.4349023,-0.2945277,-0.2226943,0.570508,0.09498934,-0.02333296,0.6944152,0.7128958,89.05798,0.1354533,-0.03327242,0.9902248,0.1354613,-0.009199262,0.04114935,0.141872,-0.1598737,-0.681478,0.01387655,0.7140279,88.87283,-0.2283527,-0.9733769,0.01982033,-0.1552844,1.198711,-0.06532247,1.210491,0.01822942,0.01609331,-0.2036269,-0.9787466,336.3324,0.08889216,0.07847583,-0.992946,True,True,False,False
1772879676344,1.963108,0.08855596,1.116423,0.1922392,1.136309,-0.2532538,-0.9009845,0.1093503,0.3348609,140.8718,-0.2687707,-0.9561877,0.1160501,-0.1054114,0.641308,-0.06052124,0.6527253,0.5164521,0.2080886,-0.7726406,0.3049636,144.4881,0.5422844,0.2184969,-0.8112871,-0.03904584,1.094037,0.2332999,1.119317,-0.03827359,1.126257,0.2823646,1.161745,-0.01825757,1.104104,0.2844048,1.140292,-0.02235175,0.6484685,0.03330611,0.6497079,-0.00952008,0.6575994,0.07291168,0.6616976,-0.02589254,0.6496651,0.1034955,0.6583665,0.09326394,-0.08292123,0.05380744,0.1359019,0.1367161,-0.07329847,0.01552673,0.1559007,0.1131423,-0.08515988,0.001414239,0.141617,-0.1119263,0.05117098,-0.02465314,0.1255139,-0.1545011,0.05307446,-0.02402917,0.1651209,-0.1761636,0.0474107,0.003630206,0.182468,0.09788263,-0.08195788,0.04488747,0.1353255,0.1403555,-0.07232967,0.01728497,0.1588396,0.1219202,-0.0812778,0.0006944236,0.1465302,-0.1112069,0.04825738,-0.0362878,0.1265407,-0.1533329,0.05481764,-0.02423378,0.1646306,-0.1759654,0.04755048,0.003628027,0.182313,0.1128053,-0.07959773,0.02906259,0.1410867,-0.1741993,0.9533336,-0.03744753,0.2437364,151.7857,-0.1796162,0.9829786,-0.038612,-0.14124,0.04839436,-0.01869712,0.150467,0.131785,-0.4693488,-0.2268408,0.8431416,65.05326,0.2450941,-0.872896,-0.421879,-0.03324389,1.11103,0.2578352,1.141039,0.4949422,-0.3410969,-0.3726098,0.7069987,90.01752,0.699847,-0.4823101,-0.5268694,0.1129753,-0.07806157,0.03182033,0.1409594,-0.02135316,0.573799,-0.7430533,0.3437594,139.7878,-0.02273892,0.6110369,-0.7912754,-0.4349673,-0.2944358,-0.2234384,0.570801,0.1069276,-0.03934898,0.6981504,0.7068269,90.04534,0.1511587,-0.05562586,0.9869433,0.1332439,-0.0110296,0.0421648,0.1401908,-0.1558511,-0.6640454,0.04274671,0.7300186,86.22411,-0.2280433,-0.9716399,0.06254755,-0.1544674,1.19897,-0.06511143,1.210632,0.01886987,0.0128472,-0.204243,-0.978654,336.2807,0.09181763,0.06251233,-0.9938124,True,True,False,False
1772879676358,1.975932,0.09343049,1.117556,0.1910227,1.137608,-0.2576472,-0.9036539,0.09992649,0.3271732,141.8054,-0.2726528,-0.9562835,0.1057463,-0.1045964,0.6419109,-0.0603681,0.6531725,0.516654,0.208169,-0.7724379,0.3050805,144.474,0.5425176,0.2185899,-0.811106,-0.03408922,1.097092,0.2332908,1.122139,-0.0362118,1.129247,0.2799053,1.163983,-0.01722405,1.10636,0.2826559,1.142026,-0.02148486,0.6491601,0.03348011,0.6503779,-0.008771162,0.6581417,0.07303931,0.6622403,-0.02511886,0.6501819,0.1036338,0.6588683,0.09523898,-0.08313982,0.04983964,0.1358922,0.138864,-0.07302251,0.01511376,0.1576196,0.1157932,-0.08577417,0.001076534,0.1441056,-0.1119544,0.05118123,-0.0247844,0.125569,-0.1544147,0.05312546,-0.02402557,0.1650559,-0.1761037,0.04749805,0.003624946,0.1824328,0.0976596,-0.0820576,0.04530524,0.135364,0.1402297,-0.07238812,0.0171018,0.1587352,0.1214033,-0.08165712,0.000726659,0.1463119,-0.1112699,0.04850404,-0.03531735,0.1264158,-0.1534242,0.05467489,-0.02421621,0.1646655,-0.175977,0.04754606,0.003627767,0.1823231,0.1126009,-0.07973074,0.02924154,0.1410355,-0.1774028,0.953845,-0.04028082,0.2389254,152.3537,-0.182694,0.9822944,-0.04148223,-0.1413597,0.04851972,-0.01817577,0.1505559,0.1274195,-0.4753409,-0.212923,0.8440847,64.85197,0.23763,-0.8864833,-0.397089,-0.03319277,1.111768,0.2570386,1.141577,0.4837926,-0.3591495,-0.3706056,0.7068294,90.04494,0.6839179,-0.507715,-0.52391,0.1153377,-0.07956296,0.03032922,0.1433629,-0.02670689,0.5738285,-0.7276949,0.3747905,135.9773,-0.02880662,0.6189435,-0.7849071,-0.4345666,-0.2941796,-0.2258925,0.5713293,0.1267655,-0.0614355,0.7116973,0.6882175,93.02166,0.1747273,-0.08467969,0.9809689,0.1331928,-0.01176763,0.04296145,0.1404439,-0.1526852,-0.6544193,0.05964195,0.7381501,84.85187,-0.2263221,-0.9700323,0.08840603,-0.1535699,1.199276,-0.06484333,1.210806,0.01960984,0.009816447,-0.2050129,-0.9785136,336.2026,0.09510922,0.04761051,-0.9943278,True,True,False,False
1772879676372,1.989709,0.09429939,1.117296,0.1888206,1.137055,-0.2614582,-0.9032816,0.08909453,0.3283048,141.6682,-0.2768007,-0.9562868,0.09432266,-0.1044457,0.6419646,-0.0602599,0.6531911,0.5168716,0.2082777,-0.7722144,0.3052036,144.4592,0.5427686,0.2187131,-0.8109049,-0.03269574,1.098404,0.2329542,1.123311,-0.03613901,1.130308,0.2779674,1.164546,-0.01796043,1.10712,0.2809868,1.142362,-0.02136532,0.6492332,0.03362112,0.6504542,-0.008677583,0.6581491,0.07318354,0.6622623,-0.02506312,0.650225,0.1038098,0.6589364,0.09634745,-0.08324459,0.04711616,0.1357661,0.1401138,-0.07260707,0.0150657,0.1585265,0.1176803,-0.08573797,0.0008678138,0.1456036,-0.111951,0.05118593,-0.0248156,0.1255741,-0.1543901,0.05317286,-0.02402047,0.1650474,-0.1761249,0.04749284,0.003630631,0.1824519,0.09756176,-0.08214611,0.04544028,0.1353924,0.140221,-0.07240444,0.01694997,0.1587188,0.1211257,-0.08196142,0.0007371845,0.146252,-0.1113207,0.04870402,-0.03453427,0.126321,-0.1534962,0.05456289,-0.02420162,0.1646934,-0.175988,0.04754209,0.003627981,0.1823327,0.1125568,-0.07982915,0.02925341,0.1410584,-0.1805619,0.9537854,-0.04282583,0.2363404,152.6587,-0.1858263,0.9815936,-0.04407444,-0.1414537,0.04862093,-0.01776015,0.1506273,0.1240121,-0.4801406,-0.2020219,0.844555,64.75142,0.2315954,-0.8966733,-0.3772804,-0.03355888,1.11247,0.2557791,1.141989,0.4762484,-0.3730903,-0.3624443,0.7089607,89.69917,0.6752922,-0.5290201,-0.5139246,0.1169257,-0.08013722,0.02906716,0.1447014,-0.02312173,0.5743501,-0.7155498,0.3969582,133.2237,-0.02519155,0.625765,-0.7796047,-0.4338347,-0.2945497,-0.2269327,0.571376,0.1368445,-0.07479445,0.7191111,0.6771697,94.75426,0.1859737,-0.1016468,0.9772829,0.1335589,-0.01247001,0.04422089,0.1412408,-0.1444917,-0.64545,0.06966968,0.7467682,83.37761,-0.2172531,-0.9704782,0.1047531,-0.1528666,1.199398,-0.06467941,1.210829,0.0205894,0.005857495,-0.20583,-0.9783536,336.1138,0.09949448,0.02830526,-0.9946356,True,True,False,False
1772879676386,2.003702,0.09489577,1.117044,0.183585,1.136,-0.2651153,-0.9003393,0.07540187,0.3367752,140.639,-0.2815628,-0.9561954,0.08007972,-0.1043861,0.6419044,-0.06020312,0.6531172,0.5170494,0.2084198,-0.7720013,0.3053448,144.4422,0.5429811,0.2188727,-0.8107196,-0.02986754,1.100139,0.2334375,1.125029,-0.0363978,1.133362,0.2768517,1.167253,-0.01916351,1.108558,0.279404,1.143387,-0.02137543,0.6491423,0.03372598,0.6503692,-0.008672047,0.6580514,0.07325575,0.6621732,-0.02504929,0.650098,0.1038615,0.6588187,0.09823401,-0.08323152,0.04194678,0.135414,0.1445042,-0.07148938,0.01451704,0.1618732,0.1219469,-0.08597448,0.0003709942,0.1492072,-0.1119411,0.05119953,-0.02477176,0.1255621,-0.1543525,0.05321371,-0.02401669,0.1650248,-0.176079,0.04755726,0.003626451,0.1824244,0.09761532,-0.08223258,0.04516196,0.1353904,0.1405623,-0.07233155,0.01675615,0.1589666,0.1211911,-0.08228112,0.0007080115,0.1464854,-0.1113701,0.04890283,-0.03375653,0.1262311,-0.1535644,0.0544554,-0.02418689,0.1647192,-0.1759953,0.0475433,0.003627859,0.18234,0.1128212,-0.07988837,0.02899236,0.1412492,-0.1849269,0.9526414,-0.04649066,0.2368861,152.5943,-0.1903445,0.9805504,-0.04785267,-0.1415408,0.04872359,-0.01735283,0.1506948,0.1206685,-0.4848853,-0.1914597,0.844789,64.70132,0.2255067,-0.9061591,-0.3578019,-0.0340519,1.114686,0.2492152,1.142713,0.4448944,-0.3976458,-0.357722,0.7183187,88.16832,0.6394787,-0.5715649,-0.5141795,0.1197375,-0.08137149,0.02784088,0.1474229,-0.006109568,0.5728371,-0.7032163,0.4210785,130.1946,-0.006735838,0.6315566,-0.7753006,-0.4326552,-0.2951904,-0.2279599,0.5712212,0.1424191,-0.08141983,0.7288138,0.6647695,96.67073,0.1906423,-0.1089887,0.9755908,0.1340519,-0.01468647,0.05078478,0.1440996,-0.1275624,-0.6363083,0.1054582,0.7534709,82.21614,-0.1940167,-0.9677966,0.1603973,-0.1519182,1.199606,-0.06461357,1.210913,0.02076945,0.002075399,-0.2068937,-0.9781408,335.9962,0.09988012,0.009980578,-0.9949505,True,True,False,False
1772879676400,2.017946,0.09478515,1.117604,0.1731691,1.134905,-0.2686854,-0.896809,0.06076279,0.3461929,139.4907,-0.2863952,-0.95592,0.06476782,-0.1042896,0.641705,-0.06014635,0.6529006,0.5172232,0.2085398,-0.7718187,0.3054297,144.432,0.5431793,0.2190051,-0.8105512,-0.02798149,1.102315,0.2274425,1.125883,-0.03594313,1.137038,0.2695804,1.169111,-0.02007696,1.111871,0.2723993,1.144928,-0.02132875,0.6488162,0.03379092,0.6500456,-0.008579519,0.6576557,0.07318333,0.6617706,-0.02496909,0.6497898,0.1038861,0.6585154,0.0995312,-0.08297868,0.03819773,0.1350962,0.1474183,-0.06945938,0.0143504,0.163593,0.1261172,-0.08465955,-8.101761E-05,0.1518973,-0.1118803,0.05128463,-0.02469741,0.125528,-0.1541595,0.05338971,-0.02400104,0.1648989,-0.1760096,0.04765807,0.003619097,0.1823835,0.09777015,-0.08229288,0.04459915,0.1353521,0.1411163,-0.07209943,0.01656173,0.1593312,0.1215892,-0.08247333,0.0006442463,0.1469225,-0.1114114,0.04909532,-0.03302442,0.1261486,-0.1536125,0.05436928,-0.02417187,0.1647334,-0.1759964,0.04755257,0.003627151,0.1823435,0.1132702,-0.07986161,0.02858017,0.1415092,-0.190378,0.9504508,-0.05009247,0.2406041,152.1556,-0.1961399,0.9792168,-0.05160855,-0.1416185,0.04882688,-0.01697096,0.1507577,0.1177254,-0.4893013,-0.1820203,0.8447447,64.71082,0.2199779,-0.9142923,-0.3401171,-0.03365618,1.115293,0.2477008,1.142964,0.4354755,-0.4091661,-0.3562305,0.7183622,88.16116,0.6259806,-0.5881617,-0.5120687,0.1225612,-0.08157829,0.02672544,0.1496346,0.002050685,0.5756142,-0.6733148,0.4640163,124.7068,0.002314996,0.6498047,-0.7600978,-0.4269229,-0.2971729,-0.2318936,0.5695169,0.1458626,-0.1128952,0.7436028,0.6426771,100.0165,0.190387,-0.1473563,0.9705868,0.1336562,-0.01529276,0.0522992,0.1443366,-0.1244222,-0.6298481,0.1179202,0.7575656,81.49992,-0.1906096,-0.9649011,0.1806488,-0.1507149,1.199588,-0.06461822,1.210744,0.0211146,-0.001658401,-0.2066676,-0.978182,336.019,0.1016346,-0.007982675,-0.99479,True,True,False,False
1772879676412,2.030953,0.09450252,1.11823,0.1697161,1.134977,-0.2726561,-0.8922434,0.0435821,0.3572968,138.1315,-0.2919258,-0.9553021,0.04666223,-0.1042044,0.6416418,-0.06012611,0.652823,0.5174505,0.2086716,-0.771612,0.3054772,144.4263,0.5434266,0.219147,-0.810347,-0.0272219,1.104047,0.2262811,1.127326,-0.03491835,1.139027,0.2695041,1.170997,-0.0199696,1.113102,0.2714992,1.145908,-0.02124164,0.6486893,0.03382395,0.6499178,-0.008559261,0.657544,0.0732381,0.6616655,-0.02496717,0.6496814,0.1039479,0.6584181,0.09992564,-0.08287501,0.03693508,0.1349726,0.1491529,-0.0685171,0.01409714,0.1647419,0.128047,-0.08422507,-0.0003024042,0.1532644,-0.1118529,0.05135473,-0.02471295,0.1255353,-0.1541376,0.0534092,-0.02399927,0.1648845,-0.176008,0.04766046,0.003618903,0.1823827,0.09794722,-0.08234069,0.04396956,0.1353032,0.1417765,-0.07180515,0.01635927,0.1597629,0.1221197,-0.08261723,0.0005664809,0.147442,-0.1114476,0.04928092,-0.03234165,0.126076,-0.1536556,0.05429041,-0.02415769,0.1647456,-0.1759974,0.04756144,0.003626473,0.1823467,0.1137844,-0.07979804,0.02814102,0.1417975,-0.1960995,0.9478194,-0.05373976,0.2455512,151.5712,-0.202293,0.9777548,-0.05543705,-0.1416867,0.04892612,-0.0166188,0.1508147,0.1150405,-0.4934129,-0.1733352,0.8445498,64.75254,0.2148374,-0.9214454,-0.3237024,-0.03265874,1.115815,0.2467361,1.143236,0.4263292,-0.4197315,-0.3674654,0.712066,89.19348,0.6072092,-0.5978123,-0.5233711,0.1227302,-0.08211349,0.02663754,0.1500496,0.01578316,0.5729097,-0.6586995,0.4874839,121.6493,0.01807648,0.6561547,-0.7544099,-0.425661,-0.2973229,-0.2334348,0.5692803,0.1513636,-0.1232062,0.7480711,0.6342706,101.2682,0.195785,-0.1593641,0.9676113,0.1326587,-0.01581466,0.0532639,0.1438245,-0.1341193,-0.6255331,0.1336686,0.7568707,81.6218,-0.2052119,-0.9571097,0.2045223,-0.1497642,1.199597,-0.0646249,1.210636,0.02103031,-0.004880005,-0.2083733,-0.9778111,335.8152,0.1003888,-0.02329485,-0.9946761,True,True,False,False
1772879676428,2.044862,0.09515049,1.118316,0.1676603,1.13481,-0.2760938,-0.8879375,0.02758509,0.366849,136.9572,-0.2967856,-0.9544837,0.02965245,-0.1041238,0.6416699,-0.060119,0.6528372,0.5177132,0.2088455,-0.7713555,0.3055609,144.4162,0.5437179,0.2193358,-0.8101006,-0.02565561,1.10494,0.2260551,1.128118,-0.03278822,1.140075,0.2698918,1.172044,-0.01893162,1.1139,0.2717301,1.146721,-0.02122988,0.6485688,0.03389252,0.6498007,-0.008561101,0.6575359,0.07330026,0.6616643,-0.02497468,0.6496434,0.10399,0.6583876,0.100197,-0.08279341,0.03589973,0.1348443,0.1501516,-0.06744833,0.01408029,0.165206,0.1299433,-0.08354156,-0.0005187392,0.1544821,-0.1118234,0.05144655,-0.02461617,0.1255275,-0.1541271,0.053419,-0.02399834,0.1648777,-0.1759916,0.04768456,0.00361722,0.1823731,0.09811719,-0.0823749,0.04335988,0.1352505,0.1424093,-0.07147599,0.01618709,0.16016,0.1227108,-0.08268707,0.0004844921,0.1479707,-0.111476,0.04944454,-0.03175798,0.1260168,-0.1536913,0.05422457,-0.02414565,0.1647553,-0.175997,0.04757074,0.003625774,0.1823487,0.1142687,-0.07970838,0.02774031,0.1420574,-0.2016965,0.9449994,-0.05693587,0.2511034,150.9144,-0.2083727,0.9762791,-0.05882046,-0.1417398,0.04901405,-0.01632125,0.1508607,0.1127732,-0.4969275,-0.1659865,0.8442711,64.81213,0.2104306,-0.9272485,-0.3097248,-0.0283146,1.116333,0.2451997,1.143295,0.4282286,-0.4170179,-0.4019226,0.6936675,92.15774,0.5945181,-0.5789541,-0.557997,0.122958,-0.08208725,0.02715591,0.1503144,0.01513083,0.5679866,-0.6488857,0.5060726,119.1948,0.01754318,0.6585423,-0.7523394,-0.4250316,-0.296883,-0.235137,0.5692809,0.1621293,-0.1383557,0.7433105,0.6340833,101.296,0.2096686,-0.178924,0.9612624,0.1283146,-0.01633263,0.0548003,0.1404794,-0.1699361,-0.6306207,0.1414511,0.7439295,83.86555,-0.2542971,-0.9436783,0.2116714,-0.149058,1.199649,-0.0644281,1.210589,0.02068368,-0.007961063,-0.2092789,-0.9776048,335.7027,0.09828354,-0.03782893,-0.9944395,True,True,False,False
1772879676441,2.059366,0.1017283,1.117779,0.1676957,1.134857,-0.2798141,-0.8840749,0.01401758,0.3740577,136.0678,-0.3017172,-0.9532777,0.01511484,-0.104114,0.6419752,-0.06021469,0.6531445,0.5180372,0.2090834,-0.7710431,0.3056376,144.407,0.5440722,0.2195913,-0.8097934,-0.02137973,1.105325,0.2225662,1.127713,-0.02334921,1.136309,0.2688035,1.167904,-0.01063259,1.111452,0.2709965,1.144061,-0.02128538,0.6486287,0.03382796,0.6498589,-0.008566912,0.6577684,0.07319891,0.6618842,-0.02509461,0.6498958,0.1039667,0.6586375,0.09894793,-0.08296254,0.04059561,0.1353569,0.1459306,-0.06862085,0.0143517,0.1618967,0.127638,-0.08393162,-0.0003246814,0.1527615,-0.1117383,0.05161104,-0.02448907,0.1254945,-0.1540658,0.05350082,-0.02406755,0.1648571,-0.1760032,0.04766684,0.003618516,0.1823797,0.09818395,-0.08242213,0.04313773,0.1352566,0.1426923,-0.07124653,0.01603959,0.1602948,0.1231068,-0.08278709,0.0004194617,0.1483548,-0.1114971,0.04961865,-0.03117381,0.125958,-0.1537214,0.05416641,-0.02413937,0.1647634,-0.1759975,0.04757846,0.003625191,0.1823512,0.1144562,-0.07968877,0.0276059,0.142171,-0.2072847,0.9428116,-0.05977881,0.2540978,150.5597,-0.214319,0.9748062,-0.06180743,-0.1417911,0.04910696,-0.01602479,0.1509073,0.1106443,-0.5004401,-0.1587713,0.8438657,64.89879,0.2062126,-0.9326921,-0.295909,-0.02721756,1.116234,0.2449409,1.143116,0.4400516,-0.4219483,-0.4151493,0.6752521,95.05254,0.5966098,-0.5720658,-0.562848,0.1232098,-0.08234006,0.03097728,0.1513939,-0.00689511,0.5637262,-0.6553394,0.5026883,119.644,-0.007976133,0.6521078,-0.7580843,-0.4247872,-0.2938738,-0.2392334,0.569244,0.1771113,-0.150519,0.7175712,0.6565573,97.92432,0.2348096,-0.1995542,0.9513375,0.1272176,-0.01623356,0.05505908,0.1395684,-0.1945922,-0.6232657,0.1375328,0.7448213,83.71251,-0.291627,-0.9340615,0.2061145,-0.1483471,1.19955,-0.06428,1.210396,0.02131803,-0.0101856,-0.2106608,-0.9772737,335.523,0.1005656,-0.04804949,-0.9937702,True,True,False,False
1772879676456,2.072854,0.1059147,1.116768,0.1692571,1.134476,-0.2830134,-0.8811324,0.004230045,0.3788023,135.481,-0.3058025,-0.9520839,0.004570662,-0.1040658,0.6421531,-0.0602432,0.6533142,0.5183177,0.2093293,-0.7707955,0.3056181,144.4093,0.5443631,0.2198481,-0.8095279,-0.01899355,1.105199,0.22087,1.127213,-0.01739662,1.13227,0.2694922,1.164029,-0.004252619,1.107942,0.2700584,1.140388,-0.02129269,0.6487054,0.03383792,0.6499362,-0.008555893,0.6578851,0.07319273,0.6619993,-0.02512163,0.649959,0.1039603,0.6586999,0.09757584,-0.08306362,0.04448819,0.1356459,0.1426226,-0.07032658,0.01435411,0.1596655,0.1235218,-0.08436816,0.0001099706,0.1495849,-0.111713,0.05165136,-0.0244523,0.1254814,-0.1540411,0.05352398,-0.02411007,0.1648478,-0.1759775,0.04769421,0.003615305,0.182362,0.09813316,-0.08247571,0.04325052,0.1352885,0.1426864,-0.0711697,0.01589881,0.1602414,0.1231414,-0.08291914,0.0003936125,0.1484572,-0.1115151,0.04978843,-0.03061241,0.1259033,-0.1537481,0.05411275,-0.02413693,0.1647703,-0.1759958,0.04758813,0.003624365,0.1823521,0.1143972,-0.07973029,0.02766831,0.142159,-0.2109423,0.9419865,-0.06156027,0.2537224,150.6042,-0.2180785,0.9738539,-0.06364286,-0.1418371,0.0491984,-0.01574267,0.1509506,0.1086137,-0.5038165,-0.1519211,0.8433813,65.00217,0.2021413,-0.9376547,-0.2827408,-0.02531464,1.115111,0.2449629,1.141981,0.4536042,-0.4460706,-0.4005159,0.6594325,97.48679,0.6033866,-0.5933654,-0.5327682,0.1236721,-0.08321275,0.03511942,0.1531422,-0.009788453,0.5507829,-0.6672766,0.5012828,119.8302,-0.01131242,0.6365346,-0.7711653,-0.4245851,-0.292887,-0.2402919,0.5690303,0.1966314,-0.1462945,0.7044231,0.6661249,96.46264,0.2636374,-0.1961472,0.9444691,0.1253146,-0.01511085,0.05503716,0.1376996,-0.20022,-0.5964732,0.1318581,0.765993,80.00917,-0.3114574,-0.927859,0.2051152,-0.1476321,1.199557,-0.06408534,1.210305,0.02182204,-0.01209272,-0.2111811,-0.9771285,335.4447,0.1026197,-0.05686685,-0.993094,True,True,False,False
1772879676469,2.087729,0.1174631,1.112243,0.1719692,1.131572,-0.2866067,-0.8785363,-0.003727537,0.3821212,135.0697,-0.3101428,-0.9506815,-0.004033641,-0.1038949,0.6425914,-0.06021537,0.6537153,0.5186432,0.2095537,-0.7705356,0.3055674,144.4154,0.5446957,0.22008,-0.8092412,-0.008431849,1.101818,0.2218339,1.123959,-0.003689385,1.121593,0.2698285,1.1536,0.009912306,1.100948,0.2692172,1.133429,-0.02108999,0.6491695,0.03389609,0.6503959,-0.00845312,0.658226,0.07323277,0.6623413,-0.02503272,0.6502624,0.1040115,0.659004,0.09681284,-0.0830653,0.04660589,0.1358112,0.1364634,-0.07433619,0.01391552,0.1560185,0.1183189,-0.08457073,0.0005877316,0.145437,-0.1117345,0.05165753,-0.02457217,0.1255264,-0.1539874,0.05355012,-0.0241298,0.1648089,-0.1759465,0.04773201,0.003611505,0.1823418,0.09803001,-0.08252177,0.04351267,0.1353258,0.1422002,-0.07141709,0.01574387,0.1599037,0.1227647,-0.08304818,0.0004087784,0.1482172,-0.1115323,0.04993446,-0.03014051,0.1258624,-0.1537668,0.05406879,-0.02413637,0.1647732,-0.1759919,0.04759937,0.003623361,0.1823513,0.1140379,-0.07987117,0.02783631,0.1419821,-0.2105215,0.9430414,-0.06145908,0.2501528,151.0269,-0.2174346,0.9740086,-0.06347726,-0.1418762,0.04927807,-0.01550654,0.1509888,0.1069029,-0.5066473,-0.1462029,0.8429146,65.10163,0.1986867,-0.9416407,-0.2717286,-0.02487553,1.114976,0.2450725,1.141863,0.4584988,-0.4583375,-0.386793,0.6558176,98.03665,0.607348,-0.6071344,-0.5123633,0.1282265,-0.08542143,0.04452992,0.1603801,0.01212457,0.5253637,-0.6769421,0.5153593,117.957,0.01414812,0.6130451,-0.7899213,-0.4244325,-0.2905203,-0.2409119,0.5679644,0.2242394,-0.1326979,0.7121376,0.6518958,98.63062,0.2957099,-0.1749919,0.9391132,0.1248755,-0.01497591,0.0549275,0.1372414,-0.1952995,-0.5826917,0.1286976,0.7783093,77.78792,-0.3110455,-0.9280289,0.2049714,-0.1471052,1.199636,-0.06383123,1.210306,0.02205298,-0.01395647,-0.211773,-0.9769704,335.3596,0.1033531,-0.06540816,-0.9924921,True,True,False,False
1772879676482,2.101013,0.1208723,1.110348,0.1722918,1.130118,-0.2902838,-0.8760758,-0.009769952,0.3848781,134.7277,-0.3145115,-0.9491947,-0.01058537,-0.1038886,0.6427501,-0.0601959,0.6538686,0.5189529,0.209775,-0.7702883,0.3055131,144.4219,0.545011,0.2203084,-0.8089668,-0.005119783,1.100939,0.2220519,1.123121,0.001450898,1.116486,0.2680416,1.148211,0.01388521,1.098817,0.2691523,1.131386,-0.02113595,0.6492895,0.03397018,0.650521,-0.008531425,0.6582904,0.07330975,0.6624148,-0.02508039,0.6502612,0.1040463,0.6590101,0.09655622,-0.08311769,0.04697802,0.1357888,0.1321047,-0.07629155,0.01396842,0.1531899,0.1173509,-0.084791,0.0006216168,0.1447796,-0.1117407,0.05165067,-0.02458128,0.1255309,-0.1539738,0.05355987,-0.02411781,0.1647976,-0.1759101,0.04780443,0.00360842,0.1823257,0.09790403,-0.08257271,0.04380888,0.1353613,0.1413373,-0.07183374,0.01559211,0.1593092,0.1223019,-0.08319715,0.0004269712,0.1479179,-0.1115501,0.05008115,-0.02966532,0.1258236,-0.1537845,0.05402529,-0.02413478,0.1647753,-0.1759849,0.0476169,0.003622084,0.1823491,0.1134511,-0.08009046,0.0280764,0.1416825,-0.2096036,0.9443722,-0.06122506,0.2459247,151.527,-0.2162447,0.9742938,-0.06316493,-0.1419117,0.04936061,-0.01527128,0.1510252,0.1051341,-0.5095004,-0.1404993,0.8423872,65.21387,0.1951,-0.945493,-0.2607282,-0.02452494,1.114836,0.2452211,1.141751,0.4610916,-0.4708194,-0.3736042,0.6527967,98.4944,0.6086752,-0.6215166,-0.4931853,0.1298184,-0.08639581,0.04736925,0.1629751,0.03245736,0.5149012,-0.6771885,0.5246324,116.713,0.03812552,0.6048205,-0.7954487,-0.4243363,-0.2899754,-0.241417,0.5678285,0.2339305,-0.1251533,0.7210355,0.6400945,100.4023,0.3044795,-0.1628972,0.9384863,0.1245249,-0.01483619,0.05477887,0.1368477,-0.189627,-0.5692285,0.1276738,0.7897595,75.67393,-0.3091324,-0.9279637,0.2081355,-0.1463775,1.19969,-0.06361914,1.21026,0.02202164,-0.01547922,-0.2117615,-0.9769506,335.349,0.1031626,-0.07251398,-0.9920184,False,False,False,False
1772879676497,2.113626,0.1208723,1.110348,0.1722918,1.130118,-0.2902838,-0.8760758,-0.009769952,0.3848781,134.7277,-0.3145115,-0.9491947,-0.01058537,-0.1038886,0.6427501,-0.0601959,0.6538686,0.5189529,0.209775,-0.7702883,0.3055131,144.4219,0.545011,0.2203084,-0.8089668,-0.005119783,1.100939,0.2220519,1.123121,0.001450898,1.116486,0.2680416,1.148211,0.01388521,1.098817,0.2691523,1.131386,-0.02113595,0.6492895,0.03397018,0.650521,-0.008531425,0.6582904,0.07330975,0.6624148,-0.02508039,0.6502612,0.1040463,0.6590101,0.09655622,-0.08311769,0.04697802,0.1357888,0.1321047,-0.07629155,0.01396842,0.1531899,0.1173509,-0.084791,0.0006216168,0.1447796,-0.1117407,0.05165067,-0.02458128,0.1255309,-0.1539738,0.05355987,-0.02411781,0.1647976,-0.1759101,0.04780443,0.00360842,0.1823257,0.09790403,-0.08257271,0.04380888,0.1353613,0.1413373,-0.07183374,0.01559211,0.1593092,0.1223019,-0.08319715,0.0004269712,0.1479179,-0.1115501,0.05008115,-0.02966532,0.1258236,-0.1537845,0.05402529,-0.02413478,0.1647753,-0.1759849,0.0476169,0.003622084,0.1823491,0.1134511,-0.08009046,0.0280764,0.1416825,-0.2096036,0.9443722,-0.06122506,0.2459247,151.527,-0.2162447,0.9742938,-0.06316493,-0.1419117,0.04936061,-0.01527128,0.1510252,0.1051341,-0.5095004,-0.1404993,0.8423872,65.21387,0.1951,-0.945493,-0.2607282,-0.02411746,1.115225,0.2458036,1.142247,0.4750575,-0.4778171,-0.3540172,0.6486009,99.12761,0.6241487,-0.6277743,-0.4651214,0.1298184,-0.08639581,0.04736925,0.1629751,0.03245736,0.5149012,-0.6771885,0.5246324,116.713,0.03812552,0.6048205,-0.7954487,-0.4243363,-0.2899754,-0.241417,0.5678285,0.2339305,-0.1251533,0.7210355,0.6400945,100.4023,0.3044795,-0.1628972,0.9384863,0.1241175,-0.01522517,0.05419642,0.1362872,-0.1833085,-0.5552859,0.1126316,0.8033491,73.09778,-0.3078184,-0.9324567,0.1891352,-0.1456578,1.199674,-0.06341992,1.210148,0.02213879,-0.01673216,-0.2119594,-0.9768844,335.3135,0.1035646,-0.07827248,-0.9915391,False,False,False,False
1772879676510,2.127818,0.1208723,1.110348,0.1722918,1.130118,-0.2902838,-0.8760758,-0.009769952,0.3848781,134.7277,-0.3145115,-0.9491947,-0.01058537,-0.1038886,0.6427501,-0.0601959,0.6538686,0.5189529,0.209775,-0.7702883,0.3055131,144.4219,0.545011,0.2203084,-0.8089668,-0.005119783,1.100939,0.2220519,1.123121,0.001450898,1.116486,0.2680416,1.148211,0.01388521,1.098817,0.2691523,1.131386,-0.02113595,0.6492895,0.03397018,0.650521,-0.008531425,0.6582904,0.07330975,0.6624148,-0.02508039,0.6502612,0.1040463,0.6590101,0.09655622,-0.08311769,0.04697802,0.1357888,0.1321047,-0.07629155,0.01396842,0.1531899,0.1173509,-0.084791,0.0006216168,0.1447796,-0.1117407,0.05165067,-0.02458128,0.1255309,-0.1539738,0.05355987,-0.02411781,0.1647976,-0.1759101,0.04780443,0.00360842,0.1823257,0.09790403,-0.08257271,0.04380888,0.1353613,0.1413373,-0.07183374,0.01559211,0.1593092,0.1223019,-0.08319715,0.0004269712,0.1479179,-0.1115501,0.05008115,-0.02966532,0.1258236,-0.1537845,0.05402529,-0.02413478,0.1647753,-0.1759849,0.0476169,0.003622084,0.1823491,0.1134511,-0.08009046,0.0280764,0.1416825,-0.2096036,0.9443722,-0.06122506,0.2459247,151.527,-0.2162447,0.9742938,-0.06316493,-0.1419117,0.04936061,-0.01527128,0.1510252,0.1051341,-0.5095004,-0.1404993,0.8423872,65.21387,0.1951,-0.945493,-0.2607282,-0.02411746,1.115225,0.2458036,1.142247,0.4750575,-0.4778171,-0.3540172,0.6486009,99.12761,0.6241487,-0.6277743,-0.4651214,0.1298184,-0.08639581,0.04736925,0.1629751,0.03245736,0.5149012,-0.6771885,0.5246324,116.713,0.03812552,0.6048205,-0.7954487,-0.4243363,-0.2899754,-0.241417,0.5678285,0.2339305,-0.1251533,0.7210355,0.6400945,100.4023,0.3044795,-0.1628972,0.9384863,0.1241175,-0.01522517,0.05419642,0.1362872,-0.1833085,-0.5552859,0.1126316,0.8033491,73.09778,-0.3078184,-0.9324567,0.1891352,-0.1451186,1.199627,-0.063192,1.210024,0.02217627,-0.01832021,-0.2120801,-0.9768289,335.2837,0.1036169,-0.08559973,-0.9909275,False,False,False,False
1772879676524,2.139208,0.1208723,1.110348,0.1722918,1.130118,-0.2902838,-0.8760758,-0.009769952,0.3848781,134.7277,-0.3145115,-0.9491947,-0.01058537,-0.1038886,0.6427501,-0.0601959,0.6538686,0.5189529,0.209775,-0.7702883,0.3055131,144.4219,0.545011,0.2203084,-0.8089668,-0.005119783,1.100939,0.2220519,1.123121,0.001450898,1.116486,0.2680416,1.148211,0.01388521,1.098817,0.2691523,1.131386,-0.02113595,0.6492895,0.03397018,0.650521,-0.008531425,0.6582904,0.07330975,0.6624148,-0.02508039,0.6502612,0.1040463,0.6590101,0.09655622,-0.08311769,0.04697802,0.1357888,0.1321047,-0.07629155,0.01396842,0.1531899,0.1173509,-0.084791,0.0006216168,0.1447796,-0.1117407,0.05165067,-0.02458128,0.1255309,-0.1539738,0.05355987,-0.02411781,0.1647976,-0.1759101,0.04780443,0.00360842,0.1823257,0.09790403,-0.08257271,0.04380888,0.1353613,0.1413373,-0.07183374,0.01559211,0.1593092,0.1223019,-0.08319715,0.0004269712,0.1479179,-0.1115501,0.05008115,-0.02966532,0.1258236,-0.1537845,0.05402529,-0.02413478,0.1647753,-0.1759849,0.0476169,0.003622084,0.1823491,0.1134511,-0.08009046,0.0280764,0.1416825,-0.2096036,0.9443722,-0.06122506,0.2459247,151.527,-0.2162447,0.9742938,-0.06316493,-0.1419117,0.04936061,-0.01527128,0.1510252,0.1051341,-0.5095004,-0.1404993,0.8423872,65.21387,0.1951,-0.945493,-0.2607282,-0.02411746,1.115225,0.2458036,1.142247,0.4750575,-0.4778171,-0.3540172,0.6486009,99.12761,0.6241487,-0.6277743,-0.4651214,0.1298184,-0.08639581,0.04736925,0.1629751,0.03245736,0.5149012,-0.6771885,0.5246324,116.713,0.03812552,0.6048205,-0.7954487,-0.4243363,-0.2899754,-0.241417,0.5678285,0.2339305,-0.1251533,0.7210355,0.6400945,100.4023,0.3044795,-0.1628972,0.9384863,0.1241175,-0.01522517,0.05419642,0.1362872,-0.1833085,-0.5552859,0.1126316,0.8033491,73.09778,-0.3078184,-0.9324567,0.1891352,-0.1446682,1.199604,-0.06288752,1.209931,0.02240236,-0.01963195,-0.2123474,-0.9767401,335.2362,0.1044757,-0.09155563,-0.9903042,False,False,False,False
1772879676538,2.153506,0.1208723,1.110348,0.1722918,1.130118,-0.2902838,-0.8760758,-0.009769952,0.3848781,134.7277,-0.3145115,-0.9491947,-0.01058537,-0.1038886,0.6427501,-0.0601959,0.6538686,0.5189529,0.209775,-0.7702883,0.3055131,144.4219,0.545011,0.2203084,-0.8089668,-0.005119783,1.100939,0.2220519,1.123121,0.001450898,1.116486,0.2680416,1.148211,0.01388521,1.098817,0.2691523,1.131386,-0.02113595,0.6492895,0.03397018,0.650521,-0.008531425,0.6582904,0.07330975,0.6624148,-0.02508039,0.6502612,0.1040463,0.6590101,0.09655622,-0.08311769,0.04697802,0.1357888,0.1321047,-0.07629155,0.01396842,0.1531899,0.1173509,-0.084791,0.0006216168,0.1447796,-0.1117407,0.05165067,-0.02458128,0.1255309,-0.1539738,0.05355987,-0.02411781,0.1647976,-0.1759101,0.04780443,0.00360842,0.1823257,0.09790403,-0.08257271,0.04380888,0.1353613,0.1413373,-0.07183374,0.01559211,0.1593092,0.1223019,-0.08319715,0.0004269712,0.1479179,-0.1115501,0.05008115,-0.02966532,0.1258236,-0.1537845,0.05402529,-0.02413478,0.1647753,-0.1759849,0.0476169,0.003622084,0.1823491,0.1134511,-0.08009046,0.0280764,0.1416825,-0.2096036,0.9443722,-0.06122506,0.2459247,151.527,-0.2162447,0.9742938,-0.06316493,-0.1419117,0.04936061,-0.01527128,0.1510252,0.1051341,-0.5095004,-0.1404993,0.8423872,65.21387,0.1951,-0.945493,-0.2607282,-0.02411746,1.115225,0.2458036,1.142247,0.4750575,-0.4778171,-0.3540172,0.6486009,99.12761,0.6241487,-0.6277743,-0.4651214,0.1298184,-0.08639581,0.04736925,0.1629751,0.03245736,0.5149012,-0.6771885,0.5246324,116.713,0.03812552,0.6048205,-0.7954487,-0.4243363,-0.2899754,-0.241417,0.5678285,0.2339305,-0.1251533,0.7210355,0.6400945,100.4023,0.3044795,-0.1628972,0.9384863,0.1241175,-0.01522517,0.05419642,0.1362872,-0.1833085,-0.5552859,0.1126316,0.8033491,73.09778,-0.3078184,-0.9324567,0.1891352,-0.1443314,1.199625,-0.0625439,1.209894,0.02259442,-0.02130192,-0.2125218,-0.9766628,335.1949,0.1051987,-0.09918091,-0.9894934,False,False,False,False
1772879676553,2.168431,0.1208723,1.110348,0.1722918,1.130118,-0.2902838,-0.8760758,-0.009769952,0.3848781,134.7277,-0.3145115,-0.9491947,-0.01058537,-0.1038886,0.6427501,-0.0601959,0.6538686,0.5189529,0.209775,-0.7702883,0.3055131,144.4219,0.545011,0.2203084,-0.8089668,-0.005119783,1.100939,0.2220519,1.123121,0.001450898,1.116486,0.2680416,1.148211,0.01388521,1.098817,0.2691523,1.131386,-0.02113595,0.6492895,0.03397018,0.650521,-0.008531425,0.6582904,0.07330975,0.6624148,-0.02508039,0.6502612,0.1040463,0.6590101,0.09655622,-0.08311769,0.04697802,0.1357888,0.1321047,-0.07629155,0.01396842,0.1531899,0.1173509,-0.084791,0.0006216168,0.1447796,-0.1117407,0.05165067,-0.02458128,0.1255309,-0.1539738,0.05355987,-0.02411781,0.1647976,-0.1759101,0.04780443,0.00360842,0.1823257,0.09790403,-0.08257271,0.04380888,0.1353613,0.1413373,-0.07183374,0.01559211,0.1593092,0.1223019,-0.08319715,0.0004269712,0.1479179,-0.1115501,0.05008115,-0.02966532,0.1258236,-0.1537845,0.05402529,-0.02413478,0.1647753,-0.1759849,0.0476169,0.003622084,0.1823491,0.1134511,-0.08009046,0.0280764,0.1416825,-0.2096036,0.9443722,-0.06122506,0.2459247,151.527,-0.2162447,0.9742938,-0.06316493,-0.1419117,0.04936061,-0.01527128,0.1510252,0.1051341,-0.5095004,-0.1404993,0.8423872,65.21387,0.1951,-0.945493,-0.2607282,-0.02411746,1.115225,0.2458036,1.142247,0.4750575,-0.4778171,-0.3540172,0.6486009,99.12761,0.6241487,-0.6277743,-0.4651214,0.1298184,-0.08639581,0.04736925,0.1629751,0.03245736,0.5149012,-0.6771885,0.5246324,116.713,0.03812552,0.6048205,-0.7954487,-0.4243363,-0.2899754,-0.241417,0.5678285,0.2339305,-0.1251533,0.7210355,0.6400945,100.4023,0.3044795,-0.1628972,0.9384863,0.1241175,-0.01522517,0.05419642,0.1362872,-0.1833085,-0.5552859,0.1126316,0.8033491,73.09778,-0.3078184,-0.9324567,0.1891352,-0.1439612,1.199636,-0.06220362,1.209843,0.02276429,-0.02292323,-0.212818,-0.9765577,335.1389,0.1057545,-0.1064929,-0.9886745,False,False,False,False
1772879676566,2.183057,0.1208723,1.110348,0.1722918,1.130118,-0.2902838,-0.8760758,-0.009769952,0.3848781,134.7277,-0.3145115,-0.9491947,-0.01058537,-0.1038886,0.6427501,-0.0601959,0.6538686,0.5189529,0.209775,-0.7702883,0.3055131,144.4219,0.545011,0.2203084,-0.8089668,-0.005119783,1.100939,0.2220519,1.123121,0.001450898,1.116486,0.2680416,1.148211,0.01388521,1.098817,0.2691523,1.131386,-0.02113595,0.6492895,0.03397018,0.650521,-0.008531425,0.6582904,0.07330975,0.6624148,-0.02508039,0.6502612,0.1040463,0.6590101,0.09655622,-0.08311769,0.04697802,0.1357888,0.1321047,-0.07629155,0.01396842,0.1531899,0.1173509,-0.084791,0.0006216168,0.1447796,-0.1117407,0.05165067,-0.02458128,0.1255309,-0.1539738,0.05355987,-0.02411781,0.1647976,-0.1759101,0.04780443,0.00360842,0.1823257,0.09790403,-0.08257271,0.04380888,0.1353613,0.1413373,-0.07183374,0.01559211,0.1593092,0.1223019,-0.08319715,0.0004269712,0.1479179,-0.1115501,0.05008115,-0.02966532,0.1258236,-0.1537845,0.05402529,-0.02413478,0.1647753,-0.1759849,0.0476169,0.003622084,0.1823491,0.1134511,-0.08009046,0.0280764,0.1416825,-0.2096036,0.9443722,-0.06122506,0.2459247,151.527,-0.2162447,0.9742938,-0.06316493,-0.1419117,0.04936061,-0.01527128,0.1510252,0.1051341,-0.5095004,-0.1404993,0.8423872,65.21387,0.1951,-0.945493,-0.2607282,-0.02411746,1.115225,0.2458036,1.142247,0.4750575,-0.4778171,-0.3540172,0.6486009,99.12761,0.6241487,-0.6277743,-0.4651214,0.1298184,-0.08639581,0.04736925,0.1629751,0.03245736,0.5149012,-0.6771885,0.5246324,116.713,0.03812552,0.6048205,-0.7954487,-0.4243363,-0.2899754,-0.241417,0.5678285,0.2339305,-0.1251533,0.7210355,0.6400945,100.4023,0.3044795,-0.1628972,0.9384863,0.1241175,-0.01522517,0.05419642,0.1362872,-0.1833085,-0.5552859,0.1126316,0.8033491,73.09778,-0.3078184,-0.9324567,0.1891352,-0.1436248,1.199644,-0.0618377,1.209792,0.02265819,-0.0249452,-0.2129048,-0.9764916,335.1038,0.1051154,-0.1157253,-0.9877036,False,False,False,False
1772879676580,2.195078,0.1208723,1.110348,0.1722918,1.130118,-0.2902838,-0.8760758,-0.009769952,0.3848781,134.7277,-0.3145115,-0.9491947,-0.01058537,-0.1038886,0.6427501,-0.0601959,0.6538686,0.5189529,0.209775,-0.7702883,0.3055131,144.4219,0.545011,0.2203084,-0.8089668,-0.005119783,1.100939,0.2220519,1.123121,0.001450898,1.116486,0.2680416,1.148211,0.01388521,1.098817,0.2691523,1.131386,-0.02113595,0.6492895,0.03397018,0.650521,-0.008531425,0.6582904,0.07330975,0.6624148,-0.02508039,0.6502612,0.1040463,0.6590101,0.09655622,-0.08311769,0.04697802,0.1357888,0.1321047,-0.07629155,0.01396842,0.1531899,0.1173509,-0.084791,0.0006216168,0.1447796,-0.1117407,0.05165067,-0.02458128,0.1255309,-0.1539738,0.05355987,-0.02411781,0.1647976,-0.1759101,0.04780443,0.00360842,0.1823257,0.09790403,-0.08257271,0.04380888,0.1353613,0.1413373,-0.07183374,0.01559211,0.1593092,0.1223019,-0.08319715,0.0004269712,0.1479179,-0.1115501,0.05008115,-0.02966532,0.1258236,-0.1537845,0.05402529,-0.02413478,0.1647753,-0.1759849,0.0476169,0.003622084,0.1823491,0.1134511,-0.08009046,0.0280764,0.1416825,-0.2096036,0.9443722,-0.06122506,0.2459247,151.527,-0.2162447,0.9742938,-0.06316493,-0.1419117,0.04936061,-0.01527128,0.1510252,0.1051341,-0.5095004,-0.1404993,0.8423872,65.21387,0.1951,-0.945493,-0.2607282,-0.02411746,1.115225,0.2458036,1.142247,0.4750575,-0.4778171,-0.3540172,0.6486009,99.12761,0.6241487,-0.6277743,-0.4651214,0.1298184,-0.08639581,0.04736925,0.1629751,0.03245736,0.5149012,-0.6771885,0.5246324,116.713,0.03812552,0.6048205,-0.7954487,-0.4243363,-0.2899754,-0.241417,0.5678285,0.2339305,-0.1251533,0.7210355,0.6400945,100.4023,0.3044795,-0.1628972,0.9384863,0.1241175,-0.01522517,0.05419642,0.1362872,-0.1833085,-0.5552859,0.1126316,0.8033491,73.09778,-0.3078184,-0.9324567,0.1891352,-0.1432179,1.199525,-0.06157417,1.209613,0.02234898,-0.026886,-0.2131792,-0.9763874,335.0484,0.1034545,-0.1244566,-0.9868174,False,False,False,False
1772879676594,2.208465,0.1208723,1.110348,0.1722918,1.130118,-0.2902838,-0.8760758,-0.009769952,0.3848781,134.7277,-0.3145115,-0.9491947,-0.01058537,-0.1038886,0.6427501,-0.0601959,0.6538686,0.5189529,0.209775,-0.7702883,0.3055131,144.4219,0.545011,0.2203084,-0.8089668,-0.005119783,1.100939,0.2220519,1.123121,0.001450898,1.116486,0.2680416,1.148211,0.01388521,1.098817,0.2691523,1.131386,-0.02113595,0.6492895,0.03397018,0.650521,-0.008531425,0.6582904,0.07330975,0.6624148,-0.02508039,0.6502612,0.1040463,0.6590101,0.09655622,-0.08311769,0.04697802,0.1357888,0.1321047,-0.07629155,0.01396842,0.1531899,0.1173509,-0.084791,0.0006216168,0.1447796,-0.1117407,0.05165067,-0.02458128,0.1255309,-0.1539738,0.05355987,-0.02411781,0.1647976,-0.1759101,0.04780443,0.00360842,0.1823257,0.09790403,-0.08257271,0.04380888,0.1353613,0.1413373,-0.07183374,0.01559211,0.1593092,0.1223019,-0.08319715,0.0004269712,0.1479179,-0.1115501,0.05008115,-0.02966532,0.1258236,-0.1537845,0.05402529,-0.02413478,0.1647753,-0.1759849,0.0476169,0.003622084,0.1823491,0.1134511,-0.08009046,0.0280764,0.1416825,-0.2096036,0.9443722,-0.06122506,0.2459247,151.527,-0.2162447,0.9742938,-0.06316493,-0.1419117,0.04936061,-0.01527128,0.1510252,0.1051341,-0.5095004,-0.1404993,0.8423872,65.21387,0.1951,-0.945493,-0.2607282,-0.02411746,1.115225,0.2458036,1.142247,0.4750575,-0.4778171,-0.3540172,0.6486009,99.12761,0.6241487,-0.6277743,-0.4651214,0.1298184,-0.08639581,0.04736925,0.1629751,0.03245736,0.5149012,-0.6771885,0.5246324,116.713,0.03812552,0.6048205,-0.7954487,-0.4243363,-0.2899754,-0.241417,0.5678285,0.2339305,-0.1251533,0.7210355,0.6400945,100.4023,0.3044795,-0.1628972,0.9384863,0.1241175,-0.01522517,0.05419642,0.1362872,-0.1833085,-0.5552859,0.1126316,0.8033491,73.09778,-0.3078184,-0.9324567,0.1891352,-0.1427557,1.19936,-0.06134886,1.209383,0.02172448,-0.0290196,-0.2133379,-0.9763057,335.0052,0.1003923,-0.1341043,-0.985869,False,False,False,False
1772879676609,2.22242,0.1208723,1.110348,0.1722918,1.130118,-0.2902838,-0.8760758,-0.009769952,0.3848781,134.7277,-0.3145115,-0.9491947,-0.01058537,-0.1038886,0.6427501,-0.0601959,0.6538686,0.5189529,0.209775,-0.7702883,0.3055131,144.4219,0.545011,0.2203084,-0.8089668,-0.005119783,1.100939,0.2220519,1.123121,0.001450898,1.116486,0.2680416,1.148211,0.01388521,1.098817,0.2691523,1.131386,-0.02113595,0.6492895,0.03397018,0.650521,-0.008531425,0.6582904,0.07330975,0.6624148,-0.02508039,0.6502612,0.1040463,0.6590101,0.09655622,-0.08311769,0.04697802,0.1357888,0.1321047,-0.07629155,0.01396842,0.1531899,0.1173509,-0.084791,0.0006216168,0.1447796,-0.1117407,0.05165067,-0.02458128,0.1255309,-0.1539738,0.05355987,-0.02411781,0.1647976,-0.1759101,0.04780443,0.00360842,0.1823257,0.09790403,-0.08257271,0.04380888,0.1353613,0.1413373,-0.07183374,0.01559211,0.1593092,0.1223019,-0.08319715,0.0004269712,0.1479179,-0.1115501,0.05008115,-0.02966532,0.1258236,-0.1537845,0.05402529,-0.02413478,0.1647753,-0.1759849,0.0476169,0.003622084,0.1823491,0.1134511,-0.08009046,0.0280764,0.1416825,-0.2096036,0.9443722,-0.06122506,0.2459247,151.527,-0.2162447,0.9742938,-0.06316493,-0.1419117,0.04936061,-0.01527128,0.1510252,0.1051341,-0.5095004,-0.1404993,0.8423872,65.21387,0.1951,-0.945493,-0.2607282,-0.02411746,1.115225,0.2458036,1.142247,0.4750575,-0.4778171,-0.3540172,0.6486009,99.12761,0.6241487,-0.6277743,-0.4651214,0.1298184,-0.08639581,0.04736925,0.1629751,0.03245736,0.5149012,-0.6771885,0.5246324,116.713,0.03812552,0.6048205,-0.7954487,-0.4243363,-0.2899754,-0.241417,0.5678285,0.2339305,-0.1251533,0.7210355,0.6400945,100.4023,0.3044795,-0.1628972,0.9384863,0.1241175,-0.01522517,0.05419642,0.1362872,-0.1833085,-0.5552859,0.1126316,0.8033491,73.09778,-0.3078184,-0.9324567,0.1891352,-0.1423109,1.199245,-0.06104371,1.209201,0.02141231,-0.03106641,-0.2137977,-0.9761491,334.9223,0.09862819,-0.1430964,-0.9847832,False,False,False,False
1772879676621,2.237141,0.1208723,1.110348,0.1722918,1.130118,-0.2902838,-0.8760758,-0.009769952,0.3848781,134.7277,-0.3145115,-0.9491947,-0.01058537,-0.1038886,0.6427501,-0.0601959,0.6538686,0.5189529,0.209775,-0.7702883,0.3055131,144.4219,0.545011,0.2203084,-0.8089668,-0.005119783,1.100939,0.2220519,1.123121,0.001450898,1.116486,0.2680416,1.148211,0.01388521,1.098817,0.2691523,1.131386,-0.02113595,0.6492895,0.03397018,0.650521,-0.008531425,0.6582904,0.07330975,0.6624148,-0.02508039,0.6502612,0.1040463,0.6590101,0.09655622,-0.08311769,0.04697802,0.1357888,0.1321047,-0.07629155,0.01396842,0.1531899,0.1173509,-0.084791,0.0006216168,0.1447796,-0.1117407,0.05165067,-0.02458128,0.1255309,-0.1539738,0.05355987,-0.02411781,0.1647976,-0.1759101,0.04780443,0.00360842,0.1823257,0.09790403,-0.08257271,0.04380888,0.1353613,0.1413373,-0.07183374,0.01559211,0.1593092,0.1223019,-0.08319715,0.0004269712,0.1479179,-0.1115501,0.05008115,-0.02966532,0.1258236,-0.1537845,0.05402529,-0.02413478,0.1647753,-0.1759849,0.0476169,0.003622084,0.1823491,0.1134511,-0.08009046,0.0280764,0.1416825,-0.2096036,0.9443722,-0.06122506,0.2459247,151.527,-0.2162447,0.9742938,-0.06316493,-0.1419117,0.04936061,-0.01527128,0.1510252,0.1051341,-0.5095004,-0.1404993,0.8423872,65.21387,0.1951,-0.945493,-0.2607282,-0.02411746,1.115225,0.2458036,1.142247,0.4750575,-0.4778171,-0.3540172,0.6486009,99.12761,0.6241487,-0.6277743,-0.4651214,0.1298184,-0.08639581,0.04736925,0.1629751,0.03245736,0.5149012,-0.6771885,0.5246324,116.713,0.03812552,0.6048205,-0.7954487,-0.4243363,-0.2899754,-0.241417,0.5678285,0.2339305,-0.1251533,0.7210355,0.6400945,100.4023,0.3044795,-0.1628972,0.9384863,0.1241175,-0.01522517,0.05419642,0.1362872,-0.1833085,-0.5552859,0.1126316,0.8033491,73.09778,-0.3078184,-0.9324567,0.1891352,-0.1421718,1.199189,-0.06047606,1.209101,0.02154082,-0.03335057,-0.2146226,-0.9758898,334.7859,0.09869171,-0.1527994,-0.9833175,False,False,False,False
1772879676635,2.250494,0.1208723,1.110348,0.1722918,1.130118,-0.2902838,-0.8760758,-0.009769952,0.3848781,134.7277,-0.3145115,-0.9491947,-0.01058537,-0.1038886,0.6427501,-0.0601959,0.6538686,0.5189529,0.209775,-0.7702883,0.3055131,144.4219,0.545011,0.2203084,-0.8089668,-0.005119783,1.100939,0.2220519,1.123121,0.001450898,1.116486,0.2680416,1.148211,0.01388521,1.098817,0.2691523,1.131386,-0.02113595,0.6492895,0.03397018,0.650521,-0.008531425,0.6582904,0.07330975,0.6624148,-0.02508039,0.6502612,0.1040463,0.6590101,0.09655622,-0.08311769,0.04697802,0.1357888,0.1321047,-0.07629155,0.01396842,0.1531899,0.1173509,-0.084791,0.0006216168,0.1447796,-0.1117407,0.05165067,-0.02458128,0.1255309,-0.1539738,0.05355987,-0.02411781,0.1647976,-0.1759101,0.04780443,0.00360842,0.1823257,0.09790403,-0.08257271,0.04380888,0.1353613,0.1413373,-0.07183374,0.01559211,0.1593092,0.1223019,-0.08319715,0.0004269712,0.1479179,-0.1115501,0.05008115,-0.02966532,0.1258236,-0.1537845,0.05402529,-0.02413478,0.1647753,-0.1759849,0.0476169,0.003622084,0.1823491,0.1134511,-0.08009046,0.0280764,0.1416825,-0.2096036,0.9443722,-0.06122506,0.2459247,151.527,-0.2162447,0.9742938,-0.06316493,-0.1419117,0.04936061,-0.01527128,0.1510252,0.1051341,-0.5095004,-0.1404993,0.8423872,65.21387,0.1951,-0.945493,-0.2607282,-0.02411746,1.115225,0.2458036,1.142247,0.4750575,-0.4778171,-0.3540172,0.6486009,99.12761,0.6241487,-0.6277743,-0.4651214,0.1298184,-0.08639581,0.04736925,0.1629751,0.03245736,0.5149012,-0.6771885,0.5246324,116.713,0.03812552,0.6048205,-0.7954487,-0.4243363,-0.2899754,-0.241417,0.5678285,0.2339305,-0.1251533,0.7210355,0.6400945,100.4023,0.3044795,-0.1628972,0.9384863,0.1241175,-0.01522517,0.05419642,0.1362872,-0.1833085,-0.5552859,0.1126316,0.8033491,73.09778,-0.3078184,-0.9324567,0.1891352,-0.1421603,1.199056,-0.05992179,1.20894,0.02191154,-0.03554483,-0.2158123,-0.9755417,334.6037,0.09968188,-0.1617036,-0.981792,False,False,False,False
1772879676650,2.264158,0.1208723,1.110348,0.1722918,1.130118,-0.2902838,-0.8760758,-0.009769952,0.3848781,134.7277,-0.3145115,-0.9491947,-0.01058537,-0.1038886,0.6427501,-0.0601959,0.6538686,0.5189529,0.209775,-0.7702883,0.3055131,144.4219,0.545011,0.2203084,-0.8089668,-0.005119783,1.100939,0.2220519,1.123121,0.001450898,1.116486,0.2680416,1.148211,0.01388521,1.098817,0.2691523,1.131386,-0.02113595,0.6492895,0.03397018,0.650521,-0.008531425,0.6582904,0.07330975,0.6624148,-0.02508039,0.6502612,0.1040463,0.6590101,0.09655622,-0.08311769,0.04697802,0.1357888,0.1321047,-0.07629155,0.01396842,0.1531899,0.1173509,-0.084791,0.0006216168,0.1447796,-0.1117407,0.05165067,-0.02458128,0.1255309,-0.1539738,0.05355987,-0.02411781,0.1647976,-0.1759101,0.04780443,0.00360842,0.1823257,0.09790403,-0.08257271,0.04380888,0.1353613,0.1413373,-0.07183374,0.01559211,0.1593092,0.1223019,-0.08319715,0.0004269712,0.1479179,-0.1115501,0.05008115,-0.02966532,0.1258236,-0.1537845,0.05402529,-0.02413478,0.1647753,-0.1759849,0.0476169,0.003622084,0.1823491,0.1134511,-0.08009046,0.0280764,0.1416825,-0.2096036,0.9443722,-0.06122506,0.2459247,151.527,-0.2162447,0.9742938,-0.06316493,-0.1419117,0.04936061,-0.01527128,0.1510252,0.1051341,-0.5095004,-0.1404993,0.8423872,65.21387,0.1951,-0.945493,-0.2607282,-0.02411746,1.115225,0.2458036,1.142247,0.4750575,-0.4778171,-0.3540172,0.6486009,99.12761,0.6241487,-0.6277743,-0.4651214,0.1298184,-0.08639581,0.04736925,0.1629751,0.03245736,0.5149012,-0.6771885,0.5246324,116.713,0.03812552,0.6048205,-0.7954487,-0.4243363,-0.2899754,-0.241417,0.5678285,0.2339305,-0.1251533,0.7210355,0.6400945,100.4023,0.3044795,-0.1628972,0.9384863,0.1241175,-0.01522517,0.05419642,0.1362872,-0.1833085,-0.5552859,0.1126316,0.8033491,73.09778,-0.3078184,-0.9324567,0.1891352,-0.1421871,1.198713,-0.05929529,1.208572,0.02225565,-0.03744345,-0.2168507,-0.9752325,334.4431,0.1006214,-0.169288,-0.9804174,False,False,False,False
1772879676663,2.278389,0.1208723,1.110348,0.1722918,1.130118,-0.2902838,-0.8760758,-0.009769952,0.3848781,134.7277,-0.3145115,-0.9491947,-0.01058537,-0.1038886,0.6427501,-0.0601959,0.6538686,0.5189529,0.209775,-0.7702883,0.3055131,144.4219,0.545011,0.2203084,-0.8089668,-0.005119783,1.100939,0.2220519,1.123121,0.001450898,1.116486,0.2680416,1.148211,0.01388521,1.098817,0.2691523,1.131386,-0.02113595,0.6492895,0.03397018,0.650521,-0.008531425,0.6582904,0.07330975,0.6624148,-0.02508039,0.6502612,0.1040463,0.6590101,0.09655622,-0.08311769,0.04697802,0.1357888,0.1321047,-0.07629155,0.01396842,0.1531899,0.1173509,-0.084791,0.0006216168,0.1447796,-0.1117407,0.05165067,-0.02458128,0.1255309,-0.1539738,0.05355987,-0.02411781,0.1647976,-0.1759101,0.04780443,0.00360842,0.1823257,0.09790403,-0.08257271,0.04380888,0.1353613,0.1413373,-0.07183374,0.01559211,0.1593092,0.1223019,-0.08319715,0.0004269712,0.1479179,-0.1115501,0.05008115,-0.02966532,0.1258236,-0.1537845,0.05402529,-0.02413478,0.1647753,-0.1759849,0.0476169,0.003622084,0.1823491,0.1134511,-0.08009046,0.0280764,0.1416825,-0.2096036,0.9443722,-0.06122506,0.2459247,151.527,-0.2162447,0.9742938,-0.06316493,-0.1419117,0.04936061,-0.01527128,0.1510252,0.1051341,-0.5095004,-0.1404993,0.8423872,65.21387,0.1951,-0.945493,-0.2607282,-0.02411746,1.115225,0.2458036,1.142247,0.4750575,-0.4778171,-0.3540172,0.6486009,99.12761,0.6241487,-0.6277743,-0.4651214,0.1298184,-0.08639581,0.04736925,0.1629751,0.03245736,0.5149012,-0.6771885,0.5246324,116.713,0.03812552,0.6048205,-0.7954487,-0.4243363,-0.2899754,-0.241417,0.5678285,0.2339305,-0.1251533,0.7210355,0.6400945,100.4023,0.3044795,-0.1628972,0.9384863,0.1241175,-0.01522517,0.05419642,0.1362872,-0.1833085,-0.5552859,0.1126316,0.8033491,73.09778,-0.3078184,-0.9324567,0.1891352,-0.1421973,1.198396,-0.05862023,1.208226,0.02176933,-0.03918788,-0.217995,-0.9749198,334.2815,0.09781486,-0.1760806,-0.9795042,False,False,False,False
1772879676678,2.292058,0.1208723,1.110348,0.1722918,1.130118,-0.2902838,-0.8760758,-0.009769952,0.3848781,134.7277,-0.3145115,-0.9491947,-0.01058537,-0.1038886,0.6427501,-0.0601959,0.6538686,0.5189529,0.209775,-0.7702883,0.3055131,144.4219,0.545011,0.2203084,-0.8089668,-0.005119783,1.100939,0.2220519,1.123121,0.001450898,1.116486,0.2680416,1.148211,0.01388521,1.098817,0.2691523,1.131386,-0.02113595,0.6492895,0.03397018,0.650521,-0.008531425,0.6582904,0.07330975,0.6624148,-0.02508039,0.6502612,0.1040463,0.6590101,0.09655622,-0.08311769,0.04697802,0.1357888,0.1321047,-0.07629155,0.01396842,0.1531899,0.1173509,-0.084791,0.0006216168,0.1447796,-0.1117407,0.05165067,-0.02458128,0.1255309,-0.1539738,0.05355987,-0.02411781,0.1647976,-0.1759101,0.04780443,0.00360842,0.1823257,0.09790403,-0.08257271,0.04380888,0.1353613,0.1413373,-0.07183374,0.01559211,0.1593092,0.1223019,-0.08319715,0.0004269712,0.1479179,-0.1115501,0.05008115,-0.02966532,0.1258236,-0.1537845,0.05402529,-0.02413478,0.1647753,-0.1759849,0.0476169,0.003622084,0.1823491,0.1134511,-0.08009046,0.0280764,0.1416825,-0.2096036,0.9443722,-0.06122506,0.2459247,151.527,-0.2162447,0.9742938,-0.06316493,-0.1419117,0.04936061,-0.01527128,0.1510252,0.1051341,-0.5095004,-0.1404993,0.8423872,65.21387,0.1951,-0.945493,-0.2607282,-0.02411746,1.115225,0.2458036,1.142247,0.4750575,-0.4778171,-0.3540172,0.6486009,99.12761,0.6241487,-0.6277743,-0.4651214,0.1298184,-0.08639581,0.04736925,0.1629751,0.03245736,0.5149012,-0.6771885,0.5246324,116.713,0.03812552,0.6048205,-0.7954487,-0.4243363,-0.2899754,-0.241417,0.5678285,0.2339305,-0.1251533,0.7210355,0.6400945,100.4023,0.3044795,-0.1628972,0.9384863,0.1241175,-0.01522517,0.05419642,0.1362872,-0.1833085,-0.5552859,0.1126316,0.8033491,73.09778,-0.3078184,-0.9324567,0.1891352,-0.1422077,1.197821,-0.05798387,1.207626,0.02123673,-0.04102389,-0.2192866,-0.9745663,334.1002,0.09476475,-0.1830611,-0.9785239,False,False,False,False
1772879676691,2.306489,0.1208723,1.110348,0.1722918,1.130118,-0.2902838,-0.8760758,-0.009769952,0.3848781,134.7277,-0.3145115,-0.9491947,-0.01058537,-0.1038886,0.6427501,-0.0601959,0.6538686,0.5189529,0.209775,-0.7702883,0.3055131,144.4219,0.545011,0.2203084,-0.8089668,-0.005119783,1.100939,0.2220519,1.123121,0.001450898,1.116486,0.2680416,1.148211,0.01388521,1.098817,0.2691523,1.131386,-0.02113595,0.6492895,0.03397018,0.650521,-0.008531425,0.6582904,0.07330975,0.6624148,-0.02508039,0.6502612,0.1040463,0.6590101,0.09655622,-0.08311769,0.04697802,0.1357888,0.1321047,-0.07629155,0.01396842,0.1531899,0.1173509,-0.084791,0.0006216168,0.1447796,-0.1117407,0.05165067,-0.02458128,0.1255309,-0.1539738,0.05355987,-0.02411781,0.1647976,-0.1759101,0.04780443,0.00360842,0.1823257,0.09790403,-0.08257271,0.04380888,0.1353613,0.1413373,-0.07183374,0.01559211,0.1593092,0.1223019,-0.08319715,0.0004269712,0.1479179,-0.1115501,0.05008115,-0.02966532,0.1258236,-0.1537845,0.05402529,-0.02413478,0.1647753,-0.1759849,0.0476169,0.003622084,0.1823491,0.1134511,-0.08009046,0.0280764,0.1416825,-0.2096036,0.9443722,-0.06122506,0.2459247,151.527,-0.2162447,0.9742938,-0.06316493,-0.1419117,0.04936061,-0.01527128,0.1510252,0.1051341,-0.5095004,-0.1404993,0.8423872,65.21387,0.1951,-0.945493,-0.2607282,-0.02411746,1.115225,0.2458036,1.142247,0.4750575,-0.4778171,-0.3540172,0.6486009,99.12761,0.6241487,-0.6277743,-0.4651214,0.1298184,-0.08639581,0.04736925,0.1629751,0.03245736,0.5149012,-0.6771885,0.5246324,116.713,0.03812552,0.6048205,-0.7954487,-0.4243363,-0.2899754,-0.241417,0.5678285,0.2339305,-0.1251533,0.7210355,0.6400945,100.4023,0.3044795,-0.1628972,0.9384863,0.1241175,-0.01522517,0.05419642,0.1362872,-0.1833085,-0.5552859,0.1126316,0.8033491,73.09778,-0.3078184,-0.9324567,0.1891352,-0.1421683,1.197441,-0.0573501,1.207214,0.01993159,-0.04233622,-0.221329,-0.9740759,333.8506,0.08810657,-0.1871451,-0.9783731,False,False,False,False
1772879676705,2.320015,0.1208723,1.110348,0.1722918,1.130118,-0.2902838,-0.8760758,-0.009769952,0.3848781,134.7277,-0.3145115,-0.9491947,-0.01058537,-0.1038886,0.6427501,-0.0601959,0.6538686,0.5189529,0.209775,-0.7702883,0.3055131,144.4219,0.545011,0.2203084,-0.8089668,-0.005119783,1.100939,0.2220519,1.123121,0.001450898,1.116486,0.2680416,1.148211,0.01388521,1.098817,0.2691523,1.131386,-0.02113595,0.6492895,0.03397018,0.650521,-0.008531425,0.6582904,0.07330975,0.6624148,-0.02508039,0.6502612,0.1040463,0.6590101,0.09655622,-0.08311769,0.04697802,0.1357888,0.1321047,-0.07629155,0.01396842,0.1531899,0.1173509,-0.084791,0.0006216168,0.1447796,-0.1117407,0.05165067,-0.02458128,0.1255309,-0.1539738,0.05355987,-0.02411781,0.1647976,-0.1759101,0.04780443,0.00360842,0.1823257,0.09790403,-0.08257271,0.04380888,0.1353613,0.1413373,-0.07183374,0.01559211,0.1593092,0.1223019,-0.08319715,0.0004269712,0.1479179,-0.1115501,0.05008115,-0.02966532,0.1258236,-0.1537845,0.05402529,-0.02413478,0.1647753,-0.1759849,0.0476169,0.003622084,0.1823491,0.1134511,-0.08009046,0.0280764,0.1416825,-0.2096036,0.9443722,-0.06122506,0.2459247,151.527,-0.2162447,0.9742938,-0.06316493,-0.1419117,0.04936061,-0.01527128,0.1510252,0.1051341,-0.5095004,-0.1404993,0.8423872,65.21387,0.1951,-0.945493,-0.2607282,-0.02411746,1.115225,0.2458036,1.142247,0.4750575,-0.4778171,-0.3540172,0.6486009,99.12761,0.6241487,-0.6277743,-0.4651214,0.1298184,-0.08639581,0.04736925,0.1629751,0.03245736,0.5149012,-0.6771885,0.5246324,116.713,0.03812552,0.6048205,-0.7954487,-0.4243363,-0.2899754,-0.241417,0.5678285,0.2339305,-0.1251533,0.7210355,0.6400945,100.4023,0.3044795,-0.1628972,0.9384863,0.1241175,-0.01522517,0.05419642,0.1362872,-0.1833085,-0.5552859,0.1126316,0.8033491,73.09778,-0.3078184,-0.9324567,0.1891352,-0.1422394,1.197064,-0.05672485,1.206819,0.01881991,-0.04355993,-0.2229117,-0.9736831,333.6523,0.08257741,-0.1911309,-0.9780851,False,False,False,False
1772879676720,2.333735,0.1208723,1.110348,0.1722918,1.130118,-0.2902838,-0.8760758,-0.009769952,0.3848781,134.7277,-0.3145115,-0.9491947,-0.01058537,-0.1038886,0.6427501,-0.0601959,0.6538686,0.5189529,0.209775,-0.7702883,0.3055131,144.4219,0.545011,0.2203084,-0.8089668,-0.005119783,1.100939,0.2220519,1.123121,0.001450898,1.116486,0.2680416,1.148211,0.01388521,1.098817,0.2691523,1.131386,-0.02113595,0.6492895,0.03397018,0.650521,-0.008531425,0.6582904,0.07330975,0.6624148,-0.02508039,0.6502612,0.1040463,0.6590101,0.09655622,-0.08311769,0.04697802,0.1357888,0.1321047,-0.07629155,0.01396842,0.1531899,0.1173509,-0.084791,0.0006216168,0.1447796,-0.1117407,0.05165067,-0.02458128,0.1255309,-0.1539738,0.05355987,-0.02411781,0.1647976,-0.1759101,0.04780443,0.00360842,0.1823257,0.09790403,-0.08257271,0.04380888,0.1353613,0.1413373,-0.07183374,0.01559211,0.1593092,0.1223019,-0.08319715,0.0004269712,0.1479179,-0.1115501,0.05008115,-0.02966532,0.1258236,-0.1537845,0.05402529,-0.02413478,0.1647753,-0.1759849,0.0476169,0.003622084,0.1823491,0.1134511,-0.08009046,0.0280764,0.1416825,-0.2096036,0.9443722,-0.06122506,0.2459247,151.527,-0.2162447,0.9742938,-0.06316493,-0.1419117,0.04936061,-0.01527128,0.1510252,0.1051341,-0.5095004,-0.1404993,0.8423872,65.21387,0.1951,-0.945493,-0.2607282,-0.02411746,1.115225,0.2458036,1.142247,0.4750575,-0.4778171,-0.3540172,0.6486009,99.12761,0.6241487,-0.6277743,-0.4651214,0.1298184,-0.08639581,0.04736925,0.1629751,0.03245736,0.5149012,-0.6771885,0.5246324,116.713,0.03812552,0.6048205,-0.7954487,-0.4243363,-0.2899754,-0.241417,0.5678285,0.2339305,-0.1251533,0.7210355,0.6400945,100.4023,0.3044795,-0.1628972,0.9384863,0.1241175,-0.01522517,0.05419642,0.1362872,-0.1833085,-0.5552859,0.1126316,0.8033491,73.09778,-0.3078184,-0.9324567,0.1891352,-0.1423456,1.196684,-0.0559861,1.20642,0.01754165,-0.04456235,-0.2237164,-0.973477,333.5489,0.07667309,-0.1947784,-0.9778461,False,False,False,False
1772879676734,2.348455,0.1208723,1.110348,0.1722918,1.130118,-0.2902838,-0.8760758,-0.009769952,0.3848781,134.7277,-0.3145115,-0.9491947,-0.01058537,-0.1038886,0.6427501,-0.0601959,0.6538686,0.5189529,0.209775,-0.7702883,0.3055131,144.4219,0.545011,0.2203084,-0.8089668,-0.005119783,1.100939,0.2220519,1.123121,0.001450898,1.116486,0.2680416,1.148211,0.01388521,1.098817,0.2691523,1.131386,-0.02113595,0.6492895,0.03397018,0.650521,-0.008531425,0.6582904,0.07330975,0.6624148,-0.02508039,0.6502612,0.1040463,0.6590101,0.09655622,-0.08311769,0.04697802,0.1357888,0.1321047,-0.07629155,0.01396842,0.1531899,0.1173509,-0.084791,0.0006216168,0.1447796,-0.1117407,0.05165067,-0.02458128,0.1255309,-0.1539738,0.05355987,-0.02411781,0.1647976,-0.1759101,0.04780443,0.00360842,0.1823257,0.09790403,-0.08257271,0.04380888,0.1353613,0.1413373,-0.07183374,0.01559211,0.1593092,0.1223019,-0.08319715,0.0004269712,0.1479179,-0.1115501,0.05008115,-0.02966532,0.1258236,-0.1537845,0.05402529,-0.02413478,0.1647753,-0.1759849,0.0476169,0.003622084,0.1823491,0.1134511,-0.08009046,0.0280764,0.1416825,-0.2096036,0.9443722,-0.06122506,0.2459247,151.527,-0.2162447,0.9742938,-0.06316493,-0.1419117,0.04936061,-0.01527128,0.1510252,0.1051341,-0.5095004,-0.1404993,0.8423872,65.21387,0.1951,-0.945493,-0.2607282,-0.02411746,1.115225,0.2458036,1.142247,0.4750575,-0.4778171,-0.3540172,0.6486009,99.12761,0.6241487,-0.6277743,-0.4651214,0.1298184,-0.08639581,0.04736925,0.1629751,0.03245736,0.5149012,-0.6771885,0.5246324,116.713,0.03812552,0.6048205,-0.7954487,-0.4243363,-0.2899754,-0.241417,0.5678285,0.2339305,-0.1251533,0.7210355,0.6400945,100.4023,0.3044795,-0.1628972,0.9384863,0.1241175,-0.01522517,0.05419642,0.1362872,-0.1833085,-0.5552859,0.1126316,0.8033491,73.09778,-0.3078184,-0.9324567,0.1891352,-0.1426103,1.196261,-0.05521327,1.205996,0.01682946,-0.04548226,-0.224535,-0.9732585,333.4397,0.07326309,-0.1979963,-0.9774607,False,False,False,False
1772879676748,2.362794,0.1208723,1.110348,0.1722918,1.130118,-0.2902838,-0.8760758,-0.009769952,0.3848781,134.7277,-0.3145115,-0.9491947,-0.01058537,-0.1038886,0.6427501,-0.0601959,0.6538686,0.5189529,0.209775,-0.7702883,0.3055131,144.4219,0.545011,0.2203084,-0.8089668,-0.005119783,1.100939,0.2220519,1.123121,0.001450898,1.116486,0.2680416,1.148211,0.01388521,1.098817,0.2691523,1.131386,-0.02113595,0.6492895,0.03397018,0.650521,-0.008531425,0.6582904,0.07330975,0.6624148,-0.02508039,0.6502612,0.1040463,0.6590101,0.09655622,-0.08311769,0.04697802,0.1357888,0.1321047,-0.07629155,0.01396842,0.1531899,0.1173509,-0.084791,0.0006216168,0.1447796,-0.1117407,0.05165067,-0.02458128,0.1255309,-0.1539738,0.05355987,-0.02411781,0.1647976,-0.1759101,0.04780443,0.00360842,0.1823257,0.09790403,-0.08257271,0.04380888,0.1353613,0.1413373,-0.07183374,0.01559211,0.1593092,0.1223019,-0.08319715,0.0004269712,0.1479179,-0.1115501,0.05008115,-0.02966532,0.1258236,-0.1537845,0.05402529,-0.02413478,0.1647753,-0.1759849,0.0476169,0.003622084,0.1823491,0.1134511,-0.08009046,0.0280764,0.1416825,-0.2096036,0.9443722,-0.06122506,0.2459247,151.527,-0.2162447,0.9742938,-0.06316493,-0.1419117,0.04936061,-0.01527128,0.1510252,0.1051341,-0.5095004,-0.1404993,0.8423872,65.21387,0.1951,-0.945493,-0.2607282,-0.02411746,1.115225,0.2458036,1.142247,0.4750575,-0.4778171,-0.3540172,0.6486009,99.12761,0.6241487,-0.6277743,-0.4651214,0.1298184,-0.08639581,0.04736925,0.1629751,0.03245736,0.5149012,-0.6771885,0.5246324,116.713,0.03812552,0.6048205,-0.7954487,-0.4243363,-0.2899754,-0.241417,0.5678285,0.2339305,-0.1251533,0.7210355,0.6400945,100.4023,0.3044795,-0.1628972,0.9384863,0.1241175,-0.01522517,0.05419642,0.1362872,-0.1833085,-0.5552859,0.1126316,0.8033491,73.09778,-0.3078184,-0.9324567,0.1891352,-0.1428098,1.195753,-0.05447339,1.205482,0.01598817,-0.04648867,-0.2252881,-0.9730511,333.3365,0.06933609,-0.2016079,-0.9770094,False,False,False,False
1772879676761,2.37758,0.1208723,1.110348,0.1722918,1.130118,-0.2902838,-0.8760758,-0.009769952,0.3848781,134.7277,-0.3145115,-0.9491947,-0.01058537,-0.1038886,0.6427501,-0.0601959,0.6538686,0.5189529,0.209775,-0.7702883,0.3055131,144.4219,0.545011,0.2203084,-0.8089668,-0.005119783,1.100939,0.2220519,1.123121,0.001450898,1.116486,0.2680416,1.148211,0.01388521,1.098817,0.2691523,1.131386,-0.02113595,0.6492895,0.03397018,0.650521,-0.008531425,0.6582904,0.07330975,0.6624148,-0.02508039,0.6502612,0.1040463,0.6590101,0.09655622,-0.08311769,0.04697802,0.1357888,0.1321047,-0.07629155,0.01396842,0.1531899,0.1173509,-0.084791,0.0006216168,0.1447796,-0.1117407,0.05165067,-0.02458128,0.1255309,-0.1539738,0.05355987,-0.02411781,0.1647976,-0.1759101,0.04780443,0.00360842,0.1823257,0.09790403,-0.08257271,0.04380888,0.1353613,0.1413373,-0.07183374,0.01559211,0.1593092,0.1223019,-0.08319715,0.0004269712,0.1479179,-0.1115501,0.05008115,-0.02966532,0.1258236,-0.1537845,0.05402529,-0.02413478,0.1647753,-0.1759849,0.0476169,0.003622084,0.1823491,0.1134511,-0.08009046,0.0280764,0.1416825,-0.2096036,0.9443722,-0.06122506,0.2459247,151.527,-0.2162447,0.9742938,-0.06316493,-0.1419117,0.04936061,-0.01527128,0.1510252,0.1051341,-0.5095004,-0.1404993,0.8423872,65.21387,0.1951,-0.945493,-0.2607282,-0.02411746,1.115225,0.2458036,1.142247,0.4750575,-0.4778171,-0.3540172,0.6486009,99.12761,0.6241487,-0.6277743,-0.4651214,0.1298184,-0.08639581,0.04736925,0.1629751,0.03245736,0.5149012,-0.6771885,0.5246324,116.713,0.03812552,0.6048205,-0.7954487,-0.4243363,-0.2899754,-0.241417,0.5678285,0.2339305,-0.1251533,0.7210355,0.6400945,100.4023,0.3044795,-0.1628972,0.9384863,0.1241175,-0.01522517,0.05419642,0.1362872,-0.1833085,-0.5552859,0.1126316,0.8033491,73.09778,-0.3078184,-0.9324567,0.1891352,-0.1430086,1.195253,-0.05376038,1.204977,0.0149093,-0.04704891,-0.2262919,-0.9728084,333.2161,0.06437204,-0.2031372,-0.9770324,False,False,False,False
1772879676775,2.390425,0.1208723,1.110348,0.1722918,1.130118,-0.2902838,-0.8760758,-0.009769952,0.3848781,134.7277,-0.3145115,-0.9491947,-0.01058537,-0.1038886,0.6427501,-0.0601959,0.6538686,0.5189529,0.209775,-0.7702883,0.3055131,144.4219,0.545011,0.2203084,-0.8089668,-0.005119783,1.100939,0.2220519,1.123121,0.001450898,1.116486,0.2680416,1.148211,0.01388521,1.098817,0.2691523,1.131386,-0.02113595,0.6492895,0.03397018,0.650521,-0.008531425,0.6582904,0.07330975,0.6624148,-0.02508039,0.6502612,0.1040463,0.6590101,0.09655622,-0.08311769,0.04697802,0.1357888,0.1321047,-0.07629155,0.01396842,0.1531899,0.1173509,-0.084791,0.0006216168,0.1447796,-0.1117407,0.05165067,-0.02458128,0.1255309,-0.1539738,0.05355987,-0.02411781,0.1647976,-0.1759101,0.04780443,0.00360842,0.1823257,0.09790403,-0.08257271,0.04380888,0.1353613,0.1413373,-0.07183374,0.01559211,0.1593092,0.1223019,-0.08319715,0.0004269712,0.1479179,-0.1115501,0.05008115,-0.02966532,0.1258236,-0.1537845,0.05402529,-0.02413478,0.1647753,-0.1759849,0.0476169,0.003622084,0.1823491,0.1134511,-0.08009046,0.0280764,0.1416825,-0.2096036,0.9443722,-0.06122506,0.2459247,151.527,-0.2162447,0.9742938,-0.06316493,-0.1419117,0.04936061,-0.01527128,0.1510252,0.1051341,-0.5095004,-0.1404993,0.8423872,65.21387,0.1951,-0.945493,-0.2607282,-0.02411746,1.115225,0.2458036,1.142247,0.4750575,-0.4778171,-0.3540172,0.6486009,99.12761,0.6241487,-0.6277743,-0.4651214,0.1298184,-0.08639581,0.04736925,0.1629751,0.03245736,0.5149012,-0.6771885,0.5246324,116.713,0.03812552,0.6048205,-0.7954487,-0.4243363,-0.2899754,-0.241417,0.5678285,0.2339305,-0.1251533,0.7210355,0.6400945,100.4023,0.3044795,-0.1628972,0.9384863,0.1241175,-0.01522517,0.05419642,0.1362872,-0.1833085,-0.5552859,0.1126316,0.8033491,73.09778,-0.3078184,-0.9324567,0.1891352,-0.1433394,1.194754,-0.05311234,1.204493,0.01384082,-0.04789376,-0.2275609,-0.9724869,333.0575,0.05941345,-0.2055899,-0.9768332,False,False,False,False
1772879676790,2.404354,0.1208723,1.110348,0.1722918,1.130118,-0.2902838,-0.8760758,-0.009769952,0.3848781,134.7277,-0.3145115,-0.9491947,-0.01058537,-0.1038886,0.6427501,-0.0601959,0.6538686,0.5189529,0.209775,-0.7702883,0.3055131,144.4219,0.545011,0.2203084,-0.8089668,-0.005119783,1.100939,0.2220519,1.123121,0.001450898,1.116486,0.2680416,1.148211,0.01388521,1.098817,0.2691523,1.131386,-0.02113595,0.6492895,0.03397018,0.650521,-0.008531425,0.6582904,0.07330975,0.6624148,-0.02508039,0.6502612,0.1040463,0.6590101,0.09655622,-0.08311769,0.04697802,0.1357888,0.1321047,-0.07629155,0.01396842,0.1531899,0.1173509,-0.084791,0.0006216168,0.1447796,-0.1117407,0.05165067,-0.02458128,0.1255309,-0.1539738,0.05355987,-0.02411781,0.1647976,-0.1759101,0.04780443,0.00360842,0.1823257,0.09790403,-0.08257271,0.04380888,0.1353613,0.1413373,-0.07183374,0.01559211,0.1593092,0.1223019,-0.08319715,0.0004269712,0.1479179,-0.1115501,0.05008115,-0.02966532,0.1258236,-0.1537845,0.05402529,-0.02413478,0.1647753,-0.1759849,0.0476169,0.003622084,0.1823491,0.1134511,-0.08009046,0.0280764,0.1416825,-0.2096036,0.9443722,-0.06122506,0.2459247,151.527,-0.2162447,0.9742938,-0.06316493,-0.1419117,0.04936061,-0.01527128,0.1510252,0.1051341,-0.5095004,-0.1404993,0.8423872,65.21387,0.1951,-0.945493,-0.2607282,-0.02411746,1.115225,0.2458036,1.142247,0.4750575,-0.4778171,-0.3540172,0.6486009,99.12761,0.6241487,-0.6277743,-0.4651214,0.1298184,-0.08639581,0.04736925,0.1629751,0.03245736,0.5149012,-0.6771885,0.5246324,116.713,0.03812552,0.6048205,-0.7954487,-0.4243363,-0.2899754,-0.241417,0.5678285,0.2339305,-0.1251533,0.7210355,0.6400945,100.4023,0.3044795,-0.1628972,0.9384863,0.1241175,-0.01522517,0.05419642,0.1362872,-0.1833085,-0.5552859,0.1126316,0.8033491,73.09778,-0.3078184,-0.9324567,0.1891352,-0.1433383,1.194453,-0.05253096,1.204169,0.01259357,-0.04822918,-0.2282477,-0.9723262,332.9785,0.05390456,-0.2064364,-0.9769738,False,False,False,False
1772879676802,2.418347,0.1208723,1.110348,0.1722918,1.130118,-0.2902838,-0.8760758,-0.009769952,0.3848781,134.7277,-0.3145115,-0.9491947,-0.01058537,-0.1038886,0.6427501,-0.0601959,0.6538686,0.5189529,0.209775,-0.7702883,0.3055131,144.4219,0.545011,0.2203084,-0.8089668,-0.005119783,1.100939,0.2220519,1.123121,0.001450898,1.116486,0.2680416,1.148211,0.01388521,1.098817,0.2691523,1.131386,-0.02113595,0.6492895,0.03397018,0.650521,-0.008531425,0.6582904,0.07330975,0.6624148,-0.02508039,0.6502612,0.1040463,0.6590101,0.09655622,-0.08311769,0.04697802,0.1357888,0.1321047,-0.07629155,0.01396842,0.1531899,0.1173509,-0.084791,0.0006216168,0.1447796,-0.1117407,0.05165067,-0.02458128,0.1255309,-0.1539738,0.05355987,-0.02411781,0.1647976,-0.1759101,0.04780443,0.00360842,0.1823257,0.09790403,-0.08257271,0.04380888,0.1353613,0.1413373,-0.07183374,0.01559211,0.1593092,0.1223019,-0.08319715,0.0004269712,0.1479179,-0.1115501,0.05008115,-0.02966532,0.1258236,-0.1537845,0.05402529,-0.02413478,0.1647753,-0.1759849,0.0476169,0.003622084,0.1823491,0.1134511,-0.08009046,0.0280764,0.1416825,-0.2096036,0.9443722,-0.06122506,0.2459247,151.527,-0.2162447,0.9742938,-0.06316493,-0.1419117,0.04936061,-0.01527128,0.1510252,0.1051341,-0.5095004,-0.1404993,0.8423872,65.21387,0.1951,-0.945493,-0.2607282,-0.02411746,1.115225,0.2458036,1.142247,0.4750575,-0.4778171,-0.3540172,0.6486009,99.12761,0.6241487,-0.6277743,-0.4651214,0.1298184,-0.08639581,0.04736925,0.1629751,0.03245736,0.5149012,-0.6771885,0.5246324,116.713,0.03812552,0.6048205,-0.7954487,-0.4243363,-0.2899754,-0.241417,0.5678285,0.2339305,-0.1251533,0.7210355,0.6400945,100.4023,0.3044795,-0.1628972,0.9384863,0.1241175,-0.01522517,0.05419642,0.1362872,-0.1833085,-0.5552859,0.1126316,0.8033491,73.09778,-0.3078184,-0.9324567,0.1891352,-0.1434422,1.194143,-0.05202984,1.203852,0.01212316,-0.04872579,-0.2292554,-0.9720704,332.8534,0.05165616,-0.2076181,-0.9768457,False,False,False,False
1772879676817,2.43159,0.1208723,1.110348,0.1722918,1.130118,-0.2902838,-0.8760758,-0.009769952,0.3848781,134.7277,-0.3145115,-0.9491947,-0.01058537,-0.1038886,0.6427501,-0.0601959,0.6538686,0.5189529,0.209775,-0.7702883,0.3055131,144.4219,0.545011,0.2203084,-0.8089668,-0.005119783,1.100939,0.2220519,1.123121,0.001450898,1.116486,0.2680416,1.148211,0.01388521,1.098817,0.2691523,1.131386,-0.02113595,0.6492895,0.03397018,0.650521,-0.008531425,0.6582904,0.07330975,0.6624148,-0.02508039,0.6502612,0.1040463,0.6590101,0.09655622,-0.08311769,0.04697802,0.1357888,0.1321047,-0.07629155,0.01396842,0.1531899,0.1173509,-0.084791,0.0006216168,0.1447796,-0.1117407,0.05165067,-0.02458128,0.1255309,-0.1539738,0.05355987,-0.02411781,0.1647976,-0.1759101,0.04780443,0.00360842,0.1823257,0.09790403,-0.08257271,0.04380888,0.1353613,0.1413373,-0.07183374,0.01559211,0.1593092,0.1223019,-0.08319715,0.0004269712,0.1479179,-0.1115501,0.05008115,-0.02966532,0.1258236,-0.1537845,0.05402529,-0.02413478,0.1647753,-0.1759849,0.0476169,0.003622084,0.1823491,0.1134511,-0.08009046,0.0280764,0.1416825,-0.2096036,0.9443722,-0.06122506,0.2459247,151.527,-0.2162447,0.9742938,-0.06316493,-0.1419117,0.04936061,-0.01527128,0.1510252,0.1051341,-0.5095004,-0.1404993,0.8423872,65.21387,0.1951,-0.945493,-0.2607282,-0.02411746,1.115225,0.2458036,1.142247,0.4750575,-0.4778171,-0.3540172,0.6486009,99.12761,0.6241487,-0.6277743,-0.4651214,0.1298184,-0.08639581,0.04736925,0.1629751,0.03245736,0.5149012,-0.6771885,0.5246324,116.713,0.03812552,0.6048205,-0.7954487,-0.4243363,-0.2899754,-0.241417,0.5678285,0.2339305,-0.1251533,0.7210355,0.6400945,100.4023,0.3044795,-0.1628972,0.9384863,0.1241175,-0.01522517,0.05419642,0.1362872,-0.1833085,-0.5552859,0.1126316,0.8033491,73.09778,-0.3078184,-0.9324567,0.1891352,-0.1436186,1.193913,-0.05136833,1.203617,0.01160883,-0.04917809,-0.2300128,-0.971875,332.7581,0.04929491,-0.2088264,-0.97671,False,False,False,False
1772879676831,2.445432,0.1208723,1.110348,0.1722918,1.130118,-0.2902838,-0.8760758,-0.009769952,0.3848781,134.7277,-0.3145115,-0.9491947,-0.01058537,-0.1038886,0.6427501,-0.0601959,0.6538686,0.5189529,0.209775,-0.7702883,0.3055131,144.4219,0.545011,0.2203084,-0.8089668,-0.005119783,1.100939,0.2220519,1.123121,0.001450898,1.116486,0.2680416,1.148211,0.01388521,1.098817,0.2691523,1.131386,-0.02113595,0.6492895,0.03397018,0.650521,-0.008531425,0.6582904,0.07330975,0.6624148,-0.02508039,0.6502612,0.1040463,0.6590101,0.09655622,-0.08311769,0.04697802,0.1357888,0.1321047,-0.07629155,0.01396842,0.1531899,0.1173509,-0.084791,0.0006216168,0.1447796,-0.1117407,0.05165067,-0.02458128,0.1255309,-0.1539738,0.05355987,-0.02411781,0.1647976,-0.1759101,0.04780443,0.00360842,0.1823257,0.09790403,-0.08257271,0.04380888,0.1353613,0.1413373,-0.07183374,0.01559211,0.1593092,0.1223019,-0.08319715,0.0004269712,0.1479179,-0.1115501,0.05008115,-0.02966532,0.1258236,-0.1537845,0.05402529,-0.02413478,0.1647753,-0.1759849,0.0476169,0.003622084,0.1823491,0.1134511,-0.08009046,0.0280764,0.1416825,-0.2096036,0.9443722,-0.06122506,0.2459247,151.527,-0.2162447,0.9742938,-0.06316493,-0.1419117,0.04936061,-0.01527128,0.1510252,0.1051341,-0.5095004,-0.1404993,0.8423872,65.21387,0.1951,-0.945493,-0.2607282,-0.02411746,1.115225,0.2458036,1.142247,0.4750575,-0.4778171,-0.3540172,0.6486009,99.12761,0.6241487,-0.6277743,-0.4651214,0.1298184,-0.08639581,0.04736925,0.1629751,0.03245736,0.5149012,-0.6771885,0.5246324,116.713,0.03812552,0.6048205,-0.7954487,-0.4243363,-0.2899754,-0.241417,0.5678285,0.2339305,-0.1251533,0.7210355,0.6400945,100.4023,0.3044795,-0.1628972,0.9384863,0.1241175,-0.01522517,0.05419642,0.1362872,-0.1833085,-0.5552859,0.1126316,0.8033491,73.09778,-0.3078184,-0.9324567,0.1891352,-0.1438769,1.193693,-0.05069563,1.2034,0.01150693,-0.05014293,-0.229935,-0.9718453,332.7437,0.0488368,-0.2128127,-0.975872,False,False,False,False
1772879676844,2.458936,0.1208723,1.110348,0.1722918,1.130118,-0.2902838,-0.8760758,-0.009769952,0.3848781,134.7277,-0.3145115,-0.9491947,-0.01058537,-0.1038886,0.6427501,-0.0601959,0.6538686,0.5189529,0.209775,-0.7702883,0.3055131,144.4219,0.545011,0.2203084,-0.8089668,-0.005119783,1.100939,0.2220519,1.123121,0.001450898,1.116486,0.2680416,1.148211,0.01388521,1.098817,0.2691523,1.131386,-0.02113595,0.6492895,0.03397018,0.650521,-0.008531425,0.6582904,0.07330975,0.6624148,-0.02508039,0.6502612,0.1040463,0.6590101,0.09655622,-0.08311769,0.04697802,0.1357888,0.1321047,-0.07629155,0.01396842,0.1531899,0.1173509,-0.084791,0.0006216168,0.1447796,-0.1117407,0.05165067,-0.02458128,0.1255309,-0.1539738,0.05355987,-0.02411781,0.1647976,-0.1759101,0.04780443,0.00360842,0.1823257,0.09790403,-0.08257271,0.04380888,0.1353613,0.1413373,-0.07183374,0.01559211,0.1593092,0.1223019,-0.08319715,0.0004269712,0.1479179,-0.1115501,0.05008115,-0.02966532,0.1258236,-0.1537845,0.05402529,-0.02413478,0.1647753,-0.1759849,0.0476169,0.003622084,0.1823491,0.1134511,-0.08009046,0.0280764,0.1416825,-0.2096036,0.9443722,-0.06122506,0.2459247,151.527,-0.2162447,0.9742938,-0.06316493,-0.1419117,0.04936061,-0.01527128,0.1510252,0.1051341,-0.5095004,-0.1404993,0.8423872,65.21387,0.1951,-0.945493,-0.2607282,-0.02411746,1.115225,0.2458036,1.142247,0.4750575,-0.4778171,-0.3540172,0.6486009,99.12761,0.6241487,-0.6277743,-0.4651214,0.1298184,-0.08639581,0.04736925,0.1629751,0.03245736,0.5149012,-0.6771885,0.5246324,116.713,0.03812552,0.6048205,-0.7954487,-0.4243363,-0.2899754,-0.241417,0.5678285,0.2339305,-0.1251533,0.7210355,0.6400945,100.4023,0.3044795,-0.1628972,0.9384863,0.1241175,-0.01522517,0.05419642,0.1362872,-0.1833085,-0.5552859,0.1126316,0.8033491,73.09778,-0.3078184,-0.9324567,0.1891352,-0.1442413,1.193494,-0.05006744,1.203221,0.01127541,-0.05118852,-0.2303547,-0.9716941,332.6702,0.04772802,-0.2166775,-0.9750756,False,False,False,False
1772879676858,2.472687,0.1208723,1.110348,0.1722918,1.130118,-0.2902838,-0.8760758,-0.009769952,0.3848781,134.7277,-0.3145115,-0.9491947,-0.01058537,-0.1038886,0.6427501,-0.0601959,0.6538686,0.5189529,0.209775,-0.7702883,0.3055131,144.4219,0.545011,0.2203084,-0.8089668,-0.005119783,1.100939,0.2220519,1.123121,0.001450898,1.116486,0.2680416,1.148211,0.01388521,1.098817,0.2691523,1.131386,-0.02113595,0.6492895,0.03397018,0.650521,-0.008531425,0.6582904,0.07330975,0.6624148,-0.02508039,0.6502612,0.1040463,0.6590101,0.09655622,-0.08311769,0.04697802,0.1357888,0.1321047,-0.07629155,0.01396842,0.1531899,0.1173509,-0.084791,0.0006216168,0.1447796,-0.1117407,0.05165067,-0.02458128,0.1255309,-0.1539738,0.05355987,-0.02411781,0.1647976,-0.1759101,0.04780443,0.00360842,0.1823257,0.09790403,-0.08257271,0.04380888,0.1353613,0.1413373,-0.07183374,0.01559211,0.1593092,0.1223019,-0.08319715,0.0004269712,0.1479179,-0.1115501,0.05008115,-0.02966532,0.1258236,-0.1537845,0.05402529,-0.02413478,0.1647753,-0.1759849,0.0476169,0.003622084,0.1823491,0.1134511,-0.08009046,0.0280764,0.1416825,-0.2096036,0.9443722,-0.06122506,0.2459247,151.527,-0.2162447,0.9742938,-0.06316493,-0.1419117,0.04936061,-0.01527128,0.1510252,0.1051341,-0.5095004,-0.1404993,0.8423872,65.21387,0.1951,-0.945493,-0.2607282,-0.02411746,1.115225,0.2458036,1.142247,0.4750575,-0.4778171,-0.3540172,0.6486009,99.12761,0.6241487,-0.6277743,-0.4651214,0.1298184,-0.08639581,0.04736925,0.1629751,0.03245736,0.5149012,-0.6771885,0.5246324,116.713,0.03812552,0.6048205,-0.7954487,-0.4243363,-0.2899754,-0.241417,0.5678285,0.2339305,-0.1251533,0.7210355,0.6400945,100.4023,0.3044795,-0.1628972,0.9384863,0.1241175,-0.01522517,0.05419642,0.1362872,-0.1833085,-0.5552859,0.1126316,0.8033491,73.09778,-0.3078184,-0.9324567,0.1891352,-0.1444481,1.193291,-0.04943839,1.203018,0.01103785,-0.05225532,-0.2306476,-0.9715706,332.6104,0.04662235,-0.2207192,-0.9742233,False,False,False,False
1772879676872,2.487127,0.1208723,1.110348,0.1722918,1.130118,-0.2902838,-0.8760758,-0.009769952,0.3848781,134.7277,-0.3145115,-0.9491947,-0.01058537,-0.1038886,0.6427501,-0.0601959,0.6538686,0.5189529,0.209775,-0.7702883,0.3055131,144.4219,0.545011,0.2203084,-0.8089668,-0.005119783,1.100939,0.2220519,1.123121,0.001450898,1.116486,0.2680416,1.148211,0.01388521,1.098817,0.2691523,1.131386,-0.02113595,0.6492895,0.03397018,0.650521,-0.008531425,0.6582904,0.07330975,0.6624148,-0.02508039,0.6502612,0.1040463,0.6590101,0.09655622,-0.08311769,0.04697802,0.1357888,0.1321047,-0.07629155,0.01396842,0.1531899,0.1173509,-0.084791,0.0006216168,0.1447796,-0.1117407,0.05165067,-0.02458128,0.1255309,-0.1539738,0.05355987,-0.02411781,0.1647976,-0.1759101,0.04780443,0.00360842,0.1823257,0.09790403,-0.08257271,0.04380888,0.1353613,0.1413373,-0.07183374,0.01559211,0.1593092,0.1223019,-0.08319715,0.0004269712,0.1479179,-0.1115501,0.05008115,-0.02966532,0.1258236,-0.1537845,0.05402529,-0.02413478,0.1647753,-0.1759849,0.0476169,0.003622084,0.1823491,0.1134511,-0.08009046,0.0280764,0.1416825,-0.2096036,0.9443722,-0.06122506,0.2459247,151.527,-0.2162447,0.9742938,-0.06316493,-0.1419117,0.04936061,-0.01527128,0.1510252,0.1051341,-0.5095004,-0.1404993,0.8423872,65.21387,0.1951,-0.945493,-0.2607282,-0.02411746,1.115225,0.2458036,1.142247,0.4750575,-0.4778171,-0.3540172,0.6486009,99.12761,0.6241487,-0.6277743,-0.4651214,0.1298184,-0.08639581,0.04736925,0.1629751,0.03245736,0.5149012,-0.6771885,0.5246324,116.713,0.03812552,0.6048205,-0.7954487,-0.4243363,-0.2899754,-0.241417,0.5678285,0.2339305,-0.1251533,0.7210355,0.6400945,100.4023,0.3044795,-0.1628972,0.9384863,0.1241175,-0.01522517,0.05419642,0.1362872,-0.1833085,-0.5552859,0.1126316,0.8033491,73.09778,-0.3078184,-0.9324567,0.1891352,-0.1446955,1.193099,-0.04882627,1.202833,0.01089186,-0.05327831,-0.2309337,-0.9714487,332.5515,0.04590886,-0.2245664,-0.9733784,False,False,False,False
1772879676885,2.500673,0.1208723,1.110348,0.1722918,1.130118,-0.2902838,-0.8760758,-0.009769952,0.3848781,134.7277,-0.3145115,-0.9491947,-0.01058537,-0.1038886,0.6427501,-0.0601959,0.6538686,0.5189529,0.209775,-0.7702883,0.3055131,144.4219,0.545011,0.2203084,-0.8089668,-0.005119783,1.100939,0.2220519,1.123121,0.001450898,1.116486,0.2680416,1.148211,0.01388521,1.098817,0.2691523,1.131386,-0.02113595,0.6492895,0.03397018,0.650521,-0.008531425,0.6582904,0.07330975,0.6624148,-0.02508039,0.6502612,0.1040463,0.6590101,0.09655622,-0.08311769,0.04697802,0.1357888,0.1321047,-0.07629155,0.01396842,0.1531899,0.1173509,-0.084791,0.0006216168,0.1447796,-0.1117407,0.05165067,-0.02458128,0.1255309,-0.1539738,0.05355987,-0.02411781,0.1647976,-0.1759101,0.04780443,0.00360842,0.1823257,0.09790403,-0.08257271,0.04380888,0.1353613,0.1413373,-0.07183374,0.01559211,0.1593092,0.1223019,-0.08319715,0.0004269712,0.1479179,-0.1115501,0.05008115,-0.02966532,0.1258236,-0.1537845,0.05402529,-0.02413478,0.1647753,-0.1759849,0.0476169,0.003622084,0.1823491,0.1134511,-0.08009046,0.0280764,0.1416825,-0.2096036,0.9443722,-0.06122506,0.2459247,151.527,-0.2162447,0.9742938,-0.06316493,-0.1419117,0.04936061,-0.01527128,0.1510252,0.1051341,-0.5095004,-0.1404993,0.8423872,65.21387,0.1951,-0.945493,-0.2607282,-0.02411746,1.115225,0.2458036,1.142247,0.4750575,-0.4778171,-0.3540172,0.6486009,99.12761,0.6241487,-0.6277743,-0.4651214,0.1298184,-0.08639581,0.04736925,0.1629751,0.03245736,0.5149012,-0.6771885,0.5246324,116.713,0.03812552,0.6048205,-0.7954487,-0.4243363,-0.2899754,-0.241417,0.5678285,0.2339305,-0.1251533,0.7210355,0.6400945,100.4023,0.3044795,-0.1628972,0.9384863,0.1241175,-0.01522517,0.05419642,0.1362872,-0.1833085,-0.5552859,0.1126316,0.8033491,73.09778,-0.3078184,-0.9324567,0.1891352,-0.1449029,1.193046,-0.04819732,1.20278,0.01088744,-0.05435982,-0.2313434,-0.9712912,332.4755,0.04576602,-0.2285049,-0.9724663,False,False,False,False
1772879676900,2.514311,0.1208723,1.110348,0.1722918,1.130118,-0.2902838,-0.8760758,-0.009769952,0.3848781,134.7277,-0.3145115,-0.9491947,-0.01058537,-0.1038886,0.6427501,-0.0601959,0.6538686,0.5189529,0.209775,-0.7702883,0.3055131,144.4219,0.545011,0.2203084,-0.8089668,-0.005119783,1.100939,0.2220519,1.123121,0.001450898,1.116486,0.2680416,1.148211,0.01388521,1.098817,0.2691523,1.131386,-0.02113595,0.6492895,0.03397018,0.650521,-0.008531425,0.6582904,0.07330975,0.6624148,-0.02508039,0.6502612,0.1040463,0.6590101,0.09655622,-0.08311769,0.04697802,0.1357888,0.1321047,-0.07629155,0.01396842,0.1531899,0.1173509,-0.084791,0.0006216168,0.1447796,-0.1117407,0.05165067,-0.02458128,0.1255309,-0.1539738,0.05355987,-0.02411781,0.1647976,-0.1759101,0.04780443,0.00360842,0.1823257,0.09790403,-0.08257271,0.04380888,0.1353613,0.1413373,-0.07183374,0.01559211,0.1593092,0.1223019,-0.08319715,0.0004269712,0.1479179,-0.1115501,0.05008115,-0.02966532,0.1258236,-0.1537845,0.05402529,-0.02413478,0.1647753,-0.1759849,0.0476169,0.003622084,0.1823491,0.1134511,-0.08009046,0.0280764,0.1416825,-0.2096036,0.9443722,-0.06122506,0.2459247,151.527,-0.2162447,0.9742938,-0.06316493,-0.1419117,0.04936061,-0.01527128,0.1510252,0.1051341,-0.5095004,-0.1404993,0.8423872,65.21387,0.1951,-0.945493,-0.2607282,-0.02411746,1.115225,0.2458036,1.142247,0.4750575,-0.4778171,-0.3540172,0.6486009,99.12761,0.6241487,-0.6277743,-0.4651214,0.1298184,-0.08639581,0.04736925,0.1629751,0.03245736,0.5149012,-0.6771885,0.5246324,116.713,0.03812552,0.6048205,-0.7954487,-0.4243363,-0.2899754,-0.241417,0.5678285,0.2339305,-0.1251533,0.7210355,0.6400945,100.4023,0.3044795,-0.1628972,0.9384863,0.1241175,-0.01522517,0.05419642,0.1362872,-0.1833085,-0.5552859,0.1126316,0.8033491,73.09778,-0.3078184,-0.9324567,0.1891352,-0.145013,1.193082,-0.04757355,1.202804,0.01071785,-0.05559034,-0.2317123,-0.9711356,332.4006,0.04493323,-0.2330555,-0.9714248,False,False,False,False
1772879676913,2.528343,0.1208723,1.110348,0.1722918,1.130118,-0.2902838,-0.8760758,-0.009769952,0.3848781,134.7277,-0.3145115,-0.9491947,-0.01058537,-0.1038886,0.6427501,-0.0601959,0.6538686,0.5189529,0.209775,-0.7702883,0.3055131,144.4219,0.545011,0.2203084,-0.8089668,-0.005119783,1.100939,0.2220519,1.123121,0.001450898,1.116486,0.2680416,1.148211,0.01388521,1.098817,0.2691523,1.131386,-0.02113595,0.6492895,0.03397018,0.650521,-0.008531425,0.6582904,0.07330975,0.6624148,-0.02508039,0.6502612,0.1040463,0.6590101,0.09655622,-0.08311769,0.04697802,0.1357888,0.1321047,-0.07629155,0.01396842,0.1531899,0.1173509,-0.084791,0.0006216168,0.1447796,-0.1117407,0.05165067,-0.02458128,0.1255309,-0.1539738,0.05355987,-0.02411781,0.1647976,-0.1759101,0.04780443,0.00360842,0.1823257,0.09790403,-0.08257271,0.04380888,0.1353613,0.1413373,-0.07183374,0.01559211,0.1593092,0.1223019,-0.08319715,0.0004269712,0.1479179,-0.1115501,0.05008115,-0.02966532,0.1258236,-0.1537845,0.05402529,-0.02413478,0.1647753,-0.1759849,0.0476169,0.003622084,0.1823491,0.1134511,-0.08009046,0.0280764,0.1416825,-0.2096036,0.9443722,-0.06122506,0.2459247,151.527,-0.2162447,0.9742938,-0.06316493,-0.1419117,0.04936061,-0.01527128,0.1510252,0.1051341,-0.5095004,-0.1404993,0.8423872,65.21387,0.1951,-0.945493,-0.2607282,-0.02411746,1.115225,0.2458036,1.142247,0.4750575,-0.4778171,-0.3540172,0.6486009,99.12761,0.6241487,-0.6277743,-0.4651214,0.1298184,-0.08639581,0.04736925,0.1629751,0.03245736,0.5149012,-0.6771885,0.5246324,116.713,0.03812552,0.6048205,-0.7954487,-0.4243363,-0.2899754,-0.241417,0.5678285,0.2339305,-0.1251533,0.7210355,0.6400945,100.4023,0.3044795,-0.1628972,0.9384863,0.1241175,-0.01522517,0.05419642,0.1362872,-0.1833085,-0.5552859,0.1126316,0.8033491,73.09778,-0.3078184,-0.9324567,0.1891352,-0.1451473,1.192984,-0.04703377,1.202701,0.0104822,-0.05644416,-0.2322896,-0.970951,332.3121,0.04380753,-0.235893,-0.9707913,False,False,False,False
1772879676928,2.5419,0.1208723,1.110348,0.1722918,1.130118,-0.2902838,-0.8760758,-0.009769952,0.3848781,134.7277,-0.3145115,-0.9491947,-0.01058537,-0.1038886,0.6427501,-0.0601959,0.6538686,0.5189529,0.209775,-0.7702883,0.3055131,144.4219,0.545011,0.2203084,-0.8089668,-0.005119783,1.100939,0.2220519,1.123121,0.001450898,1.116486,0.2680416,1.148211,0.01388521,1.098817,0.2691523,1.131386,-0.02113595,0.6492895,0.03397018,0.650521,-0.008531425,0.6582904,0.07330975,0.6624148,-0.02508039,0.6502612,0.1040463,0.6590101,0.09655622,-0.08311769,0.04697802,0.1357888,0.1321047,-0.07629155,0.01396842,0.1531899,0.1173509,-0.084791,0.0006216168,0.1447796,-0.1117407,0.05165067,-0.02458128,0.1255309,-0.1539738,0.05355987,-0.02411781,0.1647976,-0.1759101,0.04780443,0.00360842,0.1823257,0.09790403,-0.08257271,0.04380888,0.1353613,0.1413373,-0.07183374,0.01559211,0.1593092,0.1223019,-0.08319715,0.0004269712,0.1479179,-0.1115501,0.05008115,-0.02966532,0.1258236,-0.1537845,0.05402529,-0.02413478,0.1647753,-0.1759849,0.0476169,0.003622084,0.1823491,0.1134511,-0.08009046,0.0280764,0.1416825,-0.2096036,0.9443722,-0.06122506,0.2459247,151.527,-0.2162447,0.9742938,-0.06316493,-0.1419117,0.04936061,-0.01527128,0.1510252,0.1051341,-0.5095004,-0.1404993,0.8423872,65.21387,0.1951,-0.945493,-0.2607282,-0.02411746,1.115225,0.2458036,1.142247,0.4750575,-0.4778171,-0.3540172,0.6486009,99.12761,0.6241487,-0.6277743,-0.4651214,0.1298184,-0.08639581,0.04736925,0.1629751,0.03245736,0.5149012,-0.6771885,0.5246324,116.713,0.03812552,0.6048205,-0.7954487,-0.4243363,-0.2899754,-0.241417,0.5678285,0.2339305,-0.1251533,0.7210355,0.6400945,100.4023,0.3044795,-0.1628972,0.9384863,0.1241175,-0.01522517,0.05419642,0.1362872,-0.1833085,-0.5552859,0.1126316,0.8033491,73.09778,-0.3078184,-0.9324567,0.1891352,-0.14544,1.192865,-0.0465115,1.202599,0.009932069,-0.05718991,-0.23295,-0.9707549,332.2183,0.04137105,-0.2382189,-0.9703302,False,False,False,False
1772879676942,2.55637,0.1208723,1.110348,0.1722918,1.130118,-0.2902838,-0.8760758,-0.009769952,0.3848781,134.7277,-0.3145115,-0.9491947,-0.01058537,-0.1038886,0.6427501,-0.0601959,0.6538686,0.5189529,0.209775,-0.7702883,0.3055131,144.4219,0.545011,0.2203084,-0.8089668,-0.005119783,1.100939,0.2220519,1.123121,0.001450898,1.116486,0.2680416,1.148211,0.01388521,1.098817,0.2691523,1.131386,-0.02113595,0.6492895,0.03397018,0.650521,-0.008531425,0.6582904,0.07330975,0.6624148,-0.02508039,0.6502612,0.1040463,0.6590101,0.09655622,-0.08311769,0.04697802,0.1357888,0.1321047,-0.07629155,0.01396842,0.1531899,0.1173509,-0.084791,0.0006216168,0.1447796,-0.1117407,0.05165067,-0.02458128,0.1255309,-0.1539738,0.05355987,-0.02411781,0.1647976,-0.1759101,0.04780443,0.00360842,0.1823257,0.09790403,-0.08257271,0.04380888,0.1353613,0.1413373,-0.07183374,0.01559211,0.1593092,0.1223019,-0.08319715,0.0004269712,0.1479179,-0.1115501,0.05008115,-0.02966532,0.1258236,-0.1537845,0.05402529,-0.02413478,0.1647753,-0.1759849,0.0476169,0.003622084,0.1823491,0.1134511,-0.08009046,0.0280764,0.1416825,-0.2096036,0.9443722,-0.06122506,0.2459247,151.527,-0.2162447,0.9742938,-0.06316493,-0.1419117,0.04936061,-0.01527128,0.1510252,0.1051341,-0.5095004,-0.1404993,0.8423872,65.21387,0.1951,-0.945493,-0.2607282,-0.02411746,1.115225,0.2458036,1.142247,0.4750575,-0.4778171,-0.3540172,0.6486009,99.12761,0.6241487,-0.6277743,-0.4651214,0.1298184,-0.08639581,0.04736925,0.1629751,0.03245736,0.5149012,-0.6771885,0.5246324,116.713,0.03812552,0.6048205,-0.7954487,-0.4243363,-0.2899754,-0.241417,0.5678285,0.2339305,-0.1251533,0.7210355,0.6400945,100.4023,0.3044795,-0.1628972,0.9384863,0.1241175,-0.01522517,0.05419642,0.1362872,-0.1833085,-0.5552859,0.1126316,0.8033491,73.09778,-0.3078184,-0.9324567,0.1891352,-0.145678,1.192733,-0.0460415,1.202478,0.009901313,-0.05757604,-0.2331317,-0.9706887,332.1867,0.04119706,-0.2395605,-0.9700067,False,False,False,False
1772879676956,2.570571,0.1208723,1.110348,0.1722918,1.130118,-0.2902838,-0.8760758,-0.009769952,0.3848781,134.7277,-0.3145115,-0.9491947,-0.01058537,-0.1038886,0.6427501,-0.0601959,0.6538686,0.5189529,0.209775,-0.7702883,0.3055131,144.4219,0.545011,0.2203084,-0.8089668,-0.005119783,1.100939,0.2220519,1.123121,0.001450898,1.116486,0.2680416,1.148211,0.01388521,1.098817,0.2691523,1.131386,-0.02113595,0.6492895,0.03397018,0.650521,-0.008531425,0.6582904,0.07330975,0.6624148,-0.02508039,0.6502612,0.1040463,0.6590101,0.09655622,-0.08311769,0.04697802,0.1357888,0.1321047,-0.07629155,0.01396842,0.1531899,0.1173509,-0.084791,0.0006216168,0.1447796,-0.1117407,0.05165067,-0.02458128,0.1255309,-0.1539738,0.05355987,-0.02411781,0.1647976,-0.1759101,0.04780443,0.00360842,0.1823257,0.09790403,-0.08257271,0.04380888,0.1353613,0.1413373,-0.07183374,0.01559211,0.1593092,0.1223019,-0.08319715,0.0004269712,0.1479179,-0.1115501,0.05008115,-0.02966532,0.1258236,-0.1537845,0.05402529,-0.02413478,0.1647753,-0.1759849,0.0476169,0.003622084,0.1823491,0.1134511,-0.08009046,0.0280764,0.1416825,-0.2096036,0.9443722,-0.06122506,0.2459247,151.527,-0.2162447,0.9742938,-0.06316493,-0.1419117,0.04936061,-0.01527128,0.1510252,0.1051341,-0.5095004,-0.1404993,0.8423872,65.21387,0.1951,-0.945493,-0.2607282,-0.02411746,1.115225,0.2458036,1.142247,0.4750575,-0.4778171,-0.3540172,0.6486009,99.12761,0.6241487,-0.6277743,-0.4651214,0.1298184,-0.08639581,0.04736925,0.1629751,0.03245736,0.5149012,-0.6771885,0.5246324,116.713,0.03812552,0.6048205,-0.7954487,-0.4243363,-0.2899754,-0.241417,0.5678285,0.2339305,-0.1251533,0.7210355,0.6400945,100.4023,0.3044795,-0.1628972,0.9384863,0.1241175,-0.01522517,0.05419642,0.1362872,-0.1833085,-0.5552859,0.1126316,0.8033491,73.09778,-0.3078184,-0.9324567,0.1891352,-0.1459688,1.19267,-0.04559646,1.202434,0.009877666,-0.05792286,-0.2332447,-0.9706412,332.1641,0.04106591,-0.2408114,-0.9697031,False,False,False,False
1772879676970,2.585073,0.1208723,1.110348,0.1722918,1.130118,-0.2902838,-0.8760758,-0.009769952,0.3848781,134.7277,-0.3145115,-0.9491947,-0.01058537,-0.1038886,0.6427501,-0.0601959,0.6538686,0.5189529,0.209775,-0.7702883,0.3055131,144.4219,0.545011,0.2203084,-0.8089668,-0.005119783,1.100939,0.2220519,1.123121,0.001450898,1.116486,0.2680416,1.148211,0.01388521,1.098817,0.2691523,1.131386,-0.02113595,0.6492895,0.03397018,0.650521,-0.008531425,0.6582904,0.07330975,0.6624148,-0.02508039,0.6502612,0.1040463,0.6590101,0.09655622,-0.08311769,0.04697802,0.1357888,0.1321047,-0.07629155,0.01396842,0.1531899,0.1173509,-0.084791,0.0006216168,0.1447796,-0.1117407,0.05165067,-0.02458128,0.1255309,-0.1539738,0.05355987,-0.02411781,0.1647976,-0.1759101,0.04780443,0.00360842,0.1823257,0.09790403,-0.08257271,0.04380888,0.1353613,0.1413373,-0.07183374,0.01559211,0.1593092,0.1223019,-0.08319715,0.0004269712,0.1479179,-0.1115501,0.05008115,-0.02966532,0.1258236,-0.1537845,0.05402529,-0.02413478,0.1647753,-0.1759849,0.0476169,0.003622084,0.1823491,0.1134511,-0.08009046,0.0280764,0.1416825,-0.2096036,0.9443722,-0.06122506,0.2459247,151.527,-0.2162447,0.9742938,-0.06316493,-0.1419117,0.04936061,-0.01527128,0.1510252,0.1051341,-0.5095004,-0.1404993,0.8423872,65.21387,0.1951,-0.945493,-0.2607282,-0.02411746,1.115225,0.2458036,1.142247,0.4750575,-0.4778171,-0.3540172,0.6486009,99.12761,0.6241487,-0.6277743,-0.4651214,0.1298184,-0.08639581,0.04736925,0.1629751,0.03245736,0.5149012,-0.6771885,0.5246324,116.713,0.03812552,0.6048205,-0.7954487,-0.4243363,-0.2899754,-0.241417,0.5678285,0.2339305,-0.1251533,0.7210355,0.6400945,100.4023,0.3044795,-0.1628972,0.9384863,0.1241175,-0.01522517,0.05419642,0.1362872,-0.1833085,-0.5552859,0.1126316,0.8033491,73.09778,-0.3078184,-0.9324567,0.1891352,-0.1462492,1.192592,-0.0452421,1.202377,0.009790317,-0.05771064,-0.233197,-0.9706662,332.176,0.04071981,-0.2400296,-0.9699115,False,False,False,False
1772879676984,2.598639,0.1208723,1.110348,0.1722918,1.130118,-0.2902838,-0.8760758,-0.009769952,0.3848781,134.7277,-0.3145115,-0.9491947,-0.01058537,-0.1038886,0.6427501,-0.0601959,0.6538686,0.5189529,0.209775,-0.7702883,0.3055131,144.4219,0.545011,0.2203084,-0.8089668,-0.005119783,1.100939,0.2220519,1.123121,0.001450898,1.116486,0.2680416,1.148211,0.01388521,1.098817,0.2691523,1.131386,-0.02113595,0.6492895,0.03397018,0.650521,-0.008531425,0.6582904,0.07330975,0.6624148,-0.02508039,0.6502612,0.1040463,0.6590101,0.09655622,-0.08311769,0.04697802,0.1357888,0.1321047,-0.07629155,0.01396842,0.1531899,0.1173509,-0.084791,0.0006216168,0.1447796,-0.1117407,0.05165067,-0.02458128,0.1255309,-0.1539738,0.05355987,-0.02411781,0.1647976,-0.1759101,0.04780443,0.00360842,0.1823257,0.09790403,-0.08257271,0.04380888,0.1353613,0.1413373,-0.07183374,0.01559211,0.1593092,0.1223019,-0.08319715,0.0004269712,0.1479179,-0.1115501,0.05008115,-0.02966532,0.1258236,-0.1537845,0.05402529,-0.02413478,0.1647753,-0.1759849,0.0476169,0.003622084,0.1823491,0.1134511,-0.08009046,0.0280764,0.1416825,-0.2096036,0.9443722,-0.06122506,0.2459247,151.527,-0.2162447,0.9742938,-0.06316493,-0.1419117,0.04936061,-0.01527128,0.1510252,0.1051341,-0.5095004,-0.1404993,0.8423872,65.21387,0.1951,-0.945493,-0.2607282,-0.02411746,1.115225,0.2458036,1.142247,0.4750575,-0.4778171,-0.3540172,0.6486009,99.12761,0.6241487,-0.6277743,-0.4651214,0.1298184,-0.08639581,0.04736925,0.1629751,0.03245736,0.5149012,-0.6771885,0.5246324,116.713,0.03812552,0.6048205,-0.7954487,-0.4243363,-0.2899754,-0.241417,0.5678285,0.2339305,-0.1251533,0.7210355,0.6400945,100.4023,0.3044795,-0.1628972,0.9384863,0.1241175,-0.01522517,0.05419642,0.1362872,-0.1833085,-0.5552859,0.1126316,0.8033491,73.09778,-0.3078184,-0.9324567,0.1891352,-0.1465789,1.19245,-0.04481406,1.202261,0.009669854,-0.05810115,-0.2332918,-0.9706213,332.1546,0.04018852,-0.241472,-0.9695756,False,False,False,False
1772879676997,2.611593,0.1208723,1.110348,0.1722918,1.130118,-0.2902838,-0.8760758,-0.009769952,0.3848781,134.7277,-0.3145115,-0.9491947,-0.01058537,-0.1038886,0.6427501,-0.0601959,0.6538686,0.5189529,0.209775,-0.7702883,0.3055131,144.4219,0.545011,0.2203084,-0.8089668,-0.005119783,1.100939,0.2220519,1.123121,0.001450898,1.116486,0.2680416,1.148211,0.01388521,1.098817,0.2691523,1.131386,-0.02113595,0.6492895,0.03397018,0.650521,-0.008531425,0.6582904,0.07330975,0.6624148,-0.02508039,0.6502612,0.1040463,0.6590101,0.09655622,-0.08311769,0.04697802,0.1357888,0.1321047,-0.07629155,0.01396842,0.1531899,0.1173509,-0.084791,0.0006216168,0.1447796,-0.1117407,0.05165067,-0.02458128,0.1255309,-0.1539738,0.05355987,-0.02411781,0.1647976,-0.1759101,0.04780443,0.00360842,0.1823257,0.09790403,-0.08257271,0.04380888,0.1353613,0.1413373,-0.07183374,0.01559211,0.1593092,0.1223019,-0.08319715,0.0004269712,0.1479179,-0.1115501,0.05008115,-0.02966532,0.1258236,-0.1537845,0.05402529,-0.02413478,0.1647753,-0.1759849,0.0476169,0.003622084,0.1823491,0.1134511,-0.08009046,0.0280764,0.1416825,-0.2096036,0.9443722,-0.06122506,0.2459247,151.527,-0.2162447,0.9742938,-0.06316493,-0.1419117,0.04936061,-0.01527128,0.1510252,0.1051341,-0.5095004,-0.1404993,0.8423872,65.21387,0.1951,-0.945493,-0.2607282,-0.02411746,1.115225,0.2458036,1.142247,0.4750575,-0.4778171,-0.3540172,0.6486009,99.12761,0.6241487,-0.6277743,-0.4651214,0.1298184,-0.08639581,0.04736925,0.1629751,0.03245736,0.5149012,-0.6771885,0.5246324,116.713,0.03812552,0.6048205,-0.7954487,-0.4243363,-0.2899754,-0.241417,0.5678285,0.2339305,-0.1251533,0.7210355,0.6400945,100.4023,0.3044795,-0.1628972,0.9384863,0.1241175,-0.01522517,0.05419642,0.1362872,-0.1833085,-0.5552859,0.1126316,0.8033491,73.09778,-0.3078184,-0.9324567,0.1891352,-0.1466938,1.192455,-0.04461915,1.202273,0.009560159,-0.05695318,-0.2330792,-0.9707416,332.212,0.03981299,-0.2371798,-0.9706511,False,False,False,False
1772879677010,2.626033,0.1208723,1.110348,0.1722918,1.130118,-0.2902838,-0.8760758,-0.009769952,0.3848781,134.7277,-0.3145115,-0.9491947,-0.01058537,-0.1038886,0.6427501,-0.0601959,0.6538686,0.5189529,0.209775,-0.7702883,0.3055131,144.4219,0.545011,0.2203084,-0.8089668,-0.005119783,1.100939,0.2220519,1.123121,0.001450898,1.116486,0.2680416,1.148211,0.01388521,1.098817,0.2691523,1.131386,-0.02113595,0.6492895,0.03397018,0.650521,-0.008531425,0.6582904,0.07330975,0.6624148,-0.02508039,0.6502612,0.1040463,0.6590101,0.09655622,-0.08311769,0.04697802,0.1357888,0.1321047,-0.07629155,0.01396842,0.1531899,0.1173509,-0.084791,0.0006216168,0.1447796,-0.1117407,0.05165067,-0.02458128,0.1255309,-0.1539738,0.05355987,-0.02411781,0.1647976,-0.1759101,0.04780443,0.00360842,0.1823257,0.09790403,-0.08257271,0.04380888,0.1353613,0.1413373,-0.07183374,0.01559211,0.1593092,0.1223019,-0.08319715,0.0004269712,0.1479179,-0.1115501,0.05008115,-0.02966532,0.1258236,-0.1537845,0.05402529,-0.02413478,0.1647753,-0.1759849,0.0476169,0.003622084,0.1823491,0.1134511,-0.08009046,0.0280764,0.1416825,-0.2096036,0.9443722,-0.06122506,0.2459247,151.527,-0.2162447,0.9742938,-0.06316493,-0.1419117,0.04936061,-0.01527128,0.1510252,0.1051341,-0.5095004,-0.1404993,0.8423872,65.21387,0.1951,-0.945493,-0.2607282,-0.02411746,1.115225,0.2458036,1.142247,0.4750575,-0.4778171,-0.3540172,0.6486009,99.12761,0.6241487,-0.6277743,-0.4651214,0.1298184,-0.08639581,0.04736925,0.1629751,0.03245736,0.5149012,-0.6771885,0.5246324,116.713,0.03812552,0.6048205,-0.7954487,-0.4243363,-0.2899754,-0.241417,0.5678285,0.2339305,-0.1251533,0.7210355,0.6400945,100.4023,0.3044795,-0.1628972,0.9384863,0.1241175,-0.01522517,0.05419642,0.1362872,-0.1833085,-0.5552859,0.1126316,0.8033491,73.09778,-0.3078184,-0.9324567,0.1891352,-0.1468699,1.192403,-0.04436854,1.202233,0.00950445,-0.05673356,-0.2329736,-0.9707803,332.2304,0.03960678,-0.2364192,-0.9708438,False,False,False,False
1772879677024,2.639212,0.1208723,1.110348,0.1722918,1.130118,-0.2902838,-0.8760758,-0.009769952,0.3848781,134.7277,-0.3145115,-0.9491947,-0.01058537,-0.1038886,0.6427501,-0.0601959,0.6538686,0.5189529,0.209775,-0.7702883,0.3055131,144.4219,0.545011,0.2203084,-0.8089668,-0.005119783,1.100939,0.2220519,1.123121,0.001450898,1.116486,0.2680416,1.148211,0.01388521,1.098817,0.2691523,1.131386,-0.02113595,0.6492895,0.03397018,0.650521,-0.008531425,0.6582904,0.07330975,0.6624148,-0.02508039,0.6502612,0.1040463,0.6590101,0.09655622,-0.08311769,0.04697802,0.1357888,0.1321047,-0.07629155,0.01396842,0.1531899,0.1173509,-0.084791,0.0006216168,0.1447796,-0.1117407,0.05165067,-0.02458128,0.1255309,-0.1539738,0.05355987,-0.02411781,0.1647976,-0.1759101,0.04780443,0.00360842,0.1823257,0.09790403,-0.08257271,0.04380888,0.1353613,0.1413373,-0.07183374,0.01559211,0.1593092,0.1223019,-0.08319715,0.0004269712,0.1479179,-0.1115501,0.05008115,-0.02966532,0.1258236,-0.1537845,0.05402529,-0.02413478,0.1647753,-0.1759849,0.0476169,0.003622084,0.1823491,0.1134511,-0.08009046,0.0280764,0.1416825,-0.2096036,0.9443722,-0.06122506,0.2459247,151.527,-0.2162447,0.9742938,-0.06316493,-0.1419117,0.04936061,-0.01527128,0.1510252,0.1051341,-0.5095004,-0.1404993,0.8423872,65.21387,0.1951,-0.945493,-0.2607282,-0.02411746,1.115225,0.2458036,1.142247,0.4750575,-0.4778171,-0.3540172,0.6486009,99.12761,0.6241487,-0.6277743,-0.4651214,0.1298184,-0.08639581,0.04736925,0.1629751,0.03245736,0.5149012,-0.6771885,0.5246324,116.713,0.03812552,0.6048205,-0.7954487,-0.4243363,-0.2899754,-0.241417,0.5678285,0.2339305,-0.1251533,0.7210355,0.6400945,100.4023,0.3044795,-0.1628972,0.9384863,0.1241175,-0.01522517,0.05419642,0.1362872,-0.1833085,-0.5552859,0.1126316,0.8033491,73.09778,-0.3078184,-0.9324567,0.1891352,-0.1471567,1.192327,-0.04406124,1.202182,0.009592457,-0.05584274,-0.2327682,-0.9708803,332.2783,0.04004114,-0.2331006,-0.9716286,False,False,False,False
1772879677039,2.652979,0.1208723,1.110348,0.1722918,1.130118,-0.2902838,-0.8760758,-0.009769952,0.3848781,134.7277,-0.3145115,-0.9491947,-0.01058537,-0.1038886,0.6427501,-0.0601959,0.6538686,0.5189529,0.209775,-0.7702883,0.3055131,144.4219,0.545011,0.2203084,-0.8089668,-0.005119783,1.100939,0.2220519,1.123121,0.001450898,1.116486,0.2680416,1.148211,0.01388521,1.098817,0.2691523,1.131386,-0.02113595,0.6492895,0.03397018,0.650521,-0.008531425,0.6582904,0.07330975,0.6624148,-0.02508039,0.6502612,0.1040463,0.6590101,0.09655622,-0.08311769,0.04697802,0.1357888,0.1321047,-0.07629155,0.01396842,0.1531899,0.1173509,-0.084791,0.0006216168,0.1447796,-0.1117407,0.05165067,-0.02458128,0.1255309,-0.1539738,0.05355987,-0.02411781,0.1647976,-0.1759101,0.04780443,0.00360842,0.1823257,0.09790403,-0.08257271,0.04380888,0.1353613,0.1413373,-0.07183374,0.01559211,0.1593092,0.1223019,-0.08319715,0.0004269712,0.1479179,-0.1115501,0.05008115,-0.02966532,0.1258236,-0.1537845,0.05402529,-0.02413478,0.1647753,-0.1759849,0.0476169,0.003622084,0.1823491,0.1134511,-0.08009046,0.0280764,0.1416825,-0.2096036,0.9443722,-0.06122506,0.2459247,151.527,-0.2162447,0.9742938,-0.06316493,-0.1419117,0.04936061,-0.01527128,0.1510252,0.1051341,-0.5095004,-0.1404993,0.8423872,65.21387,0.1951,-0.945493,-0.2607282,-0.02411746,1.115225,0.2458036,1.142247,0.4750575,-0.4778171,-0.3540172,0.6486009,99.12761,0.6241487,-0.6277743,-0.4651214,0.1298184,-0.08639581,0.04736925,0.1629751,0.03245736,0.5149012,-0.6771885,0.5246324,116.713,0.03812552,0.6048205,-0.7954487,-0.4243363,-0.2899754,-0.241417,0.5678285,0.2339305,-0.1251533,0.7210355,0.6400945,100.4023,0.3044795,-0.1628972,0.9384863,0.1241175,-0.01522517,0.05419642,0.1362872,-0.1833085,-0.5552859,0.1126316,0.8033491,73.09778,-0.3078184,-0.9324567,0.1891352,-0.147324,1.192247,-0.04374125,1.202111,0.009700575,-0.05486978,-0.2323925,-0.9710247,332.3474,0.04059172,-0.2296007,-0.9724384,False,False,False,False
1772879677052,2.66729,0.1208723,1.110348,0.1722918,1.130118,-0.2902838,-0.8760758,-0.009769952,0.3848781,134.7277,-0.3145115,-0.9491947,-0.01058537,-0.1038886,0.6427501,-0.0601959,0.6538686,0.5189529,0.209775,-0.7702883,0.3055131,144.4219,0.545011,0.2203084,-0.8089668,-0.005119783,1.100939,0.2220519,1.123121,0.001450898,1.116486,0.2680416,1.148211,0.01388521,1.098817,0.2691523,1.131386,-0.02113595,0.6492895,0.03397018,0.650521,-0.008531425,0.6582904,0.07330975,0.6624148,-0.02508039,0.6502612,0.1040463,0.6590101,0.09655622,-0.08311769,0.04697802,0.1357888,0.1321047,-0.07629155,0.01396842,0.1531899,0.1173509,-0.084791,0.0006216168,0.1447796,-0.1117407,0.05165067,-0.02458128,0.1255309,-0.1539738,0.05355987,-0.02411781,0.1647976,-0.1759101,0.04780443,0.00360842,0.1823257,0.09790403,-0.08257271,0.04380888,0.1353613,0.1413373,-0.07183374,0.01559211,0.1593092,0.1223019,-0.08319715,0.0004269712,0.1479179,-0.1115501,0.05008115,-0.02966532,0.1258236,-0.1537845,0.05402529,-0.02413478,0.1647753,-0.1759849,0.0476169,0.003622084,0.1823491,0.1134511,-0.08009046,0.0280764,0.1416825,-0.2096036,0.9443722,-0.06122506,0.2459247,151.527,-0.2162447,0.9742938,-0.06316493,-0.1419117,0.04936061,-0.01527128,0.1510252,0.1051341,-0.5095004,-0.1404993,0.8423872,65.21387,0.1951,-0.945493,-0.2607282,-0.02411746,1.115225,0.2458036,1.142247,0.4750575,-0.4778171,-0.3540172,0.6486009,99.12761,0.6241487,-0.6277743,-0.4651214,0.1298184,-0.08639581,0.04736925,0.1629751,0.03245736,0.5149012,-0.6771885,0.5246324,116.713,0.03812552,0.6048205,-0.7954487,-0.4243363,-0.2899754,-0.241417,0.5678285,0.2339305,-0.1251533,0.7210355,0.6400945,100.4023,0.3044795,-0.1628972,0.9384863,0.1241175,-0.01522517,0.05419642,0.1362872,-0.1833085,-0.5552859,0.1126316,0.8033491,73.09778,-0.3078184,-0.9324567,0.1891352,-0.1475109,1.192186,-0.04350776,1.202065,0.009775571,-0.05417477,-0.2320432,-0.9711465,332.4059,0.04099053,-0.2271634,-0.9729943,False,False,False,False
1772879677066,2.680498,0.1208723,1.110348,0.1722918,1.130118,-0.2902838,-0.8760758,-0.009769952,0.3848781,134.7277,-0.3145115,-0.9491947,-0.01058537,-0.1038886,0.6427501,-0.0601959,0.6538686,0.5189529,0.209775,-0.7702883,0.3055131,144.4219,0.545011,0.2203084,-0.8089668,-0.005119783,1.100939,0.2220519,1.123121,0.001450898,1.116486,0.2680416,1.148211,0.01388521,1.098817,0.2691523,1.131386,-0.02113595,0.6492895,0.03397018,0.650521,-0.008531425,0.6582904,0.07330975,0.6624148,-0.02508039,0.6502612,0.1040463,0.6590101,0.09655622,-0.08311769,0.04697802,0.1357888,0.1321047,-0.07629155,0.01396842,0.1531899,0.1173509,-0.084791,0.0006216168,0.1447796,-0.1117407,0.05165067,-0.02458128,0.1255309,-0.1539738,0.05355987,-0.02411781,0.1647976,-0.1759101,0.04780443,0.00360842,0.1823257,0.09790403,-0.08257271,0.04380888,0.1353613,0.1413373,-0.07183374,0.01559211,0.1593092,0.1223019,-0.08319715,0.0004269712,0.1479179,-0.1115501,0.05008115,-0.02966532,0.1258236,-0.1537845,0.05402529,-0.02413478,0.1647753,-0.1759849,0.0476169,0.003622084,0.1823491,0.1134511,-0.08009046,0.0280764,0.1416825,-0.2096036,0.9443722,-0.06122506,0.2459247,151.527,-0.2162447,0.9742938,-0.06316493,-0.1419117,0.04936061,-0.01527128,0.1510252,0.1051341,-0.5095004,-0.1404993,0.8423872,65.21387,0.1951,-0.945493,-0.2607282,-0.02411746,1.115225,0.2458036,1.142247,0.4750575,-0.4778171,-0.3540172,0.6486009,99.12761,0.6241487,-0.6277743,-0.4651214,0.1298184,-0.08639581,0.04736925,0.1629751,0.03245736,0.5149012,-0.6771885,0.5246324,116.713,0.03812552,0.6048205,-0.7954487,-0.4243363,-0.2899754,-0.241417,0.5678285,0.2339305,-0.1251533,0.7210355,0.6400945,100.4023,0.3044795,-0.1628972,0.9384863,0.1241175,-0.01522517,0.05419642,0.1362872,-0.1833085,-0.5552859,0.1126316,0.8033491,73.09778,-0.3078184,-0.9324567,0.1891352,-0.1477686,1.192098,-0.04327353,1.202001,0.009797782,-0.05387617,-0.2319615,-0.9711823,332.4231,0.04110888,-0.22605,-0.9732487,False,False,False,False
1772879677080,2.694112,0.1208723,1.110348,0.1722918,1.130118,-0.2902838,-0.8760758,-0.009769952,0.3848781,134.7277,-0.3145115,-0.9491947,-0.01058537,-0.1038886,0.6427501,-0.0601959,0.6538686,0.5189529,0.209775,-0.7702883,0.3055131,144.4219,0.545011,0.2203084,-0.8089668,-0.005119783,1.100939,0.2220519,1.123121,0.001450898,1.116486,0.2680416,1.148211,0.01388521,1.098817,0.2691523,1.131386,-0.02113595,0.6492895,0.03397018,0.650521,-0.008531425,0.6582904,0.07330975,0.6624148,-0.02508039,0.6502612,0.1040463,0.6590101,0.09655622,-0.08311769,0.04697802,0.1357888,0.1321047,-0.07629155,0.01396842,0.1531899,0.1173509,-0.084791,0.0006216168,0.1447796,-0.1117407,0.05165067,-0.02458128,0.1255309,-0.1539738,0.05355987,-0.02411781,0.1647976,-0.1759101,0.04780443,0.00360842,0.1823257,0.09790403,-0.08257271,0.04380888,0.1353613,0.1413373,-0.07183374,0.01559211,0.1593092,0.1223019,-0.08319715,0.0004269712,0.1479179,-0.1115501,0.05008115,-0.02966532,0.1258236,-0.1537845,0.05402529,-0.02413478,0.1647753,-0.1759849,0.0476169,0.003622084,0.1823491,0.1134511,-0.08009046,0.0280764,0.1416825,-0.2096036,0.9443722,-0.06122506,0.2459247,151.527,-0.2162447,0.9742938,-0.06316493,-0.1419117,0.04936061,-0.01527128,0.1510252,0.1051341,-0.5095004,-0.1404993,0.8423872,65.21387,0.1951,-0.945493,-0.2607282,-0.02411746,1.115225,0.2458036,1.142247,0.4750575,-0.4778171,-0.3540172,0.6486009,99.12761,0.6241487,-0.6277743,-0.4651214,0.1298184,-0.08639581,0.04736925,0.1629751,0.03245736,0.5149012,-0.6771885,0.5246324,116.713,0.03812552,0.6048205,-0.7954487,-0.4243363,-0.2899754,-0.241417,0.5678285,0.2339305,-0.1251533,0.7210355,0.6400945,100.4023,0.3044795,-0.1628972,0.9384863,0.1241175,-0.01522517,0.05419642,0.1362872,-0.1833085,-0.5552859,0.1126316,0.8033491,73.09778,-0.3078184,-0.9324567,0.1891352,-0.1479541,1.192086,-0.04306402,1.202004,0.009321931,-0.05355008,-0.2318549,-0.9712306,332.4463,0.03914456,-0.224867,-0.9736031,False,False,False,False
1772879677094,2.708682,0.1208723,1.110348,0.1722918,1.130118,-0.2902838,-0.8760758,-0.009769952,0.3848781,134.7277,-0.3145115,-0.9491947,-0.01058537,-0.1038886,0.6427501,-0.0601959,0.6538686,0.5189529,0.209775,-0.7702883,0.3055131,144.4219,0.545011,0.2203084,-0.8089668,-0.005119783,1.100939,0.2220519,1.123121,0.001450898,1.116486,0.2680416,1.148211,0.01388521,1.098817,0.2691523,1.131386,-0.02113595,0.6492895,0.03397018,0.650521,-0.008531425,0.6582904,0.07330975,0.6624148,-0.02508039,0.6502612,0.1040463,0.6590101,0.09655622,-0.08311769,0.04697802,0.1357888,0.1321047,-0.07629155,0.01396842,0.1531899,0.1173509,-0.084791,0.0006216168,0.1447796,-0.1117407,0.05165067,-0.02458128,0.1255309,-0.1539738,0.05355987,-0.02411781,0.1647976,-0.1759101,0.04780443,0.00360842,0.1823257,0.09790403,-0.08257271,0.04380888,0.1353613,0.1413373,-0.07183374,0.01559211,0.1593092,0.1223019,-0.08319715,0.0004269712,0.1479179,-0.1115501,0.05008115,-0.02966532,0.1258236,-0.1537845,0.05402529,-0.02413478,0.1647753,-0.1759849,0.0476169,0.003622084,0.1823491,0.1134511,-0.08009046,0.0280764,0.1416825,-0.2096036,0.9443722,-0.06122506,0.2459247,151.527,-0.2162447,0.9742938,-0.06316493,-0.1419117,0.04936061,-0.01527128,0.1510252,0.1051341,-0.5095004,-0.1404993,0.8423872,65.21387,0.1951,-0.945493,-0.2607282,-0.02411746,1.115225,0.2458036,1.142247,0.4750575,-0.4778171,-0.3540172,0.6486009,99.12761,0.6241487,-0.6277743,-0.4651214,0.1298184,-0.08639581,0.04736925,0.1629751,0.03245736,0.5149012,-0.6771885,0.5246324,116.713,0.03812552,0.6048205,-0.7954487,-0.4243363,-0.2899754,-0.241417,0.5678285,0.2339305,-0.1251533,0.7210355,0.6400945,100.4023,0.3044795,-0.1628972,0.9384863,0.1241175,-0.01522517,0.05419642,0.1362872,-0.1833085,-0.5552859,0.1126316,0.8033491,73.09778,-0.3078184,-0.9324567,0.1891352,-0.1480889,1.192036,-0.04281386,1.201962,0.009276094,-0.05333756,-0.2315217,-0.9713222,332.4904,0.03901336,-0.2243269,-0.9737331,False,False,False,False
1772879677108,2.722069,0.1208723,1.110348,0.1722918,1.130118,-0.2902838,-0.8760758,-0.009769952,0.3848781,134.7277,-0.3145115,-0.9491947,-0.01058537,-0.1038886,0.6427501,-0.0601959,0.6538686,0.5189529,0.209775,-0.7702883,0.3055131,144.4219,0.545011,0.2203084,-0.8089668,-0.005119783,1.100939,0.2220519,1.123121,0.001450898,1.116486,0.2680416,1.148211,0.01388521,1.098817,0.2691523,1.131386,-0.02113595,0.6492895,0.03397018,0.650521,-0.008531425,0.6582904,0.07330975,0.6624148,-0.02508039,0.6502612,0.1040463,0.6590101,0.09655622,-0.08311769,0.04697802,0.1357888,0.1321047,-0.07629155,0.01396842,0.1531899,0.1173509,-0.084791,0.0006216168,0.1447796,-0.1117407,0.05165067,-0.02458128,0.1255309,-0.1539738,0.05355987,-0.02411781,0.1647976,-0.1759101,0.04780443,0.00360842,0.1823257,0.09790403,-0.08257271,0.04380888,0.1353613,0.1413373,-0.07183374,0.01559211,0.1593092,0.1223019,-0.08319715,0.0004269712,0.1479179,-0.1115501,0.05008115,-0.02966532,0.1258236,-0.1537845,0.05402529,-0.02413478,0.1647753,-0.1759849,0.0476169,0.003622084,0.1823491,0.1134511,-0.08009046,0.0280764,0.1416825,-0.2096036,0.9443722,-0.06122506,0.2459247,151.527,-0.2162447,0.9742938,-0.06316493,-0.1419117,0.04936061,-0.01527128,0.1510252,0.1051341,-0.5095004,-0.1404993,0.8423872,65.21387,0.1951,-0.945493,-0.2607282,-0.02411746,1.115225,0.2458036,1.142247,0.4750575,-0.4778171,-0.3540172,0.6486009,99.12761,0.6241487,-0.6277743,-0.4651214,0.1298184,-0.08639581,0.04736925,0.1629751,0.03245736,0.5149012,-0.6771885,0.5246324,116.713,0.03812552,0.6048205,-0.7954487,-0.4243363,-0.2899754,-0.241417,0.5678285,0.2339305,-0.1251533,0.7210355,0.6400945,100.4023,0.3044795,-0.1628972,0.9384863,0.1241175,-0.01522517,0.05419642,0.1362872,-0.1833085,-0.5552859,0.1126316,0.8033491,73.09778,-0.3078184,-0.9324567,0.1891352,-0.1482455,1.19197,-0.04261513,1.201909,0.008761421,-0.05316262,-0.2312496,-0.9714013,332.5286,0.03689896,-0.2238958,-0.9739142,False,False,False,False
1772879677121,2.736445,0.1208723,1.110348,0.1722918,1.130118,-0.2902838,-0.8760758,-0.009769952,0.3848781,134.7277,-0.3145115,-0.9491947,-0.01058537,-0.1038886,0.6427501,-0.0601959,0.6538686,0.5189529,0.209775,-0.7702883,0.3055131,144.4219,0.545011,0.2203084,-0.8089668,-0.005119783,1.100939,0.2220519,1.123121,0.001450898,1.116486,0.2680416,1.148211,0.01388521,1.098817,0.2691523,1.131386,-0.02113595,0.6492895,0.03397018,0.650521,-0.008531425,0.6582904,0.07330975,0.6624148,-0.02508039,0.6502612,0.1040463,0.6590101,0.09655622,-0.08311769,0.04697802,0.1357888,0.1321047,-0.07629155,0.01396842,0.1531899,0.1173509,-0.084791,0.0006216168,0.1447796,-0.1117407,0.05165067,-0.02458128,0.1255309,-0.1539738,0.05355987,-0.02411781,0.1647976,-0.1759101,0.04780443,0.00360842,0.1823257,0.09790403,-0.08257271,0.04380888,0.1353613,0.1413373,-0.07183374,0.01559211,0.1593092,0.1223019,-0.08319715,0.0004269712,0.1479179,-0.1115501,0.05008115,-0.02966532,0.1258236,-0.1537845,0.05402529,-0.02413478,0.1647753,-0.1759849,0.0476169,0.003622084,0.1823491,0.1134511,-0.08009046,0.0280764,0.1416825,-0.2096036,0.9443722,-0.06122506,0.2459247,151.527,-0.2162447,0.9742938,-0.06316493,-0.1419117,0.04936061,-0.01527128,0.1510252,0.1051341,-0.5095004,-0.1404993,0.8423872,65.21387,0.1951,-0.945493,-0.2607282,-0.02411746,1.115225,0.2458036,1.142247,0.4750575,-0.4778171,-0.3540172,0.6486009,99.12761,0.6241487,-0.6277743,-0.4651214,0.1298184,-0.08639581,0.04736925,0.1629751,0.03245736,0.5149012,-0.6771885,0.5246324,116.713,0.03812552,0.6048205,-0.7954487,-0.4243363,-0.2899754,-0.241417,0.5678285,0.2339305,-0.1251533,0.7210355,0.6400945,100.4023,0.3044795,-0.1628972,0.9384863,0.1241175,-0.01522517,0.05419642,0.1362872,-0.1833085,-0.5552859,0.1126316,0.8033491,73.09778,-0.3078184,-0.9324567,0.1891352,-0.1485499,1.191825,-0.04245645,1.201797,0.008008006,-0.05325729,-0.2311649,-0.9714229,332.539,0.03373844,-0.2243777,-0.9739185,False,False,False,False
1772879677135,2.749975,0.1208723,1.110348,0.1722918,1.130118,-0.2902838,-0.8760758,-0.009769952,0.3848781,134.7277,-0.3145115,-0.9491947,-0.01058537,-0.1038886,0.6427501,-0.0601959,0.6538686,0.5189529,0.209775,-0.7702883,0.3055131,144.4219,0.545011,0.2203084,-0.8089668,-0.005119783,1.100939,0.2220519,1.123121,0.001450898,1.116486,0.2680416,1.148211,0.01388521,1.098817,0.2691523,1.131386,-0.02113595,0.6492895,0.03397018,0.650521,-0.008531425,0.6582904,0.07330975,0.6624148,-0.02508039,0.6502612,0.1040463,0.6590101,0.09655622,-0.08311769,0.04697802,0.1357888,0.1321047,-0.07629155,0.01396842,0.1531899,0.1173509,-0.084791,0.0006216168,0.1447796,-0.1117407,0.05165067,-0.02458128,0.1255309,-0.1539738,0.05355987,-0.02411781,0.1647976,-0.1759101,0.04780443,0.00360842,0.1823257,0.09790403,-0.08257271,0.04380888,0.1353613,0.1413373,-0.07183374,0.01559211,0.1593092,0.1223019,-0.08319715,0.0004269712,0.1479179,-0.1115501,0.05008115,-0.02966532,0.1258236,-0.1537845,0.05402529,-0.02413478,0.1647753,-0.1759849,0.0476169,0.003622084,0.1823491,0.1134511,-0.08009046,0.0280764,0.1416825,-0.2096036,0.9443722,-0.06122506,0.2459247,151.527,-0.2162447,0.9742938,-0.06316493,-0.1419117,0.04936061,-0.01527128,0.1510252,0.1051341,-0.5095004,-0.1404993,0.8423872,65.21387,0.1951,-0.945493,-0.2607282,-0.02411746,1.115225,0.2458036,1.142247,0.4750575,-0.4778171,-0.3540172,0.6486009,99.12761,0.6241487,-0.6277743,-0.4651214,0.1298184,-0.08639581,0.04736925,0.1629751,0.03245736,0.5149012,-0.6771885,0.5246324,116.713,0.03812552,0.6048205,-0.7954487,-0.4243363,-0.2899754,-0.241417,0.5678285,0.2339305,-0.1251533,0.7210355,0.6400945,100.4023,0.3044795,-0.1628972,0.9384863,0.1241175,-0.01522517,0.05419642,0.1362872,-0.1833085,-0.5552859,0.1126316,0.8033491,73.09778,-0.3078184,-0.9324567,0.1891352,-0.1488139,1.191686,-0.04234042,1.201688,0.007326785,-0.0532238,-0.2312156,-0.971418,332.5366,0.0308658,-0.2242177,-0.9740499,False,False,False,False
1772879677149,2.763502,0.1208723,1.110348,0.1722918,1.130118,-0.2902838,-0.8760758,-0.009769952,0.3848781,134.7277,-0.3145115,-0.9491947,-0.01058537,-0.1038886,0.6427501,-0.0601959,0.6538686,0.5189529,0.209775,-0.7702883,0.3055131,144.4219,0.545011,0.2203084,-0.8089668,-0.005119783,1.100939,0.2220519,1.123121,0.001450898,1.116486,0.2680416,1.148211,0.01388521,1.098817,0.2691523,1.131386,-0.02113595,0.6492895,0.03397018,0.650521,-0.008531425,0.6582904,0.07330975,0.6624148,-0.02508039,0.6502612,0.1040463,0.6590101,0.09655622,-0.08311769,0.04697802,0.1357888,0.1321047,-0.07629155,0.01396842,0.1531899,0.1173509,-0.084791,0.0006216168,0.1447796,-0.1117407,0.05165067,-0.02458128,0.1255309,-0.1539738,0.05355987,-0.02411781,0.1647976,-0.1759101,0.04780443,0.00360842,0.1823257,0.09790403,-0.08257271,0.04380888,0.1353613,0.1413373,-0.07183374,0.01559211,0.1593092,0.1223019,-0.08319715,0.0004269712,0.1479179,-0.1115501,0.05008115,-0.02966532,0.1258236,-0.1537845,0.05402529,-0.02413478,0.1647753,-0.1759849,0.0476169,0.003622084,0.1823491,0.1134511,-0.08009046,0.0280764,0.1416825,-0.2096036,0.9443722,-0.06122506,0.2459247,151.527,-0.2162447,0.9742938,-0.06316493,-0.1419117,0.04936061,-0.01527128,0.1510252,0.1051341,-0.5095004,-0.1404993,0.8423872,65.21387,0.1951,-0.945493,-0.2607282,-0.02411746,1.115225,0.2458036,1.142247,0.4750575,-0.4778171,-0.3540172,0.6486009,99.12761,0.6241487,-0.6277743,-0.4651214,0.1298184,-0.08639581,0.04736925,0.1629751,0.03245736,0.5149012,-0.6771885,0.5246324,116.713,0.03812552,0.6048205,-0.7954487,-0.4243363,-0.2899754,-0.241417,0.5678285,0.2339305,-0.1251533,0.7210355,0.6400945,100.4023,0.3044795,-0.1628972,0.9384863,0.1241175,-0.01522517,0.05419642,0.1362872,-0.1833085,-0.5552859,0.1126316,0.8033491,73.09778,-0.3078184,-0.9324567,0.1891352,-0.1491876,1.191516,-0.04226497,1.201563,0.00687948,-0.05339328,-0.2311541,-0.9714266,332.5408,0.02898574,-0.2249653,-0.9739361,False,False,False,False
1772879677163,2.778084,0.1208723,1.110348,0.1722918,1.130118,-0.2902838,-0.8760758,-0.009769952,0.3848781,134.7277,-0.3145115,-0.9491947,-0.01058537,-0.1038886,0.6427501,-0.0601959,0.6538686,0.5189529,0.209775,-0.7702883,0.3055131,144.4219,0.545011,0.2203084,-0.8089668,-0.005119783,1.100939,0.2220519,1.123121,0.001450898,1.116486,0.2680416,1.148211,0.01388521,1.098817,0.2691523,1.131386,-0.02113595,0.6492895,0.03397018,0.650521,-0.008531425,0.6582904,0.07330975,0.6624148,-0.02508039,0.6502612,0.1040463,0.6590101,0.09655622,-0.08311769,0.04697802,0.1357888,0.1321047,-0.07629155,0.01396842,0.1531899,0.1173509,-0.084791,0.0006216168,0.1447796,-0.1117407,0.05165067,-0.02458128,0.1255309,-0.1539738,0.05355987,-0.02411781,0.1647976,-0.1759101,0.04780443,0.00360842,0.1823257,0.09790403,-0.08257271,0.04380888,0.1353613,0.1413373,-0.07183374,0.01559211,0.1593092,0.1223019,-0.08319715,0.0004269712,0.1479179,-0.1115501,0.05008115,-0.02966532,0.1258236,-0.1537845,0.05402529,-0.02413478,0.1647753,-0.1759849,0.0476169,0.003622084,0.1823491,0.1134511,-0.08009046,0.0280764,0.1416825,-0.2096036,0.9443722,-0.06122506,0.2459247,151.527,-0.2162447,0.9742938,-0.06316493,-0.1419117,0.04936061,-0.01527128,0.1510252,0.1051341,-0.5095004,-0.1404993,0.8423872,65.21387,0.1951,-0.945493,-0.2607282,-0.02411746,1.115225,0.2458036,1.142247,0.4750575,-0.4778171,-0.3540172,0.6486009,99.12761,0.6241487,-0.6277743,-0.4651214,0.1298184,-0.08639581,0.04736925,0.1629751,0.03245736,0.5149012,-0.6771885,0.5246324,116.713,0.03812552,0.6048205,-0.7954487,-0.4243363,-0.2899754,-0.241417,0.5678285,0.2339305,-0.1251533,0.7210355,0.6400945,100.4023,0.3044795,-0.1628972,0.9384863,0.1241175,-0.01522517,0.05419642,0.1362872,-0.1833085,-0.5552859,0.1126316,0.8033491,73.09778,-0.3078184,-0.9324567,0.1891352,-0.1495681,1.191314,-0.04218051,1.201407,0.006278313,-0.05350904,-0.2312086,-0.9714113,332.5334,0.02644585,-0.2253936,-0.9739092,False,False,False,False
1772879677177,2.792862,0.1208723,1.110348,0.1722918,1.130118,-0.2902838,-0.8760758,-0.009769952,0.3848781,134.7277,-0.3145115,-0.9491947,-0.01058537,-0.1038886,0.6427501,-0.0601959,0.6538686,0.5189529,0.209775,-0.7702883,0.3055131,144.4219,0.545011,0.2203084,-0.8089668,-0.005119783,1.100939,0.2220519,1.123121,0.001450898,1.116486,0.2680416,1.148211,0.01388521,1.098817,0.2691523,1.131386,-0.02113595,0.6492895,0.03397018,0.650521,-0.008531425,0.6582904,0.07330975,0.6624148,-0.02508039,0.6502612,0.1040463,0.6590101,0.09655622,-0.08311769,0.04697802,0.1357888,0.1321047,-0.07629155,0.01396842,0.1531899,0.1173509,-0.084791,0.0006216168,0.1447796,-0.1117407,0.05165067,-0.02458128,0.1255309,-0.1539738,0.05355987,-0.02411781,0.1647976,-0.1759101,0.04780443,0.00360842,0.1823257,0.09790403,-0.08257271,0.04380888,0.1353613,0.1413373,-0.07183374,0.01559211,0.1593092,0.1223019,-0.08319715,0.0004269712,0.1479179,-0.1115501,0.05008115,-0.02966532,0.1258236,-0.1537845,0.05402529,-0.02413478,0.1647753,-0.1759849,0.0476169,0.003622084,0.1823491,0.1134511,-0.08009046,0.0280764,0.1416825,-0.2096036,0.9443722,-0.06122506,0.2459247,151.527,-0.2162447,0.9742938,-0.06316493,-0.1419117,0.04936061,-0.01527128,0.1510252,0.1051341,-0.5095004,-0.1404993,0.8423872,65.21387,0.1951,-0.945493,-0.2607282,-0.02411746,1.115225,0.2458036,1.142247,0.4750575,-0.4778171,-0.3540172,0.6486009,99.12761,0.6241487,-0.6277743,-0.4651214,0.1298184,-0.08639581,0.04736925,0.1629751,0.03245736,0.5149012,-0.6771885,0.5246324,116.713,0.03812552,0.6048205,-0.7954487,-0.4243363,-0.2899754,-0.241417,0.5678285,0.2339305,-0.1251533,0.7210355,0.6400945,100.4023,0.3044795,-0.1628972,0.9384863,0.1241175,-0.01522517,0.05419642,0.1362872,-0.1833085,-0.5552859,0.1126316,0.8033491,73.09778,-0.3078184,-0.9324567,0.1891352,-0.1499592,1.191198,-0.04213418,1.201339,0.006000504,-0.05374495,-0.2312953,-0.9713795,332.518,0.02526177,-0.2262631,-0.9737394,False,False,False,False
1772879677191,2.806583,0.1208723,1.110348,0.1722918,1.130118,-0.2902838,-0.8760758,-0.009769952,0.3848781,134.7277,-0.3145115,-0.9491947,-0.01058537,-0.1038886,0.6427501,-0.0601959,0.6538686,0.5189529,0.209775,-0.7702883,0.3055131,144.4219,0.545011,0.2203084,-0.8089668,-0.005119783,1.100939,0.2220519,1.123121,0.001450898,1.116486,0.2680416,1.148211,0.01388521,1.098817,0.2691523,1.131386,-0.02113595,0.6492895,0.03397018,0.650521,-0.008531425,0.6582904,0.07330975,0.6624148,-0.02508039,0.6502612,0.1040463,0.6590101,0.09655622,-0.08311769,0.04697802,0.1357888,0.1321047,-0.07629155,0.01396842,0.1531899,0.1173509,-0.084791,0.0006216168,0.1447796,-0.1117407,0.05165067,-0.02458128,0.1255309,-0.1539738,0.05355987,-0.02411781,0.1647976,-0.1759101,0.04780443,0.00360842,0.1823257,0.09790403,-0.08257271,0.04380888,0.1353613,0.1413373,-0.07183374,0.01559211,0.1593092,0.1223019,-0.08319715,0.0004269712,0.1479179,-0.1115501,0.05008115,-0.02966532,0.1258236,-0.1537845,0.05402529,-0.02413478,0.1647753,-0.1759849,0.0476169,0.003622084,0.1823491,0.1134511,-0.08009046,0.0280764,0.1416825,-0.2096036,0.9443722,-0.06122506,0.2459247,151.527,-0.2162447,0.9742938,-0.06316493,-0.1419117,0.04936061,-0.01527128,0.1510252,0.1051341,-0.5095004,-0.1404993,0.8423872,65.21387,0.1951,-0.945493,-0.2607282,-0.02411746,1.115225,0.2458036,1.142247,0.4750575,-0.4778171,-0.3540172,0.6486009,99.12761,0.6241487,-0.6277743,-0.4651214,0.1298184,-0.08639581,0.04736925,0.1629751,0.03245736,0.5149012,-0.6771885,0.5246324,116.713,0.03812552,0.6048205,-0.7954487,-0.4243363,-0.2899754,-0.241417,0.5678285,0.2339305,-0.1251533,0.7210355,0.6400945,100.4023,0.3044795,-0.1628972,0.9384863,0.1241175,-0.01522517,0.05419642,0.1362872,-0.1833085,-0.5552859,0.1126316,0.8033491,73.09778,-0.3078184,-0.9324567,0.1891352,-0.1501373,1.191079,-0.04214466,1.201243,0.005868766,-0.05368026,-0.2313212,-0.9713776,332.5172,0.02470638,-0.2259836,-0.9738177,False,False,False,False
1772879677203,2.819138,0.1208723,1.110348,0.1722918,1.130118,-0.2902838,-0.8760758,-0.009769952,0.3848781,134.7277,-0.3145115,-0.9491947,-0.01058537,-0.1038886,0.6427501,-0.0601959,0.6538686,0.5189529,0.209775,-0.7702883,0.3055131,144.4219,0.545011,0.2203084,-0.8089668,-0.005119783,1.100939,0.2220519,1.123121,0.001450898,1.116486,0.2680416,1.148211,0.01388521,1.098817,0.2691523,1.131386,-0.02113595,0.6492895,0.03397018,0.650521,-0.008531425,0.6582904,0.07330975,0.6624148,-0.02508039,0.6502612,0.1040463,0.6590101,0.09655622,-0.08311769,0.04697802,0.1357888,0.1321047,-0.07629155,0.01396842,0.1531899,0.1173509,-0.084791,0.0006216168,0.1447796,-0.1117407,0.05165067,-0.02458128,0.1255309,-0.1539738,0.05355987,-0.02411781,0.1647976,-0.1759101,0.04780443,0.00360842,0.1823257,0.09790403,-0.08257271,0.04380888,0.1353613,0.1413373,-0.07183374,0.01559211,0.1593092,0.1223019,-0.08319715,0.0004269712,0.1479179,-0.1115501,0.05008115,-0.02966532,0.1258236,-0.1537845,0.05402529,-0.02413478,0.1647753,-0.1759849,0.0476169,0.003622084,0.1823491,0.1134511,-0.08009046,0.0280764,0.1416825,-0.2096036,0.9443722,-0.06122506,0.2459247,151.527,-0.2162447,0.9742938,-0.06316493,-0.1419117,0.04936061,-0.01527128,0.1510252,0.1051341,-0.5095004,-0.1404993,0.8423872,65.21387,0.1951,-0.945493,-0.2607282,-0.02411746,1.115225,0.2458036,1.142247,0.4750575,-0.4778171,-0.3540172,0.6486009,99.12761,0.6241487,-0.6277743,-0.4651214,0.1298184,-0.08639581,0.04736925,0.1629751,0.03245736,0.5149012,-0.6771885,0.5246324,116.713,0.03812552,0.6048205,-0.7954487,-0.4243363,-0.2899754,-0.241417,0.5678285,0.2339305,-0.1251533,0.7210355,0.6400945,100.4023,0.3044795,-0.1628972,0.9384863,0.1241175,-0.01522517,0.05419642,0.1362872,-0.1833085,-0.5552859,0.1126316,0.8033491,73.09778,-0.3078184,-0.9324567,0.1891352,-0.1503287,1.19104,-0.04213754,1.201229,0.005626447,-0.05396039,-0.2317117,-0.9712705,332.4655,0.02364271,-0.2267452,-0.9736679,False,False,False,False
1772879677218,2.832861,0.1208723,1.110348,0.1722918,1.130118,-0.2902838,-0.8760758,-0.009769952,0.3848781,134.7277,-0.3145115,-0.9491947,-0.01058537,-0.1038886,0.6427501,-0.0601959,0.6538686,0.5189529,0.209775,-0.7702883,0.3055131,144.4219,0.545011,0.2203084,-0.8089668,-0.005119783,1.100939,0.2220519,1.123121,0.001450898,1.116486,0.2680416,1.148211,0.01388521,1.098817,0.2691523,1.131386,-0.02113595,0.6492895,0.03397018,0.650521,-0.008531425,0.6582904,0.07330975,0.6624148,-0.02508039,0.6502612,0.1040463,0.6590101,0.09655622,-0.08311769,0.04697802,0.1357888,0.1321047,-0.07629155,0.01396842,0.1531899,0.1173509,-0.084791,0.0006216168,0.1447796,-0.1117407,0.05165067,-0.02458128,0.1255309,-0.1539738,0.05355987,-0.02411781,0.1647976,-0.1759101,0.04780443,0.00360842,0.1823257,0.09790403,-0.08257271,0.04380888,0.1353613,0.1413373,-0.07183374,0.01559211,0.1593092,0.1223019,-0.08319715,0.0004269712,0.1479179,-0.1115501,0.05008115,-0.02966532,0.1258236,-0.1537845,0.05402529,-0.02413478,0.1647753,-0.1759849,0.0476169,0.003622084,0.1823491,0.1134511,-0.08009046,0.0280764,0.1416825,-0.2096036,0.9443722,-0.06122506,0.2459247,151.527,-0.2162447,0.9742938,-0.06316493,-0.1419117,0.04936061,-0.01527128,0.1510252,0.1051341,-0.5095004,-0.1404993,0.8423872,65.21387,0.1951,-0.945493,-0.2607282,-0.02411746,1.115225,0.2458036,1.142247,0.4750575,-0.4778171,-0.3540172,0.6486009,99.12761,0.6241487,-0.6277743,-0.4651214,0.1298184,-0.08639581,0.04736925,0.1629751,0.03245736,0.5149012,-0.6771885,0.5246324,116.713,0.03812552,0.6048205,-0.7954487,-0.4243363,-0.2899754,-0.241417,0.5678285,0.2339305,-0.1251533,0.7210355,0.6400945,100.4023,0.3044795,-0.1628972,0.9384863,0.1241175,-0.01522517,0.05419642,0.1362872,-0.1833085,-0.5552859,0.1126316,0.8033491,73.09778,-0.3078184,-0.9324567,0.1891352,-0.1506767,1.190967,-0.04219956,1.201202,0.005721577,-0.05423488,-0.2319462,-0.9711987,332.431,0.02401288,-0.2276184,-0.973455,False,False,False,False
1772879677232,2.847025,0.1208723,1.110348,0.1722918,1.130118,-0.2902838,-0.8760758,-0.009769952,0.3848781,134.7277,-0.3145115,-0.9491947,-0.01058537,-0.1038886,0.6427501,-0.0601959,0.6538686,0.5189529,0.209775,-0.7702883,0.3055131,144.4219,0.545011,0.2203084,-0.8089668,-0.005119783,1.100939,0.2220519,1.123121,0.001450898,1.116486,0.2680416,1.148211,0.01388521,1.098817,0.2691523,1.131386,-0.02113595,0.6492895,0.03397018,0.650521,-0.008531425,0.6582904,0.07330975,0.6624148,-0.02508039,0.6502612,0.1040463,0.6590101,0.09655622,-0.08311769,0.04697802,0.1357888,0.1321047,-0.07629155,0.01396842,0.1531899,0.1173509,-0.084791,0.0006216168,0.1447796,-0.1117407,0.05165067,-0.02458128,0.1255309,-0.1539738,0.05355987,-0.02411781,0.1647976,-0.1759101,0.04780443,0.00360842,0.1823257,0.09790403,-0.08257271,0.04380888,0.1353613,0.1413373,-0.07183374,0.01559211,0.1593092,0.1223019,-0.08319715,0.0004269712,0.1479179,-0.1115501,0.05008115,-0.02966532,0.1258236,-0.1537845,0.05402529,-0.02413478,0.1647753,-0.1759849,0.0476169,0.003622084,0.1823491,0.1134511,-0.08009046,0.0280764,0.1416825,-0.2096036,0.9443722,-0.06122506,0.2459247,151.527,-0.2162447,0.9742938,-0.06316493,-0.1419117,0.04936061,-0.01527128,0.1510252,0.1051341,-0.5095004,-0.1404993,0.8423872,65.21387,0.1951,-0.945493,-0.2607282,-0.02411746,1.115225,0.2458036,1.142247,0.4750575,-0.4778171,-0.3540172,0.6486009,99.12761,0.6241487,-0.6277743,-0.4651214,0.1298184,-0.08639581,0.04736925,0.1629751,0.03245736,0.5149012,-0.6771885,0.5246324,116.713,0.03812552,0.6048205,-0.7954487,-0.4243363,-0.2899754,-0.241417,0.5678285,0.2339305,-0.1251533,0.7210355,0.6400945,100.4023,0.3044795,-0.1628972,0.9384863,0.1241175,-0.01522517,0.05419642,0.1362872,-0.1833085,-0.5552859,0.1126316,0.8033491,73.09778,-0.3078184,-0.9324567,0.1891352,-0.1510106,1.190974,-0.04229587,1.201255,0.005511301,-0.05419702,-0.2318776,-0.9712183,332.4404,0.02313817,-0.227536,-0.9734946,False,False,False,False
1772879677246,2.860301,0.1208723,1.110348,0.1722918,1.130118,-0.2902838,-0.8760758,-0.009769952,0.3848781,134.7277,-0.3145115,-0.9491947,-0.01058537,-0.1038886,0.6427501,-0.0601959,0.6538686,0.5189529,0.209775,-0.7702883,0.3055131,144.4219,0.545011,0.2203084,-0.8089668,-0.005119783,1.100939,0.2220519,1.123121,0.001450898,1.116486,0.2680416,1.148211,0.01388521,1.098817,0.2691523,1.131386,-0.02113595,0.6492895,0.03397018,0.650521,-0.008531425,0.6582904,0.07330975,0.6624148,-0.02508039,0.6502612,0.1040463,0.6590101,0.09655622,-0.08311769,0.04697802,0.1357888,0.1321047,-0.07629155,0.01396842,0.1531899,0.1173509,-0.084791,0.0006216168,0.1447796,-0.1117407,0.05165067,-0.02458128,0.1255309,-0.1539738,0.05355987,-0.02411781,0.1647976,-0.1759101,0.04780443,0.00360842,0.1823257,0.09790403,-0.08257271,0.04380888,0.1353613,0.1413373,-0.07183374,0.01559211,0.1593092,0.1223019,-0.08319715,0.0004269712,0.1479179,-0.1115501,0.05008115,-0.02966532,0.1258236,-0.1537845,0.05402529,-0.02413478,0.1647753,-0.1759849,0.0476169,0.003622084,0.1823491,0.1134511,-0.08009046,0.0280764,0.1416825,-0.2096036,0.9443722,-0.06122506,0.2459247,151.527,-0.2162447,0.9742938,-0.06316493,-0.1419117,0.04936061,-0.01527128,0.1510252,0.1051341,-0.5095004,-0.1404993,0.8423872,65.21387,0.1951,-0.945493,-0.2607282,-0.02411746,1.115225,0.2458036,1.142247,0.4750575,-0.4778171,-0.3540172,0.6486009,99.12761,0.6241487,-0.6277743,-0.4651214,0.1298184,-0.08639581,0.04736925,0.1629751,0.03245736,0.5149012,-0.6771885,0.5246324,116.713,0.03812552,0.6048205,-0.7954487,-0.4243363,-0.2899754,-0.241417,0.5678285,0.2339305,-0.1251533,0.7210355,0.6400945,100.4023,0.3044795,-0.1628972,0.9384863,0.1241175,-0.01522517,0.05419642,0.1362872,-0.1833085,-0.5552859,0.1126316,0.8033491,73.09778,-0.3078184,-0.9324567,0.1891352,-0.1513661,1.190927,-0.0424901,1.20126,0.005297623,-0.0539197,-0.2324117,-0.9711073,332.387,0.02219892,-0.2259426,-0.9738875,False,False,False,False
1772879677260,2.874242,0.1208723,1.110348,0.1722918,1.130118,-0.2902838,-0.8760758,-0.009769952,0.3848781,134.7277,-0.3145115,-0.9491947,-0.01058537,-0.1038886,0.6427501,-0.0601959,0.6538686,0.5189529,0.209775,-0.7702883,0.3055131,144.4219,0.545011,0.2203084,-0.8089668,-0.005119783,1.100939,0.2220519,1.123121,0.001450898,1.116486,0.2680416,1.148211,0.01388521,1.098817,0.2691523,1.131386,-0.02113595,0.6492895,0.03397018,0.650521,-0.008531425,0.6582904,0.07330975,0.6624148,-0.02508039,0.6502612,0.1040463,0.6590101,0.09655622,-0.08311769,0.04697802,0.1357888,0.1321047,-0.07629155,0.01396842,0.1531899,0.1173509,-0.084791,0.0006216168,0.1447796,-0.1117407,0.05165067,-0.02458128,0.1255309,-0.1539738,0.05355987,-0.02411781,0.1647976,-0.1759101,0.04780443,0.00360842,0.1823257,0.09790403,-0.08257271,0.04380888,0.1353613,0.1413373,-0.07183374,0.01559211,0.1593092,0.1223019,-0.08319715,0.0004269712,0.1479179,-0.1115501,0.05008115,-0.02966532,0.1258236,-0.1537845,0.05402529,-0.02413478,0.1647753,-0.1759849,0.0476169,0.003622084,0.1823491,0.1134511,-0.08009046,0.0280764,0.1416825,-0.2096036,0.9443722,-0.06122506,0.2459247,151.527,-0.2162447,0.9742938,-0.06316493,-0.1419117,0.04936061,-0.01527128,0.1510252,0.1051341,-0.5095004,-0.1404993,0.8423872,65.21387,0.1951,-0.945493,-0.2607282,-0.02411746,1.115225,0.2458036,1.142247,0.4750575,-0.4778171,-0.3540172,0.6486009,99.12761,0.6241487,-0.6277743,-0.4651214,0.1298184,-0.08639581,0.04736925,0.1629751,0.03245736,0.5149012,-0.6771885,0.5246324,116.713,0.03812552,0.6048205,-0.7954487,-0.4243363,-0.2899754,-0.241417,0.5678285,0.2339305,-0.1251533,0.7210355,0.6400945,100.4023,0.3044795,-0.1628972,0.9384863,0.1241175,-0.01522517,0.05419642,0.1362872,-0.1833085,-0.5552859,0.1126316,0.8033491,73.09778,-0.3078184,-0.9324567,0.1891352,-0.1517975,1.190933,-0.04268415,1.201327,0.005269787,-0.05349585,-0.2327414,-0.9710519,332.3605,0.02206146,-0.2239552,-0.9743496,False,False,False,False
1772879677274,2.888861,0.1208723,1.110348,0.1722918,1.130118,-0.2902838,-0.8760758,-0.009769952,0.3848781,134.7277,-0.3145115,-0.9491947,-0.01058537,-0.1038886,0.6427501,-0.0601959,0.6538686,0.5189529,0.209775,-0.7702883,0.3055131,144.4219,0.545011,0.2203084,-0.8089668,-0.005119783,1.100939,0.2220519,1.123121,0.001450898,1.116486,0.2680416,1.148211,0.01388521,1.098817,0.2691523,1.131386,-0.02113595,0.6492895,0.03397018,0.650521,-0.008531425,0.6582904,0.07330975,0.6624148,-0.02508039,0.6502612,0.1040463,0.6590101,0.09655622,-0.08311769,0.04697802,0.1357888,0.1321047,-0.07629155,0.01396842,0.1531899,0.1173509,-0.084791,0.0006216168,0.1447796,-0.1117407,0.05165067,-0.02458128,0.1255309,-0.1539738,0.05355987,-0.02411781,0.1647976,-0.1759101,0.04780443,0.00360842,0.1823257,0.09790403,-0.08257271,0.04380888,0.1353613,0.1413373,-0.07183374,0.01559211,0.1593092,0.1223019,-0.08319715,0.0004269712,0.1479179,-0.1115501,0.05008115,-0.02966532,0.1258236,-0.1537845,0.05402529,-0.02413478,0.1647753,-0.1759849,0.0476169,0.003622084,0.1823491,0.1134511,-0.08009046,0.0280764,0.1416825,-0.2096036,0.9443722,-0.06122506,0.2459247,151.527,-0.2162447,0.9742938,-0.06316493,-0.1419117,0.04936061,-0.01527128,0.1510252,0.1051341,-0.5095004,-0.1404993,0.8423872,65.21387,0.1951,-0.945493,-0.2607282,-0.02411746,1.115225,0.2458036,1.142247,0.4750575,-0.4778171,-0.3540172,0.6486009,99.12761,0.6241487,-0.6277743,-0.4651214,0.1298184,-0.08639581,0.04736925,0.1629751,0.03245736,0.5149012,-0.6771885,0.5246324,116.713,0.03812552,0.6048205,-0.7954487,-0.4243363,-0.2899754,-0.241417,0.5678285,0.2339305,-0.1251533,0.7210355,0.6400945,100.4023,0.3044795,-0.1628972,0.9384863,0.1241175,-0.01522517,0.05419642,0.1362872,-0.1833085,-0.5552859,0.1126316,0.8033491,73.09778,-0.3078184,-0.9324567,0.1891352,-0.1521835,1.190922,-0.04290589,1.201373,0.00562817,-0.05279452,-0.2329853,-0.9710298,332.3499,0.02355294,-0.2209361,-0.975004,False,False,False,False
1772879677288,2.902106,0.1208723,1.110348,0.1722918,1.130118,-0.2902838,-0.8760758,-0.009769952,0.3848781,134.7277,-0.3145115,-0.9491947,-0.01058537,-0.1038886,0.6427501,-0.0601959,0.6538686,0.5189529,0.209775,-0.7702883,0.3055131,144.4219,0.545011,0.2203084,-0.8089668,-0.005119783,1.100939,0.2220519,1.123121,0.001450898,1.116486,0.2680416,1.148211,0.01388521,1.098817,0.2691523,1.131386,-0.02113595,0.6492895,0.03397018,0.650521,-0.008531425,0.6582904,0.07330975,0.6624148,-0.02508039,0.6502612,0.1040463,0.6590101,0.09655622,-0.08311769,0.04697802,0.1357888,0.1321047,-0.07629155,0.01396842,0.1531899,0.1173509,-0.084791,0.0006216168,0.1447796,-0.1117407,0.05165067,-0.02458128,0.1255309,-0.1539738,0.05355987,-0.02411781,0.1647976,-0.1759101,0.04780443,0.00360842,0.1823257,0.09790403,-0.08257271,0.04380888,0.1353613,0.1413373,-0.07183374,0.01559211,0.1593092,0.1223019,-0.08319715,0.0004269712,0.1479179,-0.1115501,0.05008115,-0.02966532,0.1258236,-0.1537845,0.05402529,-0.02413478,0.1647753,-0.1759849,0.0476169,0.003622084,0.1823491,0.1134511,-0.08009046,0.0280764,0.1416825,-0.2096036,0.9443722,-0.06122506,0.2459247,151.527,-0.2162447,0.9742938,-0.06316493,-0.1419117,0.04936061,-0.01527128,0.1510252,0.1051341,-0.5095004,-0.1404993,0.8423872,65.21387,0.1951,-0.945493,-0.2607282,-0.02411746,1.115225,0.2458036,1.142247,0.4750575,-0.4778171,-0.3540172,0.6486009,99.12761,0.6241487,-0.6277743,-0.4651214,0.1298184,-0.08639581,0.04736925,0.1629751,0.03245736,0.5149012,-0.6771885,0.5246324,116.713,0.03812552,0.6048205,-0.7954487,-0.4243363,-0.2899754,-0.241417,0.5678285,0.2339305,-0.1251533,0.7210355,0.6400945,100.4023,0.3044795,-0.1628972,0.9384863,0.1241175,-0.01522517,0.05419642,0.1362872,-0.1833085,-0.5552859,0.1126316,0.8033491,73.09778,-0.3078184,-0.9324567,0.1891352,-0.1526948,1.191014,-0.04311863,1.201536,0.006006035,-0.05226778,-0.2327392,-0.9711151,332.3908,0.02517075,-0.2190495,-0.9753889,False,False,False,False
1772879677313,2.916546,0.1208723,1.110348,0.1722918,1.130118,-0.2902838,-0.8760758,-0.009769952,0.3848781,134.7277,-0.3145115,-0.9491947,-0.01058537,-0.1038886,0.6427501,-0.0601959,0.6538686,0.5189529,0.209775,-0.7702883,0.3055131,144.4219,0.545011,0.2203084,-0.8089668,-0.005119783,1.100939,0.2220519,1.123121,0.001450898,1.116486,0.2680416,1.148211,0.01388521,1.098817,0.2691523,1.131386,-0.02113595,0.6492895,0.03397018,0.650521,-0.008531425,0.6582904,0.07330975,0.6624148,-0.02508039,0.6502612,0.1040463,0.6590101,0.09655622,-0.08311769,0.04697802,0.1357888,0.1321047,-0.07629155,0.01396842,0.1531899,0.1173509,-0.084791,0.0006216168,0.1447796,-0.1117407,0.05165067,-0.02458128,0.1255309,-0.1539738,0.05355987,-0.02411781,0.1647976,-0.1759101,0.04780443,0.00360842,0.1823257,0.09790403,-0.08257271,0.04380888,0.1353613,0.1413373,-0.07183374,0.01559211,0.1593092,0.1223019,-0.08319715,0.0004269712,0.1479179,-0.1115501,0.05008115,-0.02966532,0.1258236,-0.1537845,0.05402529,-0.02413478,0.1647753,-0.1759849,0.0476169,0.003622084,0.1823491,0.1134511,-0.08009046,0.0280764,0.1416825,-0.2096036,0.9443722,-0.06122506,0.2459247,151.527,-0.2162447,0.9742938,-0.06316493,-0.1419117,0.04936061,-0.01527128,0.1510252,0.1051341,-0.5095004,-0.1404993,0.8423872,65.21387,0.1951,-0.945493,-0.2607282,-0.02411746,1.115225,0.2458036,1.142247,0.4750575,-0.4778171,-0.3540172,0.6486009,99.12761,0.6241487,-0.6277743,-0.4651214,0.1298184,-0.08639581,0.04736925,0.1629751,0.03245736,0.5149012,-0.6771885,0.5246324,116.713,0.03812552,0.6048205,-0.7954487,-0.4243363,-0.2899754,-0.241417,0.5678285,0.2339305,-0.1251533,0.7210355,0.6400945,100.4023,0.3044795,-0.1628972,0.9384863,0.1241175,-0.01522517,0.05419642,0.1362872,-0.1833085,-0.5552859,0.1126316,0.8033491,73.09778,-0.3078184,-0.9324567,0.1891352,-0.153195,1.191214,-0.04325943,1.201803,0.006565135,-0.05121113,-0.2320458,-0.9713337,332.496,0.02761707,-0.2154261,-0.9761302,False,False,False,False
1772879677330,2.942356,0.1208723,1.110348,0.1722918,1.130118,-0.2902838,-0.8760758,-0.009769952,0.3848781,134.7277,-0.3145115,-0.9491947,-0.01058537,-0.1038886,0.6427501,-0.0601959,0.6538686,0.5189529,0.209775,-0.7702883,0.3055131,144.4219,0.545011,0.2203084,-0.8089668,-0.005119783,1.100939,0.2220519,1.123121,0.001450898,1.116486,0.2680416,1.148211,0.01388521,1.098817,0.2691523,1.131386,-0.02113595,0.6492895,0.03397018,0.650521,-0.008531425,0.6582904,0.07330975,0.6624148,-0.02508039,0.6502612,0.1040463,0.6590101,0.09655622,-0.08311769,0.04697802,0.1357888,0.1321047,-0.07629155,0.01396842,0.1531899,0.1173509,-0.084791,0.0006216168,0.1447796,-0.1117407,0.05165067,-0.02458128,0.1255309,-0.1539738,0.05355987,-0.02411781,0.1647976,-0.1759101,0.04780443,0.00360842,0.1823257,0.09790403,-0.08257271,0.04380888,0.1353613,0.1413373,-0.07183374,0.01559211,0.1593092,0.1223019,-0.08319715,0.0004269712,0.1479179,-0.1115501,0.05008115,-0.02966532,0.1258236,-0.1537845,0.05402529,-0.02413478,0.1647753,-0.1759849,0.0476169,0.003622084,0.1823491,0.1134511,-0.08009046,0.0280764,0.1416825,-0.2096036,0.9443722,-0.06122506,0.2459247,151.527,-0.2162447,0.9742938,-0.06316493,-0.1419117,0.04936061,-0.01527128,0.1510252,0.1051341,-0.5095004,-0.1404993,0.8423872,65.21387,0.1951,-0.945493,-0.2607282,-0.02411746,1.115225,0.2458036,1.142247,0.4750575,-0.4778171,-0.3540172,0.6486009,99.12761,0.6241487,-0.6277743,-0.4651214,0.1298184,-0.08639581,0.04736925,0.1629751,0.03245736,0.5149012,-0.6771885,0.5246324,116.713,0.03812552,0.6048205,-0.7954487,-0.4243363,-0.2899754,-0.241417,0.5678285,0.2339305,-0.1251533,0.7210355,0.6400945,100.4023,0.3044795,-0.1628972,0.9384863,0.1241175,-0.01522517,0.05419642,0.1362872,-0.1833085,-0.5552859,0.1126316,0.8033491,73.09778,-0.3078184,-0.9324567,0.1891352,-0.1536121,1.191389,-0.04351321,1.202039,0.007602554,-0.04929126,-0.2316825,-0.9715121,332.5821,0.03207967,-0.207989,-0.9776056,False,False,False,False
1772879677343,2.958761,0.1208723,1.110348,0.1722918,1.130118,-0.2902838,-0.8760758,-0.009769952,0.3848781,134.7277,-0.3145115,-0.9491947,-0.01058537,-0.1038886,0.6427501,-0.0601959,0.6538686,0.5189529,0.209775,-0.7702883,0.3055131,144.4219,0.545011,0.2203084,-0.8089668,-0.005119783,1.100939,0.2220519,1.123121,0.001450898,1.116486,0.2680416,1.148211,0.01388521,1.098817,0.2691523,1.131386,-0.02113595,0.6492895,0.03397018,0.650521,-0.008531425,0.6582904,0.07330975,0.6624148,-0.02508039,0.6502612,0.1040463,0.6590101,0.09655622,-0.08311769,0.04697802,0.1357888,0.1321047,-0.07629155,0.01396842,0.1531899,0.1173509,-0.084791,0.0006216168,0.1447796,-0.1117407,0.05165067,-0.02458128,0.1255309,-0.1539738,0.05355987,-0.02411781,0.1647976,-0.1759101,0.04780443,0.00360842,0.1823257,0.09790403,-0.08257271,0.04380888,0.1353613,0.1413373,-0.07183374,0.01559211,0.1593092,0.1223019,-0.08319715,0.0004269712,0.1479179,-0.1115501,0.05008115,-0.02966532,0.1258236,-0.1537845,0.05402529,-0.02413478,0.1647753,-0.1759849,0.0476169,0.003622084,0.1823491,0.1134511,-0.08009046,0.0280764,0.1416825,-0.2096036,0.9443722,-0.06122506,0.2459247,151.527,-0.2162447,0.9742938,-0.06316493,-0.1419117,0.04936061,-0.01527128,0.1510252,0.1051341,-0.5095004,-0.1404993,0.8423872,65.21387,0.1951,-0.945493,-0.2607282,-0.02411746,1.115225,0.2458036,1.142247,0.4750575,-0.4778171,-0.3540172,0.6486009,99.12761,0.6241487,-0.6277743,-0.4651214,0.1298184,-0.08639581,0.04736925,0.1629751,0.03245736,0.5149012,-0.6771885,0.5246324,116.713,0.03812552,0.6048205,-0.7954487,-0.4243363,-0.2899754,-0.241417,0.5678285,0.2339305,-0.1251533,0.7210355,0.6400945,100.4023,0.3044795,-0.1628972,0.9384863,0.1241175,-0.01522517,0.05419642,0.1362872,-0.1833085,-0.5552859,0.1126316,0.8033491,73.09778,-0.3078184,-0.9324567,0.1891352,-0.1546829,1.191708,-0.04435829,1.202523,0.008951358,-0.04593192,-0.2312413,-0.9717703,332.7072,0.03794093,-0.1946855,-0.9801319,False,False,False,False
1772879677357,2.971365,0.1208723,1.110348,0.1722918,1.130118,-0.2902838,-0.8760758,-0.009769952,0.3848781,134.7277,-0.3145115,-0.9491947,-0.01058537,-0.1038886,0.6427501,-0.0601959,0.6538686,0.5189529,0.209775,-0.7702883,0.3055131,144.4219,0.545011,0.2203084,-0.8089668,-0.005119783,1.100939,0.2220519,1.123121,0.001450898,1.116486,0.2680416,1.148211,0.01388521,1.098817,0.2691523,1.131386,-0.02113595,0.6492895,0.03397018,0.650521,-0.008531425,0.6582904,0.07330975,0.6624148,-0.02508039,0.6502612,0.1040463,0.6590101,0.09655622,-0.08311769,0.04697802,0.1357888,0.1321047,-0.07629155,0.01396842,0.1531899,0.1173509,-0.084791,0.0006216168,0.1447796,-0.1117407,0.05165067,-0.02458128,0.1255309,-0.1539738,0.05355987,-0.02411781,0.1647976,-0.1759101,0.04780443,0.00360842,0.1823257,0.09790403,-0.08257271,0.04380888,0.1353613,0.1413373,-0.07183374,0.01559211,0.1593092,0.1223019,-0.08319715,0.0004269712,0.1479179,-0.1115501,0.05008115,-0.02966532,0.1258236,-0.1537845,0.05402529,-0.02413478,0.1647753,-0.1759849,0.0476169,0.003622084,0.1823491,0.1134511,-0.08009046,0.0280764,0.1416825,-0.2096036,0.9443722,-0.06122506,0.2459247,151.527,-0.2162447,0.9742938,-0.06316493,-0.1419117,0.04936061,-0.01527128,0.1510252,0.1051341,-0.5095004,-0.1404993,0.8423872,65.21387,0.1951,-0.945493,-0.2607282,-0.02411746,1.115225,0.2458036,1.142247,0.4750575,-0.4778171,-0.3540172,0.6486009,99.12761,0.6241487,-0.6277743,-0.4651214,0.1298184,-0.08639581,0.04736925,0.1629751,0.03245736,0.5149012,-0.6771885,0.5246324,116.713,0.03812552,0.6048205,-0.7954487,-0.4243363,-0.2899754,-0.241417,0.5678285,0.2339305,-0.1251533,0.7210355,0.6400945,100.4023,0.3044795,-0.1628972,0.9384863,0.1241175,-0.01522517,0.05419642,0.1362872,-0.1833085,-0.5552859,0.1126316,0.8033491,73.09778,-0.3078184,-0.9324567,0.1891352,-0.1545426,1.191679,-0.0444031,1.202478,0.009081352,-0.04589099,-0.2310798,-0.9718095,332.7263,0.03851826,-0.1946452,-0.9801176,False,False,False,False
1772879677371,2.985574,0.1208723,1.110348,0.1722918,1.130118,-0.2902838,-0.8760758,-0.009769952,0.3848781,134.7277,-0.3145115,-0.9491947,-0.01058537,-0.1038886,0.6427501,-0.0601959,0.6538686,0.5189529,0.209775,-0.7702883,0.3055131,144.4219,0.545011,0.2203084,-0.8089668,-0.005119783,1.100939,0.2220519,1.123121,0.001450898,1.116486,0.2680416,1.148211,0.01388521,1.098817,0.2691523,1.131386,-0.02113595,0.6492895,0.03397018,0.650521,-0.008531425,0.6582904,0.07330975,0.6624148,-0.02508039,0.6502612,0.1040463,0.6590101,0.09655622,-0.08311769,0.04697802,0.1357888,0.1321047,-0.07629155,0.01396842,0.1531899,0.1173509,-0.084791,0.0006216168,0.1447796,-0.1117407,0.05165067,-0.02458128,0.1255309,-0.1539738,0.05355987,-0.02411781,0.1647976,-0.1759101,0.04780443,0.00360842,0.1823257,0.09790403,-0.08257271,0.04380888,0.1353613,0.1413373,-0.07183374,0.01559211,0.1593092,0.1223019,-0.08319715,0.0004269712,0.1479179,-0.1115501,0.05008115,-0.02966532,0.1258236,-0.1537845,0.05402529,-0.02413478,0.1647753,-0.1759849,0.0476169,0.003622084,0.1823491,0.1134511,-0.08009046,0.0280764,0.1416825,-0.2096036,0.9443722,-0.06122506,0.2459247,151.527,-0.2162447,0.9742938,-0.06316493,-0.1419117,0.04936061,-0.01527128,0.1510252,0.1051341,-0.5095004,-0.1404993,0.8423872,65.21387,0.1951,-0.945493,-0.2607282,-0.02411746,1.115225,0.2458036,1.142247,0.4750575,-0.4778171,-0.3540172,0.6486009,99.12761,0.6241487,-0.6277743,-0.4651214,0.1298184,-0.08639581,0.04736925,0.1629751,0.03245736,0.5149012,-0.6771885,0.5246324,116.713,0.03812552,0.6048205,-0.7954487,-0.4243363,-0.2899754,-0.241417,0.5678285,0.2339305,-0.1251533,0.7210355,0.6400945,100.4023,0.3044795,-0.1628972,0.9384863,0.1241175,-0.01522517,0.05419642,0.1362872,-0.1833085,-0.5552859,0.1126316,0.8033491,73.09778,-0.3078184,-0.9324567,0.1891352,-0.1547916,1.191736,-0.04474596,1.202579,0.009436876,-0.04503179,-0.2309656,-0.9718734,332.7574,0.040071,-0.1912146,-0.9807297,False,False,False,False
1772879677384,2.999725,0.1208723,1.110348,0.1722918,1.130118,-0.2902838,-0.8760758,-0.009769952,0.3848781,134.7277,-0.3145115,-0.9491947,-0.01058537,-0.1038886,0.6427501,-0.0601959,0.6538686,0.5189529,0.209775,-0.7702883,0.3055131,144.4219,0.545011,0.2203084,-0.8089668,-0.005119783,1.100939,0.2220519,1.123121,0.001450898,1.116486,0.2680416,1.148211,0.01388521,1.098817,0.2691523,1.131386,-0.02113595,0.6492895,0.03397018,0.650521,-0.008531425,0.6582904,0.07330975,0.6624148,-0.02508039,0.6502612,0.1040463,0.6590101,0.09655622,-0.08311769,0.04697802,0.1357888,0.1321047,-0.07629155,0.01396842,0.1531899,0.1173509,-0.084791,0.0006216168,0.1447796,-0.1117407,0.05165067,-0.02458128,0.1255309,-0.1539738,0.05355987,-0.02411781,0.1647976,-0.1759101,0.04780443,0.00360842,0.1823257,0.09790403,-0.08257271,0.04380888,0.1353613,0.1413373,-0.07183374,0.01559211,0.1593092,0.1223019,-0.08319715,0.0004269712,0.1479179,-0.1115501,0.05008115,-0.02966532,0.1258236,-0.1537845,0.05402529,-0.02413478,0.1647753,-0.1759849,0.0476169,0.003622084,0.1823491,0.1134511,-0.08009046,0.0280764,0.1416825,-0.2096036,0.9443722,-0.06122506,0.2459247,151.527,-0.2162447,0.9742938,-0.06316493,-0.1419117,0.04936061,-0.01527128,0.1510252,0.1051341,-0.5095004,-0.1404993,0.8423872,65.21387,0.1951,-0.945493,-0.2607282,-0.02411746,1.115225,0.2458036,1.142247,0.4750575,-0.4778171,-0.3540172,0.6486009,99.12761,0.6241487,-0.6277743,-0.4651214,0.1298184,-0.08639581,0.04736925,0.1629751,0.03245736,0.5149012,-0.6771885,0.5246324,116.713,0.03812552,0.6048205,-0.7954487,-0.4243363,-0.2899754,-0.241417,0.5678285,0.2339305,-0.1251533,0.7210355,0.6400945,100.4023,0.3044795,-0.1628972,0.9384863,0.1241175,-0.01522517,0.05419642,0.1362872,-0.1833085,-0.5552859,0.1126316,0.8033491,73.09778,-0.3078184,-0.9324567,0.1891352,-0.1548133,1.191946,-0.04506554,1.202803,0.009435779,-0.0445508,-0.2302599,-0.9720631,332.8498,0.04020018,-0.1898041,-0.980999,False,False,False,False
1772879677399,3.012907,0.1208723,1.110348,0.1722918,1.130118,-0.2902838,-0.8760758,-0.009769952,0.3848781,134.7277,-0.3145115,-0.9491947,-0.01058537,-0.1038886,0.6427501,-0.0601959,0.6538686,0.5189529,0.209775,-0.7702883,0.3055131,144.4219,0.545011,0.2203084,-0.8089668,-0.005119783,1.100939,0.2220519,1.123121,0.001450898,1.116486,0.2680416,1.148211,0.01388521,1.098817,0.2691523,1.131386,-0.02113595,0.6492895,0.03397018,0.650521,-0.008531425,0.6582904,0.07330975,0.6624148,-0.02508039,0.6502612,0.1040463,0.6590101,0.09655622,-0.08311769,0.04697802,0.1357888,0.1321047,-0.07629155,0.01396842,0.1531899,0.1173509,-0.084791,0.0006216168,0.1447796,-0.1117407,0.05165067,-0.02458128,0.1255309,-0.1539738,0.05355987,-0.02411781,0.1647976,-0.1759101,0.04780443,0.00360842,0.1823257,0.09790403,-0.08257271,0.04380888,0.1353613,0.1413373,-0.07183374,0.01559211,0.1593092,0.1223019,-0.08319715,0.0004269712,0.1479179,-0.1115501,0.05008115,-0.02966532,0.1258236,-0.1537845,0.05402529,-0.02413478,0.1647753,-0.1759849,0.0476169,0.003622084,0.1823491,0.1134511,-0.08009046,0.0280764,0.1416825,-0.2096036,0.9443722,-0.06122506,0.2459247,151.527,-0.2162447,0.9742938,-0.06316493,-0.1419117,0.04936061,-0.01527128,0.1510252,0.1051341,-0.5095004,-0.1404993,0.8423872,65.21387,0.1951,-0.945493,-0.2607282,-0.02411746,1.115225,0.2458036,1.142247,0.4750575,-0.4778171,-0.3540172,0.6486009,99.12761,0.6241487,-0.6277743,-0.4651214,0.1298184,-0.08639581,0.04736925,0.1629751,0.03245736,0.5149012,-0.6771885,0.5246324,116.713,0.03812552,0.6048205,-0.7954487,-0.4243363,-0.2899754,-0.241417,0.5678285,0.2339305,-0.1251533,0.7210355,0.6400945,100.4023,0.3044795,-0.1628972,0.9384863,0.1241175,-0.01522517,0.05419642,0.1362872,-0.1833085,-0.5552859,0.1126316,0.8033491,73.09778,-0.3078184,-0.9324567,0.1891352,-0.1548179,1.192153,-0.04533753,1.203018,0.009846237,-0.04433516,-0.2296998,-0.9722013,332.9174,0.04205163,-0.189348,-0.9810095,False,False,False,False
1772879677412,3.026954,0.1208723,1.110348,0.1722918,1.130118,-0.2902838,-0.8760758,-0.009769952,0.3848781,134.7277,-0.3145115,-0.9491947,-0.01058537,-0.1038886,0.6427501,-0.0601959,0.6538686,0.5189529,0.209775,-0.7702883,0.3055131,144.4219,0.545011,0.2203084,-0.8089668,-0.005119783,1.100939,0.2220519,1.123121,0.001450898,1.116486,0.2680416,1.148211,0.01388521,1.098817,0.2691523,1.131386,-0.02113595,0.6492895,0.03397018,0.650521,-0.008531425,0.6582904,0.07330975,0.6624148,-0.02508039,0.6502612,0.1040463,0.6590101,0.09655622,-0.08311769,0.04697802,0.1357888,0.1321047,-0.07629155,0.01396842,0.1531899,0.1173509,-0.084791,0.0006216168,0.1447796,-0.1117407,0.05165067,-0.02458128,0.1255309,-0.1539738,0.05355987,-0.02411781,0.1647976,-0.1759101,0.04780443,0.00360842,0.1823257,0.09790403,-0.08257271,0.04380888,0.1353613,0.1413373,-0.07183374,0.01559211,0.1593092,0.1223019,-0.08319715,0.0004269712,0.1479179,-0.1115501,0.05008115,-0.02966532,0.1258236,-0.1537845,0.05402529,-0.02413478,0.1647753,-0.1759849,0.0476169,0.003622084,0.1823491,0.1134511,-0.08009046,0.0280764,0.1416825,-0.2096036,0.9443722,-0.06122506,0.2459247,151.527,-0.2162447,0.9742938,-0.06316493,-0.1419117,0.04936061,-0.01527128,0.1510252,0.1051341,-0.5095004,-0.1404993,0.8423872,65.21387,0.1951,-0.945493,-0.2607282,-0.02411746,1.115225,0.2458036,1.142247,0.4750575,-0.4778171,-0.3540172,0.6486009,99.12761,0.6241487,-0.6277743,-0.4651214,0.1298184,-0.08639581,0.04736925,0.1629751,0.03245736,0.5149012,-0.6771885,0.5246324,116.713,0.03812552,0.6048205,-0.7954487,-0.4243363,-0.2899754,-0.241417,0.5678285,0.2339305,-0.1251533,0.7210355,0.6400945,100.4023,0.3044795,-0.1628972,0.9384863,0.1241175,-0.01522517,0.05419642,0.1362872,-0.1833085,-0.5552859,0.1126316,0.8033491,73.09778,-0.3078184,-0.9324567,0.1891352,-0.1547893,1.192492,-0.04569064,1.203364,0.01013575,-0.0444705,-0.2288652,-0.972389,333.0094,0.04343288,-0.1905614,-0.9807147,False,False,False,False
1772879677426,3.040271,0.1208723,1.110348,0.1722918,1.130118,-0.2902838,-0.8760758,-0.009769952,0.3848781,134.7277,-0.3145115,-0.9491947,-0.01058537,-0.1038886,0.6427501,-0.0601959,0.6538686,0.5189529,0.209775,-0.7702883,0.3055131,144.4219,0.545011,0.2203084,-0.8089668,-0.005119783,1.100939,0.2220519,1.123121,0.001450898,1.116486,0.2680416,1.148211,0.01388521,1.098817,0.2691523,1.131386,-0.02113595,0.6492895,0.03397018,0.650521,-0.008531425,0.6582904,0.07330975,0.6624148,-0.02508039,0.6502612,0.1040463,0.6590101,0.09655622,-0.08311769,0.04697802,0.1357888,0.1321047,-0.07629155,0.01396842,0.1531899,0.1173509,-0.084791,0.0006216168,0.1447796,-0.1117407,0.05165067,-0.02458128,0.1255309,-0.1539738,0.05355987,-0.02411781,0.1647976,-0.1759101,0.04780443,0.00360842,0.1823257,0.09790403,-0.08257271,0.04380888,0.1353613,0.1413373,-0.07183374,0.01559211,0.1593092,0.1223019,-0.08319715,0.0004269712,0.1479179,-0.1115501,0.05008115,-0.02966532,0.1258236,-0.1537845,0.05402529,-0.02413478,0.1647753,-0.1759849,0.0476169,0.003622084,0.1823491,0.1134511,-0.08009046,0.0280764,0.1416825,-0.2096036,0.9443722,-0.06122506,0.2459247,151.527,-0.2162447,0.9742938,-0.06316493,-0.1419117,0.04936061,-0.01527128,0.1510252,0.1051341,-0.5095004,-0.1404993,0.8423872,65.21387,0.1951,-0.945493,-0.2607282,-0.02411746,1.115225,0.2458036,1.142247,0.4750575,-0.4778171,-0.3540172,0.6486009,99.12761,0.6241487,-0.6277743,-0.4651214,0.1298184,-0.08639581,0.04736925,0.1629751,0.03245736,0.5149012,-0.6771885,0.5246324,116.713,0.03812552,0.6048205,-0.7954487,-0.4243363,-0.2899754,-0.241417,0.5678285,0.2339305,-0.1251533,0.7210355,0.6400945,100.4023,0.3044795,-0.1628972,0.9384863,0.1241175,-0.01522517,0.05419642,0.1362872,-0.1833085,-0.5552859,0.1126316,0.8033491,73.09778,-0.3078184,-0.9324567,0.1891352,-0.1547876,1.192834,-0.04605873,1.203717,0.01074931,-0.04497129,-0.2282672,-0.9724999,333.0639,0.04615354,-0.19309,-0.9800948,False,False,False,False
1772879677440,3.05415,0.1208723,1.110348,0.1722918,1.130118,-0.2902838,-0.8760758,-0.009769952,0.3848781,134.7277,-0.3145115,-0.9491947,-0.01058537,-0.1038886,0.6427501,-0.0601959,0.6538686,0.5189529,0.209775,-0.7702883,0.3055131,144.4219,0.545011,0.2203084,-0.8089668,-0.005119783,1.100939,0.2220519,1.123121,0.001450898,1.116486,0.2680416,1.148211,0.01388521,1.098817,0.2691523,1.131386,-0.02113595,0.6492895,0.03397018,0.650521,-0.008531425,0.6582904,0.07330975,0.6624148,-0.02508039,0.6502612,0.1040463,0.6590101,0.09655622,-0.08311769,0.04697802,0.1357888,0.1321047,-0.07629155,0.01396842,0.1531899,0.1173509,-0.084791,0.0006216168,0.1447796,-0.1117407,0.05165067,-0.02458128,0.1255309,-0.1539738,0.05355987,-0.02411781,0.1647976,-0.1759101,0.04780443,0.00360842,0.1823257,0.09790403,-0.08257271,0.04380888,0.1353613,0.1413373,-0.07183374,0.01559211,0.1593092,0.1223019,-0.08319715,0.0004269712,0.1479179,-0.1115501,0.05008115,-0.02966532,0.1258236,-0.1537845,0.05402529,-0.02413478,0.1647753,-0.1759849,0.0476169,0.003622084,0.1823491,0.1134511,-0.08009046,0.0280764,0.1416825,-0.2096036,0.9443722,-0.06122506,0.2459247,151.527,-0.2162447,0.9742938,-0.06316493,-0.1419117,0.04936061,-0.01527128,0.1510252,0.1051341,-0.5095004,-0.1404993,0.8423872,65.21387,0.1951,-0.945493,-0.2607282,-0.02411746,1.115225,0.2458036,1.142247,0.4750575,-0.4778171,-0.3540172,0.6486009,99.12761,0.6241487,-0.6277743,-0.4651214,0.1298184,-0.08639581,0.04736925,0.1629751,0.03245736,0.5149012,-0.6771885,0.5246324,116.713,0.03812552,0.6048205,-0.7954487,-0.4243363,-0.2899754,-0.241417,0.5678285,0.2339305,-0.1251533,0.7210355,0.6400945,100.4023,0.3044795,-0.1628972,0.9384863,0.1241175,-0.01522517,0.05419642,0.1362872,-0.1833085,-0.5552859,0.1126316,0.8033491,73.09778,-0.3078184,-0.9324567,0.1891352,-0.1547041,1.193125,-0.04648198,1.20401,0.01130662,-0.04560106,-0.2276115,-0.972618,333.122,0.04864954,-0.1962098,-0.9793548,False,False,False,False
1772879677453,3.068595,0.1208723,1.110348,0.1722918,1.130118,-0.2902838,-0.8760758,-0.009769952,0.3848781,134.7277,-0.3145115,-0.9491947,-0.01058537,-0.1038886,0.6427501,-0.0601959,0.6538686,0.5189529,0.209775,-0.7702883,0.3055131,144.4219,0.545011,0.2203084,-0.8089668,-0.005119783,1.100939,0.2220519,1.123121,0.001450898,1.116486,0.2680416,1.148211,0.01388521,1.098817,0.2691523,1.131386,-0.02113595,0.6492895,0.03397018,0.650521,-0.008531425,0.6582904,0.07330975,0.6624148,-0.02508039,0.6502612,0.1040463,0.6590101,0.09655622,-0.08311769,0.04697802,0.1357888,0.1321047,-0.07629155,0.01396842,0.1531899,0.1173509,-0.084791,0.0006216168,0.1447796,-0.1117407,0.05165067,-0.02458128,0.1255309,-0.1539738,0.05355987,-0.02411781,0.1647976,-0.1759101,0.04780443,0.00360842,0.1823257,0.09790403,-0.08257271,0.04380888,0.1353613,0.1413373,-0.07183374,0.01559211,0.1593092,0.1223019,-0.08319715,0.0004269712,0.1479179,-0.1115501,0.05008115,-0.02966532,0.1258236,-0.1537845,0.05402529,-0.02413478,0.1647753,-0.1759849,0.0476169,0.003622084,0.1823491,0.1134511,-0.08009046,0.0280764,0.1416825,-0.2096036,0.9443722,-0.06122506,0.2459247,151.527,-0.2162447,0.9742938,-0.06316493,-0.1419117,0.04936061,-0.01527128,0.1510252,0.1051341,-0.5095004,-0.1404993,0.8423872,65.21387,0.1951,-0.945493,-0.2607282,-0.02411746,1.115225,0.2458036,1.142247,0.4750575,-0.4778171,-0.3540172,0.6486009,99.12761,0.6241487,-0.6277743,-0.4651214,0.1298184,-0.08639581,0.04736925,0.1629751,0.03245736,0.5149012,-0.6771885,0.5246324,116.713,0.03812552,0.6048205,-0.7954487,-0.4243363,-0.2899754,-0.241417,0.5678285,0.2339305,-0.1251533,0.7210355,0.6400945,100.4023,0.3044795,-0.1628972,0.9384863,0.1241175,-0.01522517,0.05419642,0.1362872,-0.1833085,-0.5552859,0.1126316,0.8033491,73.09778,-0.3078184,-0.9324567,0.1891352,-0.1546141,1.19348,-0.04690664,1.204367,0.01171132,-0.04648616,-0.2270663,-0.9726987,333.1619,0.05046429,-0.2003097,-0.978433,False,False,False,False
1772879677468,3.081954,0.1208723,1.110348,0.1722918,1.130118,-0.2902838,-0.8760758,-0.009769952,0.3848781,134.7277,-0.3145115,-0.9491947,-0.01058537,-0.1038886,0.6427501,-0.0601959,0.6538686,0.5189529,0.209775,-0.7702883,0.3055131,144.4219,0.545011,0.2203084,-0.8089668,-0.005119783,1.100939,0.2220519,1.123121,0.001450898,1.116486,0.2680416,1.148211,0.01388521,1.098817,0.2691523,1.131386,-0.02113595,0.6492895,0.03397018,0.650521,-0.008531425,0.6582904,0.07330975,0.6624148,-0.02508039,0.6502612,0.1040463,0.6590101,0.09655622,-0.08311769,0.04697802,0.1357888,0.1321047,-0.07629155,0.01396842,0.1531899,0.1173509,-0.084791,0.0006216168,0.1447796,-0.1117407,0.05165067,-0.02458128,0.1255309,-0.1539738,0.05355987,-0.02411781,0.1647976,-0.1759101,0.04780443,0.00360842,0.1823257,0.09790403,-0.08257271,0.04380888,0.1353613,0.1413373,-0.07183374,0.01559211,0.1593092,0.1223019,-0.08319715,0.0004269712,0.1479179,-0.1115501,0.05008115,-0.02966532,0.1258236,-0.1537845,0.05402529,-0.02413478,0.1647753,-0.1759849,0.0476169,0.003622084,0.1823491,0.1134511,-0.08009046,0.0280764,0.1416825,-0.2096036,0.9443722,-0.06122506,0.2459247,151.527,-0.2162447,0.9742938,-0.06316493,-0.1419117,0.04936061,-0.01527128,0.1510252,0.1051341,-0.5095004,-0.1404993,0.8423872,65.21387,0.1951,-0.945493,-0.2607282,-0.02411746,1.115225,0.2458036,1.142247,0.4750575,-0.4778171,-0.3540172,0.6486009,99.12761,0.6241487,-0.6277743,-0.4651214,0.1298184,-0.08639581,0.04736925,0.1629751,0.03245736,0.5149012,-0.6771885,0.5246324,116.713,0.03812552,0.6048205,-0.7954487,-0.4243363,-0.2899754,-0.241417,0.5678285,0.2339305,-0.1251533,0.7210355,0.6400945,100.4023,0.3044795,-0.1628972,0.9384863,0.1241175,-0.01522517,0.05419642,0.1362872,-0.1833085,-0.5552859,0.1126316,0.8033491,73.09778,-0.3078184,-0.9324567,0.1891352,-0.154457,1.193876,-0.04726344,1.204753,0.01215862,-0.04726908,-0.2266377,-0.9727555,333.1899,0.05244551,-0.2038924,-0.9775884,False,False,False,False
1772879677481,3.0962,0.1208723,1.110348,0.1722918,1.130118,-0.2902838,-0.8760758,-0.009769952,0.3848781,134.7277,-0.3145115,-0.9491947,-0.01058537,-0.1038886,0.6427501,-0.0601959,0.6538686,0.5189529,0.209775,-0.7702883,0.3055131,144.4219,0.545011,0.2203084,-0.8089668,-0.005119783,1.100939,0.2220519,1.123121,0.001450898,1.116486,0.2680416,1.148211,0.01388521,1.098817,0.2691523,1.131386,-0.02113595,0.6492895,0.03397018,0.650521,-0.008531425,0.6582904,0.07330975,0.6624148,-0.02508039,0.6502612,0.1040463,0.6590101,0.09655622,-0.08311769,0.04697802,0.1357888,0.1321047,-0.07629155,0.01396842,0.1531899,0.1173509,-0.084791,0.0006216168,0.1447796,-0.1117407,0.05165067,-0.02458128,0.1255309,-0.1539738,0.05355987,-0.02411781,0.1647976,-0.1759101,0.04780443,0.00360842,0.1823257,0.09790403,-0.08257271,0.04380888,0.1353613,0.1413373,-0.07183374,0.01559211,0.1593092,0.1223019,-0.08319715,0.0004269712,0.1479179,-0.1115501,0.05008115,-0.02966532,0.1258236,-0.1537845,0.05402529,-0.02413478,0.1647753,-0.1759849,0.0476169,0.003622084,0.1823491,0.1134511,-0.08009046,0.0280764,0.1416825,-0.2096036,0.9443722,-0.06122506,0.2459247,151.527,-0.2162447,0.9742938,-0.06316493,-0.1419117,0.04936061,-0.01527128,0.1510252,0.1051341,-0.5095004,-0.1404993,0.8423872,65.21387,0.1951,-0.945493,-0.2607282,-0.02411746,1.115225,0.2458036,1.142247,0.4750575,-0.4778171,-0.3540172,0.6486009,99.12761,0.6241487,-0.6277743,-0.4651214,0.1298184,-0.08639581,0.04736925,0.1629751,0.03245736,0.5149012,-0.6771885,0.5246324,116.713,0.03812552,0.6048205,-0.7954487,-0.4243363,-0.2899754,-0.241417,0.5678285,0.2339305,-0.1251533,0.7210355,0.6400945,100.4023,0.3044795,-0.1628972,0.9384863,0.1241175,-0.01522517,0.05419642,0.1362872,-0.1833085,-0.5552859,0.1126316,0.8033491,73.09778,-0.3078184,-0.9324567,0.1891352,-0.1543258,1.194312,-0.04762484,1.205183,0.01275542,-0.04833838,-0.2262959,-0.9727749,333.1995,0.05503906,-0.2085779,-0.9764565,False,False,False,False
1772879677495,3.109596,0.1208723,1.110348,0.1722918,1.130118,-0.2902838,-0.8760758,-0.009769952,0.3848781,134.7277,-0.3145115,-0.9491947,-0.01058537,-0.1038886,0.6427501,-0.0601959,0.6538686,0.5189529,0.209775,-0.7702883,0.3055131,144.4219,0.545011,0.2203084,-0.8089668,-0.005119783,1.100939,0.2220519,1.123121,0.001450898,1.116486,0.2680416,1.148211,0.01388521,1.098817,0.2691523,1.131386,-0.02113595,0.6492895,0.03397018,0.650521,-0.008531425,0.6582904,0.07330975,0.6624148,-0.02508039,0.6502612,0.1040463,0.6590101,0.09655622,-0.08311769,0.04697802,0.1357888,0.1321047,-0.07629155,0.01396842,0.1531899,0.1173509,-0.084791,0.0006216168,0.1447796,-0.1117407,0.05165067,-0.02458128,0.1255309,-0.1539738,0.05355987,-0.02411781,0.1647976,-0.1759101,0.04780443,0.00360842,0.1823257,0.09790403,-0.08257271,0.04380888,0.1353613,0.1413373,-0.07183374,0.01559211,0.1593092,0.1223019,-0.08319715,0.0004269712,0.1479179,-0.1115501,0.05008115,-0.02966532,0.1258236,-0.1537845,0.05402529,-0.02413478,0.1647753,-0.1759849,0.0476169,0.003622084,0.1823491,0.1134511,-0.08009046,0.0280764,0.1416825,-0.2096036,0.9443722,-0.06122506,0.2459247,151.527,-0.2162447,0.9742938,-0.06316493,-0.1419117,0.04936061,-0.01527128,0.1510252,0.1051341,-0.5095004,-0.1404993,0.8423872,65.21387,0.1951,-0.945493,-0.2607282,-0.02411746,1.115225,0.2458036,1.142247,0.4750575,-0.4778171,-0.3540172,0.6486009,99.12761,0.6241487,-0.6277743,-0.4651214,0.1298184,-0.08639581,0.04736925,0.1629751,0.03245736,0.5149012,-0.6771885,0.5246324,116.713,0.03812552,0.6048205,-0.7954487,-0.4243363,-0.2899754,-0.241417,0.5678285,0.2339305,-0.1251533,0.7210355,0.6400945,100.4023,0.3044795,-0.1628972,0.9384863,0.1241175,-0.01522517,0.05419642,0.1362872,-0.1833085,-0.5552859,0.1126316,0.8033491,73.09778,-0.3078184,-0.9324567,0.1891352,-0.1541501,1.194822,-0.0479537,1.205679,0.01379888,-0.04976586,-0.2251552,-0.9729533,333.2878,0.05973489,-0.2154347,-0.9746894,False,False,False,False
1772879677509,3.123293,0.1208723,1.110348,0.1722918,1.130118,-0.2902838,-0.8760758,-0.009769952,0.3848781,134.7277,-0.3145115,-0.9491947,-0.01058537,-0.1038886,0.6427501,-0.0601959,0.6538686,0.5189529,0.209775,-0.7702883,0.3055131,144.4219,0.545011,0.2203084,-0.8089668,-0.005119783,1.100939,0.2220519,1.123121,0.001450898,1.116486,0.2680416,1.148211,0.01388521,1.098817,0.2691523,1.131386,-0.02113595,0.6492895,0.03397018,0.650521,-0.008531425,0.6582904,0.07330975,0.6624148,-0.02508039,0.6502612,0.1040463,0.6590101,0.09655622,-0.08311769,0.04697802,0.1357888,0.1321047,-0.07629155,0.01396842,0.1531899,0.1173509,-0.084791,0.0006216168,0.1447796,-0.1117407,0.05165067,-0.02458128,0.1255309,-0.1539738,0.05355987,-0.02411781,0.1647976,-0.1759101,0.04780443,0.00360842,0.1823257,0.09790403,-0.08257271,0.04380888,0.1353613,0.1413373,-0.07183374,0.01559211,0.1593092,0.1223019,-0.08319715,0.0004269712,0.1479179,-0.1115501,0.05008115,-0.02966532,0.1258236,-0.1537845,0.05402529,-0.02413478,0.1647753,-0.1759849,0.0476169,0.003622084,0.1823491,0.1134511,-0.08009046,0.0280764,0.1416825,-0.2096036,0.9443722,-0.06122506,0.2459247,151.527,-0.2162447,0.9742938,-0.06316493,-0.1419117,0.04936061,-0.01527128,0.1510252,0.1051341,-0.5095004,-0.1404993,0.8423872,65.21387,0.1951,-0.945493,-0.2607282,-0.02411746,1.115225,0.2458036,1.142247,0.4750575,-0.4778171,-0.3540172,0.6486009,99.12761,0.6241487,-0.6277743,-0.4651214,0.1298184,-0.08639581,0.04736925,0.1629751,0.03245736,0.5149012,-0.6771885,0.5246324,116.713,0.03812552,0.6048205,-0.7954487,-0.4243363,-0.2899754,-0.241417,0.5678285,0.2339305,-0.1251533,0.7210355,0.6400945,100.4023,0.3044795,-0.1628972,0.9384863,0.1241175,-0.01522517,0.05419642,0.1362872,-0.1833085,-0.5552859,0.1126316,0.8033491,73.09778,-0.3078184,-0.9324567,0.1891352,-0.1539354,1.195313,-0.04822664,1.206149,0.01464927,-0.05103842,-0.224316,-0.9730688,333.3452,0.06355015,-0.2214104,-0.9731078,False,False,False,False
1772879677522,3.137842,0.1208723,1.110348,0.1722918,1.130118,-0.2902838,-0.8760758,-0.009769952,0.3848781,134.7277,-0.3145115,-0.9491947,-0.01058537,-0.1038886,0.6427501,-0.0601959,0.6538686,0.5189529,0.209775,-0.7702883,0.3055131,144.4219,0.545011,0.2203084,-0.8089668,-0.005119783,1.100939,0.2220519,1.123121,0.001450898,1.116486,0.2680416,1.148211,0.01388521,1.098817,0.2691523,1.131386,-0.02113595,0.6492895,0.03397018,0.650521,-0.008531425,0.6582904,0.07330975,0.6624148,-0.02508039,0.6502612,0.1040463,0.6590101,0.09655622,-0.08311769,0.04697802,0.1357888,0.1321047,-0.07629155,0.01396842,0.1531899,0.1173509,-0.084791,0.0006216168,0.1447796,-0.1117407,0.05165067,-0.02458128,0.1255309,-0.1539738,0.05355987,-0.02411781,0.1647976,-0.1759101,0.04780443,0.00360842,0.1823257,0.09790403,-0.08257271,0.04380888,0.1353613,0.1413373,-0.07183374,0.01559211,0.1593092,0.1223019,-0.08319715,0.0004269712,0.1479179,-0.1115501,0.05008115,-0.02966532,0.1258236,-0.1537845,0.05402529,-0.02413478,0.1647753,-0.1759849,0.0476169,0.003622084,0.1823491,0.1134511,-0.08009046,0.0280764,0.1416825,-0.2096036,0.9443722,-0.06122506,0.2459247,151.527,-0.2162447,0.9742938,-0.06316493,-0.1419117,0.04936061,-0.01527128,0.1510252,0.1051341,-0.5095004,-0.1404993,0.8423872,65.21387,0.1951,-0.945493,-0.2607282,-0.02411746,1.115225,0.2458036,1.142247,0.4750575,-0.4778171,-0.3540172,0.6486009,99.12761,0.6241487,-0.6277743,-0.4651214,0.1298184,-0.08639581,0.04736925,0.1629751,0.03245736,0.5149012,-0.6771885,0.5246324,116.713,0.03812552,0.6048205,-0.7954487,-0.4243363,-0.2899754,-0.241417,0.5678285,0.2339305,-0.1251533,0.7210355,0.6400945,100.4023,0.3044795,-0.1628972,0.9384863,0.1241175,-0.01522517,0.05419642,0.1362872,-0.1833085,-0.5552859,0.1126316,0.8033491,73.09778,-0.3078184,-0.9324567,0.1891352,-0.153596,1.195746,-0.04864829,1.206551,0.01574884,-0.05244974,-0.2235457,-0.9731538,333.3875,0.06842694,-0.2278882,-0.9712806,False,False,False,False
1772879677537,3.151674,0.1208723,1.110348,0.1722918,1.130118,-0.2902838,-0.8760758,-0.009769952,0.3848781,134.7277,-0.3145115,-0.9491947,-0.01058537,-0.1038886,0.6427501,-0.0601959,0.6538686,0.5189529,0.209775,-0.7702883,0.3055131,144.4219,0.545011,0.2203084,-0.8089668,-0.005119783,1.100939,0.2220519,1.123121,0.001450898,1.116486,0.2680416,1.148211,0.01388521,1.098817,0.2691523,1.131386,-0.02113595,0.6492895,0.03397018,0.650521,-0.008531425,0.6582904,0.07330975,0.6624148,-0.02508039,0.6502612,0.1040463,0.6590101,0.09655622,-0.08311769,0.04697802,0.1357888,0.1321047,-0.07629155,0.01396842,0.1531899,0.1173509,-0.084791,0.0006216168,0.1447796,-0.1117407,0.05165067,-0.02458128,0.1255309,-0.1539738,0.05355987,-0.02411781,0.1647976,-0.1759101,0.04780443,0.00360842,0.1823257,0.09790403,-0.08257271,0.04380888,0.1353613,0.1413373,-0.07183374,0.01559211,0.1593092,0.1223019,-0.08319715,0.0004269712,0.1479179,-0.1115501,0.05008115,-0.02966532,0.1258236,-0.1537845,0.05402529,-0.02413478,0.1647753,-0.1759849,0.0476169,0.003622084,0.1823491,0.1134511,-0.08009046,0.0280764,0.1416825,-0.2096036,0.9443722,-0.06122506,0.2459247,151.527,-0.2162447,0.9742938,-0.06316493,-0.1419117,0.04936061,-0.01527128,0.1510252,0.1051341,-0.5095004,-0.1404993,0.8423872,65.21387,0.1951,-0.945493,-0.2607282,-0.02411746,1.115225,0.2458036,1.142247,0.4750575,-0.4778171,-0.3540172,0.6486009,99.12761,0.6241487,-0.6277743,-0.4651214,0.1298184,-0.08639581,0.04736925,0.1629751,0.03245736,0.5149012,-0.6771885,0.5246324,116.713,0.03812552,0.6048205,-0.7954487,-0.4243363,-0.2899754,-0.241417,0.5678285,0.2339305,-0.1251533,0.7210355,0.6400945,100.4023,0.3044795,-0.1628972,0.9384863,0.1241175,-0.01522517,0.05419642,0.1362872,-0.1833085,-0.5552859,0.1126316,0.8033491,73.09778,-0.3078184,-0.9324567,0.1891352,-0.1533228,1.196163,-0.0490754,1.206947,0.01674792,-0.054055,-0.2230234,-0.9731691,333.3952,0.07278831,-0.234929,-0.9692842,False,False,False,False
1772879677550,3.165912,0.1208723,1.110348,0.1722918,1.130118,-0.2902838,-0.8760758,-0.009769952,0.3848781,134.7277,-0.3145115,-0.9491947,-0.01058537,-0.1038886,0.6427501,-0.0601959,0.6538686,0.5189529,0.209775,-0.7702883,0.3055131,144.4219,0.545011,0.2203084,-0.8089668,-0.005119783,1.100939,0.2220519,1.123121,0.001450898,1.116486,0.2680416,1.148211,0.01388521,1.098817,0.2691523,1.131386,-0.02113595,0.6492895,0.03397018,0.650521,-0.008531425,0.6582904,0.07330975,0.6624148,-0.02508039,0.6502612,0.1040463,0.6590101,0.09655622,-0.08311769,0.04697802,0.1357888,0.1321047,-0.07629155,0.01396842,0.1531899,0.1173509,-0.084791,0.0006216168,0.1447796,-0.1117407,0.05165067,-0.02458128,0.1255309,-0.1539738,0.05355987,-0.02411781,0.1647976,-0.1759101,0.04780443,0.00360842,0.1823257,0.09790403,-0.08257271,0.04380888,0.1353613,0.1413373,-0.07183374,0.01559211,0.1593092,0.1223019,-0.08319715,0.0004269712,0.1479179,-0.1115501,0.05008115,-0.02966532,0.1258236,-0.1537845,0.05402529,-0.02413478,0.1647753,-0.1759849,0.0476169,0.003622084,0.1823491,0.1134511,-0.08009046,0.0280764,0.1416825,-0.2096036,0.9443722,-0.06122506,0.2459247,151.527,-0.2162447,0.9742938,-0.06316493,-0.1419117,0.04936061,-0.01527128,0.1510252,0.1051341,-0.5095004,-0.1404993,0.8423872,65.21387,0.1951,-0.945493,-0.2607282,-0.02411746,1.115225,0.2458036,1.142247,0.4750575,-0.4778171,-0.3540172,0.6486009,99.12761,0.6241487,-0.6277743,-0.4651214,0.1298184,-0.08639581,0.04736925,0.1629751,0.03245736,0.5149012,-0.6771885,0.5246324,116.713,0.03812552,0.6048205,-0.7954487,-0.4243363,-0.2899754,-0.241417,0.5678285,0.2339305,-0.1251533,0.7210355,0.6400945,100.4023,0.3044795,-0.1628972,0.9384863,0.1241175,-0.01522517,0.05419642,0.1362872,-0.1833085,-0.5552859,0.1126316,0.8033491,73.09778,-0.3078184,-0.9324567,0.1891352,-0.1530236,1.196523,-0.04951722,1.207285,0.01753742,-0.05537087,-0.2223732,-0.97323,333.4255,0.07630492,-0.2409175,-0.9675412,False,False,False,False
1772879677565,3.179179,0.1208723,1.110348,0.1722918,1.130118,-0.2902838,-0.8760758,-0.009769952,0.3848781,134.7277,-0.3145115,-0.9491947,-0.01058537,-0.1038886,0.6427501,-0.0601959,0.6538686,0.5189529,0.209775,-0.7702883,0.3055131,144.4219,0.545011,0.2203084,-0.8089668,-0.005119783,1.100939,0.2220519,1.123121,0.001450898,1.116486,0.2680416,1.148211,0.01388521,1.098817,0.2691523,1.131386,-0.02113595,0.6492895,0.03397018,0.650521,-0.008531425,0.6582904,0.07330975,0.6624148,-0.02508039,0.6502612,0.1040463,0.6590101,0.09655622,-0.08311769,0.04697802,0.1357888,0.1321047,-0.07629155,0.01396842,0.1531899,0.1173509,-0.084791,0.0006216168,0.1447796,-0.1117407,0.05165067,-0.02458128,0.1255309,-0.1539738,0.05355987,-0.02411781,0.1647976,-0.1759101,0.04780443,0.00360842,0.1823257,0.09790403,-0.08257271,0.04380888,0.1353613,0.1413373,-0.07183374,0.01559211,0.1593092,0.1223019,-0.08319715,0.0004269712,0.1479179,-0.1115501,0.05008115,-0.02966532,0.1258236,-0.1537845,0.05402529,-0.02413478,0.1647753,-0.1759849,0.0476169,0.003622084,0.1823491,0.1134511,-0.08009046,0.0280764,0.1416825,-0.2096036,0.9443722,-0.06122506,0.2459247,151.527,-0.2162447,0.9742938,-0.06316493,-0.1419117,0.04936061,-0.01527128,0.1510252,0.1051341,-0.5095004,-0.1404993,0.8423872,65.21387,0.1951,-0.945493,-0.2607282,-0.02411746,1.115225,0.2458036,1.142247,0.4750575,-0.4778171,-0.3540172,0.6486009,99.12761,0.6241487,-0.6277743,-0.4651214,0.1298184,-0.08639581,0.04736925,0.1629751,0.03245736,0.5149012,-0.6771885,0.5246324,116.713,0.03812552,0.6048205,-0.7954487,-0.4243363,-0.2899754,-0.241417,0.5678285,0.2339305,-0.1251533,0.7210355,0.6400945,100.4023,0.3044795,-0.1628972,0.9384863,0.1241175,-0.01522517,0.05419642,0.1362872,-0.1833085,-0.5552859,0.1126316,0.8033491,73.09778,-0.3078184,-0.9324567,0.1891352,-0.1527606,1.196845,-0.04988864,1.207586,0.01833245,-0.05655508,-0.2217162,-0.9732972,333.459,0.07986301,-0.2463751,-0.9658786,False,False,False,False
1772879677579,3.192882,0.1208723,1.110348,0.1722918,1.130118,-0.2902838,-0.8760758,-0.009769952,0.3848781,134.7277,-0.3145115,-0.9491947,-0.01058537,-0.1038886,0.6427501,-0.0601959,0.6538686,0.5189529,0.209775,-0.7702883,0.3055131,144.4219,0.545011,0.2203084,-0.8089668,-0.005119783,1.100939,0.2220519,1.123121,0.001450898,1.116486,0.2680416,1.148211,0.01388521,1.098817,0.2691523,1.131386,-0.02113595,0.6492895,0.03397018,0.650521,-0.008531425,0.6582904,0.07330975,0.6624148,-0.02508039,0.6502612,0.1040463,0.6590101,0.09655622,-0.08311769,0.04697802,0.1357888,0.1321047,-0.07629155,0.01396842,0.1531899,0.1173509,-0.084791,0.0006216168,0.1447796,-0.1117407,0.05165067,-0.02458128,0.1255309,-0.1539738,0.05355987,-0.02411781,0.1647976,-0.1759101,0.04780443,0.00360842,0.1823257,0.09790403,-0.08257271,0.04380888,0.1353613,0.1413373,-0.07183374,0.01559211,0.1593092,0.1223019,-0.08319715,0.0004269712,0.1479179,-0.1115501,0.05008115,-0.02966532,0.1258236,-0.1537845,0.05402529,-0.02413478,0.1647753,-0.1759849,0.0476169,0.003622084,0.1823491,0.1134511,-0.08009046,0.0280764,0.1416825,-0.2096036,0.9443722,-0.06122506,0.2459247,151.527,-0.2162447,0.9742938,-0.06316493,-0.1419117,0.04936061,-0.01527128,0.1510252,0.1051341,-0.5095004,-0.1404993,0.8423872,65.21387,0.1951,-0.945493,-0.2607282,-0.02411746,1.115225,0.2458036,1.142247,0.4750575,-0.4778171,-0.3540172,0.6486009,99.12761,0.6241487,-0.6277743,-0.4651214,0.1298184,-0.08639581,0.04736925,0.1629751,0.03245736,0.5149012,-0.6771885,0.5246324,116.713,0.03812552,0.6048205,-0.7954487,-0.4243363,-0.2899754,-0.241417,0.5678285,0.2339305,-0.1251533,0.7210355,0.6400945,100.4023,0.3044795,-0.1628972,0.9384863,0.1241175,-0.01522517,0.05419642,0.1362872,-0.1833085,-0.5552859,0.1126316,0.8033491,73.09778,-0.3078184,-0.9324567,0.1891352,-0.1523589,1.197206,-0.05027566,1.207909,0.01930484,-0.057416,-0.2209961,-0.9733918,333.5063,0.08424642,-0.2505637,-0.9644281,False,False,False,False
1772879677592,3.207577,0.1208723,1.110348,0.1722918,1.130118,-0.2902838,-0.8760758,-0.009769952,0.3848781,134.7277,-0.3145115,-0.9491947,-0.01058537,-0.1038886,0.6427501,-0.0601959,0.6538686,0.5189529,0.209775,-0.7702883,0.3055131,144.4219,0.545011,0.2203084,-0.8089668,-0.005119783,1.100939,0.2220519,1.123121,0.001450898,1.116486,0.2680416,1.148211,0.01388521,1.098817,0.2691523,1.131386,-0.02113595,0.6492895,0.03397018,0.650521,-0.008531425,0.6582904,0.07330975,0.6624148,-0.02508039,0.6502612,0.1040463,0.6590101,0.09655622,-0.08311769,0.04697802,0.1357888,0.1321047,-0.07629155,0.01396842,0.1531899,0.1173509,-0.084791,0.0006216168,0.1447796,-0.1117407,0.05165067,-0.02458128,0.1255309,-0.1539738,0.05355987,-0.02411781,0.1647976,-0.1759101,0.04780443,0.00360842,0.1823257,0.09790403,-0.08257271,0.04380888,0.1353613,0.1413373,-0.07183374,0.01559211,0.1593092,0.1223019,-0.08319715,0.0004269712,0.1479179,-0.1115501,0.05008115,-0.02966532,0.1258236,-0.1537845,0.05402529,-0.02413478,0.1647753,-0.1759849,0.0476169,0.003622084,0.1823491,0.1134511,-0.08009046,0.0280764,0.1416825,-0.2096036,0.9443722,-0.06122506,0.2459247,151.527,-0.2162447,0.9742938,-0.06316493,-0.1419117,0.04936061,-0.01527128,0.1510252,0.1051341,-0.5095004,-0.1404993,0.8423872,65.21387,0.1951,-0.945493,-0.2607282,-0.02411746,1.115225,0.2458036,1.142247,0.4750575,-0.4778171,-0.3540172,0.6486009,99.12761,0.6241487,-0.6277743,-0.4651214,0.1298184,-0.08639581,0.04736925,0.1629751,0.03245736,0.5149012,-0.6771885,0.5246324,116.713,0.03812552,0.6048205,-0.7954487,-0.4243363,-0.2899754,-0.241417,0.5678285,0.2339305,-0.1251533,0.7210355,0.6400945,100.4023,0.3044795,-0.1628972,0.9384863,0.1241175,-0.01522517,0.05419642,0.1362872,-0.1833085,-0.5552859,0.1126316,0.8033491,73.09778,-0.3078184,-0.9324567,0.1891352,-0.1518053,1.197706,-0.05071208,1.208352,0.0205528,-0.05874841,-0.2197388,-0.9735714,333.5962,0.08999264,-0.2572362,-0.96215,False,False,False,False
1772879677605,3.220583,0.1208723,1.110348,0.1722918,1.130118,-0.2902838,-0.8760758,-0.009769952,0.3848781,134.7277,-0.3145115,-0.9491947,-0.01058537,-0.1038886,0.6427501,-0.0601959,0.6538686,0.5189529,0.209775,-0.7702883,0.3055131,144.4219,0.545011,0.2203084,-0.8089668,-0.005119783,1.100939,0.2220519,1.123121,0.001450898,1.116486,0.2680416,1.148211,0.01388521,1.098817,0.2691523,1.131386,-0.02113595,0.6492895,0.03397018,0.650521,-0.008531425,0.6582904,0.07330975,0.6624148,-0.02508039,0.6502612,0.1040463,0.6590101,0.09655622,-0.08311769,0.04697802,0.1357888,0.1321047,-0.07629155,0.01396842,0.1531899,0.1173509,-0.084791,0.0006216168,0.1447796,-0.1117407,0.05165067,-0.02458128,0.1255309,-0.1539738,0.05355987,-0.02411781,0.1647976,-0.1759101,0.04780443,0.00360842,0.1823257,0.09790403,-0.08257271,0.04380888,0.1353613,0.1413373,-0.07183374,0.01559211,0.1593092,0.1223019,-0.08319715,0.0004269712,0.1479179,-0.1115501,0.05008115,-0.02966532,0.1258236,-0.1537845,0.05402529,-0.02413478,0.1647753,-0.1759849,0.0476169,0.003622084,0.1823491,0.1134511,-0.08009046,0.0280764,0.1416825,-0.2096036,0.9443722,-0.06122506,0.2459247,151.527,-0.2162447,0.9742938,-0.06316493,-0.1419117,0.04936061,-0.01527128,0.1510252,0.1051341,-0.5095004,-0.1404993,0.8423872,65.21387,0.1951,-0.945493,-0.2607282,-0.02411746,1.115225,0.2458036,1.142247,0.4750575,-0.4778171,-0.3540172,0.6486009,99.12761,0.6241487,-0.6277743,-0.4651214,0.1298184,-0.08639581,0.04736925,0.1629751,0.03245736,0.5149012,-0.6771885,0.5246324,116.713,0.03812552,0.6048205,-0.7954487,-0.4243363,-0.2899754,-0.241417,0.5678285,0.2339305,-0.1251533,0.7210355,0.6400945,100.4023,0.3044795,-0.1628972,0.9384863,0.1241175,-0.01522517,0.05419642,0.1362872,-0.1833085,-0.5552859,0.1126316,0.8033491,73.09778,-0.3078184,-0.9324567,0.1891352,-0.1511059,1.198259,-0.05112362,1.20883,0.02220032,-0.06042077,-0.2183525,-0.9737447,333.6833,0.09752256,-0.2654191,-0.9591885,False,False,False,False
1772879677620,3.234336,0.1208723,1.110348,0.1722918,1.130118,-0.2902838,-0.8760758,-0.009769952,0.3848781,134.7277,-0.3145115,-0.9491947,-0.01058537,-0.1038886,0.6427501,-0.0601959,0.6538686,0.5189529,0.209775,-0.7702883,0.3055131,144.4219,0.545011,0.2203084,-0.8089668,-0.005119783,1.100939,0.2220519,1.123121,0.001450898,1.116486,0.2680416,1.148211,0.01388521,1.098817,0.2691523,1.131386,-0.02113595,0.6492895,0.03397018,0.650521,-0.008531425,0.6582904,0.07330975,0.6624148,-0.02508039,0.6502612,0.1040463,0.6590101,0.09655622,-0.08311769,0.04697802,0.1357888,0.1321047,-0.07629155,0.01396842,0.1531899,0.1173509,-0.084791,0.0006216168,0.1447796,-0.1117407,0.05165067,-0.02458128,0.1255309,-0.1539738,0.05355987,-0.02411781,0.1647976,-0.1759101,0.04780443,0.00360842,0.1823257,0.09790403,-0.08257271,0.04380888,0.1353613,0.1413373,-0.07183374,0.01559211,0.1593092,0.1223019,-0.08319715,0.0004269712,0.1479179,-0.1115501,0.05008115,-0.02966532,0.1258236,-0.1537845,0.05402529,-0.02413478,0.1647753,-0.1759849,0.0476169,0.003622084,0.1823491,0.1134511,-0.08009046,0.0280764,0.1416825,-0.2096036,0.9443722,-0.06122506,0.2459247,151.527,-0.2162447,0.9742938,-0.06316493,-0.1419117,0.04936061,-0.01527128,0.1510252,0.1051341,-0.5095004,-0.1404993,0.8423872,65.21387,0.1951,-0.945493,-0.2607282,-0.02411746,1.115225,0.2458036,1.142247,0.4750575,-0.4778171,-0.3540172,0.6486009,99.12761,0.6241487,-0.6277743,-0.4651214,0.1298184,-0.08639581,0.04736925,0.1629751,0.03245736,0.5149012,-0.6771885,0.5246324,116.713,0.03812552,0.6048205,-0.7954487,-0.4243363,-0.2899754,-0.241417,0.5678285,0.2339305,-0.1251533,0.7210355,0.6400945,100.4023,0.3044795,-0.1628972,0.9384863,0.1241175,-0.01522517,0.05419642,0.1362872,-0.1833085,-0.5552859,0.1126316,0.8033491,73.09778,-0.3078184,-0.9324567,0.1891352,-0.1504964,1.19885,-0.05150859,1.209356,0.02342275,-0.06267827,-0.2173763,-0.9737918,333.707,0.1029837,-0.27558,-0.9557467,False,False,False,False
1772879677633,3.248755,0.1208723,1.110348,0.1722918,1.130118,-0.2902838,-0.8760758,-0.009769952,0.3848781,134.7277,-0.3145115,-0.9491947,-0.01058537,-0.1038886,0.6427501,-0.0601959,0.6538686,0.5189529,0.209775,-0.7702883,0.3055131,144.4219,0.545011,0.2203084,-0.8089668,-0.005119783,1.100939,0.2220519,1.123121,0.001450898,1.116486,0.2680416,1.148211,0.01388521,1.098817,0.2691523,1.131386,-0.02113595,0.6492895,0.03397018,0.650521,-0.008531425,0.6582904,0.07330975,0.6624148,-0.02508039,0.6502612,0.1040463,0.6590101,0.09655622,-0.08311769,0.04697802,0.1357888,0.1321047,-0.07629155,0.01396842,0.1531899,0.1173509,-0.084791,0.0006216168,0.1447796,-0.1117407,0.05165067,-0.02458128,0.1255309,-0.1539738,0.05355987,-0.02411781,0.1647976,-0.1759101,0.04780443,0.00360842,0.1823257,0.09790403,-0.08257271,0.04380888,0.1353613,0.1413373,-0.07183374,0.01559211,0.1593092,0.1223019,-0.08319715,0.0004269712,0.1479179,-0.1115501,0.05008115,-0.02966532,0.1258236,-0.1537845,0.05402529,-0.02413478,0.1647753,-0.1759849,0.0476169,0.003622084,0.1823491,0.1134511,-0.08009046,0.0280764,0.1416825,-0.2096036,0.9443722,-0.06122506,0.2459247,151.527,-0.2162447,0.9742938,-0.06316493,-0.1419117,0.04936061,-0.01527128,0.1510252,0.1051341,-0.5095004,-0.1404993,0.8423872,65.21387,0.1951,-0.945493,-0.2607282,-0.02411746,1.115225,0.2458036,1.142247,0.4750575,-0.4778171,-0.3540172,0.6486009,99.12761,0.6241487,-0.6277743,-0.4651214,0.1298184,-0.08639581,0.04736925,0.1629751,0.03245736,0.5149012,-0.6771885,0.5246324,116.713,0.03812552,0.6048205,-0.7954487,-0.4243363,-0.2899754,-0.241417,0.5678285,0.2339305,-0.1251533,0.7210355,0.6400945,100.4023,0.3044795,-0.1628972,0.9384863,0.1241175,-0.01522517,0.05419642,0.1362872,-0.1833085,-0.5552859,0.1126316,0.8033491,73.09778,-0.3078184,-0.9324567,0.1891352,-0.1498598,1.199251,-0.05193594,1.209694,0.02452999,-0.06498834,-0.2165007,-0.9738082,333.7153,0.1078852,-0.2858249,-0.9521903,False,False,False,False
1772879677647,3.262961,0.1208723,1.110348,0.1722918,1.130118,-0.2902838,-0.8760758,-0.009769952,0.3848781,134.7277,-0.3145115,-0.9491947,-0.01058537,-0.1038886,0.6427501,-0.0601959,0.6538686,0.5189529,0.209775,-0.7702883,0.3055131,144.4219,0.545011,0.2203084,-0.8089668,-0.005119783,1.100939,0.2220519,1.123121,0.001450898,1.116486,0.2680416,1.148211,0.01388521,1.098817,0.2691523,1.131386,-0.02113595,0.6492895,0.03397018,0.650521,-0.008531425,0.6582904,0.07330975,0.6624148,-0.02508039,0.6502612,0.1040463,0.6590101,0.09655622,-0.08311769,0.04697802,0.1357888,0.1321047,-0.07629155,0.01396842,0.1531899,0.1173509,-0.084791,0.0006216168,0.1447796,-0.1117407,0.05165067,-0.02458128,0.1255309,-0.1539738,0.05355987,-0.02411781,0.1647976,-0.1759101,0.04780443,0.00360842,0.1823257,0.09790403,-0.08257271,0.04380888,0.1353613,0.1413373,-0.07183374,0.01559211,0.1593092,0.1223019,-0.08319715,0.0004269712,0.1479179,-0.1115501,0.05008115,-0.02966532,0.1258236,-0.1537845,0.05402529,-0.02413478,0.1647753,-0.1759849,0.0476169,0.003622084,0.1823491,0.1134511,-0.08009046,0.0280764,0.1416825,-0.2096036,0.9443722,-0.06122506,0.2459247,151.527,-0.2162447,0.9742938,-0.06316493,-0.1419117,0.04936061,-0.01527128,0.1510252,0.1051341,-0.5095004,-0.1404993,0.8423872,65.21387,0.1951,-0.945493,-0.2607282,-0.02411746,1.115225,0.2458036,1.142247,0.4750575,-0.4778171,-0.3540172,0.6486009,99.12761,0.6241487,-0.6277743,-0.4651214,0.1298184,-0.08639581,0.04736925,0.1629751,0.03245736,0.5149012,-0.6771885,0.5246324,116.713,0.03812552,0.6048205,-0.7954487,-0.4243363,-0.2899754,-0.241417,0.5678285,0.2339305,-0.1251533,0.7210355,0.6400945,100.4023,0.3044795,-0.1628972,0.9384863,0.1241175,-0.01522517,0.05419642,0.1362872,-0.1833085,-0.5552859,0.1126316,0.8033491,73.09778,-0.3078184,-0.9324567,0.1891352,-0.1494525,1.19968,-0.05226861,1.210083,0.0250068,-0.0675984,-0.2153946,-0.9738636,333.7433,0.1100973,-0.2976151,-0.9483168,False,False,False,False
1772879677661,3.276621,0.1208723,1.110348,0.1722918,1.130118,-0.2902838,-0.8760758,-0.009769952,0.3848781,134.7277,-0.3145115,-0.9491947,-0.01058537,-0.1038886,0.6427501,-0.0601959,0.6538686,0.5189529,0.209775,-0.7702883,0.3055131,144.4219,0.545011,0.2203084,-0.8089668,-0.005119783,1.100939,0.2220519,1.123121,0.001450898,1.116486,0.2680416,1.148211,0.01388521,1.098817,0.2691523,1.131386,-0.02113595,0.6492895,0.03397018,0.650521,-0.008531425,0.6582904,0.07330975,0.6624148,-0.02508039,0.6502612,0.1040463,0.6590101,0.09655622,-0.08311769,0.04697802,0.1357888,0.1321047,-0.07629155,0.01396842,0.1531899,0.1173509,-0.084791,0.0006216168,0.1447796,-0.1117407,0.05165067,-0.02458128,0.1255309,-0.1539738,0.05355987,-0.02411781,0.1647976,-0.1759101,0.04780443,0.00360842,0.1823257,0.09790403,-0.08257271,0.04380888,0.1353613,0.1413373,-0.07183374,0.01559211,0.1593092,0.1223019,-0.08319715,0.0004269712,0.1479179,-0.1115501,0.05008115,-0.02966532,0.1258236,-0.1537845,0.05402529,-0.02413478,0.1647753,-0.1759849,0.0476169,0.003622084,0.1823491,0.1134511,-0.08009046,0.0280764,0.1416825,-0.2096036,0.9443722,-0.06122506,0.2459247,151.527,-0.2162447,0.9742938,-0.06316493,-0.1419117,0.04936061,-0.01527128,0.1510252,0.1051341,-0.5095004,-0.1404993,0.8423872,65.21387,0.1951,-0.945493,-0.2607282,-0.02411746,1.115225,0.2458036,1.142247,0.4750575,-0.4778171,-0.3540172,0.6486009,99.12761,0.6241487,-0.6277743,-0.4651214,0.1298184,-0.08639581,0.04736925,0.1629751,0.03245736,0.5149012,-0.6771885,0.5246324,116.713,0.03812552,0.6048205,-0.7954487,-0.4243363,-0.2899754,-0.241417,0.5678285,0.2339305,-0.1251533,0.7210355,0.6400945,100.4023,0.3044795,-0.1628972,0.9384863,0.1241175,-0.01522517,0.05419642,0.1362872,-0.1833085,-0.5552859,0.1126316,0.8033491,73.09778,-0.3078184,-0.9324567,0.1891352,-0.1486944,1.200271,-0.05268607,1.210593,0.02588113,-0.0696079,-0.2142572,-0.9739501,333.7869,0.1141332,-0.3069639,-0.9448529,False,False,False,False
1772879677674,3.289591,0.1208723,1.110348,0.1722918,1.130118,-0.2902838,-0.8760758,-0.009769952,0.3848781,134.7277,-0.3145115,-0.9491947,-0.01058537,-0.1038886,0.6427501,-0.0601959,0.6538686,0.5189529,0.209775,-0.7702883,0.3055131,144.4219,0.545011,0.2203084,-0.8089668,-0.005119783,1.100939,0.2220519,1.123121,0.001450898,1.116486,0.2680416,1.148211,0.01388521,1.098817,0.2691523,1.131386,-0.02113595,0.6492895,0.03397018,0.650521,-0.008531425,0.6582904,0.07330975,0.6624148,-0.02508039,0.6502612,0.1040463,0.6590101,0.09655622,-0.08311769,0.04697802,0.1357888,0.1321047,-0.07629155,0.01396842,0.1531899,0.1173509,-0.084791,0.0006216168,0.1447796,-0.1117407,0.05165067,-0.02458128,0.1255309,-0.1539738,0.05355987,-0.02411781,0.1647976,-0.1759101,0.04780443,0.00360842,0.1823257,0.09790403,-0.08257271,0.04380888,0.1353613,0.1413373,-0.07183374,0.01559211,0.1593092,0.1223019,-0.08319715,0.0004269712,0.1479179,-0.1115501,0.05008115,-0.02966532,0.1258236,-0.1537845,0.05402529,-0.02413478,0.1647753,-0.1759849,0.0476169,0.003622084,0.1823491,0.1134511,-0.08009046,0.0280764,0.1416825,-0.2096036,0.9443722,-0.06122506,0.2459247,151.527,-0.2162447,0.9742938,-0.06316493,-0.1419117,0.04936061,-0.01527128,0.1510252,0.1051341,-0.5095004,-0.1404993,0.8423872,65.21387,0.1951,-0.945493,-0.2607282,-0.02411746,1.115225,0.2458036,1.142247,0.4750575,-0.4778171,-0.3540172,0.6486009,99.12761,0.6241487,-0.6277743,-0.4651214,0.1298184,-0.08639581,0.04736925,0.1629751,0.03245736,0.5149012,-0.6771885,0.5246324,116.713,0.03812552,0.6048205,-0.7954487,-0.4243363,-0.2899754,-0.241417,0.5678285,0.2339305,-0.1251533,0.7210355,0.6400945,100.4023,0.3044795,-0.1628972,0.9384863,0.1241175,-0.01522517,0.05419642,0.1362872,-0.1833085,-0.5552859,0.1126316,0.8033491,73.09778,-0.3078184,-0.9324567,0.1891352,-0.1480165,1.200912,-0.05309412,1.211163,0.02739508,-0.07143967,-0.2137931,-0.973878,333.7505,0.120645,-0.3146127,-0.9415221,False,False,False,False
1772879677688,3.303198,0.1208723,1.110348,0.1722918,1.130118,-0.2902838,-0.8760758,-0.009769952,0.3848781,134.7277,-0.3145115,-0.9491947,-0.01058537,-0.1038886,0.6427501,-0.0601959,0.6538686,0.5189529,0.209775,-0.7702883,0.3055131,144.4219,0.545011,0.2203084,-0.8089668,-0.005119783,1.100939,0.2220519,1.123121,0.001450898,1.116486,0.2680416,1.148211,0.01388521,1.098817,0.2691523,1.131386,-0.02113595,0.6492895,0.03397018,0.650521,-0.008531425,0.6582904,0.07330975,0.6624148,-0.02508039,0.6502612,0.1040463,0.6590101,0.09655622,-0.08311769,0.04697802,0.1357888,0.1321047,-0.07629155,0.01396842,0.1531899,0.1173509,-0.084791,0.0006216168,0.1447796,-0.1117407,0.05165067,-0.02458128,0.1255309,-0.1539738,0.05355987,-0.02411781,0.1647976,-0.1759101,0.04780443,0.00360842,0.1823257,0.09790403,-0.08257271,0.04380888,0.1353613,0.1413373,-0.07183374,0.01559211,0.1593092,0.1223019,-0.08319715,0.0004269712,0.1479179,-0.1115501,0.05008115,-0.02966532,0.1258236,-0.1537845,0.05402529,-0.02413478,0.1647753,-0.1759849,0.0476169,0.003622084,0.1823491,0.1134511,-0.08009046,0.0280764,0.1416825,-0.2096036,0.9443722,-0.06122506,0.2459247,151.527,-0.2162447,0.9742938,-0.06316493,-0.1419117,0.04936061,-0.01527128,0.1510252,0.1051341,-0.5095004,-0.1404993,0.8423872,65.21387,0.1951,-0.945493,-0.2607282,-0.02372542,1.113889,0.2464831,1.141081,0.4913596,-0.4765303,-0.374369,0.6255658,102.5526,0.6298097,-0.6108021,-0.4798548,0.1298184,-0.08639581,0.04736925,0.1629751,0.03245736,0.5149012,-0.6771885,0.5246324,116.713,0.03812552,0.6048205,-0.7954487,-0.4243363,-0.2899754,-0.241417,0.5678285,0.2339305,-0.1251533,0.7210355,0.6400945,100.4023,0.3044795,-0.1628972,0.9384863,0.1237254,-0.01388907,0.05351695,0.1355173,-0.2165608,-0.5511038,0.1042193,0.7990773,73.91586,-0.3601972,-0.9166296,0.1733439,-0.1474119,1.201665,-0.05325839,1.211844,0.02864563,-0.07356598,-0.2130092,-0.9738555,333.7392,0.1260987,-0.323839,-0.9376712,False,False,False,False
1772879677702,3.317655,0.1208723,1.110348,0.1722918,1.130118,-0.2902838,-0.8760758,-0.009769952,0.3848781,134.7277,-0.3145115,-0.9491947,-0.01058537,-0.1038886,0.6427501,-0.0601959,0.6538686,0.5189529,0.209775,-0.7702883,0.3055131,144.4219,0.545011,0.2203084,-0.8089668,-0.005119783,1.100939,0.2220519,1.123121,0.001450898,1.116486,0.2680416,1.148211,0.01388521,1.098817,0.2691523,1.131386,-0.02113595,0.6492895,0.03397018,0.650521,-0.008531425,0.6582904,0.07330975,0.6624148,-0.02508039,0.6502612,0.1040463,0.6590101,0.09655622,-0.08311769,0.04697802,0.1357888,0.1321047,-0.07629155,0.01396842,0.1531899,0.1173509,-0.084791,0.0006216168,0.1447796,-0.1117407,0.05165067,-0.02458128,0.1255309,-0.1539738,0.05355987,-0.02411781,0.1647976,-0.1759101,0.04780443,0.00360842,0.1823257,0.09790403,-0.08257271,0.04380888,0.1353613,0.1413373,-0.07183374,0.01559211,0.1593092,0.1223019,-0.08319715,0.0004269712,0.1479179,-0.1115501,0.05008115,-0.02966532,0.1258236,-0.1537845,0.05402529,-0.02413478,0.1647753,-0.1759849,0.0476169,0.003622084,0.1823491,0.1134511,-0.08009046,0.0280764,0.1416825,-0.2096036,0.9443722,-0.06122506,0.2459247,151.527,-0.2162447,0.9742938,-0.06316493,-0.1419117,0.04936061,-0.01527128,0.1510252,0.1051341,-0.5095004,-0.1404993,0.8423872,65.21387,0.1951,-0.945493,-0.2607282,-0.02349945,1.113565,0.2464742,1.140758,0.4908653,-0.4790834,-0.3814563,0.6196947,103.4123,0.6254312,-0.6104193,-0.4860288,0.1298184,-0.08639581,0.04736925,0.1629751,0.03245736,0.5149012,-0.6771885,0.5246324,116.713,0.03812552,0.6048205,-0.7954487,-0.4243363,-0.2899754,-0.241417,0.5678285,0.2339305,-0.1251533,0.7210355,0.6400945,100.4023,0.3044795,-0.1628972,0.9384863,0.1234994,-0.0135653,0.05352578,0.1352817,-0.2250957,-0.5492593,0.1077927,0.7975131,74.21349,-0.3731062,-0.910422,0.1786713,-0.1467253,1.202369,-0.05352626,1.212471,0.03026313,-0.07510839,-0.21215,-0.9738764,333.7497,0.1332715,-0.3307592,-0.9342576,False,False,False,False
1772879677715,3.331016,0.1208723,1.110348,0.1722918,1.130118,-0.2902838,-0.8760758,-0.009769952,0.3848781,134.7277,-0.3145115,-0.9491947,-0.01058537,-0.1038886,0.6427501,-0.0601959,0.6538686,0.5189529,0.209775,-0.7702883,0.3055131,144.4219,0.545011,0.2203084,-0.8089668,-0.005119783,1.100939,0.2220519,1.123121,0.001450898,1.116486,0.2680416,1.148211,0.01388521,1.098817,0.2691523,1.131386,-0.02113595,0.6492895,0.03397018,0.650521,-0.008531425,0.6582904,0.07330975,0.6624148,-0.02508039,0.6502612,0.1040463,0.6590101,0.09655622,-0.08311769,0.04697802,0.1357888,0.1321047,-0.07629155,0.01396842,0.1531899,0.1173509,-0.084791,0.0006216168,0.1447796,-0.1117407,0.05165067,-0.02458128,0.1255309,-0.1539738,0.05355987,-0.02411781,0.1647976,-0.1759101,0.04780443,0.00360842,0.1823257,0.09790403,-0.08257271,0.04380888,0.1353613,0.1413373,-0.07183374,0.01559211,0.1593092,0.1223019,-0.08319715,0.0004269712,0.1479179,-0.1115501,0.05008115,-0.02966532,0.1258236,-0.1537845,0.05402529,-0.02413478,0.1647753,-0.1759849,0.0476169,0.003622084,0.1823491,0.1134511,-0.08009046,0.0280764,0.1416825,-0.2096036,0.9443722,-0.06122506,0.2459247,151.527,-0.2162447,0.9742938,-0.06316493,-0.1419117,0.04936061,-0.01527128,0.1510252,0.1051341,-0.5095004,-0.1404993,0.8423872,65.21387,0.1951,-0.945493,-0.2607282,-0.02324486,1.113158,0.2463853,1.140336,0.4885204,-0.484,-0.3890141,0.6129926,104.3876,0.6183109,-0.6125895,-0.4923676,0.1298184,-0.08639581,0.04736925,0.1629751,0.03245736,0.5149012,-0.6771885,0.5246324,116.713,0.03812552,0.6048205,-0.7954487,-0.4243363,-0.2899754,-0.241417,0.5678285,0.2339305,-0.1251533,0.7210355,0.6400945,100.4023,0.3044795,-0.1628972,0.9384863,0.1232449,-0.01315773,0.05361475,0.1350443,-0.2340351,-0.5458649,0.1140408,0.7964007,74.42451,-0.3869822,-0.9025998,0.188569,-0.1462042,1.202896,-0.05380985,1.212943,0.03180562,-0.07697523,-0.2109722,-0.9739373,333.7805,0.1402257,-0.3393711,-0.9301417,False,False,False,False
1772879677731,3.34493,0.1208723,1.110348,0.1722918,1.130118,-0.2902838,-0.8760758,-0.009769952,0.3848781,134.7277,-0.3145115,-0.9491947,-0.01058537,-0.1038886,0.6427501,-0.0601959,0.6538686,0.5189529,0.209775,-0.7702883,0.3055131,144.4219,0.545011,0.2203084,-0.8089668,-0.005119783,1.100939,0.2220519,1.123121,0.001450898,1.116486,0.2680416,1.148211,0.01388521,1.098817,0.2691523,1.131386,-0.02113595,0.6492895,0.03397018,0.650521,-0.008531425,0.6582904,0.07330975,0.6624148,-0.02508039,0.6502612,0.1040463,0.6590101,0.09655622,-0.08311769,0.04697802,0.1357888,0.1321047,-0.07629155,0.01396842,0.1531899,0.1173509,-0.084791,0.0006216168,0.1447796,-0.1117407,0.05165067,-0.02458128,0.1255309,-0.1539738,0.05355987,-0.02411781,0.1647976,-0.1759101,0.04780443,0.00360842,0.1823257,0.09790403,-0.08257271,0.04380888,0.1353613,0.1413373,-0.07183374,0.01559211,0.1593092,0.1223019,-0.08319715,0.0004269712,0.1479179,-0.1115501,0.05008115,-0.02966532,0.1258236,-0.1537845,0.05402529,-0.02413478,0.1647753,-0.1759849,0.0476169,0.003622084,0.1823491,0.1134511,-0.08009046,0.0280764,0.1416825,-0.2096036,0.9443722,-0.06122506,0.2459247,151.527,-0.2162447,0.9742938,-0.06316493,-0.1419117,0.04936061,-0.01527128,0.1510252,0.1051341,-0.5095004,-0.1404993,0.8423872,65.21387,0.1951,-0.945493,-0.2607282,-0.02124556,1.110583,0.2477223,1.138074,0.4898528,-0.4834919,-0.4195466,0.591828,107.4263,0.6077095,-0.5998181,-0.5204878,0.1298184,-0.08639581,0.04736925,0.1629751,0.03245736,0.5149012,-0.6771885,0.5246324,116.713,0.03812552,0.6048205,-0.7954487,-0.4243363,-0.2899754,-0.241417,0.5678285,0.2339305,-0.1251533,0.7210355,0.6400945,100.4023,0.3044795,-0.1628972,0.9384863,0.1212456,-0.01058304,0.05227768,0.1324592,-0.2683985,-0.5459257,0.121494,0.7843257,76.6833,-0.432657,-0.8800294,0.1958477,-0.145512,1.203311,-0.05415034,1.213287,0.0330473,-0.07828272,-0.2100285,-0.9739957,333.81,0.1458615,-0.3455179,-0.9270067,False,False,False,False
1772879677744,3.359343,0.1208723,1.110348,0.1722918,1.130118,-0.2902838,-0.8760758,-0.009769952,0.3848781,134.7277,-0.3145115,-0.9491947,-0.01058537,-0.1038886,0.6427501,-0.0601959,0.6538686,0.5189529,0.209775,-0.7702883,0.3055131,144.4219,0.545011,0.2203084,-0.8089668,-0.005119783,1.100939,0.2220519,1.123121,0.001450898,1.116486,0.2680416,1.148211,0.01388521,1.098817,0.2691523,1.131386,-0.02113595,0.6492895,0.03397018,0.650521,-0.008531425,0.6582904,0.07330975,0.6624148,-0.02508039,0.6502612,0.1040463,0.6590101,0.09655622,-0.08311769,0.04697802,0.1357888,0.1321047,-0.07629155,0.01396842,0.1531899,0.1173509,-0.084791,0.0006216168,0.1447796,-0.1117407,0.05165067,-0.02458128,0.1255309,-0.1539738,0.05355987,-0.02411781,0.1647976,-0.1759101,0.04780443,0.00360842,0.1823257,0.09790403,-0.08257271,0.04380888,0.1353613,0.1413373,-0.07183374,0.01559211,0.1593092,0.1223019,-0.08319715,0.0004269712,0.1479179,-0.1115501,0.05008115,-0.02966532,0.1258236,-0.1537845,0.05402529,-0.02413478,0.1647753,-0.1759849,0.0476169,0.003622084,0.1823491,0.1134511,-0.08009046,0.0280764,0.1416825,-0.2096036,0.9443722,-0.06122506,0.2459247,151.527,-0.2162447,0.9742938,-0.06316493,-0.1419117,0.04936061,-0.01527128,0.1510252,0.1051341,-0.5095004,-0.1404993,0.8423872,65.21387,0.1951,-0.945493,-0.2607282,-0.02067791,1.110107,0.2475488,1.137561,0.4820741,-0.491495,-0.4240642,0.5883934,107.9138,0.5962021,-0.6078535,-0.5244588,0.1298184,-0.08639581,0.04736925,0.1629751,0.03245736,0.5149012,-0.6771885,0.5246324,116.713,0.03812552,0.6048205,-0.7954487,-0.4243363,-0.2899754,-0.241417,0.5678285,0.2339305,-0.1251533,0.7210355,0.6400945,100.4023,0.3044795,-0.1628972,0.9384863,0.1206779,-0.01010716,0.05245119,0.1319714,-0.2717174,-0.5414973,0.1327247,0.7844326,76.66353,-0.4381026,-0.8730814,0.2139982,-0.1449061,1.203765,-0.05452015,1.21368,0.03434014,-0.0796324,-0.2088676,-0.9740913,333.8584,0.1518433,-0.3521141,-0.9235588,True,True,False,False
1772879677759,3.373027,0.05502266,1.041709,0.1717915,1.057212,-0.3062525,-0.7271248,0.4962128,0.3623147,137.5152,-0.3285774,-0.78013,0.5323852,-0.1053663,0.6361764,-0.05830986,0.6474739,0.5269517,0.2266428,-0.7632922,0.2972206,145.4185,0.5518923,0.2373698,-0.7994188,-0.03414494,1.083926,0.2613671,1.115515,-0.04646208,1.130749,0.258461,1.160842,-0.02784706,1.13704,0.2686099,1.168669,-0.02306293,0.6531624,0.03679107,0.6546042,-0.01088493,0.6469709,0.07870609,0.6518316,-0.02949212,0.6389302,0.1084597,0.6487412,0.1029855,-0.07866015,0.03104088,0.1332553,0.1468,-0.0619932,0.01858895,0.1604337,0.1438907,-0.06795906,-0.002507001,0.1591517,-0.1150193,0.04164843,-0.03380119,0.1269116,-0.1563172,0.05317174,-0.02354413,0.1667832,-0.1775469,0.04510418,0.004391007,0.1832391,0.09832598,-0.08224783,0.04274867,0.1351301,0.1417909,-0.07101662,0.01584095,0.1593705,0.1240946,-0.08193184,0.0001833448,0.1487021,-0.1118382,0.04938093,-0.03000875,0.125884,-0.1539948,0.05395442,-0.02408574,0.1649412,-0.1761146,0.04740825,0.003685932,0.1824212,0.1138347,-0.07953321,0.0277232,0.1416067,-0.210987,0.9397883,-0.05567211,0.263027,149.5005,-0.2186874,0.9740874,-0.05770395,-0.1421067,0.04891654,-0.01542235,0.1510794,0.1082161,-0.5061924,-0.1531224,0.841791,65.34053,0.2004732,-0.9377347,-0.2836632,-0.01895392,1.108161,0.2476477,1.135654,0.47192,-0.4989279,-0.4442201,0.575353,109.7513,0.5769862,-0.610007,-0.5431194,0.1135736,-0.05608959,0.0101549,0.1270753,-0.1973742,0.140419,-0.9466626,0.2124994,155.4623,-0.2019874,0.1437009,-0.9687886,-0.411779,-0.2928696,-0.2645705,0.570379,0.3044928,-0.1349355,0.6913283,0.6412035,100.2368,0.3968,-0.1758413,0.900905,0.1189539,-0.008161306,0.05235231,0.1302206,-0.2907899,-0.5377231,0.1500964,0.777024,78.0222,-0.4619592,-0.854246,0.2384485,-0.1442493,1.204211,-0.05482744,1.214059,0.03534975,-0.0805866,-0.2081422,-0.9741319,333.879,0.1564287,-0.3566095,-0.9210649,True,True,False,False
1772879677772,3.389963,0.05718818,1.041095,0.1731246,1.05694,-0.3144038,-0.7233022,0.5020565,0.3548571,138.4306,-0.3362894,-0.7736511,0.5370045,-0.1053811,0.6365978,-0.05825293,0.6478853,0.5262951,0.2262186,-0.763619,0.297867,145.3409,0.5513211,0.2369756,-0.79993,-0.03375429,1.086221,0.2606758,1.117573,-0.04368696,1.129506,0.259466,1.159748,-0.02529208,1.134627,0.2688917,1.166328,-0.02297848,0.6540243,0.03663796,0.6554526,-0.0108463,0.6476321,0.07866877,0.6524827,-0.02933746,0.6396769,0.1084137,0.6494619,0.1039666,-0.07862465,0.03132442,0.1340601,0.1443049,-0.0655477,0.01807582,0.1595216,0.1401956,-0.07115787,-0.002050608,0.1572337,-0.1149688,0.04152437,-0.03400095,0.1268785,-0.1562892,0.05319282,-0.02345987,0.1667518,-0.1775151,0.04515665,0.004376195,0.1832208,0.09877256,-0.08196098,0.04184418,0.1349984,0.1419899,-0.07058363,0.01601789,0.159373,0.1253693,-0.08107883,6.477105E-06,0.1493025,-0.112086,0.04875891,-0.03032482,0.1259377,-0.1541764,0.05389412,-0.02403618,0.1650839,-0.1762255,0.04722999,0.003740582,0.1824832,0.1141552,-0.07916275,0.02734657,0.1415838,-0.2107367,0.9367381,-0.05226969,0.2745535,148.1292,-0.2191585,0.974174,-0.0543586,-0.142265,0.04852501,-0.01556698,0.151117,0.1108879,-0.5032147,-0.1644297,0.8410955,65.48802,0.2050113,-0.9303519,-0.3040004,-0.01841261,1.107795,0.2470669,1.135161,0.463942,-0.5095204,-0.4404802,0.5754339,109.74,0.5672714,-0.6230011,-0.5385842,0.111041,-0.05825571,0.01119487,0.1258935,-0.223438,0.14184,-0.9446999,0.1936467,157.6687,-0.227749,0.1445767,-0.9629269,-0.4125478,-0.2894998,-0.2634603,0.5686978,0.3192456,-0.1521935,0.6763723,0.646096,99.5042,0.4182679,-0.1994003,0.8861668,0.1184126,-0.007794738,0.0529331,0.1299393,-0.2863535,-0.5306943,0.1601386,0.7814865,77.20626,-0.4589569,-0.8505775,0.2566643,-0.1437966,1.204666,-0.05501778,1.214464,0.03646448,-0.08131056,-0.2075319,-0.9741609,333.8937,0.1614507,-0.360012,-0.9188718,True,True,False,False
1772879677786,3.403868,0.05784561,1.040788,0.1739714,1.056812,-0.3218764,-0.7198486,0.506739,0.3484669,139.2129,-0.3434004,-0.7679852,0.5406249,-0.105393,0.6367787,-0.05820293,0.6480605,0.5256901,0.2261994,-0.7638502,0.2983567,145.2822,0.5507755,0.2369934,-0.8003002,-0.03371777,1.087805,0.2599061,1.118931,-0.04299185,1.129685,0.2584717,1.159674,-0.025128,1.135535,0.2673997,1.166865,-0.02291731,0.6543545,0.03658388,0.6557769,-0.01075658,0.6480182,0.07861586,0.6528581,-0.02922283,0.6400939,0.1084083,0.6498666,0.1038253,-0.07893697,0.03112006,0.1340865,0.1428722,-0.06689709,0.01798828,0.1587806,0.1393915,-0.07181064,-0.00193119,0.1568136,-0.114956,0.04153708,-0.0339922,0.1268688,-0.1562784,0.05319189,-0.02344018,0.1667386,-0.1775262,0.04513614,0.004399002,0.1832271,0.09925853,-0.08167013,0.04081274,0.1348627,0.1420748,-0.07022906,0.0162074,0.1593112,0.126718,-0.08018743,-0.0001798871,0.1499583,-0.1123621,0.04806431,-0.03067755,0.1260021,-0.1543786,0.05382658,-0.02397886,0.1652424,-0.1763506,0.0470286,0.003803909,0.1825533,0.1144497,-0.07881585,0.02689381,0.1415413,-0.2096365,0.9334219,-0.04839277,0.2871137,146.6295,-0.2188509,0.9744496,-0.05051983,-0.142439,0.04808664,-0.01572998,0.1511576,0.1138311,-0.4998776,-0.1770613,0.8401275,65.69283,0.2098699,-0.9216219,-0.3264472,-0.01661275,1.107015,0.2464858,1.134246,0.4653181,-0.5088041,-0.4451322,0.5713623,110.3094,0.5669785,-0.6199651,-0.5423825,0.109479,-0.05942105,0.01147662,0.1250928,-0.2283859,0.1433569,-0.9430581,0.1947567,157.539,-0.2328445,0.1461556,-0.9614686,-0.4124575,-0.2883595,-0.2633232,0.5679889,0.3247539,-0.1593556,0.6809183,0.6367819,100.8955,0.4211872,-0.206675,0.8831121,0.1166127,-0.007015347,0.0535142,0.1284972,-0.2923832,-0.5304726,0.1599416,0.779442,77.58101,-0.4667119,-0.8467582,0.2553042,-0.14311,1.20487,-0.05526381,1.214597,0.03802858,-0.08137147,-0.2069793,-0.9742135,333.9204,0.1685455,-0.3606445,-0.917348,True,True,False,False
1772879677799,3.419721,0.05951362,1.040249,0.173884,1.05636,-0.328193,-0.7169852,0.5101928,0.343402,139.8315,-0.3494432,-0.7634092,0.5432273,-0.1054508,0.6371334,-0.05811195,0.6484103,0.5251598,0.2267495,-0.7639471,0.2986247,145.25,0.5502682,0.2375906,-0.8004721,-0.03223163,1.088053,0.2588767,1.11889,-0.04078357,1.128645,0.2578757,1.158448,-0.02347363,1.134746,0.2661643,1.16578,-0.02284396,0.6548058,0.03653909,0.6562222,-0.01073257,0.6484079,0.07863133,0.6532465,-0.02925605,0.6405066,0.108539,0.6502964,0.1029818,-0.07974817,0.031003,0.1338888,0.1408433,-0.06910276,0.01777454,0.157886,0.1376603,-0.07334331,-0.001653537,0.1559882,-0.1149285,0.04155682,-0.03405135,0.1268661,-0.1562786,0.05318562,-0.02335959,0.1667254,-0.1776006,0.0450211,0.004546121,0.1832745,0.0995577,-0.0815157,0.04002453,0.1347535,0.1419759,-0.07013856,0.01633332,0.1591959,0.1275972,-0.0796375,-0.0002982948,0.1504103,-0.1125683,0.04754144,-0.03094863,0.126054,-0.1545313,0.05377508,-0.0239291,0.165361,-0.1764511,0.0468673,0.003863545,0.1826101,0.1145674,-0.07865887,0.02653185,0.1414809,-0.2078845,0.931123,-0.04560226,0.2961661,145.545,-0.217649,0.9748586,-0.04774424,-0.1425717,0.04775224,-0.0158505,0.1511893,0.1161208,-0.4972675,-0.1866708,0.8392825,65.87115,0.2135768,-0.9146063,-0.3433369,-0.01609717,1.106962,0.245757,1.134028,0.4593652,-0.5242298,-0.4384489,0.5673882,110.8634,0.5578541,-0.6366258,-0.5324533,0.1080274,-0.06100669,0.0115006,0.1245954,-0.2314331,0.1436213,-0.9449764,0.1811946,159.1213,-0.2353284,0.1460387,-0.9608815,-0.4121327,-0.2860574,-0.264157,0.5669754,0.3285319,-0.1597847,0.6762773,0.6396756,100.4647,0.4274169,-0.2078784,0.8798304,0.1160972,-0.006961703,0.05424298,0.1283329,-0.2892559,-0.5173043,0.1692399,0.787455,76.10341,-0.4692876,-0.8392723,0.2745741,-0.14255,1.205281,-0.05550781,1.214951,0.03911922,-0.0823275,-0.205297,-0.974446,334.0387,0.1741559,-0.366516,-0.9139673,True,True,False,False
1772879677814,3.432271,0.06016519,1.039872,0.1745125,1.056129,-0.3351085,-0.7138307,0.5134016,0.3384773,140.4317,-0.3561292,-0.7586078,0.5456062,-0.105428,0.6372033,-0.05806956,0.6484714,0.524826,0.2276419,-0.7638496,0.2987821,145.2311,0.5499468,0.238538,-0.8004113,-0.03217129,1.089179,0.2580124,1.119784,-0.04005014,1.129135,0.2565333,1.158602,-0.02298731,1.135383,0.2647003,1.166057,-0.02275323,0.6548876,0.03651891,0.6562995,-0.01063247,0.6484371,0.07861358,0.6532716,-0.0291356,0.6405112,0.108551,0.6502975,0.1027851,-0.07998882,0.03108788,0.1339009,0.1398862,-0.06968132,0.01774432,0.1572847,0.1368622,-0.07373615,-0.001524583,0.155469,-0.1149217,0.04156711,-0.03405867,0.1268654,-0.156275,0.0531885,-0.02331918,0.1667173,-0.1776201,0.0449885,0.004583903,0.1832864,0.09985004,-0.08137739,0.03921505,0.1346482,0.1417866,-0.07009714,0.01646113,0.159022,0.1284364,-0.07910296,-0.0004093717,0.1508421,-0.1127814,0.04700028,-0.03123034,0.1261111,-0.1546892,0.05372194,-0.02387386,0.1654834,-0.176557,0.04669712,0.003928795,0.1826702,0.1146557,-0.07852687,0.02614083,0.1414063,-0.205795,0.9288172,-0.04258544,0.3051781,144.4622,-0.2161042,0.9753458,-0.04471874,-0.1427078,0.04740463,-0.01597576,0.1512215,0.1184952,-0.4945366,-0.1966512,0.8382844,66.0812,0.2173293,-0.9070185,-0.3606736,-0.01406678,1.106246,0.2442805,1.132983,0.4529065,-0.5348389,-0.4524997,0.5514227,113.0707,0.5429062,-0.64112,-0.5424187,0.1069873,-0.06170772,0.01177595,0.1240677,-0.2364974,0.1386684,-0.9432858,0.1872218,158.4186,-0.2407545,0.1411645,-0.9602655,-0.4112758,-0.2854566,-0.265199,0.5665367,0.339712,-0.1650153,0.6820989,0.6261846,102.4616,0.4357098,-0.2116462,0.8748503,0.1140668,-0.00624609,0.05571955,0.127102,-0.3070765,-0.5074897,0.1827041,0.7840775,76.72912,-0.4947557,-0.8176575,0.2943693,-0.1418036,1.205573,-0.05562726,1.215158,0.03973145,-0.08218757,-0.2045418,-0.9745919,334.1132,0.1773819,-0.3669281,-0.9131809,True,True,False,False
1772879677827,3.445638,0.0625667,1.039945,0.1737089,1.056208,-0.3404501,-0.7116619,0.5148224,0.335543,140.7889,-0.3614024,-0.7554597,0.5465061,-0.105248,0.6374749,-0.05822106,0.6487226,0.5248507,0.2284442,-0.7635683,0.2988455,145.2234,0.549984,0.2393836,-0.8001331,-0.03105966,1.088909,0.2559423,1.119015,-0.03704555,1.128989,0.2554706,1.158125,-0.01981097,1.134318,0.2627332,1.164516,-0.02260227,0.6550756,0.03640163,0.6564754,-0.01045945,0.6486268,0.07847281,0.6534402,-0.02896008,0.640697,0.1084346,0.6504532,0.10193,-0.08040845,0.03271736,0.1338868,0.1383895,-0.0712444,0.01757793,0.156641,0.1343765,-0.07455968,-0.001159012,0.15368,-0.1149248,0.04158849,-0.03400383,0.1268604,-0.1562773,0.05318637,-0.02330431,0.1667167,-0.1776623,0.04493875,0.00457979,0.1833149,0.1000021,-0.08130657,0.03874011,0.1345807,0.1415383,-0.070181,0.01654276,0.1588462,0.1288706,-0.07877088,-0.000464165,0.1510387,-0.1129381,0.04660472,-0.03143306,0.1261549,-0.1548053,0.0536828,-0.02383223,0.1655732,-0.1766378,0.04656859,0.003976378,0.1827166,0.1146291,-0.07848301,0.02591635,0.1413191,-0.2028878,0.9278534,-0.03984138,0.3103825,143.8354,-0.2134287,0.9760593,-0.04191131,-0.1428086,0.04714875,-0.01606656,0.1512463,0.1202549,-0.4925531,-0.2039583,0.8374552,66.25527,0.2200432,-0.9012769,-0.3732041,-0.0132822,1.1061,0.2433975,1.132641,0.4457192,-0.551601,-0.4497011,0.5429913,114.225,0.5307835,-0.6568725,-0.5355253,0.1056119,-0.06270739,0.01275628,0.1234861,-0.2576723,0.1338522,-0.9401202,0.1785014,159.435,-0.2618782,0.1360371,-0.9554653,-0.4099499,-0.2832734,-0.2669553,0.5653034,0.3576915,-0.1774733,0.6699958,0.6258321,102.5134,0.4586036,-0.2275422,0.8590154,0.1132822,-0.006100178,0.05660255,0.126783,-0.3088858,-0.4922635,0.194483,0.7902169,75.58843,-0.5040339,-0.8032663,0.3173537,-0.1411214,1.205633,-0.05582107,1.215147,0.04048572,-0.08219364,-0.2037182,-0.9747328,334.1855,0.1812463,-0.3679643,-0.912005,True,True,False,False
1772879677841,3.4583,0.06374076,1.039332,0.1737789,1.055686,-0.346554,-0.7092062,0.5156651,0.3331914,141.0748,-0.3675565,-0.7521867,0.5469164,-0.1052086,0.6375887,-0.05828952,0.6488342,0.5248816,0.2291457,-0.7633033,0.298931,145.2132,0.550032,0.2401255,-0.7998779,-0.0305973,1.08945,0.2547,1.119245,-0.03564897,1.129523,0.253918,1.158261,-0.01842174,1.134698,0.2612303,1.164526,-0.02259081,0.6551811,0.03635846,0.6565779,-0.01041079,0.6486744,0.07839006,0.6534767,-0.02889189,0.6406977,0.1083497,0.6504367,0.1019117,-0.08040453,0.03329979,0.1340141,0.1380066,-0.07126347,0.01762927,0.1563173,0.1339067,-0.07457238,-0.001059502,0.1532748,-0.1149331,0.04156725,-0.03399954,0.1268599,-0.1562586,0.05320251,-0.02331448,0.1667058,-0.1776528,0.04495768,0.004561462,0.1833099,0.10015,-0.08123668,0.0383186,0.1345278,0.1412646,-0.07026487,0.01662694,0.1586484,0.1292608,-0.07844558,-0.0005102907,0.1512029,-0.1130927,0.04621442,-0.03163191,0.1261995,-0.1549179,0.05364558,-0.02379211,0.1656607,-0.1767164,0.04644378,0.004021709,0.1827618,0.1145962,-0.07843853,0.02571291,0.1412305,-0.1999482,0.9270462,-0.03697634,0.3150218,143.2757,-0.2106749,0.9767795,-0.03896002,-0.142907,0.04689718,-0.01615705,0.1512706,0.1219548,-0.4906115,-0.2111558,0.8365648,66.44174,0.2225988,-0.8954921,-0.3854136,-0.01221498,1.105692,0.2426441,1.132069,0.4420533,-0.5586671,-0.4585592,0.5312282,115.823,0.5217639,-0.6594052,-0.541246,0.1052041,-0.06317021,0.01337698,0.1234396,-0.2666866,0.127308,-0.9371046,0.1857579,158.5894,-0.2714103,0.1295629,-0.9537033,-0.4090196,-0.2823784,-0.2682051,0.5647731,0.372319,-0.1851357,0.6716973,0.6131281,104.3679,0.4712998,-0.2343539,0.8502676,0.112215,-0.005692005,0.05735588,0.1261519,-0.3211999,-0.4847057,0.2026207,0.7879316,76.01476,-0.5216292,-0.7871627,0.3290564,-0.1407533,1.205908,-0.05593017,1.215382,0.04024673,-0.08204573,-0.2037172,-0.9747553,334.197,0.1802558,-0.3674638,-0.9124022,True,True,False,False
1772879677856,3.472386,0.06506962,1.038924,0.1737783,1.055366,-0.3514629,-0.7072937,0.5159332,0.3316963,141.2565,-0.3725546,-0.7497392,0.546895,-0.1051376,0.6376448,-0.05828548,0.6488775,0.5249063,0.2295323,-0.7631609,0.2989548,145.2103,0.5500621,0.2405325,-0.7997348,-0.03020903,1.089188,0.2536125,1.118732,-0.0338934,1.129596,0.2531352,1.158107,-0.01667223,1.134226,0.2606082,1.1639,-0.02251638,0.6552893,0.03637377,0.6566842,-0.01029992,0.6486201,0.07832642,0.6534134,-0.02879586,0.6406824,0.1083609,0.6504192,0.101474,-0.08055222,0.03452998,0.1340819,0.1373065,-0.07175045,0.01764356,0.1559246,0.1328124,-0.07525779,-0.0008322597,0.1526551,-0.1149533,0.0415232,-0.03405174,0.1268778,-0.1561871,0.05328471,-0.02331914,0.1666657,-0.177665,0.04497446,0.004552208,0.1833256,0.1002476,-0.08118624,0.0380394,0.1344908,0.1409729,-0.07037435,0.01670186,0.1584452,0.1295225,-0.07821066,-0.0005340183,0.1513052,-0.1132298,0.0458687,-0.03181024,0.1262411,-0.1550114,0.05361899,-0.02375726,0.1657346,-0.1767863,0.0463355,0.004060804,0.1828028,0.1145273,-0.07842211,0.02558317,0.1411419,-0.1973384,0.9266025,-0.03467573,0.3182185,142.8896,-0.2081591,0.9774109,-0.03657711,-0.1429964,0.04667575,-0.01623763,0.1512953,0.1235188,-0.4888667,-0.217688,0.835682,66.62617,0.2249011,-0.8901212,-0.3963631,-0.008205752,1.103946,0.2405365,1.129877,0.440008,-0.5745869,-0.4665216,0.5085276,118.8684,0.511016,-0.667313,-0.5418082,0.1045705,-0.06356198,0.0140795,0.1231801,-0.2792365,0.1235231,-0.935193,0.179397,159.3307,-0.2838413,0.1255601,-0.950615,-0.4082917,-0.2812569,-0.2691731,0.5641469,0.3849159,-0.1922931,0.6630375,0.6125721,104.4486,0.4869796,-0.2432812,0.8388475,0.1082058,-0.003945589,0.05946355,0.1235312,-0.3403099,-0.4652648,0.2122031,0.7891057,75.79597,-0.5540185,-0.7574427,0.3454628,-0.1402523,1.205886,-0.05600219,1.215306,0.04035645,-0.08182589,-0.2032834,-0.9748599,334.2507,0.1811179,-0.3672308,-0.9123264,True,True,False,False
1772879677869,3.487013,0.06974426,1.037383,0.1722172,1.053891,-0.3571155,-0.705411,0.5158368,0.3298126,141.4852,-0.3782817,-0.7472206,0.5464104,-0.1048876,0.6374161,-0.05827901,0.6486117,0.5249594,0.2298232,-0.7630299,0.2989723,145.2082,0.550121,0.2408387,-0.7996023,-0.02695589,1.087694,0.2506345,1.116523,-0.02866696,1.12831,0.2510303,1.156254,-0.01174981,1.132039,0.2585131,1.16124,-0.02226138,0.6551532,0.0363779,0.6565399,-0.01003269,0.6483037,0.07828766,0.6530905,-0.02861295,0.6404798,0.1084689,0.6502296,0.101062,-0.08065343,0.03623381,0.134281,0.1362865,-0.07267295,0.01757029,0.155448,0.1312365,-0.07632089,-0.0002418458,0.1518155,-0.1149666,0.041457,-0.03414125,0.1268922,-0.1561309,0.05334513,-0.02332175,0.1666327,-0.1777575,0.04487178,0.004567958,0.1833905,0.1003138,-0.08114292,0.03789259,0.1344726,0.1405919,-0.07056125,0.01677247,0.158197,0.1296619,-0.078057,-0.0005102614,0.1513452,-0.113371,0.04550998,-0.03199977,0.1262859,-0.1551024,0.05359672,-0.02372184,0.1658074,-0.1768653,0.04621648,0.004102042,0.18285,0.114392,-0.07844269,0.02554212,0.1410361,-0.194489,0.9266281,-0.03280241,0.3200913,142.6631,-0.20529,0.9780886,-0.03462411,-0.1430956,0.04644359,-0.01632079,0.1513266,0.1253149,-0.4870021,-0.224701,0.8346464,66.84193,0.22752,-0.8841946,-0.4079642,-0.006989333,1.103575,0.2394612,1.129277,0.4349575,-0.5889823,-0.465192,0.4975019,120.3303,0.5014134,-0.6789712,-0.5362674,0.1039129,-0.06440119,0.01512959,0.123184,-0.2987593,0.1088448,-0.9317624,0.175256,159.8129,-0.3034559,0.1105559,-0.9464102,-0.4068435,-0.2774103,-0.2716798,0.5623949,0.4102383,-0.1978227,0.6513036,0.6069386,105.2631,0.5161861,-0.2489122,0.8195088,0.1069893,-0.00357461,0.06053886,0.1229815,-0.3450464,-0.4500376,0.2213523,0.7933552,74.99966,-0.5668029,-0.7392703,0.3636123,-0.1396997,1.205891,-0.05610223,1.215251,0.0399176,-0.08141635,-0.2028971,-0.9749927,334.3191,0.1796173,-0.3663494,-0.9129765,True,True,False,False
1772879677883,3.500542,0.07150954,1.036559,0.1718936,1.053146,-0.3628017,-0.7037433,0.5154565,0.3277576,141.7345,-0.3840139,-0.7448896,0.5455941,-0.1047837,0.6372318,-0.05832755,0.6484181,0.5249594,0.2298232,-0.7630299,0.2989723,145.2082,0.550121,0.2408387,-0.7996023,-0.02598756,1.087912,0.2490442,1.116356,-0.02675146,1.128484,0.2494296,1.15603,-0.0102056,1.132303,0.2570842,1.161166,-0.02214555,0.6549881,0.03631904,0.6563679,-0.009938534,0.648154,0.07828988,0.6529408,-0.02855882,0.6403604,0.1084892,0.650113,0.1011932,-0.08061738,0.0368211,0.1345178,0.1360516,-0.07278898,0.01757565,0.1552971,0.1313252,-0.07652012,-5.058944E-05,0.1519923,-0.1149643,0.04145199,-0.03416549,0.126895,-0.1561833,0.05331165,-0.02332094,0.166671,-0.1778227,0.04478809,0.004581489,0.1834335,0.1003878,-0.08109868,0.03780241,0.1344758,0.1402097,-0.07074875,0.01684007,0.1579486,0.1298019,-0.07792765,-0.0004715731,0.1513984,-0.1135051,0.04516844,-0.03218205,0.1263301,-0.1551934,0.05357273,-0.0236881,0.1658799,-0.1769459,0.04609627,0.004142395,0.1828985,0.1142598,-0.07846732,0.02553829,0.1409419,-0.1920072,0.9266769,-0.03126621,0.3215985,142.4808,-0.2027797,0.9786676,-0.03302038,-0.1431909,0.04621946,-0.01640159,0.1513568,0.1270457,-0.4852173,-0.2313436,0.8336089,67.05748,0.2300073,-0.8784515,-0.4188313,-0.005825113,1.103205,0.2384452,1.128695,0.43202,-0.598248,-0.4689802,0.4852996,121.9358,0.4941053,-0.6842219,-0.5363771,0.1037314,-0.06488756,0.01574493,0.1233633,-0.3079154,0.101641,-0.9286931,0.1799628,159.2648,-0.313026,0.103328,-0.9441071,-0.4061401,-0.2764629,-0.2726466,0.5618876,0.4251949,-0.2027482,0.6496845,0.596668,106.7367,0.5298457,-0.2526495,0.8095875,0.1058251,-0.003205061,0.06155479,0.1224672,-0.3543429,-0.4388066,0.2280669,0.793647,74.94471,-0.5824382,-0.7212723,0.3748766,-0.1390599,1.205818,-0.05623076,1.215112,0.03996161,-0.08105475,-0.2027469,-0.9750522,334.3498,0.1800271,-0.3651517,-0.9133751,True,True,False,False
1772879677897,3.514351,0.07282448,1.036125,0.1716984,1.052777,-0.3694724,-0.7019392,0.5145308,0.3256216,141.9935,-0.3907693,-0.7423999,0.5441891,-0.1046378,0.6370752,-0.05833439,0.6482413,0.5249594,0.2298232,-0.7630299,0.2989723,145.2082,0.550121,0.2408387,-0.7996023,-0.0254092,1.088447,0.2475066,1.116522,-0.02492455,1.1285,0.2482924,1.155761,-0.008605613,1.131922,0.2559412,1.160529,-0.02198934,0.6548231,0.03631959,0.6561981,-0.009749521,0.6479016,0.07821785,0.6526788,-0.02845106,0.6402541,0.1085412,0.6500123,0.1010851,-0.08070324,0.03745765,0.1346636,0.1350928,-0.0734605,0.01755409,0.1547729,0.1302,-0.07715375,0.0002641231,0.1513433,-0.1149722,0.04146493,-0.03416422,0.126906,-0.1561132,0.05341277,-0.0233082,0.1666359,-0.1778784,0.04472338,0.004593588,0.1834721,0.1004425,-0.0810677,0.03777539,0.1344903,0.1398089,-0.0709612,0.01689601,0.1576943,0.1298331,-0.07786702,-0.0004139339,0.1513937,-0.1136201,0.04487828,-0.03233735,0.1263696,-0.1552655,0.0535602,-0.02365834,0.1659391,-0.1770189,0.04598871,0.004177744,0.1829429,0.1141139,-0.07851136,0.02556412,0.1408529,-0.1896627,0.9270371,-0.03014559,0.3220583,142.4251,-0.2003367,0.9792095,-0.03184214,-0.1432784,0.04602757,-0.01646767,0.1513883,0.1287088,-0.4836478,-0.2372614,0.8326018,67.26611,0.23238,-0.8732124,-0.4283687,-0.002214934,1.101682,0.2361443,1.126709,0.4279442,-0.6098881,-0.4757766,0.4674793,124.2584,0.4840976,-0.6899157,-0.5382064,0.1029043,-0.06546698,0.01629156,0.1230472,-0.3170328,0.09683596,-0.9266996,0.1770335,159.606,-0.3221207,0.09839004,-0.9415719,-0.4054223,-0.275563,-0.2735272,0.5613549,0.438663,-0.2069441,0.6434301,0.5922387,107.3679,0.5444074,-0.2568301,0.7985357,0.1022149,-0.001681924,0.06385571,0.1205333,-0.3686914,-0.4238074,0.2372242,0.7925773,75.14597,-0.6046387,-0.6950266,0.3890378,-0.138378,1.205849,-0.05619384,1.215063,0.03960133,-0.08070981,-0.2025869,-0.9751288,334.3894,0.1786751,-0.3641501,-0.9140409,True,True,False,False
1772879677911,3.528884,0.07674763,1.03495,0.1701125,1.051641,-0.3764882,-0.7000567,0.5132709,0.3236207,142.2359,-0.3979005,-0.7398714,0.5424625,-0.1042957,0.6370863,-0.05842495,0.6482053,0.5249594,0.2298232,-0.7630299,0.2989723,145.2082,0.550121,0.2408387,-0.7996023,-0.02208847,1.088099,0.2446645,1.115485,-0.02027964,1.127389,0.2459469,1.154083,-0.00420156,1.130113,0.2533973,1.158181,-0.02167677,0.6548638,0.03624867,0.6562244,-0.00938962,0.6478877,0.07813527,0.6526498,-0.02816582,0.6403391,0.1085258,0.650081,0.100755,-0.08092927,0.03808259,0.1347271,0.133687,-0.07436055,0.01756443,0.1539813,0.1283711,-0.07787995,0.0008078665,0.1501502,-0.114989,0.04142242,-0.0341575,0.1269055,-0.1561201,0.05344272,-0.02330064,0.1666509,-0.1779494,0.04462798,0.004607975,0.1835181,0.1004674,-0.08105665,0.03779992,0.1345092,0.1393201,-0.0712326,0.01694938,0.1573895,0.1297163,-0.07786805,-0.0003163858,0.151294,-0.1137294,0.04460237,-0.03248267,0.1264075,-0.1553337,0.05355082,-0.02362978,0.1659958,-0.1770932,0.04588006,0.004212094,0.1829883,0.1139163,-0.07858659,0.02562355,0.1407457,-0.1869714,0.9278154,-0.02909885,0.3214866,142.4943,-0.1974534,0.9798306,-0.03073019,-0.1433654,0.04584286,-0.01652832,0.1514212,0.1303946,-0.4821451,-0.2429857,0.8315595,67.48144,0.2347611,-0.8680487,-0.4374688,-0.00108554,1.10146,0.2349974,1.12625,0.4264294,-0.6228244,-0.4731746,0.4542616,125.9651,0.4786671,-0.6991206,-0.5311387,0.1017828,-0.06628088,0.01719195,0.1226722,-0.3316163,0.08936258,-0.9231156,0.172924,160.0843,-0.3366885,0.0907294,-0.9372349,-0.4039006,-0.2721041,-0.2754351,0.5595005,0.4572431,-0.2130065,0.6329747,0.5872819,108.0713,0.5649284,-0.2631716,0.7820465,0.1010855,-0.001459718,0.06500264,0.1201905,-0.3747403,-0.4073249,0.2421599,0.7968782,74.33398,-0.6202871,-0.6742225,0.400834,-0.1378104,1.205765,-0.05611807,1.214912,0.03898839,-0.08065356,-0.2022241,-0.9752335,334.4435,0.1762762,-0.3646548,-0.9143057,True,True,False,False
1772879677925,3.542109,0.07824913,1.0344,0.1696022,1.051128,-0.3827296,-0.6986168,0.5118681,0.3216269,142.4773,-0.4042065,-0.7378197,0.5405915,-0.1041997,0.6372241,-0.05848908,0.648331,0.5251254,0.2297725,-0.7629973,0.2988029,145.2286,0.5502642,0.2407721,-0.7995235,-0.0212008,1.088735,0.2428556,1.115694,-0.018498,1.127623,0.2441316,1.153896,-0.002587354,1.13019,0.2518429,1.157913,-0.02157559,0.65503,0.03620924,0.6563847,-0.009289119,0.6478931,0.07804924,0.6526434,-0.02808733,0.6403905,0.1084827,0.6501211,0.1009043,-0.080918,0.03846169,0.1349396,0.1332262,-0.07447205,0.01760593,0.15364,0.1279306,-0.07814608,0.0009427965,0.1499131,-0.1150128,0.04138059,-0.03422394,0.1269314,-0.1560704,0.05351639,-0.02329366,0.166627,-0.1779523,0.04465891,0.004609443,0.1835285,0.100504,-0.08104505,0.03785529,0.134545,0.1388102,-0.07150365,0.01700431,0.1570675,0.1295669,-0.07789131,-0.0002110289,0.1511777,-0.1138367,0.0443328,-0.03262836,0.1264469,-0.1553953,0.05354794,-0.02360165,0.1660486,-0.1771651,0.04577789,0.00424534,0.1830331,0.1137243,-0.07866346,0.02569634,0.1406466,-0.1845758,0.9287014,-0.02829838,0.320382,142.6279,-0.1948465,0.9803788,-0.02987303,-0.1434516,0.04566462,-0.0165887,0.1514556,0.1320798,-0.480639,-0.2487232,0.8304685,67.70621,0.2370991,-0.862805,-0.4464882,0.002497736,1.1004,0.2323132,1.124658,0.4233762,-0.6328719,-0.4790733,0.4367087,128.2119,0.4706256,-0.7035013,-0.5325386,0.1013855,-0.0669006,0.01768743,0.12275,-0.3383611,0.07986004,-0.9209917,0.1758082,159.7486,-0.3437147,0.08112358,-0.9355636,-0.4029638,-0.2712237,-0.2762963,0.5588218,0.4728099,-0.2135901,0.6302571,0.5775866,109.438,0.5791901,-0.2616469,0.7720621,0.09750227,-0.000399828,0.06768681,0.1186944,-0.3884419,-0.3928198,0.2494214,0.7953582,74.62183,-0.6408452,-0.6480679,0.4114915,-0.1371217,1.20569,-0.05620012,1.214763,0.03842446,-0.08064893,-0.2017821,-0.9753478,334.5029,0.1741239,-0.3654678,-0.9143937,True,True,False,False
1772879677939,3.556587,0.08232805,1.033557,0.1675032,1.050274,-0.3885143,-0.6973116,0.5105417,0.3196255,142.7194,-0.4100224,-0.7359148,0.5388053,-0.1039912,0.6375712,-0.05858965,0.6486478,0.5254475,0.2297195,-0.7628618,0.2986233,145.2501,0.5505694,0.2407025,-0.7993345,-0.01792984,1.087996,0.2397376,1.11424,-0.01404483,1.12686,0.2414811,1.152529,0.001899102,1.128896,0.2489905,1.156031,-0.02131326,0.6554924,0.03618047,0.656836,-0.009147111,0.6481621,0.0780457,0.6529081,-0.02797985,0.6406589,0.1084463,0.6503747,0.1003137,-0.08134882,0.0394033,0.1350299,0.1322224,-0.0753147,0.01763242,0.153186,0.1264856,-0.07873109,0.001195803,0.148992,-0.1150955,0.04132044,-0.03440701,0.1270362,-0.1561103,0.05351475,-0.02329261,0.1666637,-0.1779711,0.04464625,0.004611172,0.1835437,0.1004894,-0.08106836,0.03797406,0.1345816,0.1383048,-0.07179604,0.01705251,0.1567599,0.1293305,-0.07795575,-0.0001030928,0.1510082,-0.1139333,0.04410168,-0.03276482,0.1264883,-0.1554502,0.05354539,-0.02357794,0.1660957,-0.1772269,0.04569107,0.004273408,0.1830719,0.1134975,-0.07876836,0.02580702,0.1405423,-0.1819452,0.9298519,-0.02738062,0.3186247,142.8405,-0.1919494,0.9809797,-0.02888614,-0.1435268,0.04551196,-0.016647,0.1514873,0.1335118,-0.4792742,-0.2536869,0.8295262,67.8998,0.239068,-0.8581949,-0.4542553,0.003812146,1.100019,0.231132,1.124045,0.4220745,-0.6446493,-0.4770629,0.4227191,129.9873,0.4657318,-0.7113287,-0.526408,0.1006315,-0.06762411,0.01847978,0.1226427,-0.3521815,0.07221566,-0.917187,0.1718176,160.213,-0.3574979,0.0733058,-0.9310325,-0.4009596,-0.2678753,-0.2786559,0.5569335,0.4898087,-0.2180611,0.6198847,0.5729571,110.0866,0.5976299,-0.2660628,0.7563395,0.09618785,-1.895428E-05,0.06886798,0.1183001,-0.395253,-0.3765311,0.2537199,0.7985148,74.02301,-0.6565933,-0.6254925,0.4214788,-0.136478,1.20568,-0.05619548,1.21468,0.03756899,-0.08078734,-0.2018226,-0.9753613,334.5099,0.1702932,-0.3661939,-0.914824,True,True,False,False
1772879677952,3.570483,0.08411607,1.033043,0.1665961,1.049766,-0.3940933,-0.6961142,0.5092157,0.3175136,142.9747,-0.415599,-0.7341012,0.5370036,-0.1039479,0.6377172,-0.05858229,0.6487837,0.5257628,0.2297439,-0.7627507,0.2983331,145.285,0.5508474,0.2407052,-0.7991422,-0.01665616,1.088282,0.2378525,1.114096,-0.01206044,1.126835,0.2399139,1.152155,0.003825562,1.128723,0.2471979,1.155481,-0.02132273,0.6555662,0.03626716,0.6569147,-0.009155232,0.6481719,0.07809421,0.6529237,-0.02799292,0.6407045,0.1084977,0.6504288,0.1002216,-0.08162007,0.03971965,0.1352178,0.1316836,-0.07597783,0.01758309,0.1530437,0.1258777,-0.0790631,0.001281023,0.1486534,-0.1151253,0.04128897,-0.03439938,0.1270509,-0.1561023,0.05352543,-0.02329193,0.1666596,-0.1779907,0.04463339,0.004579611,0.1835587,0.100467,-0.08111436,0.0381196,0.1346338,0.1377527,-0.07214472,0.01709674,0.1564384,0.1290426,-0.07804807,1.231278E-05,0.1508095,-0.1140327,0.04386716,-0.03290111,0.1265317,-0.1555046,0.05354372,-0.0235541,0.1661427,-0.1772906,0.04560288,0.004298939,0.1831122,0.1132441,-0.07890268,0.02593625,0.140437,-0.1786315,0.9312836,-0.02619985,0.31641,143.1081,-0.1883062,0.981722,-0.02761883,-0.1436044,0.04535717,-0.01670626,0.151521,0.1349809,-0.477906,-0.2587463,0.8285146,68.1071,0.2410513,-0.8534532,-0.4620738,0.00519471,1.099591,0.2299839,1.123396,0.417745,-0.6563911,-0.4769837,0.4088109,131.7397,0.457743,-0.7192388,-0.5226536,0.1001997,-0.06855775,0.01895311,0.1228795,-0.3597507,0.06265619,-0.9145932,0.173704,159.9935,-0.3653041,0.06362341,-0.9287115,-0.3997963,-0.2667845,-0.2797474,0.5561202,0.5049779,-0.2183217,0.6160073,0.563798,111.3623,0.6114178,-0.2643398,0.7458503,0.09480529,0.0004094839,0.07001612,0.1178578,-0.4023175,-0.3608845,0.2610376,0.7998515,73.76815,-0.670308,-0.6012759,0.4349192,-0.1359016,1.205624,-0.05618779,1.21456,0.03703194,-0.08124862,-0.2014097,-0.9754289,334.545,0.1680867,-0.3687846,-0.9141917,True,True,False,False
1772879677967,3.584692,0.086242,1.032717,0.165595,1.049459,-0.3987811,-0.6951606,0.508069,0.315581,143.2082,-0.4202568,-0.7325974,0.5354302,-0.1039178,0.6379976,-0.05854065,0.6490507,0.5260398,0.2298807,-0.7626832,0.297912,145.3355,0.5510616,0.2408153,-0.7989613,-0.01548549,1.087936,0.2360505,1.113357,-0.009797974,1.126696,0.2384899,1.151702,0.006222719,1.128183,0.2454255,1.154587,-0.02132243,0.6557832,0.03636807,0.6571369,-0.0090979,0.6482611,0.07814504,0.6530175,-0.02795162,0.6408541,0.1085471,0.6505826,0.09979609,-0.08213291,0.04070032,0.1355049,0.131051,-0.07671878,0.01758274,0.1528702,0.1248513,-0.07937215,0.001411706,0.147952,-0.1151585,0.04122738,-0.034421,0.1270669,-0.1560928,0.05357578,-0.02331968,0.1666707,-0.1780043,0.04462603,0.004508339,0.1835683,0.1004132,-0.08119615,0.03832684,0.1347018,0.1372146,-0.07251202,0.01713577,0.1561392,0.1287061,-0.0781544,0.0001246871,0.1505768,-0.1141231,0.04365518,-0.03302316,0.1265717,-0.1555518,0.0535463,-0.02353527,0.1661851,-0.1773479,0.04552444,0.004315754,0.1831485,0.112967,-0.07906178,0.02610672,0.1403348,-0.1748415,0.9329599,-0.02456891,0.313708,143.4343,-0.1841368,0.98256,-0.0258751,-0.1436747,0.04521827,-0.01676233,0.1515522,0.1363491,-0.4766904,-0.2633931,0.827526,68.30914,0.2428616,-0.8490686,-0.469149,0.01051392,1.097529,0.2276246,1.120934,0.4125865,-0.67132,-0.4828412,0.3820553,135.0779,0.4464548,-0.7264272,-0.5224765,0.09980777,-0.06955552,0.01967395,0.123234,-0.3702138,0.05501354,-0.9103873,0.1763807,159.682,-0.3761105,0.05588977,-0.9248877,-0.3985116,-0.2656408,-0.2807911,0.5551758,0.5196682,-0.2218299,0.6110134,0.5544359,112.6563,0.6244313,-0.2665499,0.7341912,0.08948608,0.002471089,0.07237537,0.1151176,-0.4205881,-0.3372436,0.2710898,0.7974227,74.23064,-0.6970056,-0.5588858,0.4492546,-0.1352809,1.205652,-0.05617902,1.214518,0.0364709,-0.08175311,-0.2012334,-0.9754443,334.553,0.1655913,-0.3711891,-0.9136736,True,True,False,False
1772879677980,3.598711,0.09280446,1.032402,0.1628079,1.049273,-0.4035601,-0.6941772,0.5069835,0.3134091,143.4704,-0.4249709,-0.7310066,0.5338814,-0.1039273,0.6386361,-0.05848392,0.6496747,0.5263769,0.2304458,-0.7626859,0.2968711,145.4605,0.5512276,0.2413253,-0.7986929,-0.01006833,1.086622,0.2328966,1.111346,-0.002920544,1.12519,0.2359735,1.149672,0.01427695,1.124822,0.2414702,1.150537,-0.02119978,0.6563874,0.03636781,0.6577358,-0.008978028,0.6486749,0.07829385,0.6534445,-0.02787083,0.6413235,0.1086577,0.65106,0.09858163,-0.08332266,0.04211932,0.1357757,0.1291116,-0.0783542,0.01780264,0.1520728,0.1207136,-0.07950221,0.001857191,0.1445538,-0.115171,0.04109752,-0.03467632,0.1271055,-0.1562442,0.05349651,-0.02345578,0.1668062,-0.1781397,0.0444488,0.004323199,0.1836522,0.100263,-0.08137044,0.03863767,0.1347839,0.1365504,-0.07299085,0.01719043,0.1557857,0.128051,-0.07826487,0.0002666832,0.150075,-0.114209,0.04344556,-0.03315865,0.1266124,-0.1556086,0.05354222,-0.02352876,0.166236,-0.1774128,0.04543628,0.004316364,0.1831895,0.1125695,-0.07928705,0.02633711,0.1401855,-0.1679925,0.9358804,-0.02052115,0.3090072,144.0012,-0.1766371,0.9840395,-0.02157715,-0.1437406,0.04507579,-0.01683639,0.1515805,0.1377422,-0.4755146,-0.2678965,0.8265254,68.51308,0.2447014,-0.8447596,-0.4759227,0.01185911,1.097024,0.2267825,1.120282,0.4224352,-0.6754332,-0.4765876,0.3717565,136.352,0.4550484,-0.7275786,-0.5133815,0.09818733,-0.07153968,0.02134934,0.123347,-0.3920348,0.04049717,-0.9023486,0.1744587,159.9057,-0.3981405,0.04112789,-0.916402,-0.3961974,-0.2608333,-0.2837804,0.5527546,0.544655,-0.2268211,0.5964928,0.5441505,114.0667,0.649181,-0.2703508,0.7109671,0.08814089,0.002976179,0.07321754,0.1146232,-0.4254938,-0.32606,0.2619254,0.8025181,73.25755,-0.7131642,-0.5465047,0.4390095,-0.1345693,1.205645,-0.05619297,1.214433,0.03561953,-0.08197366,-0.2012122,-0.9754615,334.562,0.161782,-0.37232,-0.913895,True,True,False,False
1772879677994,3.611592,0.09543576,1.031837,0.1624436,1.048896,-0.4079241,-0.6929664,0.5062901,0.3115539,143.6942,-0.4292905,-0.7292629,0.5328088,-0.103974,0.6390136,-0.05841918,0.6500475,0.5265716,0.2316325,-0.7628374,0.2952084,145.6599,0.551134,0.2424373,-0.7984207,-0.008393039,1.086134,0.2313931,1.110541,-0.001048004,1.126763,0.2345801,1.150923,0.01776365,1.123115,0.2399196,1.148592,-0.02111839,0.6563345,0.0363729,0.6576807,-0.008801188,0.6484491,0.0782945,0.6532179,-0.0276998,0.6410967,0.1086719,0.6508316,0.09823622,-0.0834604,0.04320478,0.1359509,0.1306083,-0.07839273,0.01788333,0.1533746,0.1185956,-0.0793597,0.002057433,0.1427134,-0.1151596,0.04105764,-0.0346863,0.127085,-0.1562834,0.05349311,-0.02348369,0.1668458,-0.1782001,0.04436208,0.004270345,0.1836886,0.100099,-0.08153964,0.0390074,0.1348706,0.1360694,-0.07342816,0.01724652,0.1555764,0.1272855,-0.0783535,0.0004116532,0.1494692,-0.1142859,0.04325224,-0.03328232,0.1266481,-0.1556632,0.05353824,-0.02352511,0.1662853,-0.1774766,0.04534931,0.004312639,0.1832296,0.1122275,-0.07947995,0.02659007,0.1400682,-0.1595212,0.9393592,-0.01564271,0.3031708,144.7037,-0.1673997,0.9857525,-0.01641527,-0.1438009,0.04494215,-0.01690696,0.1516059,0.139086,-0.4744576,-0.2720516,0.8255502,68.7114,0.2464627,-0.8407466,-0.4820799,0.01527159,1.095902,0.2258042,1.119027,0.433343,-0.6724606,-0.4791149,0.3611918,137.6532,0.4647152,-0.721144,-0.5138009,0.09816098,-0.07230984,0.02257359,0.1239914,-0.3889646,0.02771771,-0.9049582,0.1702615,160.394,-0.3947281,0.02812842,-0.9183674,-0.3940926,-0.260727,-0.2850317,0.551843,0.5545889,-0.2142125,0.5964107,0.5392945,114.7288,0.6585649,-0.2543738,0.7082277,0.0847284,0.004098058,0.07419583,0.1126975,-0.4365821,-0.3220413,0.2516481,0.801473,73.45805,-0.7300323,-0.5385026,0.4207942,-0.1338668,1.205448,-0.05624799,1.214162,0.03518897,-0.08243177,-0.2009862,-0.9754851,334.5743,0.1599024,-0.3745788,-0.9133026,True,True,False,False
1772879678008,3.62642,0.09981208,1.030992,0.1622734,1.048446,-0.4122184,-0.6917081,0.5055808,0.3098452,143.9002,-0.4335549,-0.7275111,0.5317498,-0.1040398,0.6398091,-0.05831249,0.6508304,0.5267422,0.2334119,-0.7628945,0.2933491,145.8829,0.5509824,0.2441533,-0.7980022,-0.004805629,1.085515,0.2298869,1.1096,0.002891163,1.127074,0.2335502,1.151021,0.02244506,1.122162,0.2387278,1.147494,-0.0208364,0.6570855,0.03628162,0.6584162,-0.008643571,0.6488393,0.07863611,0.6536442,-0.0277011,0.641483,0.1089754,0.6512629,0.09795043,-0.08332582,0.04417797,0.1359749,0.1311113,-0.07865664,0.01813193,0.1539669,0.1176786,-0.07930744,0.002243936,0.1419259,-0.1151762,0.04082443,-0.03517293,0.1271587,-0.1566817,0.05321361,-0.02358105,0.1671434,-0.178534,0.04385724,0.004216596,0.1838903,0.09993809,-0.08167337,0.03939452,0.1349448,0.1356982,-0.07381962,0.01731281,0.1554447,0.1265662,-0.07842492,0.0005488374,0.1488952,-0.1143526,0.04307047,-0.03342387,0.1266836,-0.1557395,0.05351394,-0.0235293,0.1663495,-0.1775557,0.0452376,0.004305448,0.1832785,0.1119331,-0.07963551,0.02684702,0.13997,-0.1509255,0.9426836,-0.01111645,0.2973979,145.3972,-0.158078,0.987358,-0.01164327,-0.1438552,0.04480183,-0.01699352,0.1516255,0.1404134,-0.4734021,-0.2756984,0.8247211,68.87953,0.2482822,-0.8370805,-0.4874962,0.0161807,1.095688,0.2253813,1.118746,0.4428704,-0.670317,-0.4779637,0.3550938,138.4016,0.473744,-0.7170464,-0.5112838,0.09768108,-0.0727212,0.02380327,0.1240829,-0.3882318,0.01989069,-0.9080105,0.1561967,162.0276,-0.3930561,0.02013786,-0.9192939,-0.3918117,-0.2585401,-0.2874354,0.5504348,0.5617135,-0.2033473,0.5903641,0.5427692,114.2553,0.6688004,-0.2421141,0.7029131,0.0838193,0.004311562,0.07461876,0.1123042,-0.4421874,-0.3189987,0.2420566,0.8025702,73.24753,-0.7412314,-0.5347322,0.4057554,-0.1331272,1.205384,-0.05626399,1.214017,0.03438437,-0.08269525,-0.2008531,-0.975519,334.5919,0.1563529,-0.3760325,-0.9133207,True,True,False,False
1772879678022,3.639588,0.1014286,1.03056,0.162544,1.048219,-0.4164298,-0.690748,0.5045054,0.3081035,144.11,-0.4377239,-0.7260692,0.5303031,-0.1039844,0.6402386,-0.05840249,0.6512519,0.527256,0.2356521,-0.762511,0.2916272,146.0892,0.5512162,0.2463609,-0.7971618,-0.003564682,1.085844,0.2289981,1.109734,0.004141333,1.128061,0.232824,1.151844,0.02401072,1.122198,0.2381811,1.147447,-0.0207499,0.6569917,0.03621911,0.6583164,-0.008444298,0.648563,0.0786148,0.6533648,-0.02754508,0.6410599,0.1088973,0.6508265,0.09799885,-0.08316369,0.04445232,0.1359999,0.1318611,-0.07869002,0.01819152,0.1546299,0.1174887,-0.07938965,0.002354428,0.1418163,-0.1151747,0.04075212,-0.03515628,0.1271295,-0.1568077,0.05314349,-0.02362337,0.1672452,-0.1786151,0.04372559,0.004195884,0.1839372,0.09977282,-0.08180039,0.03982559,0.1350259,0.1353711,-0.07423472,0.0173877,0.1553656,0.1257926,-0.07850715,0.0007027239,0.1482823,-0.1144227,0.04287288,-0.03357152,0.1267189,-0.1558305,0.05348237,-0.02353731,0.1664257,-0.177646,0.04510874,0.00429611,0.183334,0.1116516,-0.07978889,0.02712613,0.1398863,-0.1412809,0.9462298,-0.006493999,0.2909411,146.1714,-0.1476689,0.9890136,-0.006787626,-0.1439132,0.04464605,-0.01708737,0.1516451,0.1418155,-0.472324,-0.279458,0.8238335,69.05919,0.2501897,-0.8332701,-0.4930176,0.01693478,1.09558,0.2248646,1.118546,0.4546332,-0.6683917,-0.4715833,0.3523783,138.7343,0.4857931,-0.7142023,-0.5039049,0.09755484,-0.07307491,0.02450493,0.1243277,-0.3840095,0.0143612,-0.9114609,0.146866,163.1093,-0.3882192,0.01451864,-0.9214528,-0.3894805,-0.2588088,-0.2893625,0.5499161,0.5656849,-0.193477,0.5891677,0.5435521,114.1485,0.6739354,-0.2305011,0.7019119,0.08306523,0.004420161,0.07513545,0.1120924,-0.4429928,-0.3160573,0.2293611,0.8070061,72.39114,-0.7501445,-0.5351976,0.3883899,-0.1325058,1.205417,-0.05631528,1.213985,0.03368882,-0.08292851,-0.2007959,-0.9755352,334.6003,0.1532402,-0.3772167,-0.9133598,True,True,False,False
1772879678036,3.655136,0.1034926,1.03028,0.1631054,1.048232,-0.4205952,-0.6903442,0.5027593,0.306199,144.3394,-0.4418167,-0.7251763,0.5281266,-0.1039077,0.6408647,-0.05866616,0.6518789,0.5277374,0.2376918,-0.7620499,0.2903032,146.2478,0.5514874,0.2483888,-0.7963447,-0.002773282,1.085086,0.228068,1.108799,0.006419363,1.127544,0.2324907,1.151281,0.02561796,1.122768,0.2380835,1.148019,-0.02062832,0.6572417,0.03597722,0.6585488,-0.00829101,0.6486774,0.07850607,0.6534633,-0.0274284,0.6410066,0.1086832,0.6507334,0.09743305,-0.08310899,0.04599957,0.1360745,0.1309441,-0.07883787,0.01833153,0.1539409,0.117893,-0.07959464,0.002464175,0.1422678,-0.1151774,0.04068723,-0.03521001,0.1271261,-0.1569987,0.0530185,-0.02366973,0.1673912,-0.178714,0.04357544,0.0041693,0.183997,0.09959403,-0.08190038,0.04029737,0.1350945,0.1350328,-0.07458647,0.01745983,0.1552477,0.1251889,-0.07859025,0.0008373256,0.1478154,-0.1144803,0.04270587,-0.03369673,0.1267478,-0.1559198,0.05344692,-0.02354743,0.1664993,-0.1777276,0.04499157,0.00428642,0.1833841,0.1113493,-0.07992689,0.02745174,0.1397876,-0.1339463,0.9489509,-0.003315955,0.2855513,146.8164,-0.1397657,0.9901786,-0.003460018,-0.1439597,0.04451022,-0.01717111,0.1516588,0.1429281,-0.4714593,-0.2823848,0.8231382,69.19962,0.2517045,-0.8302665,-0.4972956,0.02009333,1.095047,0.2240007,1.117903,0.4888271,-0.6528724,-0.463403,0.3465016,139.453,0.5211102,-0.6959894,-0.4940071,0.09771873,-0.07320725,0.02573465,0.1247819,-0.3741781,0.008376065,-0.9165356,0.1410088,163.7876,-0.3779545,0.008460599,-0.9257855,-0.3874541,-0.2587457,-0.2910129,0.5493255,0.5674575,-0.1802126,0.5924256,0.5427222,114.2617,0.6756153,-0.2145613,0.7053423,0.07990667,0.004953504,0.07599933,0.110388,-0.4507413,-0.3181477,0.191614,0.8117257,71.47025,-0.7717656,-0.544737,0.3280842,-0.1318619,1.205461,-0.05635079,1.21396,0.03338562,-0.08308627,-0.2004868,-0.9755958,334.6319,0.152047,-0.378397,-0.9130701,True,True,False,False
1772879678049,3.668272,0.1094358,1.030136,0.1635638,1.048766,-0.4257955,-0.6901411,0.5002569,0.3035567,144.6573,-0.4468823,-0.7243193,0.5250313,-0.1038947,0.6417426,-0.05929437,0.6527966,0.528289,0.2400118,-0.7614288,0.289018,146.4017,0.5518395,0.2507112,-0.7953724,0.0006874758,1.082872,0.2262907,1.106264,0.01370162,1.124466,0.2327213,1.148377,0.03096995,1.12344,0.2377492,1.148739,-0.0204546,0.6579469,0.03533816,0.6592126,-0.008201677,0.6490662,0.07806161,0.6537949,-0.02738683,0.6412432,0.1081386,0.6508738,0.0958447,-0.08319429,0.04934055,0.136169,0.1269805,-0.07990747,0.01834866,0.1511486,0.1182062,-0.07991512,0.002615258,0.1427094,-0.1152102,0.04056355,-0.03551527,0.1272012,-0.1572189,0.05286848,-0.02376123,0.1675633,-0.1788582,0.04336543,0.004083447,0.1840855,0.09926034,-0.08201554,0.04110221,0.1351612,0.1343162,-0.07506003,0.01753893,0.1548627,0.1245675,-0.07870816,0.0009955605,0.1473534,-0.1145453,0.0425152,-0.03385858,0.1267855,-0.1560354,0.05339544,-0.02356646,0.1665938,-0.1778282,0.04484684,0.004268356,0.1834457,0.1107388,-0.08013247,0.02807196,0.1395433,-0.1264416,0.9517581,-0.0005939588,0.2795866,147.5289,-0.1316935,0.9912903,-0.0006186295,-0.1440101,0.04434926,-0.01728343,0.1516723,0.1441661,-0.4704413,-0.2855527,0.8224116,69.34612,0.2534152,-0.8269418,-0.5019445,0.02099864,1.09498,0.2234664,1.117747,0.5059182,-0.6468941,-0.4572075,0.3413739,140.0788,0.5382524,-0.6882383,-0.4864285,0.09792033,-0.0738433,0.02840515,0.1258891,-0.3504919,-0.006273073,-0.9293588,0.1157961,166.7009,-0.3528655,-0.006315556,-0.9356527,-0.3858435,-0.2563701,-0.2941306,0.5487382,0.566565,-0.14446,0.5921341,0.5545385,112.6421,0.680838,-0.1735968,0.7115643,0.07900136,0.005020499,0.07653365,0.1101082,-0.4543957,-0.3157762,0.1725467,0.8148851,70.84801,-0.7839509,-0.5447962,0.297688,-0.1311723,1.205499,-0.05641427,1.213926,0.03297617,-0.08324461,-0.2002205,-0.9756509,334.6607,0.1503501,-0.3795418,-0.9128768,True,True,False,False
1772879678064,3.681227,0.1116076,1.029956,0.1638742,1.048867,-0.4305617,-0.6901489,0.4977375,0.3009463,144.9711,-0.4514923,-0.7236987,0.5219337,-0.1038382,0.6417276,-0.05938907,0.6527815,0.5287058,0.2417633,-0.7609305,0.288107,146.5107,0.5521165,0.2524684,-0.7946237,0.001982603,1.082601,0.2251696,1.105771,0.01624516,1.123613,0.2323204,1.147494,0.0327968,1.123814,0.2372381,1.149049,-0.02037157,0.6576446,0.03529025,0.6589057,-0.008087162,0.6485773,0.07797362,0.6532977,-0.02731753,0.6407079,0.1080693,0.6503321,0.0953707,-0.08326377,0.05017763,0.1361845,0.1255451,-0.08034096,0.01827961,0.1501679,0.1182429,-0.08008903,0.002633706,0.1428376,-0.1152274,0.04052887,-0.03555654,0.1272172,-0.157237,0.05285643,-0.02379988,0.1675819,-0.1789194,0.04324714,0.004039317,0.1841162,0.09896378,-0.0821107,0.04179414,0.1352137,0.1336475,-0.07546266,0.0175954,0.1544858,0.1240853,-0.07881344,0.001120456,0.1470033,-0.1145973,0.04236376,-0.03398804,0.1268165,-0.156127,0.05335435,-0.02358426,0.166669,-0.1779114,0.04472488,0.004250893,0.1834962,0.110186,-0.08030987,0.02862435,0.1393197,-0.1204559,0.9538781,0.001344939,0.274964,148.0803,-0.1252851,0.9921198,0.001398859,-0.1440535,0.04421866,-0.01737373,0.1516857,0.1452353,-0.4696239,-0.2881168,0.8217962,69.46999,0.2548963,-0.8242173,-0.5056619,0.02456841,1.094702,0.2225545,1.117366,0.5399473,-0.6322293,-0.439267,0.3402757,140.2126,0.5742131,-0.6723514,-0.4671435,0.09793717,-0.0743922,0.0293823,0.1264484,-0.338288,-0.01404002,-0.9351962,0.1037901,168.0851,-0.3401249,-0.01411625,-0.9402743,-0.3841769,-0.2562728,-0.2962455,0.5486611,0.5680497,-0.1256661,0.5923663,0.557342,112.2557,0.6841638,-0.1513533,0.7134509,0.07543159,0.00529778,0.07744551,0.1082395,-0.4523758,-0.3161179,0.1322966,0.8233611,69.15466,-0.7971126,-0.5570182,0.2331144,-0.1304598,1.2055,-0.05649279,1.213854,0.03289017,-0.0836352,-0.1999582,-0.9756742,334.6729,0.150029,-0.3815031,-0.9121118,True,True,False,False
1772879678077,3.695361,0.1180524,1.029347,0.1646367,1.049093,-0.4364576,-0.6898485,0.4947982,0.2979742,145.3281,-0.4572276,-0.7226768,0.5183445,-0.1027814,0.6396498,-0.05904628,0.6505401,0.5291339,0.243419,-0.760428,0.2872525,146.6129,0.5524154,0.2541293,-0.7938863,0.006387393,1.080592,0.223518,1.103485,0.02351614,1.121601,0.2321601,1.145617,0.03907872,1.123563,0.2370957,1.148971,-0.01937105,0.6553017,0.03571063,0.6565599,-0.006947432,0.6460739,0.0783003,0.6508385,-0.02630527,0.6382957,0.1085359,0.6479918,0.09403694,-0.08319831,0.05288868,0.1362429,0.1230831,-0.08077724,0.01824386,0.1483484,0.1178708,-0.08039413,0.002652541,0.1427017,-0.11525,0.04043768,-0.03554415,0.1272051,-0.1572417,0.05285687,-0.02388934,0.1675993,-0.1790838,0.04298421,0.003947236,0.1842125,0.09859293,-0.08219257,0.04262925,0.1352532,0.1328523,-0.0758627,0.01764422,0.1540006,0.1236175,-0.07893243,0.001235779,0.1466736,-0.1146464,0.04221878,-0.03410517,0.126844,-0.1562109,0.0533169,-0.02360722,0.1667388,-0.1779997,0.04459386,0.004228036,0.1835494,0.1095181,-0.08048936,0.02930899,0.1390387,-0.1152277,0.9558444,0.002588817,0.2703284,148.6324,-0.1196837,0.9928085,0.00268893,-0.1441049,0.04408852,-0.01745618,0.151706,0.1464735,-0.4688683,-0.2906968,0.8210989,69.6101,0.2566173,-0.8214434,-0.5092923,0.02550518,1.094766,0.222098,1.117358,0.5611145,-0.6228271,-0.4294708,0.3358446,140.7522,0.5957153,-0.6612333,-0.4559539,0.09868921,-0.07487746,0.03191952,0.127926,-0.3064473,-0.02909281,-0.9476812,0.08452317,170.3028,-0.3075478,-0.02919729,-0.9510846,-0.3825931,-0.2562353,-0.3009251,0.5500817,0.5627406,-0.086279,0.598542,0.5635838,111.392,0.6812354,-0.1044465,0.7245754,0.07449482,0.005234361,0.07790202,0.1079148,-0.4540332,-0.314306,0.1071129,0.8267965,68.45789,-0.8071685,-0.5587651,0.1904226,-0.1297217,1.205573,-0.05658396,1.213852,0.03266418,-0.08404347,-0.1996694,-0.9757059,334.6895,0.1490939,-0.3836119,-0.9113803,True,True,False,False
1772879678091,3.708673,0.1205376,1.029224,0.1650661,1.049323,-0.4406298,-0.6894989,0.492996,0.2956208,145.6105,-0.461245,-0.7217576,0.5160612,-0.1021808,0.6386271,-0.05893534,0.6494297,0.52943,0.2444655,-0.7600916,0.2867078,146.6781,0.5526305,0.2551784,-0.7934001,0.008044567,1.08051,0.2224456,1.103199,0.02627395,1.121105,0.2317826,1.145116,0.04162448,1.123326,0.2367826,1.148764,-0.01879746,0.6541082,0.03588056,0.6553612,-0.006339367,0.6447786,0.07846007,0.6495657,-0.02563231,0.6368209,0.1085782,0.6465192,0.09372306,-0.08308014,0.05376816,0.1362987,0.1220075,-0.08099833,0.01822811,0.1475765,0.1171634,-0.08056815,0.002674311,0.1422169,-0.115273,0.04038893,-0.03554404,0.1272105,-0.1572858,0.05282678,-0.02390445,0.1676333,-0.1790336,0.04307272,0.003926024,0.1841839,0.09819575,-0.08226496,0.04353772,0.1352977,0.1319678,-0.07628155,0.01769184,0.1534515,0.1230911,-0.07906584,0.001353104,0.1463033,-0.1146975,0.04206954,-0.03422252,0.1268722,-0.1562986,0.05327693,-0.02363146,0.1668116,-0.178084,0.04446979,0.004203405,0.1836005,0.1087992,-0.0806673,0.03005838,0.1387371,-0.1096509,0.9579494,0.003668157,0.2651343,149.2501,-0.1137208,0.9935055,0.003804307,-0.1441523,0.04395882,-0.01754189,0.1517234,0.1475559,-0.4681489,-0.2931608,0.8204393,69.74242,0.258085,-0.8188235,-0.5127576,0.02645001,1.094928,0.2216668,1.117454,0.5796317,-0.6151369,-0.4199321,0.3305916,141.3906,0.6141638,-0.6517841,-0.4449499,0.09892083,-0.07544268,0.03320454,0.1287613,-0.2893107,-0.03994573,-0.9538546,0.06975008,172.0007,-0.290017,-0.04004326,-0.9561834,-0.3814275,-0.2570477,-0.3029612,0.5507685,0.5614661,-0.0615481,0.5990566,0.5675376,110.8426,0.681931,-0.07475349,0.7275866,0.07354999,0.005071759,0.07833326,0.1075706,-0.4555326,-0.310979,0.08479292,0.8298147,67.8406,-0.8163093,-0.557271,0.151948,-0.1288893,1.205707,-0.05663545,1.213899,0.03252794,-0.08438483,-0.1992497,-0.9757668,334.7213,0.1486562,-0.3856478,-0.9105924,True,True,False,False
1772879678105,3.722615,0.123471,1.029593,0.1658658,1.050151,-0.4440649,-0.6891737,0.4916654,0.2934472,145.8711,-0.464515,-0.7209115,0.5143076,-0.1013392,0.6374372,-0.05878346,0.6481137,0.5296252,0.2448934,-0.7598499,0.2866228,146.6883,0.5528196,0.2556182,-0.7931266,0.009453926,1.079583,0.221387,1.102089,0.02960871,1.120738,0.2317763,1.144836,0.04456476,1.123586,0.2369299,1.149159,-0.01795036,0.6529809,0.03604799,0.6542214,-0.005526979,0.6435325,0.07866645,0.6483464,-0.02482961,0.635548,0.1087619,0.645265,0.09264948,-0.08287668,0.05593806,0.1363141,0.1206456,-0.08107771,0.0182437,0.1464984,0.1165626,-0.08072699,0.002701551,0.1418132,-0.1152844,0.04032698,-0.0356589,0.1272333,-0.1573177,0.0528018,-0.02393182,0.1676592,-0.1790567,0.04303837,0.003892146,0.1841976,0.09776764,-0.08231218,0.0444949,0.1353278,0.1310938,-0.07665177,0.01773444,0.1528908,0.1225872,-0.07919406,0.00145719,0.1459501,-0.1147428,0.04193503,-0.03433339,0.1268986,-0.1563772,0.05324025,-0.02365465,0.1668769,-0.1781591,0.0443593,0.004179379,0.1836461,0.1080661,-0.08081785,0.03085954,0.1384273,-0.1048153,0.9598432,0.004217295,0.2601863,149.8378,-0.1085541,0.994081,0.004367727,-0.1441933,0.04384228,-0.01762308,0.151738,0.148507,-0.4674886,-0.2953702,0.8198515,69.86013,0.2593664,-0.8164654,-0.5158618,0.02933106,1.095865,0.2215314,1.118417,0.6031831,-0.5989627,-0.4097584,0.330926,141.35,0.6391976,-0.6347252,-0.434224,0.09909504,-0.07576626,0.03514573,0.1295977,-0.2749523,-0.05118293,-0.958396,0.0570871,173.4547,-0.2754014,-0.05126652,-0.9599613,-0.3807989,-0.257865,-0.3045957,0.5516164,0.5612963,-0.03924547,0.5985779,0.5701851,110.4737,0.6832442,-0.04777199,0.7286255,0.07066894,0.004134655,0.07846859,0.1056812,-0.4544235,-0.3154987,0.0548561,0.8312346,67.54848,-0.8174229,-0.5675231,0.09867586,-0.1280529,1.205888,-0.05671769,1.213993,0.03246081,-0.0850874,-0.1986476,-0.9758307,334.7549,0.1485431,-0.3893665,-0.9090264,True,True,False,False
1772879678119,3.737665,0.1280051,1.030359,0.1666431,1.051568,-0.4472436,-0.6890874,0.4905034,0.2907548,146.1937,-0.467438,-0.7202018,0.5126511,-0.0997293,0.635213,-0.05849623,0.6456496,0.5298001,0.2451243,-0.7596708,0.2865772,146.6937,0.5529941,0.2558556,-0.7929283,0.01338035,1.08035,0.2208848,1.102781,0.03395355,1.121667,0.2317071,1.145852,0.04883193,1.124455,0.2369963,1.150196,-0.01634501,0.6508018,0.03632905,0.6520199,-0.003866587,0.6412369,0.07887761,0.6460816,-0.02305919,0.633185,0.1089195,0.6428985,0.09239784,-0.08279511,0.05646011,0.136309,0.1203734,-0.08120605,0.01822028,0.1463426,0.1162752,-0.08089916,0.002721056,0.1416757,-0.1152685,0.04028784,-0.03574698,0.1272312,-0.1572391,0.05288044,-0.02402198,0.1676232,-0.1789615,0.04323458,0.003741249,0.1841479,0.09733515,-0.08235107,0.04545859,0.1353599,0.1302304,-0.07701857,0.01777357,0.1523408,0.1220788,-0.07933139,0.001558983,0.1455992,-0.1147852,0.04180237,-0.03444725,0.1269239,-0.1564467,0.05321127,-0.02368423,0.1669369,-0.1782237,0.04426871,0.004144092,0.1836861,0.1073405,-0.08095942,0.03167819,0.1381301,-0.09980203,0.9616832,0.004603718,0.255311,150.416,-0.1032229,0.9946468,0.004761519,-0.1442263,0.04373534,-0.01771169,0.1517489,0.1493264,-0.4668903,-0.2975718,0.8192473,69.98096,0.2604043,-0.8141916,-0.5189236,0.02993876,1.09621,0.2213052,1.118727,0.6104591,-0.5962518,-0.405295,0.3279628,141.7097,0.6462,-0.6311609,-0.429024,0.09948939,-0.07627575,0.03639081,0.130539,-0.2527697,-0.05871589,-0.9649876,0.03819833,175.6217,-0.2529542,-0.05875876,-0.9656922,-0.3810852,-0.2591739,-0.3080193,0.5543221,0.5529901,-0.01163647,0.5991527,0.5788634,109.2587,0.6781621,-0.01427044,0.7347738,0.07006124,0.003789663,0.07869482,0.1054316,-0.4549771,-0.3130262,0.04584569,0.8324115,67.30551,-0.8210238,-0.564868,0.08273033,-0.127193,1.20602,-0.0568544,1.21404,0.03251966,-0.08594477,-0.1981616,-0.9758524,334.7662,0.1488785,-0.3934645,-0.9072053,True,True,False,False
1772879678133,3.750888,0.1290492,1.030577,0.1670925,1.05198,-0.4497713,-0.6892909,0.4896499,0.2877963,146.5479,-0.4696411,-0.7197421,0.5112814,-0.09929009,0.6345583,-0.05848359,0.6449364,0.5298001,0.2451243,-0.7596708,0.2865772,146.6937,0.5529941,0.2558556,-0.7929283,0.01437852,1.081309,0.2205424,1.103665,0.03459146,1.122208,0.2310817,1.146275,0.04952673,1.124685,0.2366681,1.150383,-0.01579428,0.6503025,0.03628215,0.6515053,-0.003429253,0.6406365,0.0789258,0.6454891,-0.02262789,0.6325895,0.1089557,0.6423028,0.09269936,-0.08282004,0.05592617,0.1363087,0.1204382,-0.08108644,0.01824445,0.1463326,0.1160095,-0.08096533,0.00272736,0.1414957,-0.1152701,0.04025823,-0.03594514,0.1272791,-0.1572817,0.05283779,-0.02404616,0.1676532,-0.1789921,0.04318506,0.003713973,0.1841654,0.09693464,-0.08239159,0.04636294,0.1354039,0.1293844,-0.07737003,0.01781425,0.1518018,0.1215544,-0.07947256,0.001659926,0.1452382,-0.1148271,0.04166896,-0.03457666,0.1269532,-0.1565188,0.053179,-0.0237155,0.1669987,-0.1782901,0.04417509,0.004106931,0.1837271,0.1066613,-0.0810934,0.03245135,0.1378617,-0.09490033,0.9634573,0.004966946,0.2504382,150.9931,-0.0980241,0.9951708,0.00513044,-0.1442574,0.04362608,-0.01781029,0.1517585,0.1501566,-0.4662218,-0.2998086,0.8186606,70.09813,0.2614703,-0.8118403,-0.5220621,0.03058195,1.096644,0.2208469,1.119078,0.6176481,-0.5949796,-0.3986847,0.324901,142.0808,0.6530789,-0.6291101,-0.4215548,0.09941792,-0.0765428,0.03642742,0.130651,-0.2481246,-0.06215848,-0.9661903,0.03235781,176.2914,-0.2482546,-0.06219104,-0.9666964,-0.3810813,-0.2597557,-0.3088832,0.5550719,0.5534917,-0.002241163,0.598528,0.5791429,109.2195,0.6789424,-0.00274913,0.7341865,0.06941805,0.003356457,0.07915314,0.1053345,-0.4541278,-0.3088149,0.03680394,0.8348934,66.79054,-0.825069,-0.5610614,0.06686618,-0.1262433,1.206128,-0.05697034,1.214054,0.03283248,-0.08688402,-0.1980822,-0.9757749,334.7256,0.1500728,-0.3971351,-0.9054071,True,True,False,False
1772879678147,3.764945,0.1307243,1.030935,0.1678355,1.052656,-0.4524866,-0.6898287,0.4885412,0.2841125,146.9884,-0.4719345,-0.7194776,0.5095388,-0.0989649,0.6341249,-0.05851286,0.6444627,0.530102,0.2448266,-0.7594804,0.286778,146.6697,0.553344,0.2555608,-0.7927793,0.01520516,1.081373,0.2197623,1.103582,0.03579493,1.122665,0.2305645,1.146655,0.05062759,1.125163,0.2364836,1.15086,-0.01551913,0.6499642,0.03629399,0.6511617,-0.003200118,0.6402545,0.07894975,0.6451117,-0.02242768,0.6322479,0.1089878,0.6419648,0.09245155,-0.08269048,0.05656914,0.1363271,0.1203157,-0.08093792,0.01827856,0.1461538,0.1159077,-0.08102462,0.002727136,0.1414462,-0.1152626,0.04024223,-0.03602108,0.1272887,-0.157259,0.05286097,-0.02407856,0.1676438,-0.1789955,0.04318658,0.003670633,0.1841682,0.09659076,-0.08241452,0.04714583,0.1354425,0.1286888,-0.07764371,0.01784986,0.1513537,0.1211213,-0.07959161,0.001741788,0.1449421,-0.1148605,0.04155952,-0.03468746,0.1269777,-0.1565756,0.05315461,-0.02374335,0.1670481,-0.1783442,0.04409926,0.004073464,0.1837607,0.1060943,-0.08119315,0.03312674,0.1376434,-0.09108844,0.9648569,0.005039245,0.2464318,151.4671,-0.093987,0.9955599,0.005199601,-0.1442825,0.04353697,-0.01789469,0.1517666,0.1508635,-0.4656574,-0.3017071,0.8181542,70.1991,0.2623719,-0.8098406,-0.5247092,0.03420865,1.097709,0.2197522,1.120012,0.6384889,-0.5864627,-0.3819497,0.3201687,142.6537,0.6739662,-0.6190492,-0.4031725,0.09957173,-0.07664149,0.03698523,0.1309823,-0.2432013,-0.06626216,-0.9672905,0.02849111,176.7347,-0.2433001,-0.06628907,-0.9676833,-0.381022,-0.2598898,-0.3098831,0.555651,0.5543811,0.007576577,0.5990385,0.5777173,109.4197,0.6791913,0.009282324,0.7339026,0.06579135,0.002291203,0.08024785,0.1037953,-0.4506973,-0.3028304,0.009623502,0.8396865,65.78596,-0.8299038,-0.5576251,0.0177205,-0.1252985,1.206365,-0.05710632,1.214198,0.03307094,-0.0878288,-0.1978405,-0.9757313,334.7028,0.1510286,-0.4010973,-0.9034997,True,True,False,False
1772879678160,3.778918,0.1370201,1.031939,0.1688709,1.054604,-0.4566022,-0.6909701,0.4856387,0.279696,147.5159,-0.4755834,-0.7196941,0.505827,-0.09892622,0.6341544,-0.05859501,0.6444933,0.5304206,0.2445335,-0.7592968,0.2869247,146.6521,0.5537021,0.2552667,-0.7926242,0.01959946,1.080732,0.2180356,1.102681,0.04146749,1.123955,0.2300092,1.147998,0.0562185,1.126269,0.236446,1.152193,-0.01542565,0.6502643,0.0362007,0.6514538,-0.003211204,0.6403894,0.07891132,0.645241,-0.02244626,0.6324139,0.1089376,0.6421204,0.09133146,-0.08231387,0.05889471,0.136329,0.1203365,-0.08073758,0.01832381,0.1460657,0.1157663,-0.08114335,0.002724811,0.1413984,-0.1152668,0.04016529,-0.03630978,0.1273503,-0.1572526,0.05286382,-0.02419192,0.1676551,-0.1790013,0.04319068,0.00353168,0.1841722,0.09616393,-0.08240635,0.04809933,0.135469,0.1280109,-0.0778948,0.01788833,0.1509119,0.1206867,-0.07971755,0.001821567,0.1446495,-0.1148935,0.04144637,-0.03481912,0.1270066,-0.1566305,0.05313101,-0.02377975,0.1670973,-0.1783975,0.04402553,0.004029494,0.1837938,0.1054585,-0.08127137,0.03395547,0.1374027,-0.08752536,0.9662102,0.004574374,0.2423968,151.9439,-0.09021585,0.9959111,0.004714989,-0.1443051,0.04344654,-0.01799544,0.1517741,0.1515877,-0.4650315,-0.3037502,0.8176201,70.30547,0.2632837,-0.8076858,-0.5275659,0.03527626,1.097994,0.2190964,1.120196,0.651325,-0.5862125,-0.3695378,0.309148,143.9842,0.6848743,-0.6164078,-0.3885724,0.1003257,-0.07676461,0.03907348,0.1322301,-0.2239522,-0.07848015,-0.971273,0.0177532,177.9655,-0.2239875,-0.07849251,-0.9714261,-0.3812957,-0.2578846,-0.313359,0.5568526,0.5520729,0.03564593,0.6007161,0.5771353,109.5014,0.6760226,0.04364904,0.735587,0.06472374,0.002006173,0.08090359,0.1036271,-0.4518537,-0.2900296,-0.006494473,0.8436048,64.95448,-0.8414963,-0.540128,-0.01209479,-0.1243982,1.206532,-0.05727067,1.21428,0.03341283,-0.08903886,-0.1973119,-0.975717,334.6953,0.1525457,-0.4065053,-0.9008237,True,True,False,False
1772879678175,3.792361,0.1396994,1.03181,0.1698813,1.054991,-0.4617584,-0.6918585,0.4815989,0.2759955,147.9573,-0.4804184,-0.719817,0.5010607,-0.09903615,0.6343562,-0.05861029,0.6447101,0.5306184,0.2443244,-0.7592038,0.2869832,146.6451,0.5539187,0.255053,-0.7925416,0.02112683,1.080066,0.2167066,1.101794,0.04374574,1.124412,0.2293456,1.148397,0.05845419,1.126334,0.2364165,1.152362,-0.01554625,0.650563,0.03619384,0.6517545,-0.003358733,0.6405779,0.07891281,0.645429,-0.02265624,0.6326931,0.1089866,0.642411,0.09066148,-0.08208643,0.06019138,0.136311,0.1204635,-0.08042726,0.01839349,0.146008,0.1155626,-0.08124293,0.002730027,0.141289,-0.1152614,0.04012922,-0.03640739,0.1273619,-0.1572255,0.05291064,-0.02420913,0.1676469,-0.1790296,0.04314503,0.003507569,0.1841885,0.09571984,-0.08238053,0.04907526,0.1354888,0.1274018,-0.07809919,0.0179291,0.1505063,0.1202732,-0.07984066,0.001894887,0.1443737,-0.1149232,0.04134006,-0.03494731,0.127034,-0.1566786,0.05311322,-0.02381441,0.1671416,-0.1784485,0.04395446,0.003987371,0.1838254,0.104836,-0.08132782,0.03480695,0.1371726,-0.08483096,0.9673841,0.003725505,0.2386582,152.3853,-0.08735521,0.9961697,0.003836361,-0.1443274,0.04336127,-0.01809181,0.1517824,0.1523639,-0.4643987,-0.3058245,0.8170622,70.41644,0.2642685,-0.8054793,-0.5304392,0.03935315,1.098467,0.2186424,1.120706,0.6696449,-0.5820286,-0.3465736,0.3044755,144.5468,0.7030244,-0.6110407,-0.3638491,0.1007724,-0.07704249,0.04019978,0.1330663,-0.2154727,-0.09094559,-0.9721894,0.01217571,178.6047,-0.2154887,-0.09095234,-0.9722615,-0.3810654,-0.257009,-0.3144143,0.5568849,0.5582215,0.05463937,0.5988449,0.5716538,110.2687,0.6803473,0.06659319,0.7298582,0.06064685,0.001533508,0.08135761,0.1014862,-0.4433289,-0.2788826,-0.03192254,0.8512727,63.29929,-0.8448805,-0.5314845,-0.06083683,-0.1234056,1.206768,-0.05735628,1.214416,0.03348915,-0.08998131,-0.1969333,-0.9757044,334.6887,0.152855,-0.4107029,-0.8988655,True,True,False,False
1772879678188,3.806244,0.146031,1.031387,0.17161,1.055715,-0.4683476,-0.6928157,0.4762642,0.2717159,148.4672,-0.4866568,-0.7199001,0.4948828,-0.09935214,0.6350372,-0.05843174,0.6454126,0.5306184,0.2443244,-0.7592038,0.2869832,146.6451,0.5539187,0.255053,-0.7925416,0.02646378,1.079534,0.2158605,1.101222,0.04935586,1.125479,0.2291806,1.149636,0.0642361,1.126321,0.2370159,1.15278,-0.0158448,0.6515297,0.0363607,0.6527358,-0.003612567,0.6412832,0.07904689,0.6461467,-0.02299434,0.6335458,0.1092414,0.6433061,0.09008453,-0.08192957,0.06119592,0.1362814,0.1213958,-0.08023309,0.01842743,0.1466761,0.1154593,-0.08150202,0.002721742,0.1413536,-0.1153055,0.03993764,-0.03661566,0.1274013,-0.1572047,0.05293947,-0.02428097,0.1676468,-0.179126,0.04300167,0.003430471,0.1842472,0.09528092,-0.0823454,0.05001932,0.1355033,0.126934,-0.0782654,0.01796791,0.1502017,0.1198982,-0.07997006,0.00195929,0.1441341,-0.1149529,0.04123083,-0.03507725,0.1270613,-0.1567195,0.05309969,-0.02385075,0.1671809,-0.1785013,0.04388025,0.003943995,0.183858,0.1042677,-0.08136947,0.03562908,0.1369751,-0.08280036,0.9683653,0.002564668,0.2353851,152.7713,-0.08519413,0.9963609,0.002638813,-0.1443546,0.04327383,-0.01818697,0.1517948,0.1532586,-0.4637282,-0.3081033,0.8164193,70.54411,0.2654014,-0.8030488,-0.5335495,0.04034301,1.098914,0.2179924,1.121053,0.6834459,-0.5784041,-0.3350173,0.2934519,145.8705,0.7149211,-0.6050417,-0.3504461,0.1017457,-0.07740678,0.04180843,0.1345063,-0.1927574,-0.103812,-0.9757125,0.007282242,179.1655,-0.1927625,-0.1038147,-0.9757383,-0.3816259,-0.2537645,-0.3173977,0.5574729,0.5571712,0.08307539,0.6041439,0.5636215,111.3868,0.6745141,0.1005715,0.7313795,0.05965699,0.001086235,0.08200757,0.1014169,-0.4450298,-0.267945,-0.05017378,0.8530163,62.91748,-0.8527362,-0.5134182,-0.09613962,-0.1223779,1.206852,-0.05755283,1.214406,0.03378312,-0.09108421,-0.1961535,-0.975749,334.712,0.1543367,-0.4161142,-0.8961188,True,True,False,False
1772879678202,3.819919,0.1478626,1.030884,0.1724179,1.05561,-0.4747052,-0.6933867,0.4715375,0.2674368,148.9764,-0.4926497,-0.7195978,0.4893622,-0.09953875,0.6354126,-0.05828568,0.6457974,0.5306184,0.2443244,-0.7592038,0.2869832,146.6451,0.5539187,0.255053,-0.7925416,0.0280509,1.080454,0.2146606,1.101928,0.05054512,1.126535,0.2280547,1.150498,0.06563692,1.126284,0.2365085,1.152719,-0.0160576,0.6519373,0.03651881,0.6531568,-0.003767837,0.6416792,0.07918803,0.6465579,-0.02313196,0.6339272,0.1093574,0.6437063,0.0905655,-0.08181815,0.06082919,0.136369,0.1223562,-0.08002198,0.0184616,0.1473614,0.1153474,-0.08159408,0.002723202,0.1413153,-0.1153155,0.03989551,-0.03661623,0.1273973,-0.1572122,0.05294673,-0.02431739,0.1676615,-0.1791119,0.04303336,0.00338421,0.18424,0.0949026,-0.0823031,0.05088658,0.135535,0.1265667,-0.07840633,0.01800752,0.1499699,0.1195331,-0.08010036,0.002020577,0.1439038,-0.114982,0.0411237,-0.03520072,0.127087,-0.1567591,0.05308742,-0.02388819,0.1672194,-0.1785503,0.0438123,0.003899084,0.1838883,0.1037853,-0.08139811,0.03637322,0.1368212,-0.08113083,0.9693018,0.001320326,0.2320993,153.1586,-0.08340855,0.9965146,0.001357394,-0.1443797,0.04319022,-0.01827987,0.1518059,0.1540704,-0.463116,-0.3102694,0.8157934,70.66823,0.2663995,-0.800763,-0.5364794,0.04127593,1.099552,0.2172551,1.121569,0.697521,-0.5729274,-0.3295916,0.2767456,147.8679,0.7258711,-0.5962136,-0.3429876,0.102124,-0.07791986,0.04200966,0.1351504,-0.182954,-0.1144468,-0.9764332,-0.002870919,180.329,-0.1829547,-0.1144472,-0.9764372,-0.3812058,-0.2529455,-0.3184819,0.5574316,0.561406,0.1034186,0.6005399,0.5598929,111.9032,0.6775641,0.1248166,0.724795,0.05872407,0.0004481077,0.0827449,0.1014664,-0.4541234,-0.2566077,-0.06803218,0.8504683,63.47475,-0.8633089,-0.4878227,-0.1293322,-0.1214942,1.206986,-0.05766539,1.214455,0.03346184,-0.0926424,-0.1951188,-0.9758209,334.7497,0.1530932,-0.4238535,-0.8926993,True,True,False,False
1772879678217,3.834278,0.1498282,1.030687,0.1732782,1.055836,-0.4805764,-0.6936723,0.4674311,0.2633883,149.4576,-0.4981667,-0.7190624,0.4845403,-0.0998589,0.636033,-0.05806316,0.6464372,0.530615,0.2442105,-0.7593662,0.2866568,146.6842,0.5538586,0.2549081,-0.7926301,0.02952612,1.081094,0.2132334,1.102318,0.0520211,1.127587,0.2273369,1.151451,0.06709938,1.126866,0.2361278,1.153293,-0.01633168,0.6525147,0.03673042,0.6537517,-0.004013922,0.6422386,0.07936585,0.6471364,-0.02333895,0.6344172,0.1094936,0.6442195,0.09071022,-0.08151513,0.06112902,0.1364178,0.1229903,-0.08007158,0.01843888,0.1479124,0.1155733,-0.08173044,0.002710223,0.1415783,-0.1153319,0.03988306,-0.03663551,0.1274138,-0.1572062,0.05295653,-0.02435819,0.1676649,-0.1790581,0.04312908,0.003358796,0.1842096,0.09457088,-0.08224075,0.05169701,0.135572,0.1262837,-0.07853809,0.01804165,0.1498042,0.1192198,-0.08022933,0.002075146,0.1437164,-0.1150097,0.04102553,-0.03531425,0.1271119,-0.1567944,0.05307706,-0.02392538,0.1672546,-0.1785905,0.04375824,0.003856333,0.1839136,0.1033683,-0.08140901,0.03706925,0.1366988,-0.0793711,0.9701558,-4.778185E-05,0.2291241,153.509,-0.0815403,0.99667,-4.908771E-05,-0.1444005,0.04311705,-0.01836655,0.1518154,0.1546984,-0.4625814,-0.3121671,0.8152536,70.7751,0.2671341,-0.7987882,-0.539052,0.04418663,1.101365,0.2159326,1.123203,0.7076489,-0.5662717,-0.3276189,0.2668996,149.0403,0.7342857,-0.5875868,-0.3399508,0.1025322,-0.07833426,0.04255329,0.1358672,-0.1797165,-0.1265807,-0.9753564,-0.01895806,182.1726,-0.1797487,-0.1266035,-0.9755316,-0.3805502,-0.2523929,-0.3194503,0.5572873,0.5686552,0.1229698,0.5900174,0.5598119,111.9144,0.6862679,0.1484032,0.7120484,0.05581337,-0.001365185,0.08406745,0.1009175,-0.4606293,-0.2521231,-0.0812319,0.847146,64.19484,-0.8668866,-0.4744859,-0.1528753,-0.120436,1.207025,-0.05781364,1.214395,0.03356417,-0.09356729,-0.1944365,-0.9758653,334.773,0.1537008,-0.4284739,-0.8903857,True,True,False,False
1772879678230,3.848258,0.153149,1.031794,0.1735075,1.05743,-0.4858617,-0.6938411,0.4638939,0.2594715,149.9226,-0.5030922,-0.7184473,0.4803454,-0.100292,0.6374283,-0.05776832,0.6478507,0.5306002,0.2441205,-0.759506,0.2863905,146.716,0.5537971,0.254793,-0.7927102,0.03293087,1.083899,0.2116166,1.104854,0.0552041,1.129308,0.2259482,1.153012,0.06996178,1.128656,0.2351717,1.155017,-0.01654535,0.6541643,0.03693942,0.6554153,-0.004351217,0.6436644,0.07969539,0.648594,-0.02382392,0.6360162,0.1099105,0.6458828,0.09148969,-0.08117461,0.06049761,0.1364538,0.1229785,-0.07993215,0.01842166,0.147825,0.1157418,-0.08186163,0.002699211,0.1417913,-0.1153746,0.03979555,-0.03698902,0.1275271,-0.1572938,0.05292486,-0.02444243,0.1677493,-0.179212,0.04286949,0.003290519,0.1842975,0.0943159,-0.08215252,0.0524253,0.1356206,0.1260102,-0.07865345,0.0180731,0.1496381,0.118932,-0.08036441,0.00212679,0.1435541,-0.1150399,0.04092375,-0.03545285,0.1271449,-0.1568358,0.05306447,-0.02396816,0.1672955,-0.1786419,0.04368469,0.00380951,0.1839451,0.1030215,-0.0813999,0.03769236,0.1366019,-0.07826906,0.9709515,-0.001791726,0.226106,153.8642,-0.08034991,0.996765,-0.001839361,-0.1444283,0.04303377,-0.01846761,0.1518305,0.1555657,-0.4618816,-0.3143408,0.8146499,70.89448,0.2682385,-0.7964122,-0.5420108,0.04498162,1.102039,0.2152433,1.123763,0.7154614,-0.5630545,-0.3228734,0.2585295,150.0343,0.7406406,-0.5828701,-0.3342363,0.1026529,-0.07845932,0.04265392,0.1360619,-0.1767144,-0.130842,-0.9749465,-0.03364451,183.8561,-0.1768145,-0.1309161,-0.9754987,-0.379936,-0.2505673,-0.3223176,0.5576952,0.5711121,0.1362985,0.5821004,0.5625061,111.5414,0.6907556,0.164852,0.7040459,0.05501838,-0.002039194,0.08475672,0.1010687,-0.4638788,-0.2456903,-0.09177241,0.846186,64.40156,-0.8704997,-0.4610544,-0.1722171,-0.1195251,1.207101,-0.05796337,1.214388,0.03329889,-0.09481049,-0.1935278,-0.975935,334.8096,0.1527041,-0.434788,-0.8874923,True,True,False,False
1772879678244,3.861287,0.1540534,1.032094,0.1739124,1.057921,-0.4901786,-0.6938835,0.4610967,0.2562044,150.3101,-0.5071043,-0.7178431,0.4770182,-0.1002261,0.6375559,-0.05783148,0.6479717,0.5306002,0.2441205,-0.759506,0.2863905,146.716,0.5537971,0.254793,-0.7927102,0.03405147,1.085745,0.2106899,1.106522,0.05559384,1.130812,0.2255532,1.154426,0.07055538,1.129493,0.2345126,1.155737,-0.0164262,0.6543802,0.03682813,0.6556215,-0.004298855,0.6438717,0.07972331,0.6488028,-0.02384272,0.6363295,0.1099668,0.6462015,0.0922045,-0.08099462,0.05974656,0.1364971,0.123713,-0.08042771,0.01823882,0.1486815,0.1158325,-0.08189274,0.002695009,0.1418833,-0.1153591,0.03977247,-0.03709937,0.127538,-0.1573903,0.05285231,-0.0244582,0.1678191,-0.1793346,0.04266969,0.003259651,0.1843698,0.09414541,-0.08205903,0.05301647,0.1356753,0.1258247,-0.07879672,0.01808648,0.149559,0.1186817,-0.08048782,0.002172672,0.1434167,-0.1150657,0.04083079,-0.0355858,0.1271755,-0.1568805,0.05304733,-0.02400773,0.1673377,-0.1786978,0.04360273,0.00376511,0.183979,0.1027707,-0.081384,0.03819785,0.136544,-0.07560354,0.9718111,-0.003057388,0.2232888,154.1954,-0.0775618,0.9969826,-0.00313658,-0.1444553,0.04295103,-0.01856489,0.1518446,0.156479,-0.461208,-0.3163411,0.8140823,71.00657,0.2694431,-0.7941597,-0.5447116,0.04693516,1.104106,0.2143015,1.12569,0.7198978,-0.5610716,-0.3141682,0.2612359,149.7132,0.7457956,-0.5812557,-0.3254702,0.1024566,-0.0786638,0.04256604,0.1360045,-0.173629,-0.1364989,-0.9743728,-0.0426491,184.8887,-0.1737871,-0.1366232,-0.97526,-0.3796389,-0.250411,-0.3233709,0.5580323,0.5741888,0.1477147,0.5773025,0.5614354,111.6898,0.6938664,0.1785028,0.697629,0.05306485,-0.004105687,0.0856985,0.100881,-0.4573343,-0.2446478,-0.09909353,0.8492193,63.74631,-0.8660968,-0.4633126,-0.1876627,-0.1187813,1.207278,-0.05803343,1.214494,0.03238609,-0.09600699,-0.1931194,-0.9759297,334.8068,0.1485018,-0.4402263,-0.8855215,True,True,False,False
1772879678258,3.875406,0.1556825,1.033236,0.1741968,1.059319,-0.4939193,-0.6938724,0.4586944,0.2533463,150.6488,-0.5105765,-0.7172729,0.4741637,-0.09996293,0.6372969,-0.05815533,0.6477052,0.5306002,0.2441205,-0.759506,0.2863905,146.716,0.5537971,0.254793,-0.7927102,0.03638728,1.08895,0.2102485,1.109658,0.0573286,1.132375,0.2245361,1.155844,0.07189281,1.131173,0.2338877,1.157335,-0.01603255,0.6543117,0.0364667,0.6555232,-0.003953885,0.6435789,0.07929181,0.6484572,-0.02345018,0.6359267,0.1095162,0.6457139,0.09325233,-0.08092804,0.05822176,0.1365105,0.123624,-0.08014759,0.01815452,0.1484457,0.1159826,-0.08195268,0.002683103,0.1420401,-0.1153927,0.03972902,-0.03732669,0.1276211,-0.1573048,0.05294044,-0.02452412,0.1677764,-0.1792247,0.04287102,0.003230266,0.1843091,0.09407783,-0.08197345,0.05341034,0.1357312,0.1256582,-0.07889894,0.01809163,0.1494735,0.1184775,-0.08059867,0.002211294,0.1433107,-0.1150904,0.04074742,-0.03571752,0.1272081,-0.1569126,0.05303925,-0.0240468,0.1673708,-0.1787377,0.04354737,0.003724641,0.1840038,0.1026236,-0.08136416,0.03853158,0.1365153,-0.07429877,0.9724772,-0.004409447,0.2207904,154.4891,-0.07617876,0.9970839,-0.00452102,-0.144476,0.04288466,-0.01865845,0.1518569,0.1571633,-0.4605499,-0.3182088,0.8135949,71.10267,0.2703038,-0.7920958,-0.5472845,0.04747352,1.104765,0.2138822,1.126279,0.7212597,-0.5598406,-0.318943,0.2542408,150.5428,0.7457649,-0.5788614,-0.3297793,0.1027044,-0.07836042,0.04205215,0.1358563,-0.1639402,-0.1359203,-0.9760621,-0.04418346,185.0647,-0.1641004,-0.1360532,-0.9770161,-0.3799249,-0.2508632,-0.3262624,0.5601093,0.5703922,0.1556104,0.5818819,0.558437,112.1045,0.6875947,0.1875848,0.7014453,0.05252648,-0.004764915,0.08611777,0.1009852,-0.4648794,-0.2424757,-0.09990633,0.8456427,64.5183,-0.8709691,-0.4542874,-0.1871783,-0.1179981,1.207306,-0.05814443,1.214451,0.03202485,-0.09696233,-0.1923325,-0.9760025,334.8451,0.1470654,-0.4452732,-0.8832349,True,True,False,False
1772879678272,3.889333,0.1562737,1.033993,0.1743694,1.060173,-0.4969154,-0.6938864,0.4567212,0.2510032,150.9262,-0.5133497,-0.716835,0.4718261,-0.09987046,0.6371603,-0.05826521,0.6475664,0.5306002,0.2441205,-0.759506,0.2863905,146.716,0.5537971,0.254793,-0.7927102,0.03681887,1.089944,0.2093874,1.110484,0.05778388,1.133462,0.2242709,1.156881,0.07222112,1.132401,0.233345,1.158447,-0.01587625,0.6543056,0.03635152,0.6555069,-0.003830318,0.6434644,0.0791602,0.6483266,-0.02333476,0.6357403,0.109376,0.6455024,0.09312536,-0.08094174,0.05832915,0.1364778,0.123573,-0.08056571,0.01798402,0.1486087,0.116152,-0.08202923,0.002664566,0.1422223,-0.115428,0.03968011,-0.03745897,0.1276766,-0.1572966,0.05294766,-0.02456661,0.1677772,-0.1791935,0.04292461,0.003238887,0.1842914,0.09400022,-0.08188938,0.05381113,0.1357849,0.1254883,-0.07903475,0.01808286,0.1494015,0.118288,-0.08071523,0.002248227,0.1432203,-0.1151179,0.04066046,-0.03585942,0.1272451,-0.1569439,0.05303178,-0.02408916,0.1674039,-0.1787748,0.04349663,0.003685061,0.1840271,0.1024619,-0.08135016,0.038887,0.1364862,-0.07204667,0.9731626,-0.005592722,0.218478,154.7607,-0.07383028,0.9972544,-0.005731176,-0.1444973,0.04281834,-0.0187568,0.1518707,0.1577782,-0.4598403,-0.3201185,0.813128,71.19464,0.271057,-0.7899883,-0.5499516,0.04782379,1.105409,0.2135877,1.12687,0.7236976,-0.5594425,-0.3171935,0.250348,151.0038,0.7475011,-0.5778434,-0.3276265,0.1022197,-0.07868876,0.04203141,0.135674,-0.1696266,-0.1350344,-0.9748386,-0.05179211,185.9376,-0.1698546,-0.1352159,-0.9761487,-0.379894,-0.2511035,-0.3271947,0.5607395,0.5747244,0.1561715,0.574881,0.5610833,111.7385,0.6943133,0.1886677,0.6945024,0.05217621,-0.005409002,0.08641236,0.1010876,-0.4664325,-0.239131,-0.1031668,0.8453484,64.58147,-0.8731164,-0.4476301,-0.1931182,-0.1173738,1.20745,-0.05818668,1.214536,0.03172509,-0.0977184,-0.1910072,-0.9761972,334.9477,0.1462762,-0.4505543,-0.8806848,True,True,False,False
1772879678286,3.903042,0.1566825,1.034657,0.1747346,1.060942,-0.4994567,-0.6940168,0.4548417,0.2490038,151.1629,-0.5156999,-0.7165875,0.469634,-0.09972896,0.6370373,-0.05835808,0.6474319,0.5306002,0.2441205,-0.759506,0.2863905,146.716,0.5537971,0.254793,-0.7927102,0.03718943,1.090984,0.208995,1.111444,0.05815588,1.134373,0.2239859,1.157736,0.07236199,1.133548,0.2331143,1.15953,-0.01569523,0.6543313,0.03627063,0.6555238,-0.00367355,0.6433516,0.07905689,0.6482012,-0.02320463,0.6356134,0.1092903,0.6453582,0.09314169,-0.08100601,0.05820417,0.1364737,0.1235139,-0.08062406,0.01790163,0.1485813,0.1164062,-0.08209902,0.002633154,0.1424696,-0.1154763,0.03960015,-0.03758183,0.1277315,-0.1572927,0.05295166,-0.02458698,0.1677778,-0.1791965,0.0429191,0.003251433,0.1842932,0.09393113,-0.0818183,0.05416464,0.1358348,0.1253294,-0.07916263,0.01806828,0.149334,0.1181365,-0.08082659,0.002279202,0.1431586,-0.1151468,0.04057513,-0.03599802,0.1272831,-0.156972,0.05302534,-0.02412922,0.1674339,-0.1788088,0.04345015,0.003650167,0.1840484,0.1023144,-0.08134249,0.03921058,0.1364636,-0.070136,0.97372,-0.006706711,0.2165765,154.9839,-0.07184109,0.9973924,-0.00686976,-0.1445197,0.04275475,-0.01885021,0.1518856,0.1583417,-0.459126,-0.3219913,0.8126824,71.28231,0.2717347,-0.7879195,-0.5525786,0.04867829,1.107653,0.2132534,1.129045,0.7218268,-0.5626709,-0.3148722,0.251442,150.8743,0.7457871,-0.5813482,-0.3253241,0.1019002,-0.0788246,0.04205506,0.1355197,-0.169354,-0.136301,-0.9745266,-0.05512837,186.3204,-0.1696119,-0.1365086,-0.9760109,-0.3798952,-0.2514949,-0.3279154,0.5613364,0.5767587,0.1600157,0.5728093,0.5600303,111.8842,0.6961715,0.1931455,0.6914043,0.05132172,-0.007652879,0.08674662,0.1010815,-0.4638538,-0.2372689,-0.1008321,0.8475708,64.10317,-0.87407,-0.4471013,-0.1900045,-0.1167092,1.207615,-0.05819023,1.214636,0.03150425,-0.0981328,-0.1901696,-0.9763263,335.016,0.1456487,-0.4536822,-0.8791817,True,True,False,False
1772879678299,3.918181,0.1574756,1.036311,0.1752728,1.062761,-0.5022162,-0.6943545,0.4524645,0.2468331,151.4196,-0.518252,-0.7165253,0.4669117,-0.09935796,0.636937,-0.05847214,0.6472864,0.5306002,0.2441205,-0.759506,0.2863905,146.716,0.5537971,0.254793,-0.7927102,0.03802307,1.093214,0.2088052,1.113626,0.05921361,1.135779,0.2235695,1.159087,0.07283905,1.135695,0.23304,1.161644,-0.01526986,0.6544871,0.03618923,0.6556647,-0.003259097,0.6431304,0.07885177,0.6479545,-0.02286417,0.6355438,0.1092148,0.6452647,0.09329034,-0.08111197,0.05787031,0.1364962,0.1229159,-0.08033844,0.01786393,0.1479246,0.1166893,-0.08218502,0.002594031,0.1427498,-0.1155671,0.03945209,-0.03778054,0.1278264,-0.1571972,0.05307451,-0.02456333,0.1677236,-0.17923,0.04287328,0.00326328,0.1843154,0.09388031,-0.08176228,0.05445851,0.1358835,0.125138,-0.07925588,0.01805207,0.149221,0.1180218,-0.08093432,0.00230417,0.1431252,-0.1151801,0.04048607,-0.03613938,0.1273249,-0.1569899,0.05302924,-0.02416365,0.1674569,-0.1788422,0.0434044,0.003619485,0.1840695,0.1021803,-0.08134099,0.03949214,0.1364434,-0.06980525,0.9740775,-0.008015019,0.2150254,155.166,-0.07147721,0.9974084,-0.008206992,-0.1445488,0.04269067,-0.01893947,0.1519064,0.1590799,-0.4582985,-0.3242742,0.8120976,71.39726,0.2726203,-0.7854007,-0.5557191,0.04902431,1.108431,0.2129105,1.129758,0.7244051,-0.5628833,-0.3132665,0.2454868,151.5788,0.7472717,-0.5806513,-0.3231551,0.1021071,-0.07871512,0.04179774,0.1355322,-0.1687726,-0.1327629,-0.9752756,-0.05222433,185.9872,-0.1690032,-0.1329444,-0.9766083,-0.3802314,-0.2528248,-0.3298892,0.5633145,0.5775278,0.1586348,0.5755613,0.5567998,112.3305,0.6952748,0.1909775,0.6929075,0.05097569,-0.008430839,0.08708952,0.1012629,-0.4667131,-0.2322261,-0.1041192,0.8470002,64.22627,-0.8779522,-0.4368496,-0.1958626,-0.1160416,1.207717,-0.05817282,1.214673,0.03130136,-0.09867229,-0.1892801,-0.9764512,335.0823,0.1450897,-0.4573709,-0.8773612,True,True,False,False
1772879678314,3.931489,0.1578191,1.036987,0.1755722,1.063519,-0.5051061,-0.6948036,0.4497078,0.2447013,151.6716,-0.5209436,-0.716589,0.4638083,-0.09925675,0.6370689,-0.05851393,0.6474045,0.5306002,0.2441205,-0.759506,0.2863905,146.716,0.5537971,0.254793,-0.7927102,0.03833312,1.094357,0.2081796,1.114642,0.05936955,1.1369,0.2232139,1.160125,0.07284616,1.136911,0.2327191,1.162769,-0.01521751,0.6545845,0.0361885,0.6557606,-0.003155802,0.64323,0.07879035,0.6480453,-0.02272383,0.6356772,0.1091481,0.6453798,0.09337668,-0.08111552,0.05772886,0.1364975,0.1230992,-0.08046442,0.01779704,0.1481373,0.1170375,-0.08225994,0.002565488,0.1430771,-0.1155865,0.03944024,-0.03771156,0.12782,-0.1571735,0.05310047,-0.02454913,0.1677075,-0.1792173,0.04290108,0.003228314,0.1843089,0.09383657,-0.08170611,0.05474257,0.1359336,0.1249609,-0.07936085,0.01802992,0.1491256,0.1179363,-0.08104946,0.002326868,0.1431202,-0.1152154,0.04039523,-0.03627594,0.1273668,-0.1570058,0.05303542,-0.02419713,0.1674786,-0.1788748,0.04336068,0.003585508,0.1840902,0.102055,-0.08134175,0.03977398,0.1364319,-0.06930359,0.9743976,-0.009357532,0.2136792,155.3239,-0.07094207,0.9974345,-0.009578764,-0.1445786,0.0426268,-0.01902763,0.1519279,0.1598404,-0.4574957,-0.3266246,0.8114586,71.52262,0.2735074,-0.7828338,-0.5588965,0.05055512,1.110607,0.2127971,1.131939,0.7312817,-0.555723,-0.3096019,0.2460605,151.511,0.7544785,-0.573351,-0.3194227,0.1018561,-0.07889039,0.04166985,0.1354058,-0.169532,-0.134711,-0.9746891,-0.05561553,186.3764,-0.1697948,-0.1349199,-0.9762001,-0.380127,-0.2530978,-0.3305839,0.5637737,0.5811954,0.162838,0.5722403,0.555191,112.5523,0.6987848,0.1957839,0.6880178,0.04944488,-0.01060712,0.08720289,0.100805,-0.4652794,-0.2344821,-0.11431,0.8458527,64.47321,-0.8722622,-0.4395851,-0.2142978,-0.1152595,1.207694,-0.05819413,1.214577,0.03145829,-0.09857783,-0.1888043,-0.9765478,335.1337,0.1461134,-0.4578617,-0.8769341,True,True,False,False
1772879678328,3.945694,0.159228,1.039258,0.1760967,1.06603,-0.5077144,-0.6955723,0.4466732,0.2426695,151.9117,-0.523358,-0.7170042,0.4604361,-0.09893143,0.6378487,-0.05889792,0.6481569,0.5307716,0.2439561,-0.7594306,0.2864128,146.7134,0.5539798,0.2546232,-0.7926371,0.04027388,1.097893,0.2083634,1.118215,0.0606131,1.139513,0.2229258,1.162695,0.07397277,1.139433,0.2327235,1.165307,-0.01491347,0.6555046,0.03582472,0.6566522,-0.002803084,0.6439805,0.07837018,0.6487377,-0.02242699,0.636611,0.1088093,0.6462322,0.09400087,-0.08122249,0.05653346,0.1364892,0.1232735,-0.08034825,0.01779908,0.1482195,0.1171649,-0.08231778,0.002525263,0.1432139,-0.1156025,0.03935139,-0.03782417,0.1278403,-0.157118,0.05318852,-0.02461131,0.1676925,-0.1792658,0.04282884,0.003103241,0.1843371,0.09384925,-0.08166879,0.05488076,0.1359756,0.1248307,-0.07943704,0.01801211,0.149055,0.1178768,-0.08114733,0.002342176,0.1431269,-0.1152453,0.04031469,-0.03639541,0.1274024,-0.1570145,0.05304724,-0.02422909,0.1674951,-0.1789049,0.04331965,0.003548295,0.1841091,0.1020043,-0.08134705,0.03991501,0.1364384,-0.06941462,0.9746118,-0.01051226,0.2126102,155.4493,-0.07103877,0.9974155,-0.01075822,-0.1446066,0.04257005,-0.01910693,0.1519485,0.1606576,-0.4567865,-0.3288935,0.81078,71.65557,0.2744637,-0.7803636,-0.5618742,0.05096704,1.111418,0.2124621,1.13269,0.7343279,-0.5571576,-0.3050576,0.2393281,152.3062,0.7563071,-0.5738339,-0.3141882,0.1014536,-0.07895121,0.04148943,0.1350833,-0.1611889,-0.1331588,-0.9758474,-0.06331623,187.2604,-0.1615129,-0.1334265,-0.9778093,-0.3809644,-0.2532479,-0.33226,0.5653893,0.5764089,0.1718357,0.5715545,0.5581675,112.1417,0.6946958,0.2070987,0.6888453,0.04903296,-0.01141763,0.08753788,0.1009825,-0.4666679,-0.2269421,-0.1185568,0.8465594,64.32121,-0.8767103,-0.4263471,-0.2227279,-0.1147629,1.207701,-0.05822,1.214538,0.03092215,-0.09927551,-0.1880599,-0.976638,335.1817,0.1438967,-0.4619801,-0.8751395,True,True,False,False
1772879678342,3.958793,0.1597435,1.03988,0.1765407,1.066787,-0.5103658,-0.6963846,0.4434221,0.2407324,152.1405,-0.5258296,-0.7174848,0.4568576,-0.09914041,0.6387134,-0.05917487,0.649065,0.5307716,0.2439561,-0.7594306,0.2864128,146.7134,0.5539798,0.2546232,-0.7926371,0.04064252,1.098936,0.2077399,1.119138,0.06088201,1.14061,0.222714,1.163743,0.0742418,1.140245,0.2326258,1.166098,-0.01517328,0.6563303,0.03556597,0.6574684,-0.002948959,0.6448048,0.07801285,0.6495137,-0.02250295,0.6373433,0.1084119,0.6468894,0.0941775,-0.08109951,0.05656467,0.1365507,0.1235897,-0.08038515,0.01777136,0.1484992,0.1172379,-0.08232923,0.002515636,0.14328,-0.115599,0.03934286,-0.03775823,0.1278149,-0.157052,0.05326659,-0.02465166,0.1676615,-0.1791648,0.04302411,0.003065668,0.1842837,0.09387615,-0.08162214,0.05501873,0.1360219,0.124729,-0.07951473,0.01799238,0.1490089,0.1178244,-0.08124417,0.002356389,0.1431389,-0.1152743,0.04023506,-0.03650707,0.1274354,-0.1570175,0.05306521,-0.02426371,0.1675087,-0.1789262,0.04329543,0.00350875,0.1841233,0.1019715,-0.08134528,0.04005267,0.1364531,-0.06926544,0.9748541,-0.01167549,0.2114839,155.5813,-0.07086839,0.9974142,-0.01194569,-0.1446301,0.04252133,-0.0191836,0.1519669,0.1613159,-0.4561611,-0.3310673,0.8101164,71.78538,0.2751568,-0.7780748,-0.5647021,0.0512987,1.112151,0.2122551,1.133386,0.7346067,-0.5587589,-0.3041681,0.2358462,152.717,0.7559311,-0.5749788,-0.3129976,0.1014106,-0.07897053,0.04147084,0.1350566,-0.160572,-0.1373878,-0.9752893,-0.0644351,187.3888,-0.1609064,-0.1376739,-0.9773204,-0.3810692,-0.2527743,-0.3326557,0.5654806,0.5808355,0.1777926,0.5692478,0.554055,112.7087,0.697717,0.2135697,0.6837975,0.0487013,-0.012151,0.08774495,0.1010873,-0.4681136,-0.2232818,-0.1187737,0.8467042,64.29005,-0.8798067,-0.419652,-0.2232319,-0.1142775,1.207587,-0.05831795,1.214384,0.03017968,-0.09984969,-0.1876123,-0.9766887,335.2088,0.1405927,-0.4651518,-0.8739955,True,True,False,False
1772879678355,3.972908,0.1600968,1.040821,0.1770646,1.067844,-0.5123617,-0.6971107,0.4406333,0.2395088,152.2849,-0.5277214,-0.7180089,0.4538428,-0.09979405,0.6402599,-0.0595449,0.6507205,0.5307716,0.2439561,-0.7594306,0.2864128,146.7134,0.5539798,0.2546232,-0.7926371,0.04085766,1.100045,0.2074845,1.120187,0.06132596,1.141221,0.2228215,1.164386,0.07451636,1.14108,0.2328397,1.166975,-0.01578077,0.6579508,0.03517032,0.659079,-0.003582511,0.6463616,0.07763076,0.6510167,-0.02314901,0.638878,0.10805,0.6483639,0.09418516,-0.08103201,0.0566911,0.1365683,0.1231126,-0.0803491,0.01780222,0.1480865,0.1170518,-0.08233633,0.002515338,0.1431318,-0.1156003,0.03932355,-0.03784701,0.1278365,-0.1570479,0.05327394,-0.02467585,0.1676635,-0.1791725,0.0430372,0.003071085,0.1842944,0.09389964,-0.08157726,0.05514591,0.1360627,0.1246061,-0.07957818,0.01797792,0.1489381,0.1177657,-0.08132722,0.002368477,0.143138,-0.115299,0.04016574,-0.03660897,0.1274652,-0.1570199,0.05308108,-0.02429505,0.1675204,-0.178945,0.0432758,0.003475467,0.1841363,0.1019343,-0.08134026,0.04017846,0.1364593,-0.06933769,0.9750758,-0.01274611,0.2103737,155.7115,-0.07092492,0.9973966,-0.01303788,-0.1446507,0.04247947,-0.01925213,0.1519835,0.1618667,-0.4555954,-0.3329604,0.8095488,71.89625,0.2757278,-0.7760727,-0.5671731,0.05200393,1.114807,0.21253,1.136076,0.7366251,-0.5581343,-0.3033364,0.2320702,153.162,0.7573001,-0.5737996,-0.3118502,0.1010656,-0.07882991,0.04165348,0.1347717,-0.1614633,-0.1372648,-0.9751615,-0.06440693,187.3856,-0.1617992,-0.1375504,-0.9771903,-0.3813487,-0.2515184,-0.3327121,0.5651422,0.5837625,0.1788672,0.5677763,0.5521396,112.9722,0.7001634,0.2145329,0.6809896,0.04799607,-0.01480687,0.08746998,0.1008656,-0.4701079,-0.2205243,-0.121466,0.8459396,64.45453,-0.8815421,-0.4135251,-0.2277719,-0.1138086,1.207503,-0.05836885,1.214258,0.02945847,-0.1004933,-0.186995,-0.9767631,335.2485,0.1374498,-0.4688898,-0.8724967,True,True,False,False
1772879678370,3.987698,0.1605732,1.04358,0.1777422,1.070717,-0.5141939,-0.6980035,0.4375226,0.2386836,152.3823,-0.5294978,-0.7187781,0.4505445,-0.10069,0.6418829,-0.05991706,0.6524892,0.5307716,0.2439561,-0.7594306,0.2864128,146.7134,0.5539798,0.2546232,-0.7926371,0.04156743,1.10338,0.2078661,1.123558,0.06200408,1.143362,0.2232344,1.1666,0.07486109,1.143924,0.2333545,1.16988,-0.0164213,0.6599024,0.03464645,0.6610153,-0.004508805,0.6480774,0.07739617,0.6526982,-0.02451894,0.6410871,0.1081798,0.6506125,0.09441562,-0.08107876,0.05619397,0.1365498,0.1223705,-0.08030363,0.0178492,0.147451,0.1171161,-0.08237558,0.002482586,0.1432064,-0.1155843,0.03927534,-0.03828709,0.1279382,-0.1571861,0.05317722,-0.02467455,0.1677621,-0.1796213,0.04225482,0.003151059,0.1845514,0.09394168,-0.08153666,0.05523129,0.136102,0.124424,-0.07963727,0.01796743,0.1488162,0.1177127,-0.08141262,0.002377772,0.1431431,-0.1153223,0.04009321,-0.03674567,0.1275027,-0.1570334,0.05308891,-0.02432597,0.1675401,-0.1790001,0.04319263,0.00344904,0.1841698,0.1019023,-0.08133883,0.04027149,0.136462,-0.06999369,0.9752449,-0.01392386,0.209295,155.8379,-0.07157898,0.9973333,-0.01423922,-0.1446938,0.04240967,-0.01933068,0.152015,0.1631563,-0.4546622,-0.3354588,0.8087829,72.04563,0.2774261,-0.7730939,-0.5704039,0.05208298,1.115617,0.2126301,1.136893,0.7344568,-0.5607446,-0.3083159,0.2260089,153.8756,0.7539654,-0.5756391,-0.3165053,0.1007316,-0.07875081,0.04149918,0.1344274,-0.1607768,-0.1375481,-0.9750935,-0.06651358,187.6275,-0.1611336,-0.1378534,-0.9772577,-0.382579,-0.2511907,-0.3342704,0.5667452,0.5856676,0.1819416,0.5653079,0.5516502,113.0394,0.7021756,0.2181356,0.6777656,0.04791702,-0.01561725,0.08736989,0.1008635,-0.4765155,-0.2171982,-0.1174318,0.8437819,64.91668,-0.8878846,-0.4047023,-0.2188091,-0.1134133,1.20741,-0.05842252,1.214132,0.02864503,-0.1009179,-0.186775,-0.9767857,335.2606,0.1337184,-0.4710966,-0.871888,True,True,False,False
1772879678383,4.0013,0.1607888,1.044556,0.178097,1.07176,-0.5156434,-0.6989332,0.4345151,0.2383298,152.424,-0.5309429,-0.719671,0.4474075,-0.1007293,0.641809,-0.05992255,0.6524231,0.5307716,0.2439561,-0.7594306,0.2864128,146.7134,0.5539798,0.2546232,-0.7926371,0.04168541,1.104256,0.2078246,1.124416,0.06233081,1.14395,0.2235804,1.167259,0.07499613,1.144886,0.2336627,1.170891,-0.01646606,0.6598167,0.03464327,0.6609306,-0.004550133,0.6479976,0.07742147,0.6526222,-0.02454502,0.640985,0.1081777,0.6505126,0.0942158,-0.08113477,0.05633798,0.1365043,0.1219154,-0.08037522,0.01783863,0.1471113,0.1171334,-0.0823864,0.0024755,0.1432267,-0.1155829,0.03927987,-0.03827467,0.1279346,-0.1572136,0.05317799,-0.02465937,0.1677859,-0.1796232,0.04228393,0.003162369,0.18456,0.09396499,-0.08150249,0.05532539,0.1361359,0.1242107,-0.07970002,0.01795648,0.1486702,0.1176635,-0.08149542,0.002386082,0.1431499,-0.1153444,0.04002405,-0.03687568,0.1275385,-0.1570487,0.05309649,-0.02435432,0.1675609,-0.179053,0.04311536,0.003424665,0.1842027,0.1018478,-0.0813419,0.04038046,0.1364553,-0.07066559,0.9753804,-0.01503296,0.2083591,155.9476,-0.07225134,0.997268,-0.0153703,-0.1447337,0.04234389,-0.01940603,0.1520442,0.1643493,-0.4537808,-0.3378067,0.8080587,72.18661,0.2789828,-0.7702926,-0.5734266,0.05290937,1.117711,0.2138323,1.139211,0.7344286,-0.5605147,-0.3109854,0.2229933,154.2302,0.7533993,-0.5749931,-0.3190184,0.1005182,-0.07886417,0.0416615,0.1343843,-0.1675613,-0.1358286,-0.9741656,-0.06689806,187.6717,-0.1679375,-0.1361336,-0.9763528,-0.3828667,-0.2517495,-0.3349122,0.5675658,0.5914609,0.178383,0.560135,0.5519081,113.004,0.7092664,0.2139129,0.6717011,0.04709063,-0.01771116,0.08616769,0.09978018,-0.4800365,-0.2163741,-0.1169292,0.8420659,65.28218,-0.8899868,-0.4011572,-0.2167865,-0.1130635,1.207378,-0.05845531,1.214068,0.02829729,-0.1015698,-0.1861357,-0.9768503,335.2952,0.1322772,-0.4747934,-0.8701011,True,True,False,False
1772879678397,4.01578,0.161356,1.046521,0.1789866,1.073908,-0.5164465,-0.7002454,0.4308721,0.2393509,152.3035,-0.5319073,-0.7212086,0.4437711,-0.1006518,0.6414955,-0.05983796,0.6520949,0.5306401,0.2433911,-0.7594294,0.2871393,146.6265,0.5539684,0.2540912,-0.7928158,0.04253917,1.106334,0.2090404,1.126713,0.06291075,1.146259,0.2246626,1.169761,0.07557032,1.14675,0.2349195,1.173002,-0.0165041,0.6595002,0.03479987,0.6606238,-0.004483584,0.647818,0.077425,0.6524438,-0.02426217,0.6408008,0.1080607,0.6503011,0.09411967,-0.08129803,0.05595007,0.1363756,0.1223448,-0.08025125,0.01780182,0.1473954,0.117219,-0.08238429,0.002475783,0.1432955,-0.115588,0.03938616,-0.03807196,0.1279114,-0.157092,0.05333718,-0.02463103,0.1677183,-0.179439,0.04264145,0.00303106,0.1844609,0.09397717,-0.08148639,0.05537457,0.1361546,0.1240638,-0.07974342,0.0179443,0.1485693,0.1176285,-0.0815654,0.002393144,0.1431611,-0.1153636,0.03997383,-0.03696987,0.1275674,-0.1570521,0.05311544,-0.0243761,0.1675733,-0.1790834,0.04307805,0.003393675,0.184223,0.1018082,-0.0813518,0.04044531,0.1364509,-0.07158159,0.9754221,-0.01594625,0.2077827,156.0151,-0.07317872,0.9971856,-0.01630204,-0.1447579,0.0423048,-0.01946765,0.1520642,0.1652208,-0.4531734,-0.3397399,0.8074111,72.31248,0.2800404,-0.7681046,-0.5758409,0.0532231,1.1181,0.214545,1.139741,0.7356659,-0.5575882,-0.3138137,0.2222883,154.3131,0.7545438,-0.5718965,-0.3218665,0.1005187,-0.07892884,0.04134239,0.1343241,-0.168326,-0.1338472,-0.9742724,-0.06741658,187.7312,-0.1687098,-0.1341524,-0.9764938,-0.3852612,-0.2524025,-0.3363403,0.570314,0.5939166,0.1775049,0.5562365,0.5534947,112.7858,0.7131112,0.2131288,0.667869,0.0467769,-0.01809978,0.08545503,0.09908704,-0.4825984,-0.218586,-0.1183818,0.8398243,65.75688,-0.8889948,-0.4026574,-0.2180712,-0.1127617,1.207406,-0.0584158,1.214066,0.02819078,-0.1017589,-0.1858022,-0.9768971,335.3203,0.1319113,-0.4761538,-0.8694126,True,True,False,False
1772879678411,4.028564,0.1619709,1.047661,0.1795386,1.075203,-0.5161445,-0.7025064,0.425613,0.2427619,151.9008,-0.5320606,-0.7241693,0.4387375,-0.1004661,0.6411447,-0.05992315,0.651729,0.5303438,0.242202,-0.7593832,0.2888097,146.4266,0.5539494,0.2529824,-0.7931833,0.0429357,1.106736,0.2098002,1.127264,0.06393994,1.147308,0.2254016,1.170986,0.07643289,1.147202,0.2366507,1.173847,-0.01643591,0.6595868,0.03475337,0.6607062,-0.004354302,0.6479272,0.07731046,0.6525377,-0.02426482,0.6413023,0.1081139,0.6508042,0.09365627,-0.08120798,0.05664635,0.1362903,0.1225919,-0.07929976,0.01804933,0.1471156,0.1170238,-0.08237857,0.002488382,0.1431327,-0.1155985,0.03942036,-0.0380507,0.1279251,-0.1569815,0.05355239,-0.02460656,0.1676799,-0.1795094,0.04255161,0.002973273,0.1845077,0.09395041,-0.08146317,0.05548063,0.1361654,0.123941,-0.07970642,0.01795306,0.148448,0.117578,-0.08163322,0.002401087,0.1431585,-0.1153832,0.03992767,-0.03706,0.1275968,-0.1570462,0.05315188,-0.02439532,0.1675821,-0.1791189,0.04303415,0.003358616,0.1842466,0.1017511,-0.08134865,0.04053856,0.1364341,-0.07528059,0.9752535,-0.01748992,0.2071418,156.0902,-0.07694956,0.9968748,-0.01787767,-0.1447901,0.04226729,-0.01952515,0.1520919,0.1664509,-0.4524885,-0.3421328,0.8065318,72.4831,0.281552,-0.7653849,-0.5787181,0.05348673,1.118397,0.2152979,1.140187,0.7403876,-0.5541211,-0.311802,0.2180723,154.8083,0.7586462,-0.5677863,-0.3194913,0.1001856,-0.07870784,0.04220343,0.1342133,-0.1644485,-0.130338,-0.9753968,-0.06760067,187.7524,-0.1648255,-0.1306368,-0.9776332,-0.3877484,-0.2514173,-0.3359763,0.5713489,0.5940077,0.1773476,0.5520627,0.5576108,112.2186,0.7155833,0.2136453,0.6650535,0.04651327,-0.01839733,0.08470207,0.09836863,-0.4845636,-0.2163569,-0.125088,0.8382965,66.07869,-0.8887571,-0.3968286,-0.2294288,-0.1126117,1.207348,-0.05836326,1.213992,0.02846939,-0.1021792,-0.1853233,-0.9769361,335.3412,0.1333263,-0.4785201,-0.8678954,True,True,False,False
1772879678426,4.043089,0.1627193,1.048768,0.1801411,1.076495,-0.5155777,-0.7048008,0.4196609,0.2476292,151.3255,-0.5321516,-0.7274576,0.4331515,-0.1001515,0.6402932,-0.06011958,0.650861,0.5299592,0.2410335,-0.7593281,0.2906321,146.2084,0.553867,0.2519071,-0.7935833,0.04330258,1.107191,0.2103888,1.127835,0.06509082,1.149023,0.2264427,1.172931,0.07746184,1.148337,0.2386232,1.175423,-0.01617256,0.6592945,0.03456793,0.6603981,-0.004076447,0.6475198,0.0769697,0.6520911,-0.02412966,0.6413001,0.1080205,0.6507815,0.09335597,-0.08079967,0.05783282,0.1363399,0.1235762,-0.07823144,0.01830421,0.1473984,0.1176391,-0.08220721,0.002466843,0.1435377,-0.1156252,0.03944496,-0.03813319,0.1279814,-0.1567612,0.05383214,-0.02457926,0.1675593,-0.1795444,0.04250344,0.002944402,0.1845302,0.09390621,-0.08141384,0.05565552,0.1361768,0.1239139,-0.07959675,0.01797917,0.1483696,0.1175826,-0.08167589,0.002405976,0.1431866,-0.1154012,0.03989178,-0.0371398,0.127625,-0.157025,0.05320246,-0.024409,0.1675803,-0.1791506,0.04299469,0.003327817,0.1842676,0.1017084,-0.08131496,0.04067747,0.1364235,-0.0805293,0.9748767,-0.01938664,0.2067718,156.1335,-0.08230805,0.99641,-0.01981486,-0.1448267,0.04223857,-0.01957031,0.1521246,0.1678418,-0.4517629,-0.3447244,0.8055461,72.67394,0.2832615,-0.7624264,-0.5817808,0.05438911,1.120762,0.2168968,1.142852,0.7505946,-0.554268,-0.3042277,0.1919387,157.8681,0.7648148,-0.5647688,-0.3099914,0.09989771,-0.07837109,0.04352532,0.1342238,-0.1565264,-0.1334727,-0.976246,-0.06803235,187.802,-0.1568899,-0.1337826,-0.9785131,-0.3905101,-0.2506954,-0.3357037,0.5727506,0.5955255,0.1833467,0.5470886,0.5589523,112.0333,0.7181929,0.2211128,0.6597789,0.04561089,-0.02076209,0.08310318,0.0970441,-0.4961787,-0.194102,-0.1392812,0.8347048,66.8298,-0.9009999,-0.3524655,-0.2529176,-0.1124339,1.207319,-0.05830615,1.213944,0.02857592,-0.1023814,-0.1852714,-0.9769217,335.3334,0.1337838,-0.4793185,-0.8673843,False,False,False,False
1772879678439,4.056498,0.1627193,1.048768,0.1801411,1.076495,-0.5155777,-0.7048008,0.4196609,0.2476292,151.3255,-0.5321516,-0.7274576,0.4331515,-0.1001515,0.6402932,-0.06011958,0.650861,0.5299592,0.2410335,-0.7593281,0.2906321,146.2084,0.553867,0.2519071,-0.7935833,0.04330258,1.107191,0.2103888,1.127835,0.06509082,1.149023,0.2264427,1.172931,0.07746184,1.148337,0.2386232,1.175423,-0.01617256,0.6592945,0.03456793,0.6603981,-0.004076447,0.6475198,0.0769697,0.6520911,-0.02412966,0.6413001,0.1080205,0.6507815,0.09335597,-0.08079967,0.05783282,0.1363399,0.1235762,-0.07823144,0.01830421,0.1473984,0.1176391,-0.08220721,0.002466843,0.1435377,-0.1156252,0.03944496,-0.03813319,0.1279814,-0.1567612,0.05383214,-0.02457926,0.1675593,-0.1795444,0.04250344,0.002944402,0.1845302,0.09390621,-0.08141384,0.05565552,0.1361768,0.1239139,-0.07959675,0.01797917,0.1483696,0.1175826,-0.08167589,0.002405976,0.1431866,-0.1154012,0.03989178,-0.0371398,0.127625,-0.157025,0.05320246,-0.024409,0.1675803,-0.1791506,0.04299469,0.003327817,0.1842676,0.1017084,-0.08131496,0.04067747,0.1364235,-0.0805293,0.9748767,-0.01938664,0.2067718,156.1335,-0.08230805,0.99641,-0.01981486,-0.1448267,0.04223857,-0.01957031,0.1521246,0.1678418,-0.4517629,-0.3447244,0.8055461,72.67394,0.2832615,-0.7624264,-0.5817808,0.05463948,1.121376,0.217148,1.143513,0.7567844,-0.5460644,-0.304695,0.1904,158.0477,0.7708865,-0.5562399,-0.3103728,0.09989771,-0.07837109,0.04352532,0.1342238,-0.1565264,-0.1334727,-0.976246,-0.06803235,187.802,-0.1568899,-0.1337826,-0.9785131,-0.3905101,-0.2506954,-0.3357037,0.5727506,0.5955255,0.1833467,0.5470886,0.5589523,112.0333,0.7181929,0.2211128,0.6597789,0.04536052,-0.02137589,0.08285198,0.09684501,-0.4985413,-0.1971856,-0.1482032,0.8310298,67.59069,-0.8962892,-0.3545049,-0.2664432,-0.1123193,1.207274,-0.05821797,1.213885,0.02852668,-0.1028164,-0.1849666,-0.9769352,335.3407,0.1335919,-0.4814945,-0.8662081,False,False,False,False
1772879678452,4.069438,0.1627193,1.048768,0.1801411,1.076495,-0.5155777,-0.7048008,0.4196609,0.2476292,151.3255,-0.5321516,-0.7274576,0.4331515,-0.1001515,0.6402932,-0.06011958,0.650861,0.5299592,0.2410335,-0.7593281,0.2906321,146.2084,0.553867,0.2519071,-0.7935833,0.04330258,1.107191,0.2103888,1.127835,0.06509082,1.149023,0.2264427,1.172931,0.07746184,1.148337,0.2386232,1.175423,-0.01617256,0.6592945,0.03456793,0.6603981,-0.004076447,0.6475198,0.0769697,0.6520911,-0.02412966,0.6413001,0.1080205,0.6507815,0.09335597,-0.08079967,0.05783282,0.1363399,0.1235762,-0.07823144,0.01830421,0.1473984,0.1176391,-0.08220721,0.002466843,0.1435377,-0.1156252,0.03944496,-0.03813319,0.1279814,-0.1567612,0.05383214,-0.02457926,0.1675593,-0.1795444,0.04250344,0.002944402,0.1845302,0.09390621,-0.08141384,0.05565552,0.1361768,0.1239139,-0.07959675,0.01797917,0.1483696,0.1175826,-0.08167589,0.002405976,0.1431866,-0.1154012,0.03989178,-0.0371398,0.127625,-0.157025,0.05320246,-0.024409,0.1675803,-0.1791506,0.04299469,0.003327817,0.1842676,0.1017084,-0.08131496,0.04067747,0.1364235,-0.0805293,0.9748767,-0.01938664,0.2067718,156.1335,-0.08230805,0.99641,-0.01981486,-0.1448267,0.04223857,-0.01957031,0.1521246,0.1678418,-0.4517629,-0.3447244,0.8055461,72.67394,0.2832615,-0.7624264,-0.5817808,0.05491783,1.122092,0.2173284,1.144264,0.7635195,-0.5419493,-0.2996404,0.1831519,158.8932,0.776657,-0.5512744,-0.3047961,0.09989771,-0.07837109,0.04352532,0.1342238,-0.1565264,-0.1334727,-0.976246,-0.06803235,187.802,-0.1568899,-0.1337826,-0.9785131,-0.3905101,-0.2506954,-0.3357037,0.5727506,0.5955255,0.1833467,0.5470886,0.5589523,112.0333,0.7181929,0.2211128,0.6597789,0.04508217,-0.02209234,0.08267158,0.09672158,-0.5004435,-0.1916346,-0.1583518,0.8293114,67.94389,-0.8955892,-0.3429475,-0.283385,-0.1119868,1.207239,-0.05823724,1.21382,0.02843553,-0.1032298,-0.185304,-0.9768303,335.2845,0.1328668,-0.4823479,-0.8658449,False,False,False,False
1772879678467,4.081454,0.1627193,1.048768,0.1801411,1.076495,-0.5155777,-0.7048008,0.4196609,0.2476292,151.3255,-0.5321516,-0.7274576,0.4331515,-0.1001515,0.6402932,-0.06011958,0.650861,0.5299592,0.2410335,-0.7593281,0.2906321,146.2084,0.553867,0.2519071,-0.7935833,0.04330258,1.107191,0.2103888,1.127835,0.06509082,1.149023,0.2264427,1.172931,0.07746184,1.148337,0.2386232,1.175423,-0.01617256,0.6592945,0.03456793,0.6603981,-0.004076447,0.6475198,0.0769697,0.6520911,-0.02412966,0.6413001,0.1080205,0.6507815,0.09335597,-0.08079967,0.05783282,0.1363399,0.1235762,-0.07823144,0.01830421,0.1473984,0.1176391,-0.08220721,0.002466843,0.1435377,-0.1156252,0.03944496,-0.03813319,0.1279814,-0.1567612,0.05383214,-0.02457926,0.1675593,-0.1795444,0.04250344,0.002944402,0.1845302,0.09390621,-0.08141384,0.05565552,0.1361768,0.1239139,-0.07959675,0.01797917,0.1483696,0.1175826,-0.08167589,0.002405976,0.1431866,-0.1154012,0.03989178,-0.0371398,0.127625,-0.157025,0.05320246,-0.024409,0.1675803,-0.1791506,0.04299469,0.003327817,0.1842676,0.1017084,-0.08131496,0.04067747,0.1364235,-0.0805293,0.9748767,-0.01938664,0.2067718,156.1335,-0.08230805,0.99641,-0.01981486,-0.1448267,0.04223857,-0.01957031,0.1521246,0.1678418,-0.4517629,-0.3447244,0.8055461,72.67394,0.2832615,-0.7624264,-0.5817808,0.05572126,1.12551,0.2172121,1.147631,0.770686,-0.5417503,-0.3028212,0.1443926,163.3958,0.7788479,-0.5474876,-0.3060282,0.09989771,-0.07837109,0.04352532,0.1342238,-0.1565264,-0.1334727,-0.976246,-0.06803235,187.802,-0.1568899,-0.1337826,-0.9785131,-0.3905101,-0.2506954,-0.3357037,0.5727506,0.5955255,0.1833467,0.5470886,0.5589523,112.0333,0.7181929,0.2211128,0.6597789,0.04427874,-0.0255096,0.0827879,0.09728917,-0.5254499,-0.1650678,-0.1680779,0.8175604,70.31738,-0.9124881,-0.2866541,-0.2918814,-0.1119798,1.207141,-0.05813714,1.213717,0.02822529,-0.1033609,-0.1854183,-0.9768009,335.2687,0.1318017,-0.4826573,-0.8658352,False,False,False,False
1772879678481,4.095736,0.1627193,1.048768,0.1801411,1.076495,-0.5155777,-0.7048008,0.4196609,0.2476292,151.3255,-0.5321516,-0.7274576,0.4331515,-0.1001515,0.6402932,-0.06011958,0.650861,0.5299592,0.2410335,-0.7593281,0.2906321,146.2084,0.553867,0.2519071,-0.7935833,0.04330258,1.107191,0.2103888,1.127835,0.06509082,1.149023,0.2264427,1.172931,0.07746184,1.148337,0.2386232,1.175423,-0.01617256,0.6592945,0.03456793,0.6603981,-0.004076447,0.6475198,0.0769697,0.6520911,-0.02412966,0.6413001,0.1080205,0.6507815,0.09335597,-0.08079967,0.05783282,0.1363399,0.1235762,-0.07823144,0.01830421,0.1473984,0.1176391,-0.08220721,0.002466843,0.1435377,-0.1156252,0.03944496,-0.03813319,0.1279814,-0.1567612,0.05383214,-0.02457926,0.1675593,-0.1795444,0.04250344,0.002944402,0.1845302,0.09390621,-0.08141384,0.05565552,0.1361768,0.1239139,-0.07959675,0.01797917,0.1483696,0.1175826,-0.08167589,0.002405976,0.1431866,-0.1154012,0.03989178,-0.0371398,0.127625,-0.157025,0.05320246,-0.024409,0.1675803,-0.1791506,0.04299469,0.003327817,0.1842676,0.1017084,-0.08131496,0.04067747,0.1364235,-0.0805293,0.9748767,-0.01938664,0.2067718,156.1335,-0.08230805,0.99641,-0.01981486,-0.1448267,0.04223857,-0.01957031,0.1521246,0.1678418,-0.4517629,-0.3447244,0.8055461,72.67394,0.2832615,-0.7624264,-0.5817808,0.05594426,1.126523,0.2171113,1.148617,0.7755124,-0.5341445,-0.3114052,0.1276601,165.3312,0.78191,-0.538551,-0.3139741,0.09989771,-0.07837109,0.04352532,0.1342238,-0.1565264,-0.1334727,-0.976246,-0.06803235,187.802,-0.1568899,-0.1337826,-0.9785131,-0.3905101,-0.2506954,-0.3357037,0.5727506,0.5955255,0.1833467,0.5470886,0.5589523,112.0333,0.7181929,0.2211128,0.6597789,0.04405574,-0.02652287,0.08288866,0.09754436,-0.5413023,-0.1604192,-0.1746848,0.8066864,72.45316,-0.9159403,-0.2714461,-0.295585,-0.1120176,1.207027,-0.05800722,1.213601,0.0277893,-0.1036205,-0.1855027,-0.9767699,335.2521,0.1296802,-0.4835504,-0.8656579,False,False,False,False
1772879678494,4.108933,0.1627193,1.048768,0.1801411,1.076495,-0.5155777,-0.7048008,0.4196609,0.2476292,151.3255,-0.5321516,-0.7274576,0.4331515,-0.1001515,0.6402932,-0.06011958,0.650861,0.5299592,0.2410335,-0.7593281,0.2906321,146.2084,0.553867,0.2519071,-0.7935833,0.04330258,1.107191,0.2103888,1.127835,0.06509082,1.149023,0.2264427,1.172931,0.07746184,1.148337,0.2386232,1.175423,-0.01617256,0.6592945,0.03456793,0.6603981,-0.004076447,0.6475198,0.0769697,0.6520911,-0.02412966,0.6413001,0.1080205,0.6507815,0.09335597,-0.08079967,0.05783282,0.1363399,0.1235762,-0.07823144,0.01830421,0.1473984,0.1176391,-0.08220721,0.002466843,0.1435377,-0.1156252,0.03944496,-0.03813319,0.1279814,-0.1567612,0.05383214,-0.02457926,0.1675593,-0.1795444,0.04250344,0.002944402,0.1845302,0.09390621,-0.08141384,0.05565552,0.1361768,0.1239139,-0.07959675,0.01797917,0.1483696,0.1175826,-0.08167589,0.002405976,0.1431866,-0.1154012,0.03989178,-0.0371398,0.127625,-0.157025,0.05320246,-0.024409,0.1675803,-0.1791506,0.04299469,0.003327817,0.1842676,0.1017084,-0.08131496,0.04067747,0.1364235,-0.0805293,0.9748767,-0.01938664,0.2067718,156.1335,-0.08230805,0.99641,-0.01981486,-0.1448267,0.04223857,-0.01957031,0.1521246,0.1678418,-0.4517629,-0.3447244,0.8055461,72.67394,0.2832615,-0.7624264,-0.5817808,0.05643249,1.127555,0.2167898,1.149593,0.7823186,-0.5311592,-0.3088059,0.1024039,168.2448,0.7864531,-0.5339663,-0.3104379,0.09989771,-0.07837109,0.04352532,0.1342238,-0.1565264,-0.1334727,-0.976246,-0.06803235,187.802,-0.1568899,-0.1337826,-0.9785131,-0.3905101,-0.2506954,-0.3357037,0.5727506,0.5955255,0.1833467,0.5470886,0.5589523,112.0333,0.7181929,0.2211128,0.6597789,0.04356752,-0.02755547,0.08321023,0.0978845,-0.5544853,-0.1421024,-0.1858895,0.7986227,74.00246,-0.9213287,-0.2361164,-0.3088727,-0.1121826,1.206893,-0.05778328,1.213472,0.02736998,-0.1039395,-0.1855915,-0.9767309,335.2313,0.1276178,-0.4846382,-0.8653561,False,False,False,False
1772879678509,4.122744,0.1627193,1.048768,0.1801411,1.076495,-0.5155777,-0.7048008,0.4196609,0.2476292,151.3255,-0.5321516,-0.7274576,0.4331515,-0.1001515,0.6402932,-0.06011958,0.650861,0.5299592,0.2410335,-0.7593281,0.2906321,146.2084,0.553867,0.2519071,-0.7935833,0.04330258,1.107191,0.2103888,1.127835,0.06509082,1.149023,0.2264427,1.172931,0.07746184,1.148337,0.2386232,1.175423,-0.01617256,0.6592945,0.03456793,0.6603981,-0.004076447,0.6475198,0.0769697,0.6520911,-0.02412966,0.6413001,0.1080205,0.6507815,0.09335597,-0.08079967,0.05783282,0.1363399,0.1235762,-0.07823144,0.01830421,0.1473984,0.1176391,-0.08220721,0.002466843,0.1435377,-0.1156252,0.03944496,-0.03813319,0.1279814,-0.1567612,0.05383214,-0.02457926,0.1675593,-0.1795444,0.04250344,0.002944402,0.1845302,0.09390621,-0.08141384,0.05565552,0.1361768,0.1239139,-0.07959675,0.01797917,0.1483696,0.1175826,-0.08167589,0.002405976,0.1431866,-0.1154012,0.03989178,-0.0371398,0.127625,-0.157025,0.05320246,-0.024409,0.1675803,-0.1791506,0.04299469,0.003327817,0.1842676,0.1017084,-0.08131496,0.04067747,0.1364235,-0.0805293,0.9748767,-0.01938664,0.2067718,156.1335,-0.08230805,0.99641,-0.01981486,-0.1448267,0.04223857,-0.01957031,0.1521246,0.1678418,-0.4517629,-0.3447244,0.8055461,72.67394,0.2832615,-0.7624264,-0.5817808,0.05859926,1.13149,0.214623,1.153155,0.7959531,-0.5134121,-0.3189867,0.03337847,176.1744,0.7963969,-0.5136983,-0.3191645,0.09989771,-0.07837109,0.04352532,0.1342238,-0.1565264,-0.1334727,-0.976246,-0.06803235,187.802,-0.1568899,-0.1337826,-0.9785131,-0.3905101,-0.2506954,-0.3357037,0.5727506,0.5955255,0.1833467,0.5470886,0.5589523,112.0333,0.7181929,0.2211128,0.6597789,0.04140074,-0.03148961,0.08537699,0.09997424,-0.6003282,-0.1038856,-0.2110657,0.7643724,80.29762,-0.9310662,-0.1611191,-0.3273478,-0.1123622,1.206751,-0.05756957,1.213337,0.02689449,-0.1044291,-0.1855809,-0.9766939,335.2116,0.1253023,-0.4865384,-0.8646276,False,False,False,False
1772879678522,4.137168,0.1627193,1.048768,0.1801411,1.076495,-0.5155777,-0.7048008,0.4196609,0.2476292,151.3255,-0.5321516,-0.7274576,0.4331515,-0.1001515,0.6402932,-0.06011958,0.650861,0.5299592,0.2410335,-0.7593281,0.2906321,146.2084,0.553867,0.2519071,-0.7935833,0.04330258,1.107191,0.2103888,1.127835,0.06509082,1.149023,0.2264427,1.172931,0.07746184,1.148337,0.2386232,1.175423,-0.01617256,0.6592945,0.03456793,0.6603981,-0.004076447,0.6475198,0.0769697,0.6520911,-0.02412966,0.6413001,0.1080205,0.6507815,0.09335597,-0.08079967,0.05783282,0.1363399,0.1235762,-0.07823144,0.01830421,0.1473984,0.1176391,-0.08220721,0.002466843,0.1435377,-0.1156252,0.03944496,-0.03813319,0.1279814,-0.1567612,0.05383214,-0.02457926,0.1675593,-0.1795444,0.04250344,0.002944402,0.1845302,0.09390621,-0.08141384,0.05565552,0.1361768,0.1239139,-0.07959675,0.01797917,0.1483696,0.1175826,-0.08167589,0.002405976,0.1431866,-0.1154012,0.03989178,-0.0371398,0.127625,-0.157025,0.05320246,-0.024409,0.1675803,-0.1791506,0.04299469,0.003327817,0.1842676,0.1017084,-0.08131496,0.04067747,0.1364235,-0.0805293,0.9748767,-0.01938664,0.2067718,156.1335,-0.08230805,0.99641,-0.01981486,-0.1448267,0.04223857,-0.01957031,0.1521246,0.1678418,-0.4517629,-0.3447244,0.8055461,72.67394,0.2832615,-0.7624264,-0.5817808,0.05929483,1.132293,0.2143448,1.153926,0.8099516,-0.4906124,-0.320844,0.01835825,177.8962,0.8100882,-0.4906951,-0.3208981,0.09989771,-0.07837109,0.04352532,0.1342238,-0.1565264,-0.1334727,-0.976246,-0.06803235,187.802,-0.1568899,-0.1337826,-0.9785131,-0.3905101,-0.2506954,-0.3357037,0.5727506,0.5955255,0.1833467,0.5470886,0.5589523,112.0333,0.7181929,0.2211128,0.6597789,0.04070517,-0.03229272,0.0856552,0.1001825,-0.611603,-0.1041777,-0.2347322,0.7483246,83.10908,-0.9220154,-0.157052,-0.353868,-0.1126697,1.206579,-0.05734579,1.213184,0.02638981,-0.1044696,-0.1858485,-0.9766525,335.1895,0.1228431,-0.4863004,-0.8651146,False,False,False,False
1772879678536,4.150631,0.1627193,1.048768,0.1801411,1.076495,-0.5155777,-0.7048008,0.4196609,0.2476292,151.3255,-0.5321516,-0.7274576,0.4331515,-0.1001515,0.6402932,-0.06011958,0.650861,0.5299592,0.2410335,-0.7593281,0.2906321,146.2084,0.553867,0.2519071,-0.7935833,0.04330258,1.107191,0.2103888,1.127835,0.06509082,1.149023,0.2264427,1.172931,0.07746184,1.148337,0.2386232,1.175423,-0.01617256,0.6592945,0.03456793,0.6603981,-0.004076447,0.6475198,0.0769697,0.6520911,-0.02412966,0.6413001,0.1080205,0.6507815,0.09335597,-0.08079967,0.05783282,0.1363399,0.1235762,-0.07823144,0.01830421,0.1473984,0.1176391,-0.08220721,0.002466843,0.1435377,-0.1156252,0.03944496,-0.03813319,0.1279814,-0.1567612,0.05383214,-0.02457926,0.1675593,-0.1795444,0.04250344,0.002944402,0.1845302,0.09390621,-0.08141384,0.05565552,0.1361768,0.1239139,-0.07959675,0.01797917,0.1483696,0.1175826,-0.08167589,0.002405976,0.1431866,-0.1154012,0.03989178,-0.0371398,0.127625,-0.157025,0.05320246,-0.024409,0.1675803,-0.1791506,0.04299469,0.003327817,0.1842676,0.1017084,-0.08131496,0.04067747,0.1364235,-0.0805293,0.9748767,-0.01938664,0.2067718,156.1335,-0.08230805,0.99641,-0.01981486,-0.1448267,0.04223857,-0.01957031,0.1521246,0.1678418,-0.4517629,-0.3447244,0.8055461,72.67394,0.2832615,-0.7624264,-0.5817808,0.06005032,1.133116,0.2139924,1.154708,0.8198704,-0.4804449,-0.3114113,-0.002877614,180.3298,0.8198738,-0.4804469,-0.3114126,0.09989771,-0.07837109,0.04352532,0.1342238,-0.1565264,-0.1334727,-0.976246,-0.06803235,187.802,-0.1568899,-0.1337826,-0.9785131,-0.3905101,-0.2506954,-0.3357037,0.5727506,0.5955255,0.1833467,0.5470886,0.5589523,112.0333,0.7181929,0.2211128,0.6597789,0.03994969,-0.03311598,0.0860076,0.1004487,-0.6177465,-0.08857571,-0.2540257,0.7389281,84.71964,-0.9168311,-0.13146,-0.3770134,-0.113065,1.206397,-0.05709112,1.213028,0.02621779,-0.1047096,-0.1858805,-0.9766253,335.175,0.1219723,-0.4871376,-0.8647666,False,False,False,False
1772879678551,4.164544,0.1627193,1.048768,0.1801411,1.076495,-0.5155777,-0.7048008,0.4196609,0.2476292,151.3255,-0.5321516,-0.7274576,0.4331515,-0.1001515,0.6402932,-0.06011958,0.650861,0.5299592,0.2410335,-0.7593281,0.2906321,146.2084,0.553867,0.2519071,-0.7935833,0.04330258,1.107191,0.2103888,1.127835,0.06509082,1.149023,0.2264427,1.172931,0.07746184,1.148337,0.2386232,1.175423,-0.01617256,0.6592945,0.03456793,0.6603981,-0.004076447,0.6475198,0.0769697,0.6520911,-0.02412966,0.6413001,0.1080205,0.6507815,0.09335597,-0.08079967,0.05783282,0.1363399,0.1235762,-0.07823144,0.01830421,0.1473984,0.1176391,-0.08220721,0.002466843,0.1435377,-0.1156252,0.03944496,-0.03813319,0.1279814,-0.1567612,0.05383214,-0.02457926,0.1675593,-0.1795444,0.04250344,0.002944402,0.1845302,0.09390621,-0.08141384,0.05565552,0.1361768,0.1239139,-0.07959675,0.01797917,0.1483696,0.1175826,-0.08167589,0.002405976,0.1431866,-0.1154012,0.03989178,-0.0371398,0.127625,-0.157025,0.05320246,-0.024409,0.1675803,-0.1791506,0.04299469,0.003327817,0.1842676,0.1017084,-0.08131496,0.04067747,0.1364235,-0.0805293,0.9748767,-0.01938664,0.2067718,156.1335,-0.08230805,0.99641,-0.01981486,-0.1448267,0.04223857,-0.01957031,0.1521246,0.1678418,-0.4517629,-0.3447244,0.8055461,72.67394,0.2832615,-0.7624264,-0.5817808,0.06264158,1.137331,0.212076,1.158629,0.8215221,-0.4834826,-0.2960522,-0.06082171,186.974,0.8230458,-0.4843793,-0.2966013,0.09989771,-0.07837109,0.04352532,0.1342238,-0.1565264,-0.1334727,-0.976246,-0.06803235,187.802,-0.1568899,-0.1337826,-0.9785131,-0.3905101,-0.2506954,-0.3357037,0.5727506,0.5955255,0.1833467,0.5470886,0.5589523,112.0333,0.7181929,0.2211128,0.6597789,0.03735843,-0.03733063,0.08792405,0.1025664,-0.6369352,-0.03599214,-0.2677065,0.7220469,87.55254,-0.9206337,-0.05202347,-0.3869462,-0.1139133,1.20616,-0.05665041,1.212851,0.0258278,-0.1046977,-0.1865287,-0.9765134,335.1154,0.1198746,-0.485934,-0.8657365,False,False,False,False
1772879678564,4.179269,0.1627193,1.048768,0.1801411,1.076495,-0.5155777,-0.7048008,0.4196609,0.2476292,151.3255,-0.5321516,-0.7274576,0.4331515,-0.1001515,0.6402932,-0.06011958,0.650861,0.5299592,0.2410335,-0.7593281,0.2906321,146.2084,0.553867,0.2519071,-0.7935833,0.04330258,1.107191,0.2103888,1.127835,0.06509082,1.149023,0.2264427,1.172931,0.07746184,1.148337,0.2386232,1.175423,-0.01617256,0.6592945,0.03456793,0.6603981,-0.004076447,0.6475198,0.0769697,0.6520911,-0.02412966,0.6413001,0.1080205,0.6507815,0.09335597,-0.08079967,0.05783282,0.1363399,0.1235762,-0.07823144,0.01830421,0.1473984,0.1176391,-0.08220721,0.002466843,0.1435377,-0.1156252,0.03944496,-0.03813319,0.1279814,-0.1567612,0.05383214,-0.02457926,0.1675593,-0.1795444,0.04250344,0.002944402,0.1845302,0.09390621,-0.08141384,0.05565552,0.1361768,0.1239139,-0.07959675,0.01797917,0.1483696,0.1175826,-0.08167589,0.002405976,0.1431866,-0.1154012,0.03989178,-0.0371398,0.127625,-0.157025,0.05320246,-0.024409,0.1675803,-0.1791506,0.04299469,0.003327817,0.1842676,0.1017084,-0.08131496,0.04067747,0.1364235,-0.0805293,0.9748767,-0.01938664,0.2067718,156.1335,-0.08230805,0.99641,-0.01981486,-0.1448267,0.04223857,-0.01957031,0.1521246,0.1678418,-0.4517629,-0.3447244,0.8055461,72.67394,0.2832615,-0.7624264,-0.5817808,0.06373172,1.138498,0.2113636,1.159705,0.8261275,-0.4837232,-0.2720119,-0.09764688,191.2074,0.8300943,-0.4860459,-0.273318,0.09989771,-0.07837109,0.04352532,0.1342238,-0.1565264,-0.1334727,-0.976246,-0.06803235,187.802,-0.1568899,-0.1337826,-0.9785131,-0.3905101,-0.2506954,-0.3357037,0.5727506,0.5955255,0.1833467,0.5470886,0.5589523,112.0333,0.7181929,0.2211128,0.6597789,0.03626828,-0.03849828,0.08863646,0.1032179,-0.6394677,0.003608856,-0.2854185,0.7138659,88.89934,-0.9131567,0.005153428,-0.4075763,-0.114369,1.205879,-0.05635284,1.212601,0.02542481,-0.1043497,-0.1871385,-0.9764445,335.0788,0.1178337,-0.4836189,-0.8673115,False,False,False,False
1772879678578,4.195424,0.1627193,1.048768,0.1801411,1.076495,-0.5155777,-0.7048008,0.4196609,0.2476292,151.3255,-0.5321516,-0.7274576,0.4331515,-0.1001515,0.6402932,-0.06011958,0.650861,0.5299592,0.2410335,-0.7593281,0.2906321,146.2084,0.553867,0.2519071,-0.7935833,0.04330258,1.107191,0.2103888,1.127835,0.06509082,1.149023,0.2264427,1.172931,0.07746184,1.148337,0.2386232,1.175423,-0.01617256,0.6592945,0.03456793,0.6603981,-0.004076447,0.6475198,0.0769697,0.6520911,-0.02412966,0.6413001,0.1080205,0.6507815,0.09335597,-0.08079967,0.05783282,0.1363399,0.1235762,-0.07823144,0.01830421,0.1473984,0.1176391,-0.08220721,0.002466843,0.1435377,-0.1156252,0.03944496,-0.03813319,0.1279814,-0.1567612,0.05383214,-0.02457926,0.1675593,-0.1795444,0.04250344,0.002944402,0.1845302,0.09390621,-0.08141384,0.05565552,0.1361768,0.1239139,-0.07959675,0.01797917,0.1483696,0.1175826,-0.08167589,0.002405976,0.1431866,-0.1154012,0.03989178,-0.0371398,0.127625,-0.157025,0.05320246,-0.024409,0.1675803,-0.1791506,0.04299469,0.003327817,0.1842676,0.1017084,-0.08131496,0.04067747,0.1364235,-0.0805293,0.9748767,-0.01938664,0.2067718,156.1335,-0.08230805,0.99641,-0.01981486,-0.1448267,0.04223857,-0.01957031,0.1521246,0.1678418,-0.4517629,-0.3447244,0.8055461,72.67394,0.2832615,-0.7624264,-0.5817808,0.06742993,1.143957,0.2081096,1.164686,0.831427,-0.4834976,-0.2300817,-0.1483969,197.0681,0.8407357,-0.4889109,-0.2326577,0.09989771,-0.07837109,0.04352532,0.1342238,-0.1565264,-0.1334727,-0.976246,-0.06803235,187.802,-0.1568899,-0.1337826,-0.9785131,-0.3905101,-0.2506954,-0.3357037,0.5727506,0.5955255,0.1833467,0.5470886,0.5589523,112.0333,0.7181929,0.2211128,0.6597789,0.03257007,-0.04395664,0.09189042,0.1069432,-0.635832,0.06263311,-0.3126903,0.7028654,90.68531,-0.8938725,0.08805158,-0.4395897,-0.1148037,1.205613,-0.05603062,1.212362,0.0249426,-0.1040598,-0.187904,-0.9763409,335.0238,0.1153484,-0.4812303,-0.868972,False,False,False,False
1772879678591,4.207843,0.1627193,1.048768,0.1801411,1.076495,-0.5155777,-0.7048008,0.4196609,0.2476292,151.3255,-0.5321516,-0.7274576,0.4331515,-0.1001515,0.6402932,-0.06011958,0.650861,0.5299592,0.2410335,-0.7593281,0.2906321,146.2084,0.553867,0.2519071,-0.7935833,0.04330258,1.107191,0.2103888,1.127835,0.06509082,1.149023,0.2264427,1.172931,0.07746184,1.148337,0.2386232,1.175423,-0.01617256,0.6592945,0.03456793,0.6603981,-0.004076447,0.6475198,0.0769697,0.6520911,-0.02412966,0.6413001,0.1080205,0.6507815,0.09335597,-0.08079967,0.05783282,0.1363399,0.1235762,-0.07823144,0.01830421,0.1473984,0.1176391,-0.08220721,0.002466843,0.1435377,-0.1156252,0.03944496,-0.03813319,0.1279814,-0.1567612,0.05383214,-0.02457926,0.1675593,-0.1795444,0.04250344,0.002944402,0.1845302,0.09390621,-0.08141384,0.05565552,0.1361768,0.1239139,-0.07959675,0.01797917,0.1483696,0.1175826,-0.08167589,0.002405976,0.1431866,-0.1154012,0.03989178,-0.0371398,0.127625,-0.157025,0.05320246,-0.024409,0.1675803,-0.1791506,0.04299469,0.003327817,0.1842676,0.1017084,-0.08131496,0.04067747,0.1364235,-0.0805293,0.9748767,-0.01938664,0.2067718,156.1335,-0.08230805,0.99641,-0.01981486,-0.1448267,0.04223857,-0.01957031,0.1521246,0.1678418,-0.4517629,-0.3447244,0.8055461,72.67394,0.2832615,-0.7624264,-0.5817808,0.06880602,1.14531,0.2075046,1.165987,0.8466921,-0.457253,-0.2118492,-0.1707401,199.6617,0.8593101,-0.4640673,-0.2150063,0.09989771,-0.07837109,0.04352532,0.1342238,-0.1565264,-0.1334727,-0.976246,-0.06803235,187.802,-0.1568899,-0.1337826,-0.9785131,-0.3905101,-0.2506954,-0.3357037,0.5727506,0.5955255,0.1833467,0.5470886,0.5589523,112.0333,0.7181929,0.2211128,0.6597789,0.03119398,-0.04530966,0.0924954,0.107617,-0.6356909,0.07668603,-0.3477948,0.6848762,93.54826,-0.8724113,0.1052426,-0.4773076,-0.1152,1.205303,-0.05567096,1.212075,0.0246436,-0.1037688,-0.1889733,-0.976173,334.935,0.1135684,-0.4782114,-0.8708709,False,False,False,False
1772879678606,4.220219,0.1627193,1.048768,0.1801411,1.076495,-0.5155777,-0.7048008,0.4196609,0.2476292,151.3255,-0.5321516,-0.7274576,0.4331515,-0.1001515,0.6402932,-0.06011958,0.650861,0.5299592,0.2410335,-0.7593281,0.2906321,146.2084,0.553867,0.2519071,-0.7935833,0.04330258,1.107191,0.2103888,1.127835,0.06509082,1.149023,0.2264427,1.172931,0.07746184,1.148337,0.2386232,1.175423,-0.01617256,0.6592945,0.03456793,0.6603981,-0.004076447,0.6475198,0.0769697,0.6520911,-0.02412966,0.6413001,0.1080205,0.6507815,0.09335597,-0.08079967,0.05783282,0.1363399,0.1235762,-0.07823144,0.01830421,0.1473984,0.1176391,-0.08220721,0.002466843,0.1435377,-0.1156252,0.03944496,-0.03813319,0.1279814,-0.1567612,0.05383214,-0.02457926,0.1675593,-0.1795444,0.04250344,0.002944402,0.1845302,0.09390621,-0.08141384,0.05565552,0.1361768,0.1239139,-0.07959675,0.01797917,0.1483696,0.1175826,-0.08167589,0.002405976,0.1431866,-0.1154012,0.03989178,-0.0371398,0.127625,-0.157025,0.05320246,-0.024409,0.1675803,-0.1791506,0.04299469,0.003327817,0.1842676,0.1017084,-0.08131496,0.04067747,0.1364235,-0.0805293,0.9748767,-0.01938664,0.2067718,156.1335,-0.08230805,0.99641,-0.01981486,-0.1448267,0.04223857,-0.01957031,0.1521246,0.1678418,-0.4517629,-0.3447244,0.8055461,72.67394,0.2832615,-0.7624264,-0.5817808,0.06972823,1.145925,0.2075472,1.166654,0.8605646,-0.4347476,-0.1926875,-0.1824679,201.0271,0.8752587,-0.4421709,-0.1959776,0.09989771,-0.07837109,0.04352532,0.1342238,-0.1565264,-0.1334727,-0.976246,-0.06803235,187.802,-0.1568899,-0.1337826,-0.9785131,-0.3905101,-0.2506954,-0.3357037,0.5727506,0.5955255,0.1833467,0.5470886,0.5589523,112.0333,0.7181929,0.2211128,0.6597789,0.03027178,-0.04592478,0.09245285,0.1075779,-0.6293914,0.08482278,-0.3787977,0.6731895,95.37258,-0.8511384,0.1147075,-0.5122557,-0.1155909,1.204992,-0.05525021,1.211784,0.02460334,-0.103344,-0.1899368,-0.9760321,334.8607,0.1130531,-0.4748688,-0.8727656,False,False,False,False
1772879678620,4.23394,0.1627193,1.048768,0.1801411,1.076495,-0.5155777,-0.7048008,0.4196609,0.2476292,151.3255,-0.5321516,-0.7274576,0.4331515,-0.1001515,0.6402932,-0.06011958,0.650861,0.5299592,0.2410335,-0.7593281,0.2906321,146.2084,0.553867,0.2519071,-0.7935833,0.04330258,1.107191,0.2103888,1.127835,0.06509082,1.149023,0.2264427,1.172931,0.07746184,1.148337,0.2386232,1.175423,-0.01617256,0.6592945,0.03456793,0.6603981,-0.004076447,0.6475198,0.0769697,0.6520911,-0.02412966,0.6413001,0.1080205,0.6507815,0.09335597,-0.08079967,0.05783282,0.1363399,0.1235762,-0.07823144,0.01830421,0.1473984,0.1176391,-0.08220721,0.002466843,0.1435377,-0.1156252,0.03944496,-0.03813319,0.1279814,-0.1567612,0.05383214,-0.02457926,0.1675593,-0.1795444,0.04250344,0.002944402,0.1845302,0.09390621,-0.08141384,0.05565552,0.1361768,0.1239139,-0.07959675,0.01797917,0.1483696,0.1175826,-0.08167589,0.002405976,0.1431866,-0.1154012,0.03989178,-0.0371398,0.127625,-0.157025,0.05320246,-0.024409,0.1675803,-0.1791506,0.04299469,0.003327817,0.1842676,0.1017084,-0.08131496,0.04067747,0.1364235,-0.0805293,0.9748767,-0.01938664,0.2067718,156.1335,-0.08230805,0.99641,-0.01981486,-0.1448267,0.04223857,-0.01957031,0.1521246,0.1678418,-0.4517629,-0.3447244,0.8055461,72.67394,0.2832615,-0.7624264,-0.5817808,0.07259338,1.148538,0.2071974,1.169333,0.8795955,-0.3910857,-0.1725204,-0.2088075,204.105,0.8994216,-0.3999008,-0.176409,0.09989771,-0.07837109,0.04352532,0.1342238,-0.1565264,-0.1334727,-0.976246,-0.06803235,187.802,-0.1568899,-0.1337826,-0.9785131,-0.3905101,-0.2506954,-0.3357037,0.5727506,0.5955255,0.1833467,0.5470886,0.5589523,112.0333,0.7181929,0.2211128,0.6597789,0.02740663,-0.04853809,0.09280258,0.1082561,-0.6288417,0.09569462,-0.4269844,0.642717,100.0106,-0.8208311,0.1249108,-0.5573454,-0.1160496,1.204626,-0.05483112,1.211445,0.02432394,-0.1031442,-0.1906122,-0.9759287,334.8063,0.1115317,-0.4729431,-0.8740068,False,False,False,False
1772879678633,4.249247,0.1627193,1.048768,0.1801411,1.076495,-0.5155777,-0.7048008,0.4196609,0.2476292,151.3255,-0.5321516,-0.7274576,0.4331515,-0.1001515,0.6402932,-0.06011958,0.650861,0.5299592,0.2410335,-0.7593281,0.2906321,146.2084,0.553867,0.2519071,-0.7935833,0.04330258,1.107191,0.2103888,1.127835,0.06509082,1.149023,0.2264427,1.172931,0.07746184,1.148337,0.2386232,1.175423,-0.01617256,0.6592945,0.03456793,0.6603981,-0.004076447,0.6475198,0.0769697,0.6520911,-0.02412966,0.6413001,0.1080205,0.6507815,0.09335597,-0.08079967,0.05783282,0.1363399,0.1235762,-0.07823144,0.01830421,0.1473984,0.1176391,-0.08220721,0.002466843,0.1435377,-0.1156252,0.03944496,-0.03813319,0.1279814,-0.1567612,0.05383214,-0.02457926,0.1675593,-0.1795444,0.04250344,0.002944402,0.1845302,0.09390621,-0.08141384,0.05565552,0.1361768,0.1239139,-0.07959675,0.01797917,0.1483696,0.1175826,-0.08167589,0.002405976,0.1431866,-0.1154012,0.03989178,-0.0371398,0.127625,-0.157025,0.05320246,-0.024409,0.1675803,-0.1791506,0.04299469,0.003327817,0.1842676,0.1017084,-0.08131496,0.04067747,0.1364235,-0.0805293,0.9748767,-0.01938664,0.2067718,156.1335,-0.08230805,0.99641,-0.01981486,-0.1448267,0.04223857,-0.01957031,0.1521246,0.1678418,-0.4517629,-0.3447244,0.8055461,72.67394,0.2832615,-0.7624264,-0.5817808,0.07338005,1.149605,0.2068589,1.17037,0.887789,-0.3551502,-0.1784774,-0.2320452,206.835,0.9127011,-0.3651161,-0.1834856,0.09989771,-0.07837109,0.04352532,0.1342238,-0.1565264,-0.1334727,-0.976246,-0.06803235,187.802,-0.1568899,-0.1337826,-0.9785131,-0.3905101,-0.2506954,-0.3357037,0.5727506,0.5955255,0.1833467,0.5470886,0.5589523,112.0333,0.7181929,0.2211128,0.6597789,0.02661996,-0.04960501,0.09314112,0.1088327,-0.6433691,0.09529236,-0.4525882,0.6100489,104.8139,-0.8119617,0.1202634,-0.5711872,-0.1165966,1.204216,-0.05436202,1.211068,0.02367676,-0.1029806,-0.1915603,-0.9757761,334.7262,0.108226,-0.4707223,-0.8756185,False,False,False,False
1772879678648,4.262073,0.1627193,1.048768,0.1801411,1.076495,-0.5155777,-0.7048008,0.4196609,0.2476292,151.3255,-0.5321516,-0.7274576,0.4331515,-0.1001515,0.6402932,-0.06011958,0.650861,0.5299592,0.2410335,-0.7593281,0.2906321,146.2084,0.553867,0.2519071,-0.7935833,0.04330258,1.107191,0.2103888,1.127835,0.06509082,1.149023,0.2264427,1.172931,0.07746184,1.148337,0.2386232,1.175423,-0.01617256,0.6592945,0.03456793,0.6603981,-0.004076447,0.6475198,0.0769697,0.6520911,-0.02412966,0.6413001,0.1080205,0.6507815,0.09335597,-0.08079967,0.05783282,0.1363399,0.1235762,-0.07823144,0.01830421,0.1473984,0.1176391,-0.08220721,0.002466843,0.1435377,-0.1156252,0.03944496,-0.03813319,0.1279814,-0.1567612,0.05383214,-0.02457926,0.1675593,-0.1795444,0.04250344,0.002944402,0.1845302,0.09390621,-0.08141384,0.05565552,0.1361768,0.1239139,-0.07959675,0.01797917,0.1483696,0.1175826,-0.08167589,0.002405976,0.1431866,-0.1154012,0.03989178,-0.0371398,0.127625,-0.157025,0.05320246,-0.024409,0.1675803,-0.1791506,0.04299469,0.003327817,0.1842676,0.1017084,-0.08131496,0.04067747,0.1364235,-0.0805293,0.9748767,-0.01938664,0.2067718,156.1335,-0.08230805,0.99641,-0.01981486,-0.1448267,0.04223857,-0.01957031,0.1521246,0.1678418,-0.4517629,-0.3447244,0.8055461,72.67394,0.2832615,-0.7624264,-0.5817808,0.0753078,1.152939,0.2060934,1.173633,0.8974256,-0.2645746,-0.2058624,-0.2867897,213.3317,0.9367763,-0.2761758,-0.2148892,0.09989771,-0.07837109,0.04352532,0.1342238,-0.1565264,-0.1334727,-0.976246,-0.06803235,187.802,-0.1568899,-0.1337826,-0.9785131,-0.3905101,-0.2506954,-0.3357037,0.5727506,0.5955255,0.1833467,0.5470886,0.5589523,112.0333,0.7181929,0.2211128,0.6597789,0.0246922,-0.05293941,0.09390661,0.1105927,-0.6831516,0.08658279,-0.5035321,0.5217883,117.0954,-0.8008106,0.1014949,-0.5902552,-0.1170022,1.20367,-0.05393678,1.210545,0.0230167,-0.1029089,-0.1923737,-0.9756395,334.6547,0.104917,-0.4690895,-0.8768966,False,False,False,False
1772879678661,4.276485,0.1627193,1.048768,0.1801411,1.076495,-0.5155777,-0.7048008,0.4196609,0.2476292,151.3255,-0.5321516,-0.7274576,0.4331515,-0.1001515,0.6402932,-0.06011958,0.650861,0.5299592,0.2410335,-0.7593281,0.2906321,146.2084,0.553867,0.2519071,-0.7935833,0.04330258,1.107191,0.2103888,1.127835,0.06509082,1.149023,0.2264427,1.172931,0.07746184,1.148337,0.2386232,1.175423,-0.01617256,0.6592945,0.03456793,0.6603981,-0.004076447,0.6475198,0.0769697,0.6520911,-0.02412966,0.6413001,0.1080205,0.6507815,0.09335597,-0.08079967,0.05783282,0.1363399,0.1235762,-0.07823144,0.01830421,0.1473984,0.1176391,-0.08220721,0.002466843,0.1435377,-0.1156252,0.03944496,-0.03813319,0.1279814,-0.1567612,0.05383214,-0.02457926,0.1675593,-0.1795444,0.04250344,0.002944402,0.1845302,0.09390621,-0.08141384,0.05565552,0.1361768,0.1239139,-0.07959675,0.01797917,0.1483696,0.1175826,-0.08167589,0.002405976,0.1431866,-0.1154012,0.03989178,-0.0371398,0.127625,-0.157025,0.05320246,-0.024409,0.1675803,-0.1791506,0.04299469,0.003327817,0.1842676,0.1017084,-0.08131496,0.04067747,0.1364235,-0.0805293,0.9748767,-0.01938664,0.2067718,156.1335,-0.08230805,0.99641,-0.01981486,-0.1448267,0.04223857,-0.01957031,0.1521246,0.1678418,-0.4517629,-0.3447244,0.8055461,72.67394,0.2832615,-0.7624264,-0.5817808,0.0753078,1.152939,0.2060934,1.173633,0.8974256,-0.2645746,-0.2058624,-0.2867897,213.3317,0.9367763,-0.2761758,-0.2148892,0.09989771,-0.07837109,0.04352532,0.1342238,-0.1565264,-0.1334727,-0.976246,-0.06803235,187.802,-0.1568899,-0.1337826,-0.9785131,-0.3905101,-0.2506954,-0.3357037,0.5727506,0.5955255,0.1833467,0.5470886,0.5589523,112.0333,0.7181929,0.2211128,0.6597789,0.0246922,-0.05293941,0.09390661,0.1105927,-0.6831516,0.08658279,-0.5035321,0.5217883,117.0954,-0.8008106,0.1014949,-0.5902552,-0.1175072,1.203022,-0.05342865,1.209928,0.02191855,-0.1030452,-0.1936384,-0.9754001,334.5301,0.09943014,-0.4674488,-0.8784112,False,False,False,False
1772879678677,4.2905,0.1627193,1.048768,0.1801411,1.076495,-0.5155777,-0.7048008,0.4196609,0.2476292,151.3255,-0.5321516,-0.7274576,0.4331515,-0.1001515,0.6402932,-0.06011958,0.650861,0.5299592,0.2410335,-0.7593281,0.2906321,146.2084,0.553867,0.2519071,-0.7935833,0.04330258,1.107191,0.2103888,1.127835,0.06509082,1.149023,0.2264427,1.172931,0.07746184,1.148337,0.2386232,1.175423,-0.01617256,0.6592945,0.03456793,0.6603981,-0.004076447,0.6475198,0.0769697,0.6520911,-0.02412966,0.6413001,0.1080205,0.6507815,0.09335597,-0.08079967,0.05783282,0.1363399,0.1235762,-0.07823144,0.01830421,0.1473984,0.1176391,-0.08220721,0.002466843,0.1435377,-0.1156252,0.03944496,-0.03813319,0.1279814,-0.1567612,0.05383214,-0.02457926,0.1675593,-0.1795444,0.04250344,0.002944402,0.1845302,0.09390621,-0.08141384,0.05565552,0.1361768,0.1239139,-0.07959675,0.01797917,0.1483696,0.1175826,-0.08167589,0.002405976,0.1431866,-0.1154012,0.03989178,-0.0371398,0.127625,-0.157025,0.05320246,-0.024409,0.1675803,-0.1791506,0.04299469,0.003327817,0.1842676,0.1017084,-0.08131496,0.04067747,0.1364235,-0.0805293,0.9748767,-0.01938664,0.2067718,156.1335,-0.08230805,0.99641,-0.01981486,-0.1448267,0.04223857,-0.01957031,0.1521246,0.1678418,-0.4517629,-0.3447244,0.8055461,72.67394,0.2832615,-0.7624264,-0.5817808,0.0753078,1.152939,0.2060934,1.173633,0.8974256,-0.2645746,-0.2058624,-0.2867897,213.3317,0.9367763,-0.2761758,-0.2148892,0.09989771,-0.07837109,0.04352532,0.1342238,-0.1565264,-0.1334727,-0.976246,-0.06803235,187.802,-0.1568899,-0.1337826,-0.9785131,-0.3905101,-0.2506954,-0.3357037,0.5727506,0.5955255,0.1833467,0.5470886,0.5589523,112.0333,0.7181929,0.2211128,0.6597789,0.0246922,-0.05293941,0.09390661,0.1105927,-0.6831516,0.08658279,-0.5035321,0.5217883,117.0954,-0.8008106,0.1014949,-0.5902552,-0.1180171,1.202586,-0.05292134,1.209521,0.02065458,-0.1033684,-0.1945284,-0.9752164,334.4347,0.09335276,-0.4671954,-0.8792128,False,False,False,False
1772879678690,4.305667,0.1627193,1.048768,0.1801411,1.076495,-0.5155777,-0.7048008,0.4196609,0.2476292,151.3255,-0.5321516,-0.7274576,0.4331515,-0.1001515,0.6402932,-0.06011958,0.650861,0.5299592,0.2410335,-0.7593281,0.2906321,146.2084,0.553867,0.2519071,-0.7935833,0.04330258,1.107191,0.2103888,1.127835,0.06509082,1.149023,0.2264427,1.172931,0.07746184,1.148337,0.2386232,1.175423,-0.01617256,0.6592945,0.03456793,0.6603981,-0.004076447,0.6475198,0.0769697,0.6520911,-0.02412966,0.6413001,0.1080205,0.6507815,0.09335597,-0.08079967,0.05783282,0.1363399,0.1235762,-0.07823144,0.01830421,0.1473984,0.1176391,-0.08220721,0.002466843,0.1435377,-0.1156252,0.03944496,-0.03813319,0.1279814,-0.1567612,0.05383214,-0.02457926,0.1675593,-0.1795444,0.04250344,0.002944402,0.1845302,0.09390621,-0.08141384,0.05565552,0.1361768,0.1239139,-0.07959675,0.01797917,0.1483696,0.1175826,-0.08167589,0.002405976,0.1431866,-0.1154012,0.03989178,-0.0371398,0.127625,-0.157025,0.05320246,-0.024409,0.1675803,-0.1791506,0.04299469,0.003327817,0.1842676,0.1017084,-0.08131496,0.04067747,0.1364235,-0.0805293,0.9748767,-0.01938664,0.2067718,156.1335,-0.08230805,0.99641,-0.01981486,-0.1448267,0.04223857,-0.01957031,0.1521246,0.1678418,-0.4517629,-0.3447244,0.8055461,72.67394,0.2832615,-0.7624264,-0.5817808,0.0753078,1.152939,0.2060934,1.173633,0.8974256,-0.2645746,-0.2058624,-0.2867897,213.3317,0.9367763,-0.2761758,-0.2148892,0.09989771,-0.07837109,0.04352532,0.1342238,-0.1565264,-0.1334727,-0.976246,-0.06803235,187.802,-0.1568899,-0.1337826,-0.9785131,-0.3905101,-0.2506954,-0.3357037,0.5727506,0.5955255,0.1833467,0.5470886,0.5589523,112.0333,0.7181929,0.2211128,0.6597789,0.0246922,-0.05293941,0.09390661,0.1105927,-0.6831516,0.08658279,-0.5035321,0.5217883,117.0954,-0.8008106,0.1014949,-0.5902552,-0.1183023,1.202225,-0.05253155,1.209173,0.01931521,-0.1034999,-0.1956648,-0.9750025,334.3242,0.0869296,-0.4658094,-0.8806047,False,False,False,False
1772879678702,4.31836,0.1627193,1.048768,0.1801411,1.076495,-0.5155777,-0.7048008,0.4196609,0.2476292,151.3255,-0.5321516,-0.7274576,0.4331515,-0.1001515,0.6402932,-0.06011958,0.650861,0.5299592,0.2410335,-0.7593281,0.2906321,146.2084,0.553867,0.2519071,-0.7935833,0.04330258,1.107191,0.2103888,1.127835,0.06509082,1.149023,0.2264427,1.172931,0.07746184,1.148337,0.2386232,1.175423,-0.01617256,0.6592945,0.03456793,0.6603981,-0.004076447,0.6475198,0.0769697,0.6520911,-0.02412966,0.6413001,0.1080205,0.6507815,0.09335597,-0.08079967,0.05783282,0.1363399,0.1235762,-0.07823144,0.01830421,0.1473984,0.1176391,-0.08220721,0.002466843,0.1435377,-0.1156252,0.03944496,-0.03813319,0.1279814,-0.1567612,0.05383214,-0.02457926,0.1675593,-0.1795444,0.04250344,0.002944402,0.1845302,0.09390621,-0.08141384,0.05565552,0.1361768,0.1239139,-0.07959675,0.01797917,0.1483696,0.1175826,-0.08167589,0.002405976,0.1431866,-0.1154012,0.03989178,-0.0371398,0.127625,-0.157025,0.05320246,-0.024409,0.1675803,-0.1791506,0.04299469,0.003327817,0.1842676,0.1017084,-0.08131496,0.04067747,0.1364235,-0.0805293,0.9748767,-0.01938664,0.2067718,156.1335,-0.08230805,0.99641,-0.01981486,-0.1448267,0.04223857,-0.01957031,0.1521246,0.1678418,-0.4517629,-0.3447244,0.8055461,72.67394,0.2832615,-0.7624264,-0.5817808,0.0753078,1.152939,0.2060934,1.173633,0.8974256,-0.2645746,-0.2058624,-0.2867897,213.3317,0.9367763,-0.2761758,-0.2148892,0.09989771,-0.07837109,0.04352532,0.1342238,-0.1565264,-0.1334727,-0.976246,-0.06803235,187.802,-0.1568899,-0.1337826,-0.9785131,-0.3905101,-0.2506954,-0.3357037,0.5727506,0.5955255,0.1833467,0.5470886,0.5589523,112.0333,0.7181929,0.2211128,0.6597789,0.0246922,-0.05293941,0.09390661,0.1105927,-0.6831516,0.08658279,-0.5035321,0.5217883,117.0954,-0.8008106,0.1014949,-0.5902552,-0.1185737,1.201913,-0.05212574,1.208872,0.01799264,-0.1041825,-0.1967251,-0.9747418,334.19,0.08056351,-0.4664854,-0.8808524,False,False,False,False
1772879678717,4.331565,0.1627193,1.048768,0.1801411,1.076495,-0.5155777,-0.7048008,0.4196609,0.2476292,151.3255,-0.5321516,-0.7274576,0.4331515,-0.1001515,0.6402932,-0.06011958,0.650861,0.5299592,0.2410335,-0.7593281,0.2906321,146.2084,0.553867,0.2519071,-0.7935833,0.04330258,1.107191,0.2103888,1.127835,0.06509082,1.149023,0.2264427,1.172931,0.07746184,1.148337,0.2386232,1.175423,-0.01617256,0.6592945,0.03456793,0.6603981,-0.004076447,0.6475198,0.0769697,0.6520911,-0.02412966,0.6413001,0.1080205,0.6507815,0.09335597,-0.08079967,0.05783282,0.1363399,0.1235762,-0.07823144,0.01830421,0.1473984,0.1176391,-0.08220721,0.002466843,0.1435377,-0.1156252,0.03944496,-0.03813319,0.1279814,-0.1567612,0.05383214,-0.02457926,0.1675593,-0.1795444,0.04250344,0.002944402,0.1845302,0.09390621,-0.08141384,0.05565552,0.1361768,0.1239139,-0.07959675,0.01797917,0.1483696,0.1175826,-0.08167589,0.002405976,0.1431866,-0.1154012,0.03989178,-0.0371398,0.127625,-0.157025,0.05320246,-0.024409,0.1675803,-0.1791506,0.04299469,0.003327817,0.1842676,0.1017084,-0.08131496,0.04067747,0.1364235,-0.0805293,0.9748767,-0.01938664,0.2067718,156.1335,-0.08230805,0.99641,-0.01981486,-0.1448267,0.04223857,-0.01957031,0.1521246,0.1678418,-0.4517629,-0.3447244,0.8055461,72.67394,0.2832615,-0.7624264,-0.5817808,0.0753078,1.152939,0.2060934,1.173633,0.8974256,-0.2645746,-0.2058624,-0.2867897,213.3317,0.9367763,-0.2761758,-0.2148892,0.09989771,-0.07837109,0.04352532,0.1342238,-0.1565264,-0.1334727,-0.976246,-0.06803235,187.802,-0.1568899,-0.1337826,-0.9785131,-0.3905101,-0.2506954,-0.3357037,0.5727506,0.5955255,0.1833467,0.5470886,0.5589523,112.0333,0.7181929,0.2211128,0.6597789,0.0246922,-0.05293941,0.09390661,0.1105927,-0.6831516,0.08658279,-0.5035321,0.5217883,117.0954,-0.8008106,0.1014949,-0.5902552,-0.1187324,1.201596,-0.05179766,1.208558,0.01672005,-0.1050893,-0.1974764,-0.9745151,334.074,0.07453602,-0.4684758,-0.8803264,False,False,False,False
1772879678730,4.346019,0.1627193,1.048768,0.1801411,1.076495,-0.5155777,-0.7048008,0.4196609,0.2476292,151.3255,-0.5321516,-0.7274576,0.4331515,-0.1001515,0.6402932,-0.06011958,0.650861,0.5299592,0.2410335,-0.7593281,0.2906321,146.2084,0.553867,0.2519071,-0.7935833,0.04330258,1.107191,0.2103888,1.127835,0.06509082,1.149023,0.2264427,1.172931,0.07746184,1.148337,0.2386232,1.175423,-0.01617256,0.6592945,0.03456793,0.6603981,-0.004076447,0.6475198,0.0769697,0.6520911,-0.02412966,0.6413001,0.1080205,0.6507815,0.09335597,-0.08079967,0.05783282,0.1363399,0.1235762,-0.07823144,0.01830421,0.1473984,0.1176391,-0.08220721,0.002466843,0.1435377,-0.1156252,0.03944496,-0.03813319,0.1279814,-0.1567612,0.05383214,-0.02457926,0.1675593,-0.1795444,0.04250344,0.002944402,0.1845302,0.09390621,-0.08141384,0.05565552,0.1361768,0.1239139,-0.07959675,0.01797917,0.1483696,0.1175826,-0.08167589,0.002405976,0.1431866,-0.1154012,0.03989178,-0.0371398,0.127625,-0.157025,0.05320246,-0.024409,0.1675803,-0.1791506,0.04299469,0.003327817,0.1842676,0.1017084,-0.08131496,0.04067747,0.1364235,-0.0805293,0.9748767,-0.01938664,0.2067718,156.1335,-0.08230805,0.99641,-0.01981486,-0.1448267,0.04223857,-0.01957031,0.1521246,0.1678418,-0.4517629,-0.3447244,0.8055461,72.67394,0.2832615,-0.7624264,-0.5817808,0.0753078,1.152939,0.2060934,1.173633,0.8974256,-0.2645746,-0.2058624,-0.2867897,213.3317,0.9367763,-0.2761758,-0.2148892,0.09989771,-0.07837109,0.04352532,0.1342238,-0.1565264,-0.1334727,-0.976246,-0.06803235,187.802,-0.1568899,-0.1337826,-0.9785131,-0.3905101,-0.2506954,-0.3357037,0.5727506,0.5955255,0.1833467,0.5470886,0.5589523,112.0333,0.7181929,0.2211128,0.6597789,0.0246922,-0.05293941,0.09390661,0.1105927,-0.6831516,0.08658279,-0.5035321,0.5217883,117.0954,-0.8008106,0.1014949,-0.5902552,-0.1189261,1.201254,-0.05147449,1.208224,0.01525918,-0.1060776,-0.1984297,-0.9742384,333.933,0.06766201,-0.4703675,-0.8798737,False,False,False,False
1772879678744,4.359263,0.1627193,1.048768,0.1801411,1.076495,-0.5155777,-0.7048008,0.4196609,0.2476292,151.3255,-0.5321516,-0.7274576,0.4331515,-0.1001515,0.6402932,-0.06011958,0.650861,0.5299592,0.2410335,-0.7593281,0.2906321,146.2084,0.553867,0.2519071,-0.7935833,0.04330258,1.107191,0.2103888,1.127835,0.06509082,1.149023,0.2264427,1.172931,0.07746184,1.148337,0.2386232,1.175423,-0.01617256,0.6592945,0.03456793,0.6603981,-0.004076447,0.6475198,0.0769697,0.6520911,-0.02412966,0.6413001,0.1080205,0.6507815,0.09335597,-0.08079967,0.05783282,0.1363399,0.1235762,-0.07823144,0.01830421,0.1473984,0.1176391,-0.08220721,0.002466843,0.1435377,-0.1156252,0.03944496,-0.03813319,0.1279814,-0.1567612,0.05383214,-0.02457926,0.1675593,-0.1795444,0.04250344,0.002944402,0.1845302,0.09390621,-0.08141384,0.05565552,0.1361768,0.1239139,-0.07959675,0.01797917,0.1483696,0.1175826,-0.08167589,0.002405976,0.1431866,-0.1154012,0.03989178,-0.0371398,0.127625,-0.157025,0.05320246,-0.024409,0.1675803,-0.1791506,0.04299469,0.003327817,0.1842676,0.1017084,-0.08131496,0.04067747,0.1364235,-0.0805293,0.9748767,-0.01938664,0.2067718,156.1335,-0.08230805,0.99641,-0.01981486,-0.1448267,0.04223857,-0.01957031,0.1521246,0.1678418,-0.4517629,-0.3447244,0.8055461,72.67394,0.2832615,-0.7624264,-0.5817808,0.0753078,1.152939,0.2060934,1.173633,0.8974256,-0.2645746,-0.2058624,-0.2867897,213.3317,0.9367763,-0.2761758,-0.2148892,0.09989771,-0.07837109,0.04352532,0.1342238,-0.1565264,-0.1334727,-0.976246,-0.06803235,187.802,-0.1568899,-0.1337826,-0.9785131,-0.3905101,-0.2506954,-0.3357037,0.5727506,0.5955255,0.1833467,0.5470886,0.5589523,112.0333,0.7181929,0.2211128,0.6597789,0.0246922,-0.05293941,0.09390661,0.1105927,-0.6831516,0.08658279,-0.5035321,0.5217883,117.0954,-0.8008106,0.1014949,-0.5902552,-0.1191278,1.20096,-0.05114804,1.207937,0.01406228,-0.1069771,-0.1990451,-0.9740325,333.8286,0.06211023,-0.4724963,-0.8791417,False,False,False,False
1772879678759,4.372937,0.1627193,1.048768,0.1801411,1.076495,-0.5155777,-0.7048008,0.4196609,0.2476292,151.3255,-0.5321516,-0.7274576,0.4331515,-0.1001515,0.6402932,-0.06011958,0.650861,0.5299592,0.2410335,-0.7593281,0.2906321,146.2084,0.553867,0.2519071,-0.7935833,0.04330258,1.107191,0.2103888,1.127835,0.06509082,1.149023,0.2264427,1.172931,0.07746184,1.148337,0.2386232,1.175423,-0.01617256,0.6592945,0.03456793,0.6603981,-0.004076447,0.6475198,0.0769697,0.6520911,-0.02412966,0.6413001,0.1080205,0.6507815,0.09335597,-0.08079967,0.05783282,0.1363399,0.1235762,-0.07823144,0.01830421,0.1473984,0.1176391,-0.08220721,0.002466843,0.1435377,-0.1156252,0.03944496,-0.03813319,0.1279814,-0.1567612,0.05383214,-0.02457926,0.1675593,-0.1795444,0.04250344,0.002944402,0.1845302,0.09390621,-0.08141384,0.05565552,0.1361768,0.1239139,-0.07959675,0.01797917,0.1483696,0.1175826,-0.08167589,0.002405976,0.1431866,-0.1154012,0.03989178,-0.0371398,0.127625,-0.157025,0.05320246,-0.024409,0.1675803,-0.1791506,0.04299469,0.003327817,0.1842676,0.1017084,-0.08131496,0.04067747,0.1364235,-0.0805293,0.9748767,-0.01938664,0.2067718,156.1335,-0.08230805,0.99641,-0.01981486,-0.1448267,0.04223857,-0.01957031,0.1521246,0.1678418,-0.4517629,-0.3447244,0.8055461,72.67394,0.2832615,-0.7624264,-0.5817808,0.0753078,1.152939,0.2060934,1.173633,0.8974256,-0.2645746,-0.2058624,-0.2867897,213.3317,0.9367763,-0.2761758,-0.2148892,0.09989771,-0.07837109,0.04352532,0.1342238,-0.1565264,-0.1334727,-0.976246,-0.06803235,187.802,-0.1568899,-0.1337826,-0.9785131,-0.3905101,-0.2506954,-0.3357037,0.5727506,0.5955255,0.1833467,0.5470886,0.5589523,112.0333,0.7181929,0.2211128,0.6597789,0.0246922,-0.05293941,0.09390661,0.1105927,-0.6831516,0.08658279,-0.5035321,0.5217883,117.0954,-0.8008106,0.1014949,-0.5902552,-0.1194166,1.200768,-0.05076146,1.207759,0.01303309,-0.1077269,-0.1993418,-0.9739034,333.7633,0.05742391,-0.4746458,-0.8783016,False,False,False,False
1772879678772,4.387659,0.1627193,1.048768,0.1801411,1.076495,-0.5155777,-0.7048008,0.4196609,0.2476292,151.3255,-0.5321516,-0.7274576,0.4331515,-0.1001515,0.6402932,-0.06011958,0.650861,0.5299592,0.2410335,-0.7593281,0.2906321,146.2084,0.553867,0.2519071,-0.7935833,0.04330258,1.107191,0.2103888,1.127835,0.06509082,1.149023,0.2264427,1.172931,0.07746184,1.148337,0.2386232,1.175423,-0.01617256,0.6592945,0.03456793,0.6603981,-0.004076447,0.6475198,0.0769697,0.6520911,-0.02412966,0.6413001,0.1080205,0.6507815,0.09335597,-0.08079967,0.05783282,0.1363399,0.1235762,-0.07823144,0.01830421,0.1473984,0.1176391,-0.08220721,0.002466843,0.1435377,-0.1156252,0.03944496,-0.03813319,0.1279814,-0.1567612,0.05383214,-0.02457926,0.1675593,-0.1795444,0.04250344,0.002944402,0.1845302,0.09390621,-0.08141384,0.05565552,0.1361768,0.1239139,-0.07959675,0.01797917,0.1483696,0.1175826,-0.08167589,0.002405976,0.1431866,-0.1154012,0.03989178,-0.0371398,0.127625,-0.157025,0.05320246,-0.024409,0.1675803,-0.1791506,0.04299469,0.003327817,0.1842676,0.1017084,-0.08131496,0.04067747,0.1364235,-0.0805293,0.9748767,-0.01938664,0.2067718,156.1335,-0.08230805,0.99641,-0.01981486,-0.1448267,0.04223857,-0.01957031,0.1521246,0.1678418,-0.4517629,-0.3447244,0.8055461,72.67394,0.2832615,-0.7624264,-0.5817808,0.0753078,1.152939,0.2060934,1.173633,0.8974256,-0.2645746,-0.2058624,-0.2867897,213.3317,0.9367763,-0.2761758,-0.2148892,0.09989771,-0.07837109,0.04352532,0.1342238,-0.1565264,-0.1334727,-0.976246,-0.06803235,187.802,-0.1568899,-0.1337826,-0.9785131,-0.3905101,-0.2506954,-0.3357037,0.5727506,0.5955255,0.1833467,0.5470886,0.5589523,112.0333,0.7181929,0.2211128,0.6597789,0.0246922,-0.05293941,0.09390661,0.1105927,-0.6831516,0.08658279,-0.5035321,0.5217883,117.0954,-0.8008106,0.1014949,-0.5902552,-0.1195572,1.200646,-0.05053342,1.207641,0.0126088,-0.1080606,-0.1994759,-0.9738446,333.7337,0.05549283,-0.4755876,-0.8779173,False,False,False,False
1772879678787,4.401094,0.1627193,1.048768,0.1801411,1.076495,-0.5155777,-0.7048008,0.4196609,0.2476292,151.3255,-0.5321516,-0.7274576,0.4331515,-0.1001515,0.6402932,-0.06011958,0.650861,0.5299592,0.2410335,-0.7593281,0.2906321,146.2084,0.553867,0.2519071,-0.7935833,0.04330258,1.107191,0.2103888,1.127835,0.06509082,1.149023,0.2264427,1.172931,0.07746184,1.148337,0.2386232,1.175423,-0.01617256,0.6592945,0.03456793,0.6603981,-0.004076447,0.6475198,0.0769697,0.6520911,-0.02412966,0.6413001,0.1080205,0.6507815,0.09335597,-0.08079967,0.05783282,0.1363399,0.1235762,-0.07823144,0.01830421,0.1473984,0.1176391,-0.08220721,0.002466843,0.1435377,-0.1156252,0.03944496,-0.03813319,0.1279814,-0.1567612,0.05383214,-0.02457926,0.1675593,-0.1795444,0.04250344,0.002944402,0.1845302,0.09390621,-0.08141384,0.05565552,0.1361768,0.1239139,-0.07959675,0.01797917,0.1483696,0.1175826,-0.08167589,0.002405976,0.1431866,-0.1154012,0.03989178,-0.0371398,0.127625,-0.157025,0.05320246,-0.024409,0.1675803,-0.1791506,0.04299469,0.003327817,0.1842676,0.1017084,-0.08131496,0.04067747,0.1364235,-0.0805293,0.9748767,-0.01938664,0.2067718,156.1335,-0.08230805,0.99641,-0.01981486,-0.1448267,0.04223857,-0.01957031,0.1521246,0.1678418,-0.4517629,-0.3447244,0.8055461,72.67394,0.2832615,-0.7624264,-0.5817808,0.0753078,1.152939,0.2060934,1.173633,0.8974256,-0.2645746,-0.2058624,-0.2867897,213.3317,0.9367763,-0.2761758,-0.2148892,0.09989771,-0.07837109,0.04352532,0.1342238,-0.1565264,-0.1334727,-0.976246,-0.06803235,187.802,-0.1568899,-0.1337826,-0.9785131,-0.3905101,-0.2506954,-0.3357037,0.5727506,0.5955255,0.1833467,0.5470886,0.5589523,112.0333,0.7181929,0.2211128,0.6597789,0.0246922,-0.05293941,0.09390661,0.1105927,-0.6831516,0.08658279,-0.5035321,0.5217883,117.0954,-0.8008106,0.1014949,-0.5902552,-0.1196625,1.200629,-0.05025467,1.207623,0.0121814,-0.1088287,-0.1995373,-0.9737519,333.687,0.05351826,-0.4781323,-0.8766553,False,False,False,False
1772879678801,4.415189,0.1627193,1.048768,0.1801411,1.076495,-0.5155777,-0.7048008,0.4196609,0.2476292,151.3255,-0.5321516,-0.7274576,0.4331515,-0.1001515,0.6402932,-0.06011958,0.650861,0.5299592,0.2410335,-0.7593281,0.2906321,146.2084,0.553867,0.2519071,-0.7935833,0.04330258,1.107191,0.2103888,1.127835,0.06509082,1.149023,0.2264427,1.172931,0.07746184,1.148337,0.2386232,1.175423,-0.01617256,0.6592945,0.03456793,0.6603981,-0.004076447,0.6475198,0.0769697,0.6520911,-0.02412966,0.6413001,0.1080205,0.6507815,0.09335597,-0.08079967,0.05783282,0.1363399,0.1235762,-0.07823144,0.01830421,0.1473984,0.1176391,-0.08220721,0.002466843,0.1435377,-0.1156252,0.03944496,-0.03813319,0.1279814,-0.1567612,0.05383214,-0.02457926,0.1675593,-0.1795444,0.04250344,0.002944402,0.1845302,0.09390621,-0.08141384,0.05565552,0.1361768,0.1239139,-0.07959675,0.01797917,0.1483696,0.1175826,-0.08167589,0.002405976,0.1431866,-0.1154012,0.03989178,-0.0371398,0.127625,-0.157025,0.05320246,-0.024409,0.1675803,-0.1791506,0.04299469,0.003327817,0.1842676,0.1017084,-0.08131496,0.04067747,0.1364235,-0.0805293,0.9748767,-0.01938664,0.2067718,156.1335,-0.08230805,0.99641,-0.01981486,-0.1448267,0.04223857,-0.01957031,0.1521246,0.1678418,-0.4517629,-0.3447244,0.8055461,72.67394,0.2832615,-0.7624264,-0.5817808,0.0753078,1.152939,0.2060934,1.173633,0.8974256,-0.2645746,-0.2058624,-0.2867897,213.3317,0.9367763,-0.2761758,-0.2148892,0.09989771,-0.07837109,0.04352532,0.1342238,-0.1565264,-0.1334727,-0.976246,-0.06803235,187.802,-0.1568899,-0.1337826,-0.9785131,-0.3905101,-0.2506954,-0.3357037,0.5727506,0.5955255,0.1833467,0.5470886,0.5589523,112.0333,0.7181929,0.2211128,0.6597789,0.0246922,-0.05293941,0.09390661,0.1105927,-0.6831516,0.08658279,-0.5035321,0.5217883,117.0954,-0.8008106,0.1014949,-0.5902552,-0.1197807,1.200632,-0.05005907,1.20763,0.01192883,-0.1096631,-0.1996757,-0.9736331,333.6272,0.05229196,-0.4807257,-0.8753105,False,False,False,False
1772879678813,4.429568,0.1627193,1.048768,0.1801411,1.076495,-0.5155777,-0.7048008,0.4196609,0.2476292,151.3255,-0.5321516,-0.7274576,0.4331515,-0.1001515,0.6402932,-0.06011958,0.650861,0.5299592,0.2410335,-0.7593281,0.2906321,146.2084,0.553867,0.2519071,-0.7935833,0.04330258,1.107191,0.2103888,1.127835,0.06509082,1.149023,0.2264427,1.172931,0.07746184,1.148337,0.2386232,1.175423,-0.01617256,0.6592945,0.03456793,0.6603981,-0.004076447,0.6475198,0.0769697,0.6520911,-0.02412966,0.6413001,0.1080205,0.6507815,0.09335597,-0.08079967,0.05783282,0.1363399,0.1235762,-0.07823144,0.01830421,0.1473984,0.1176391,-0.08220721,0.002466843,0.1435377,-0.1156252,0.03944496,-0.03813319,0.1279814,-0.1567612,0.05383214,-0.02457926,0.1675593,-0.1795444,0.04250344,0.002944402,0.1845302,0.09390621,-0.08141384,0.05565552,0.1361768,0.1239139,-0.07959675,0.01797917,0.1483696,0.1175826,-0.08167589,0.002405976,0.1431866,-0.1154012,0.03989178,-0.0371398,0.127625,-0.157025,0.05320246,-0.024409,0.1675803,-0.1791506,0.04299469,0.003327817,0.1842676,0.1017084,-0.08131496,0.04067747,0.1364235,-0.0805293,0.9748767,-0.01938664,0.2067718,156.1335,-0.08230805,0.99641,-0.01981486,-0.1448267,0.04223857,-0.01957031,0.1521246,0.1678418,-0.4517629,-0.3447244,0.8055461,72.67394,0.2832615,-0.7624264,-0.5817808,0.0753078,1.152939,0.2060934,1.173633,0.8974256,-0.2645746,-0.2058624,-0.2867897,213.3317,0.9367763,-0.2761758,-0.2148892,0.09989771,-0.07837109,0.04352532,0.1342238,-0.1565264,-0.1334727,-0.976246,-0.06803235,187.802,-0.1568899,-0.1337826,-0.9785131,-0.3905101,-0.2506954,-0.3357037,0.5727506,0.5955255,0.1833467,0.5470886,0.5589523,112.0333,0.7181929,0.2211128,0.6597789,0.0246922,-0.05293941,0.09390661,0.1105927,-0.6831516,0.08658279,-0.5035321,0.5217883,117.0954,-0.8008106,0.1014949,-0.5902552,-0.1199449,1.200606,-0.04989425,1.207614,0.01196947,-0.1105164,-0.199386,-0.9735954,333.6083,0.0524332,-0.4841257,-0.8734261,False,False,False,False
1772879678829,4.44313,0.1627193,1.048768,0.1801411,1.076495,-0.5155777,-0.7048008,0.4196609,0.2476292,151.3255,-0.5321516,-0.7274576,0.4331515,-0.1001515,0.6402932,-0.06011958,0.650861,0.5299592,0.2410335,-0.7593281,0.2906321,146.2084,0.553867,0.2519071,-0.7935833,0.04330258,1.107191,0.2103888,1.127835,0.06509082,1.149023,0.2264427,1.172931,0.07746184,1.148337,0.2386232,1.175423,-0.01617256,0.6592945,0.03456793,0.6603981,-0.004076447,0.6475198,0.0769697,0.6520911,-0.02412966,0.6413001,0.1080205,0.6507815,0.09335597,-0.08079967,0.05783282,0.1363399,0.1235762,-0.07823144,0.01830421,0.1473984,0.1176391,-0.08220721,0.002466843,0.1435377,-0.1156252,0.03944496,-0.03813319,0.1279814,-0.1567612,0.05383214,-0.02457926,0.1675593,-0.1795444,0.04250344,0.002944402,0.1845302,0.09390621,-0.08141384,0.05565552,0.1361768,0.1239139,-0.07959675,0.01797917,0.1483696,0.1175826,-0.08167589,0.002405976,0.1431866,-0.1154012,0.03989178,-0.0371398,0.127625,-0.157025,0.05320246,-0.024409,0.1675803,-0.1791506,0.04299469,0.003327817,0.1842676,0.1017084,-0.08131496,0.04067747,0.1364235,-0.0805293,0.9748767,-0.01938664,0.2067718,156.1335,-0.08230805,0.99641,-0.01981486,-0.1448267,0.04223857,-0.01957031,0.1521246,0.1678418,-0.4517629,-0.3447244,0.8055461,72.67394,0.2832615,-0.7624264,-0.5817808,0.0753078,1.152939,0.2060934,1.173633,0.8974256,-0.2645746,-0.2058624,-0.2867897,213.3317,0.9367763,-0.2761758,-0.2148892,0.09989771,-0.07837109,0.04352532,0.1342238,-0.1565264,-0.1334727,-0.976246,-0.06803235,187.802,-0.1568899,-0.1337826,-0.9785131,-0.3905101,-0.2506954,-0.3357037,0.5727506,0.5955255,0.1833467,0.5470886,0.5589523,112.0333,0.7181929,0.2211128,0.6597789,0.0246922,-0.05293941,0.09390661,0.1105927,-0.6831516,0.08658279,-0.5035321,0.5217883,117.0954,-0.8008106,0.1014949,-0.5902552,-0.1200714,1.200643,-0.04966323,1.207654,0.01201042,-0.1110136,-0.199288,-0.9735584,333.5897,0.05257624,-0.4859678,-0.8723936,False,False,False,False
1772879678842,4.457781,0.1627193,1.048768,0.1801411,1.076495,-0.5155777,-0.7048008,0.4196609,0.2476292,151.3255,-0.5321516,-0.7274576,0.4331515,-0.1001515,0.6402932,-0.06011958,0.650861,0.5299592,0.2410335,-0.7593281,0.2906321,146.2084,0.553867,0.2519071,-0.7935833,0.04330258,1.107191,0.2103888,1.127835,0.06509082,1.149023,0.2264427,1.172931,0.07746184,1.148337,0.2386232,1.175423,-0.01617256,0.6592945,0.03456793,0.6603981,-0.004076447,0.6475198,0.0769697,0.6520911,-0.02412966,0.6413001,0.1080205,0.6507815,0.09335597,-0.08079967,0.05783282,0.1363399,0.1235762,-0.07823144,0.01830421,0.1473984,0.1176391,-0.08220721,0.002466843,0.1435377,-0.1156252,0.03944496,-0.03813319,0.1279814,-0.1567612,0.05383214,-0.02457926,0.1675593,-0.1795444,0.04250344,0.002944402,0.1845302,0.09390621,-0.08141384,0.05565552,0.1361768,0.1239139,-0.07959675,0.01797917,0.1483696,0.1175826,-0.08167589,0.002405976,0.1431866,-0.1154012,0.03989178,-0.0371398,0.127625,-0.157025,0.05320246,-0.024409,0.1675803,-0.1791506,0.04299469,0.003327817,0.1842676,0.1017084,-0.08131496,0.04067747,0.1364235,-0.0805293,0.9748767,-0.01938664,0.2067718,156.1335,-0.08230805,0.99641,-0.01981486,-0.1448267,0.04223857,-0.01957031,0.1521246,0.1678418,-0.4517629,-0.3447244,0.8055461,72.67394,0.2832615,-0.7624264,-0.5817808,0.0753078,1.152939,0.2060934,1.173633,0.8974256,-0.2645746,-0.2058624,-0.2867897,213.3317,0.9367763,-0.2761758,-0.2148892,0.09989771,-0.07837109,0.04352532,0.1342238,-0.1565264,-0.1334727,-0.976246,-0.06803235,187.802,-0.1568899,-0.1337826,-0.9785131,-0.3905101,-0.2506954,-0.3357037,0.5727506,0.5955255,0.1833467,0.5470886,0.5589523,112.0333,0.7181929,0.2211128,0.6597789,0.0246922,-0.05293941,0.09390661,0.1105927,-0.6831516,0.08658279,-0.5035321,0.5217883,117.0954,-0.8008106,0.1014949,-0.5902552,-0.1202371,1.200791,-0.04949492,1.20781,0.01228409,-0.1112463,-0.1995373,-0.9734774,333.5491,0.05369318,-0.4862522,-0.8721681,False,False,False,False
1772879678855,4.470677,0.1627193,1.048768,0.1801411,1.076495,-0.5155777,-0.7048008,0.4196609,0.2476292,151.3255,-0.5321516,-0.7274576,0.4331515,-0.1001515,0.6402932,-0.06011958,0.650861,0.5299592,0.2410335,-0.7593281,0.2906321,146.2084,0.553867,0.2519071,-0.7935833,0.04330258,1.107191,0.2103888,1.127835,0.06509082,1.149023,0.2264427,1.172931,0.07746184,1.148337,0.2386232,1.175423,-0.01617256,0.6592945,0.03456793,0.6603981,-0.004076447,0.6475198,0.0769697,0.6520911,-0.02412966,0.6413001,0.1080205,0.6507815,0.09335597,-0.08079967,0.05783282,0.1363399,0.1235762,-0.07823144,0.01830421,0.1473984,0.1176391,-0.08220721,0.002466843,0.1435377,-0.1156252,0.03944496,-0.03813319,0.1279814,-0.1567612,0.05383214,-0.02457926,0.1675593,-0.1795444,0.04250344,0.002944402,0.1845302,0.09390621,-0.08141384,0.05565552,0.1361768,0.1239139,-0.07959675,0.01797917,0.1483696,0.1175826,-0.08167589,0.002405976,0.1431866,-0.1154012,0.03989178,-0.0371398,0.127625,-0.157025,0.05320246,-0.024409,0.1675803,-0.1791506,0.04299469,0.003327817,0.1842676,0.1017084,-0.08131496,0.04067747,0.1364235,-0.0805293,0.9748767,-0.01938664,0.2067718,156.1335,-0.08230805,0.99641,-0.01981486,-0.1448267,0.04223857,-0.01957031,0.1521246,0.1678418,-0.4517629,-0.3447244,0.8055461,72.67394,0.2832615,-0.7624264,-0.5817808,0.0753078,1.152939,0.2060934,1.173633,0.8974256,-0.2645746,-0.2058624,-0.2867897,213.3317,0.9367763,-0.2761758,-0.2148892,0.09989771,-0.07837109,0.04352532,0.1342238,-0.1565264,-0.1334727,-0.976246,-0.06803235,187.802,-0.1568899,-0.1337826,-0.9785131,-0.3905101,-0.2506954,-0.3357037,0.5727506,0.5955255,0.1833467,0.5470886,0.5589523,112.0333,0.7181929,0.2211128,0.6597789,0.0246922,-0.05293941,0.09390661,0.1105927,-0.6831516,0.08658279,-0.5035321,0.5217883,117.0954,-0.8008106,0.1014949,-0.5902552,-0.1203746,1.200578,-0.04923813,1.207602,0.01291857,-0.1115043,-0.1996281,-0.973421,333.5209,0.05640732,-0.4868698,-0.8716511,False,False,False,False
1772879678870,4.484605,0.1627193,1.048768,0.1801411,1.076495,-0.5155777,-0.7048008,0.4196609,0.2476292,151.3255,-0.5321516,-0.7274576,0.4331515,-0.1001515,0.6402932,-0.06011958,0.650861,0.5299592,0.2410335,-0.7593281,0.2906321,146.2084,0.553867,0.2519071,-0.7935833,0.04330258,1.107191,0.2103888,1.127835,0.06509082,1.149023,0.2264427,1.172931,0.07746184,1.148337,0.2386232,1.175423,-0.01617256,0.6592945,0.03456793,0.6603981,-0.004076447,0.6475198,0.0769697,0.6520911,-0.02412966,0.6413001,0.1080205,0.6507815,0.09335597,-0.08079967,0.05783282,0.1363399,0.1235762,-0.07823144,0.01830421,0.1473984,0.1176391,-0.08220721,0.002466843,0.1435377,-0.1156252,0.03944496,-0.03813319,0.1279814,-0.1567612,0.05383214,-0.02457926,0.1675593,-0.1795444,0.04250344,0.002944402,0.1845302,0.09390621,-0.08141384,0.05565552,0.1361768,0.1239139,-0.07959675,0.01797917,0.1483696,0.1175826,-0.08167589,0.002405976,0.1431866,-0.1154012,0.03989178,-0.0371398,0.127625,-0.157025,0.05320246,-0.024409,0.1675803,-0.1791506,0.04299469,0.003327817,0.1842676,0.1017084,-0.08131496,0.04067747,0.1364235,-0.0805293,0.9748767,-0.01938664,0.2067718,156.1335,-0.08230805,0.99641,-0.01981486,-0.1448267,0.04223857,-0.01957031,0.1521246,0.1678418,-0.4517629,-0.3447244,0.8055461,72.67394,0.2832615,-0.7624264,-0.5817808,0.0753078,1.152939,0.2060934,1.173633,0.8974256,-0.2645746,-0.2058624,-0.2867897,213.3317,0.9367763,-0.2761758,-0.2148892,0.09989771,-0.07837109,0.04352532,0.1342238,-0.1565264,-0.1334727,-0.976246,-0.06803235,187.802,-0.1568899,-0.1337826,-0.9785131,-0.3905101,-0.2506954,-0.3357037,0.5727506,0.5955255,0.1833467,0.5470886,0.5589523,112.0333,0.7181929,0.2211128,0.6597789,0.0246922,-0.05293941,0.09390661,0.1105927,-0.6831516,0.08658279,-0.5035321,0.5217883,117.0954,-0.8008106,0.1014949,-0.5902552,-0.1204631,1.200717,-0.04910972,1.207743,0.01307424,-0.1113754,-0.2001375,-0.9733291,333.4749,0.05698992,-0.4854793,-0.8723885,False,False,False,False
1772879678884,4.499305,0.1627193,1.048768,0.1801411,1.076495,-0.5155777,-0.7048008,0.4196609,0.2476292,151.3255,-0.5321516,-0.7274576,0.4331515,-0.1001515,0.6402932,-0.06011958,0.650861,0.5299592,0.2410335,-0.7593281,0.2906321,146.2084,0.553867,0.2519071,-0.7935833,0.04330258,1.107191,0.2103888,1.127835,0.06509082,1.149023,0.2264427,1.172931,0.07746184,1.148337,0.2386232,1.175423,-0.01617256,0.6592945,0.03456793,0.6603981,-0.004076447,0.6475198,0.0769697,0.6520911,-0.02412966,0.6413001,0.1080205,0.6507815,0.09335597,-0.08079967,0.05783282,0.1363399,0.1235762,-0.07823144,0.01830421,0.1473984,0.1176391,-0.08220721,0.002466843,0.1435377,-0.1156252,0.03944496,-0.03813319,0.1279814,-0.1567612,0.05383214,-0.02457926,0.1675593,-0.1795444,0.04250344,0.002944402,0.1845302,0.09390621,-0.08141384,0.05565552,0.1361768,0.1239139,-0.07959675,0.01797917,0.1483696,0.1175826,-0.08167589,0.002405976,0.1431866,-0.1154012,0.03989178,-0.0371398,0.127625,-0.157025,0.05320246,-0.024409,0.1675803,-0.1791506,0.04299469,0.003327817,0.1842676,0.1017084,-0.08131496,0.04067747,0.1364235,-0.0805293,0.9748767,-0.01938664,0.2067718,156.1335,-0.08230805,0.99641,-0.01981486,-0.1448267,0.04223857,-0.01957031,0.1521246,0.1678418,-0.4517629,-0.3447244,0.8055461,72.67394,0.2832615,-0.7624264,-0.5817808,0.0753078,1.152939,0.2060934,1.173633,0.8974256,-0.2645746,-0.2058624,-0.2867897,213.3317,0.9367763,-0.2761758,-0.2148892,0.09989771,-0.07837109,0.04352532,0.1342238,-0.1565264,-0.1334727,-0.976246,-0.06803235,187.802,-0.1568899,-0.1337826,-0.9785131,-0.3905101,-0.2506954,-0.3357037,0.5727506,0.5955255,0.1833467,0.5470886,0.5589523,112.0333,0.7181929,0.2211128,0.6597789,0.0246922,-0.05293941,0.09390661,0.1105927,-0.6831516,0.08658279,-0.5035321,0.5217883,117.0954,-0.8008106,0.1014949,-0.5902552,-0.1205101,1.200806,-0.04893478,1.207829,0.0133295,-0.1115533,-0.2000382,-0.9733257,333.4733,0.05809892,-0.4862245,-0.871901,False,False,False,False
1772879678898,4.512434,0.1627193,1.048768,0.1801411,1.076495,-0.5155777,-0.7048008,0.4196609,0.2476292,151.3255,-0.5321516,-0.7274576,0.4331515,-0.1001515,0.6402932,-0.06011958,0.650861,0.5299592,0.2410335,-0.7593281,0.2906321,146.2084,0.553867,0.2519071,-0.7935833,0.04330258,1.107191,0.2103888,1.127835,0.06509082,1.149023,0.2264427,1.172931,0.07746184,1.148337,0.2386232,1.175423,-0.01617256,0.6592945,0.03456793,0.6603981,-0.004076447,0.6475198,0.0769697,0.6520911,-0.02412966,0.6413001,0.1080205,0.6507815,0.09335597,-0.08079967,0.05783282,0.1363399,0.1235762,-0.07823144,0.01830421,0.1473984,0.1176391,-0.08220721,0.002466843,0.1435377,-0.1156252,0.03944496,-0.03813319,0.1279814,-0.1567612,0.05383214,-0.02457926,0.1675593,-0.1795444,0.04250344,0.002944402,0.1845302,0.09390621,-0.08141384,0.05565552,0.1361768,0.1239139,-0.07959675,0.01797917,0.1483696,0.1175826,-0.08167589,0.002405976,0.1431866,-0.1154012,0.03989178,-0.0371398,0.127625,-0.157025,0.05320246,-0.024409,0.1675803,-0.1791506,0.04299469,0.003327817,0.1842676,0.1017084,-0.08131496,0.04067747,0.1364235,-0.0805293,0.9748767,-0.01938664,0.2067718,156.1335,-0.08230805,0.99641,-0.01981486,-0.1448267,0.04223857,-0.01957031,0.1521246,0.1678418,-0.4517629,-0.3447244,0.8055461,72.67394,0.2832615,-0.7624264,-0.5817808,0.0753078,1.152939,0.2060934,1.173633,0.8974256,-0.2645746,-0.2058624,-0.2867897,213.3317,0.9367763,-0.2761758,-0.2148892,0.09989771,-0.07837109,0.04352532,0.1342238,-0.1565264,-0.1334727,-0.976246,-0.06803235,187.802,-0.1568899,-0.1337826,-0.9785131,-0.3905101,-0.2506954,-0.3357037,0.5727506,0.5955255,0.1833467,0.5470886,0.5589523,112.0333,0.7181929,0.2211128,0.6597789,0.0246922,-0.05293941,0.09390661,0.1105927,-0.6831516,0.08658279,-0.5035321,0.5217883,117.0954,-0.8008106,0.1014949,-0.5902552,-0.1204738,1.200939,-0.04875441,1.207951,0.01377788,-0.1117344,-0.1999607,-0.9733146,333.4677,0.06004096,-0.4869141,-0.8713849,False,False,False,False
1772879678911,4.526499,0.1627193,1.048768,0.1801411,1.076495,-0.5155777,-0.7048008,0.4196609,0.2476292,151.3255,-0.5321516,-0.7274576,0.4331515,-0.1001515,0.6402932,-0.06011958,0.650861,0.5299592,0.2410335,-0.7593281,0.2906321,146.2084,0.553867,0.2519071,-0.7935833,0.04330258,1.107191,0.2103888,1.127835,0.06509082,1.149023,0.2264427,1.172931,0.07746184,1.148337,0.2386232,1.175423,-0.01617256,0.6592945,0.03456793,0.6603981,-0.004076447,0.6475198,0.0769697,0.6520911,-0.02412966,0.6413001,0.1080205,0.6507815,0.09335597,-0.08079967,0.05783282,0.1363399,0.1235762,-0.07823144,0.01830421,0.1473984,0.1176391,-0.08220721,0.002466843,0.1435377,-0.1156252,0.03944496,-0.03813319,0.1279814,-0.1567612,0.05383214,-0.02457926,0.1675593,-0.1795444,0.04250344,0.002944402,0.1845302,0.09390621,-0.08141384,0.05565552,0.1361768,0.1239139,-0.07959675,0.01797917,0.1483696,0.1175826,-0.08167589,0.002405976,0.1431866,-0.1154012,0.03989178,-0.0371398,0.127625,-0.157025,0.05320246,-0.024409,0.1675803,-0.1791506,0.04299469,0.003327817,0.1842676,0.1017084,-0.08131496,0.04067747,0.1364235,-0.0805293,0.9748767,-0.01938664,0.2067718,156.1335,-0.08230805,0.99641,-0.01981486,-0.1448267,0.04223857,-0.01957031,0.1521246,0.1678418,-0.4517629,-0.3447244,0.8055461,72.67394,0.2832615,-0.7624264,-0.5817808,0.0753078,1.152939,0.2060934,1.173633,0.8974256,-0.2645746,-0.2058624,-0.2867897,213.3317,0.9367763,-0.2761758,-0.2148892,0.09989771,-0.07837109,0.04352532,0.1342238,-0.1565264,-0.1334727,-0.976246,-0.06803235,187.802,-0.1568899,-0.1337826,-0.9785131,-0.3905101,-0.2506954,-0.3357037,0.5727506,0.5955255,0.1833467,0.5470886,0.5589523,112.0333,0.7181929,0.2211128,0.6597789,0.0246922,-0.05293941,0.09390661,0.1105927,-0.6831516,0.08658279,-0.5035321,0.5217883,117.0954,-0.8008106,0.1014949,-0.5902552,-0.1204026,1.201068,-0.04863114,1.208067,0.01436577,-0.112341,-0.2001714,-0.973193,333.407,0.06246256,-0.4884601,-0.8703479,False,False,False,False
1772879678926,4.540166,0.1627193,1.048768,0.1801411,1.076495,-0.5155777,-0.7048008,0.4196609,0.2476292,151.3255,-0.5321516,-0.7274576,0.4331515,-0.1001515,0.6402932,-0.06011958,0.650861,0.5299592,0.2410335,-0.7593281,0.2906321,146.2084,0.553867,0.2519071,-0.7935833,0.04330258,1.107191,0.2103888,1.127835,0.06509082,1.149023,0.2264427,1.172931,0.07746184,1.148337,0.2386232,1.175423,-0.01617256,0.6592945,0.03456793,0.6603981,-0.004076447,0.6475198,0.0769697,0.6520911,-0.02412966,0.6413001,0.1080205,0.6507815,0.09335597,-0.08079967,0.05783282,0.1363399,0.1235762,-0.07823144,0.01830421,0.1473984,0.1176391,-0.08220721,0.002466843,0.1435377,-0.1156252,0.03944496,-0.03813319,0.1279814,-0.1567612,0.05383214,-0.02457926,0.1675593,-0.1795444,0.04250344,0.002944402,0.1845302,0.09390621,-0.08141384,0.05565552,0.1361768,0.1239139,-0.07959675,0.01797917,0.1483696,0.1175826,-0.08167589,0.002405976,0.1431866,-0.1154012,0.03989178,-0.0371398,0.127625,-0.157025,0.05320246,-0.024409,0.1675803,-0.1791506,0.04299469,0.003327817,0.1842676,0.1017084,-0.08131496,0.04067747,0.1364235,-0.0805293,0.9748767,-0.01938664,0.2067718,156.1335,-0.08230805,0.99641,-0.01981486,-0.1448267,0.04223857,-0.01957031,0.1521246,0.1678418,-0.4517629,-0.3447244,0.8055461,72.67394,0.2832615,-0.7624264,-0.5817808,0.0753078,1.152939,0.2060934,1.173633,0.8974256,-0.2645746,-0.2058624,-0.2867897,213.3317,0.9367763,-0.2761758,-0.2148892,0.09989771,-0.07837109,0.04352532,0.1342238,-0.1565264,-0.1334727,-0.976246,-0.06803235,187.802,-0.1568899,-0.1337826,-0.9785131,-0.3905101,-0.2506954,-0.3357037,0.5727506,0.5955255,0.1833467,0.5470886,0.5589523,112.0333,0.7181929,0.2211128,0.6597789,0.0246922,-0.05293941,0.09390661,0.1105927,-0.6831516,0.08658279,-0.5035321,0.5217883,117.0954,-0.8008106,0.1014949,-0.5902552,-0.1203072,1.201185,-0.04859553,1.208172,0.01470412,-0.1130685,-0.2001636,-0.9731053,333.3634,0.06383082,-0.4908324,-0.8689138,False,False,False,False
1772879678940,4.554204,0.1627193,1.048768,0.1801411,1.076495,-0.5155777,-0.7048008,0.4196609,0.2476292,151.3255,-0.5321516,-0.7274576,0.4331515,-0.1001515,0.6402932,-0.06011958,0.650861,0.5299592,0.2410335,-0.7593281,0.2906321,146.2084,0.553867,0.2519071,-0.7935833,0.04330258,1.107191,0.2103888,1.127835,0.06509082,1.149023,0.2264427,1.172931,0.07746184,1.148337,0.2386232,1.175423,-0.01617256,0.6592945,0.03456793,0.6603981,-0.004076447,0.6475198,0.0769697,0.6520911,-0.02412966,0.6413001,0.1080205,0.6507815,0.09335597,-0.08079967,0.05783282,0.1363399,0.1235762,-0.07823144,0.01830421,0.1473984,0.1176391,-0.08220721,0.002466843,0.1435377,-0.1156252,0.03944496,-0.03813319,0.1279814,-0.1567612,0.05383214,-0.02457926,0.1675593,-0.1795444,0.04250344,0.002944402,0.1845302,0.09390621,-0.08141384,0.05565552,0.1361768,0.1239139,-0.07959675,0.01797917,0.1483696,0.1175826,-0.08167589,0.002405976,0.1431866,-0.1154012,0.03989178,-0.0371398,0.127625,-0.157025,0.05320246,-0.024409,0.1675803,-0.1791506,0.04299469,0.003327817,0.1842676,0.1017084,-0.08131496,0.04067747,0.1364235,-0.0805293,0.9748767,-0.01938664,0.2067718,156.1335,-0.08230805,0.99641,-0.01981486,-0.1448267,0.04223857,-0.01957031,0.1521246,0.1678418,-0.4517629,-0.3447244,0.8055461,72.67394,0.2832615,-0.7624264,-0.5817808,0.0753078,1.152939,0.2060934,1.173633,0.8974256,-0.2645746,-0.2058624,-0.2867897,213.3317,0.9367763,-0.2761758,-0.2148892,0.09989771,-0.07837109,0.04352532,0.1342238,-0.1565264,-0.1334727,-0.976246,-0.06803235,187.802,-0.1568899,-0.1337826,-0.9785131,-0.3905101,-0.2506954,-0.3357037,0.5727506,0.5955255,0.1833467,0.5470886,0.5589523,112.0333,0.7181929,0.2211128,0.6597789,0.0246922,-0.05293941,0.09390661,0.1105927,-0.6831516,0.08658279,-0.5035321,0.5217883,117.0954,-0.8008106,0.1014949,-0.5902552,-0.1202135,1.201288,-0.04855037,1.208264,0.015418,-0.1136693,-0.200153,-0.9730264,333.3242,0.0668332,-0.4927281,-0.8676133,False,False,False,False
1772879678954,4.568677,0.1627193,1.048768,0.1801411,1.076495,-0.5155777,-0.7048008,0.4196609,0.2476292,151.3255,-0.5321516,-0.7274576,0.4331515,-0.1001515,0.6402932,-0.06011958,0.650861,0.5299592,0.2410335,-0.7593281,0.2906321,146.2084,0.553867,0.2519071,-0.7935833,0.04330258,1.107191,0.2103888,1.127835,0.06509082,1.149023,0.2264427,1.172931,0.07746184,1.148337,0.2386232,1.175423,-0.01617256,0.6592945,0.03456793,0.6603981,-0.004076447,0.6475198,0.0769697,0.6520911,-0.02412966,0.6413001,0.1080205,0.6507815,0.09335597,-0.08079967,0.05783282,0.1363399,0.1235762,-0.07823144,0.01830421,0.1473984,0.1176391,-0.08220721,0.002466843,0.1435377,-0.1156252,0.03944496,-0.03813319,0.1279814,-0.1567612,0.05383214,-0.02457926,0.1675593,-0.1795444,0.04250344,0.002944402,0.1845302,0.09390621,-0.08141384,0.05565552,0.1361768,0.1239139,-0.07959675,0.01797917,0.1483696,0.1175826,-0.08167589,0.002405976,0.1431866,-0.1154012,0.03989178,-0.0371398,0.127625,-0.157025,0.05320246,-0.024409,0.1675803,-0.1791506,0.04299469,0.003327817,0.1842676,0.1017084,-0.08131496,0.04067747,0.1364235,-0.0805293,0.9748767,-0.01938664,0.2067718,156.1335,-0.08230805,0.99641,-0.01981486,-0.1448267,0.04223857,-0.01957031,0.1521246,0.1678418,-0.4517629,-0.3447244,0.8055461,72.67394,0.2832615,-0.7624264,-0.5817808,0.0753078,1.152939,0.2060934,1.173633,0.8974256,-0.2645746,-0.2058624,-0.2867897,213.3317,0.9367763,-0.2761758,-0.2148892,0.09989771,-0.07837109,0.04352532,0.1342238,-0.1565264,-0.1334727,-0.976246,-0.06803235,187.802,-0.1568899,-0.1337826,-0.9785131,-0.3905101,-0.2506954,-0.3357037,0.5727506,0.5955255,0.1833467,0.5470886,0.5589523,112.0333,0.7181929,0.2211128,0.6597789,0.0246922,-0.05293941,0.09390661,0.1105927,-0.6831516,0.08658279,-0.5035321,0.5217883,117.0954,-0.8008106,0.1014949,-0.5902552,-0.1200709,1.201454,-0.04851852,1.208413,0.01580371,-0.1145341,-0.2003034,-0.9728879,333.2555,0.06833238,-0.4952248,-0.8660753,False,False,False,False
1772879678968,4.582003,0.1627193,1.048768,0.1801411,1.076495,-0.5155777,-0.7048008,0.4196609,0.2476292,151.3255,-0.5321516,-0.7274576,0.4331515,-0.1001515,0.6402932,-0.06011958,0.650861,0.5299592,0.2410335,-0.7593281,0.2906321,146.2084,0.553867,0.2519071,-0.7935833,0.04330258,1.107191,0.2103888,1.127835,0.06509082,1.149023,0.2264427,1.172931,0.07746184,1.148337,0.2386232,1.175423,-0.01617256,0.6592945,0.03456793,0.6603981,-0.004076447,0.6475198,0.0769697,0.6520911,-0.02412966,0.6413001,0.1080205,0.6507815,0.09335597,-0.08079967,0.05783282,0.1363399,0.1235762,-0.07823144,0.01830421,0.1473984,0.1176391,-0.08220721,0.002466843,0.1435377,-0.1156252,0.03944496,-0.03813319,0.1279814,-0.1567612,0.05383214,-0.02457926,0.1675593,-0.1795444,0.04250344,0.002944402,0.1845302,0.09390621,-0.08141384,0.05565552,0.1361768,0.1239139,-0.07959675,0.01797917,0.1483696,0.1175826,-0.08167589,0.002405976,0.1431866,-0.1154012,0.03989178,-0.0371398,0.127625,-0.157025,0.05320246,-0.024409,0.1675803,-0.1791506,0.04299469,0.003327817,0.1842676,0.1017084,-0.08131496,0.04067747,0.1364235,-0.0805293,0.9748767,-0.01938664,0.2067718,156.1335,-0.08230805,0.99641,-0.01981486,-0.1448267,0.04223857,-0.01957031,0.1521246,0.1678418,-0.4517629,-0.3447244,0.8055461,72.67394,0.2832615,-0.7624264,-0.5817808,0.0753078,1.152939,0.2060934,1.173633,0.8974256,-0.2645746,-0.2058624,-0.2867897,213.3317,0.9367763,-0.2761758,-0.2148892,0.09989771,-0.07837109,0.04352532,0.1342238,-0.1565264,-0.1334727,-0.976246,-0.06803235,187.802,-0.1568899,-0.1337826,-0.9785131,-0.3905101,-0.2506954,-0.3357037,0.5727506,0.5955255,0.1833467,0.5470886,0.5589523,112.0333,0.7181929,0.2211128,0.6597789,0.0246922,-0.05293941,0.09390661,0.1105927,-0.6831516,0.08658279,-0.5035321,0.5217883,117.0954,-0.8008106,0.1014949,-0.5902552,-0.119912,1.201644,-0.04849629,1.208586,0.01693243,-0.1155987,-0.2003928,-0.9727246,333.1747,0.07299615,-0.4983492,-0.8638988,False,False,False,False
1772879678980,4.596268,0.1627193,1.048768,0.1801411,1.076495,-0.5155777,-0.7048008,0.4196609,0.2476292,151.3255,-0.5321516,-0.7274576,0.4331515,-0.1001515,0.6402932,-0.06011958,0.650861,0.5299592,0.2410335,-0.7593281,0.2906321,146.2084,0.553867,0.2519071,-0.7935833,0.04330258,1.107191,0.2103888,1.127835,0.06509082,1.149023,0.2264427,1.172931,0.07746184,1.148337,0.2386232,1.175423,-0.01617256,0.6592945,0.03456793,0.6603981,-0.004076447,0.6475198,0.0769697,0.6520911,-0.02412966,0.6413001,0.1080205,0.6507815,0.09335597,-0.08079967,0.05783282,0.1363399,0.1235762,-0.07823144,0.01830421,0.1473984,0.1176391,-0.08220721,0.002466843,0.1435377,-0.1156252,0.03944496,-0.03813319,0.1279814,-0.1567612,0.05383214,-0.02457926,0.1675593,-0.1795444,0.04250344,0.002944402,0.1845302,0.09390621,-0.08141384,0.05565552,0.1361768,0.1239139,-0.07959675,0.01797917,0.1483696,0.1175826,-0.08167589,0.002405976,0.1431866,-0.1154012,0.03989178,-0.0371398,0.127625,-0.157025,0.05320246,-0.024409,0.1675803,-0.1791506,0.04299469,0.003327817,0.1842676,0.1017084,-0.08131496,0.04067747,0.1364235,-0.0805293,0.9748767,-0.01938664,0.2067718,156.1335,-0.08230805,0.99641,-0.01981486,-0.1448267,0.04223857,-0.01957031,0.1521246,0.1678418,-0.4517629,-0.3447244,0.8055461,72.67394,0.2832615,-0.7624264,-0.5817808,0.0753078,1.152939,0.2060934,1.173633,0.8974256,-0.2645746,-0.2058624,-0.2867897,213.3317,0.9367763,-0.2761758,-0.2148892,0.09989771,-0.07837109,0.04352532,0.1342238,-0.1565264,-0.1334727,-0.976246,-0.06803235,187.802,-0.1568899,-0.1337826,-0.9785131,-0.3905101,-0.2506954,-0.3357037,0.5727506,0.5955255,0.1833467,0.5470886,0.5589523,112.0333,0.7181929,0.2211128,0.6597789,0.0246922,-0.05293941,0.09390661,0.1105927,-0.6831516,0.08658279,-0.5035321,0.5217883,117.0954,-0.8008106,0.1014949,-0.5902552,-0.1197631,1.201952,-0.0484466,1.208876,0.01773167,-0.1164242,-0.200853,-0.9725169,333.0722,0.0761564,-0.5000345,-0.8626509,False,False,False,False
1772879678995,4.609713,0.1627193,1.048768,0.1801411,1.076495,-0.5155777,-0.7048008,0.4196609,0.2476292,151.3255,-0.5321516,-0.7274576,0.4331515,-0.1001515,0.6402932,-0.06011958,0.650861,0.5299592,0.2410335,-0.7593281,0.2906321,146.2084,0.553867,0.2519071,-0.7935833,0.04330258,1.107191,0.2103888,1.127835,0.06509082,1.149023,0.2264427,1.172931,0.07746184,1.148337,0.2386232,1.175423,-0.01617256,0.6592945,0.03456793,0.6603981,-0.004076447,0.6475198,0.0769697,0.6520911,-0.02412966,0.6413001,0.1080205,0.6507815,0.09335597,-0.08079967,0.05783282,0.1363399,0.1235762,-0.07823144,0.01830421,0.1473984,0.1176391,-0.08220721,0.002466843,0.1435377,-0.1156252,0.03944496,-0.03813319,0.1279814,-0.1567612,0.05383214,-0.02457926,0.1675593,-0.1795444,0.04250344,0.002944402,0.1845302,0.09390621,-0.08141384,0.05565552,0.1361768,0.1239139,-0.07959675,0.01797917,0.1483696,0.1175826,-0.08167589,0.002405976,0.1431866,-0.1154012,0.03989178,-0.0371398,0.127625,-0.157025,0.05320246,-0.024409,0.1675803,-0.1791506,0.04299469,0.003327817,0.1842676,0.1017084,-0.08131496,0.04067747,0.1364235,-0.0805293,0.9748767,-0.01938664,0.2067718,156.1335,-0.08230805,0.99641,-0.01981486,-0.1448267,0.04223857,-0.01957031,0.1521246,0.1678418,-0.4517629,-0.3447244,0.8055461,72.67394,0.2832615,-0.7624264,-0.5817808,0.0753078,1.152939,0.2060934,1.173633,0.8974256,-0.2645746,-0.2058624,-0.2867897,213.3317,0.9367763,-0.2761758,-0.2148892,0.09989771,-0.07837109,0.04352532,0.1342238,-0.1565264,-0.1334727,-0.976246,-0.06803235,187.802,-0.1568899,-0.1337826,-0.9785131,-0.3905101,-0.2506954,-0.3357037,0.5727506,0.5955255,0.1833467,0.5470886,0.5589523,112.0333,0.7181929,0.2211128,0.6597789,0.0246922,-0.05293941,0.09390661,0.1105927,-0.6831516,0.08658279,-0.5035321,0.5217883,117.0954,-0.8008106,0.1014949,-0.5902552,-0.1196307,1.202304,-0.04838229,1.20921,0.01855521,-0.1173214,-0.2011611,-0.97233,332.9804,0.07942767,-0.5022073,-0.8610926,False,False,False,False
1772879679010,4.623519,0.1627193,1.048768,0.1801411,1.076495,-0.5155777,-0.7048008,0.4196609,0.2476292,151.3255,-0.5321516,-0.7274576,0.4331515,-0.1001515,0.6402932,-0.06011958,0.650861,0.5299592,0.2410335,-0.7593281,0.2906321,146.2084,0.553867,0.2519071,-0.7935833,0.04330258,1.107191,0.2103888,1.127835,0.06509082,1.149023,0.2264427,1.172931,0.07746184,1.148337,0.2386232,1.175423,-0.01617256,0.6592945,0.03456793,0.6603981,-0.004076447,0.6475198,0.0769697,0.6520911,-0.02412966,0.6413001,0.1080205,0.6507815,0.09335597,-0.08079967,0.05783282,0.1363399,0.1235762,-0.07823144,0.01830421,0.1473984,0.1176391,-0.08220721,0.002466843,0.1435377,-0.1156252,0.03944496,-0.03813319,0.1279814,-0.1567612,0.05383214,-0.02457926,0.1675593,-0.1795444,0.04250344,0.002944402,0.1845302,0.09390621,-0.08141384,0.05565552,0.1361768,0.1239139,-0.07959675,0.01797917,0.1483696,0.1175826,-0.08167589,0.002405976,0.1431866,-0.1154012,0.03989178,-0.0371398,0.127625,-0.157025,0.05320246,-0.024409,0.1675803,-0.1791506,0.04299469,0.003327817,0.1842676,0.1017084,-0.08131496,0.04067747,0.1364235,-0.0805293,0.9748767,-0.01938664,0.2067718,156.1335,-0.08230805,0.99641,-0.01981486,-0.1448267,0.04223857,-0.01957031,0.1521246,0.1678418,-0.4517629,-0.3447244,0.8055461,72.67394,0.2832615,-0.7624264,-0.5817808,0.0753078,1.152939,0.2060934,1.173633,0.8974256,-0.2645746,-0.2058624,-0.2867897,213.3317,0.9367763,-0.2761758,-0.2148892,0.09989771,-0.07837109,0.04352532,0.1342238,-0.1565264,-0.1334727,-0.976246,-0.06803235,187.802,-0.1568899,-0.1337826,-0.9785131,-0.3905101,-0.2506954,-0.3357037,0.5727506,0.5955255,0.1833467,0.5470886,0.5589523,112.0333,0.7181929,0.2211128,0.6597789,0.0246922,-0.05293941,0.09390661,0.1105927,-0.6831516,0.08658279,-0.5035321,0.5217883,117.0954,-0.8008106,0.1014949,-0.5902552,-0.1194921,1.202611,-0.04833019,1.209499,0.01952449,-0.1180599,-0.2015653,-0.9721379,332.8864,0.08329222,-0.5036479,-0.8598852,False,False,False,False
1772879679022,4.63801,0.1627193,1.048768,0.1801411,1.076495,-0.5155777,-0.7048008,0.4196609,0.2476292,151.3255,-0.5321516,-0.7274576,0.4331515,-0.1001515,0.6402932,-0.06011958,0.650861,0.5299592,0.2410335,-0.7593281,0.2906321,146.2084,0.553867,0.2519071,-0.7935833,0.04330258,1.107191,0.2103888,1.127835,0.06509082,1.149023,0.2264427,1.172931,0.07746184,1.148337,0.2386232,1.175423,-0.01617256,0.6592945,0.03456793,0.6603981,-0.004076447,0.6475198,0.0769697,0.6520911,-0.02412966,0.6413001,0.1080205,0.6507815,0.09335597,-0.08079967,0.05783282,0.1363399,0.1235762,-0.07823144,0.01830421,0.1473984,0.1176391,-0.08220721,0.002466843,0.1435377,-0.1156252,0.03944496,-0.03813319,0.1279814,-0.1567612,0.05383214,-0.02457926,0.1675593,-0.1795444,0.04250344,0.002944402,0.1845302,0.09390621,-0.08141384,0.05565552,0.1361768,0.1239139,-0.07959675,0.01797917,0.1483696,0.1175826,-0.08167589,0.002405976,0.1431866,-0.1154012,0.03989178,-0.0371398,0.127625,-0.157025,0.05320246,-0.024409,0.1675803,-0.1791506,0.04299469,0.003327817,0.1842676,0.1017084,-0.08131496,0.04067747,0.1364235,-0.0805293,0.9748767,-0.01938664,0.2067718,156.1335,-0.08230805,0.99641,-0.01981486,-0.1448267,0.04223857,-0.01957031,0.1521246,0.1678418,-0.4517629,-0.3447244,0.8055461,72.67394,0.2832615,-0.7624264,-0.5817808,0.0753078,1.152939,0.2060934,1.173633,0.8974256,-0.2645746,-0.2058624,-0.2867897,213.3317,0.9367763,-0.2761758,-0.2148892,0.09989771,-0.07837109,0.04352532,0.1342238,-0.1565264,-0.1334727,-0.976246,-0.06803235,187.802,-0.1568899,-0.1337826,-0.9785131,-0.3905101,-0.2506954,-0.3357037,0.5727506,0.5955255,0.1833467,0.5470886,0.5589523,112.0333,0.7181929,0.2211128,0.6597789,0.0246922,-0.05293941,0.09390661,0.1105927,-0.6831516,0.08658279,-0.5035321,0.5217883,117.0954,-0.8008106,0.1014949,-0.5902552,-0.1192729,1.202833,-0.04827819,1.209696,0.02017996,-0.1183556,-0.2015909,-0.9720833,332.8596,0.08600532,-0.5044218,-0.859164,False,False,False,False
1772879679038,4.651473,0.1627193,1.048768,0.1801411,1.076495,-0.5155777,-0.7048008,0.4196609,0.2476292,151.3255,-0.5321516,-0.7274576,0.4331515,-0.1001515,0.6402932,-0.06011958,0.650861,0.5299592,0.2410335,-0.7593281,0.2906321,146.2084,0.553867,0.2519071,-0.7935833,0.04330258,1.107191,0.2103888,1.127835,0.06509082,1.149023,0.2264427,1.172931,0.07746184,1.148337,0.2386232,1.175423,-0.01617256,0.6592945,0.03456793,0.6603981,-0.004076447,0.6475198,0.0769697,0.6520911,-0.02412966,0.6413001,0.1080205,0.6507815,0.09335597,-0.08079967,0.05783282,0.1363399,0.1235762,-0.07823144,0.01830421,0.1473984,0.1176391,-0.08220721,0.002466843,0.1435377,-0.1156252,0.03944496,-0.03813319,0.1279814,-0.1567612,0.05383214,-0.02457926,0.1675593,-0.1795444,0.04250344,0.002944402,0.1845302,0.09390621,-0.08141384,0.05565552,0.1361768,0.1239139,-0.07959675,0.01797917,0.1483696,0.1175826,-0.08167589,0.002405976,0.1431866,-0.1154012,0.03989178,-0.0371398,0.127625,-0.157025,0.05320246,-0.024409,0.1675803,-0.1791506,0.04299469,0.003327817,0.1842676,0.1017084,-0.08131496,0.04067747,0.1364235,-0.0805293,0.9748767,-0.01938664,0.2067718,156.1335,-0.08230805,0.99641,-0.01981486,-0.1448267,0.04223857,-0.01957031,0.1521246,0.1678418,-0.4517629,-0.3447244,0.8055461,72.67394,0.2832615,-0.7624264,-0.5817808,0.0753078,1.152939,0.2060934,1.173633,0.8974256,-0.2645746,-0.2058624,-0.2867897,213.3317,0.9367763,-0.2761758,-0.2148892,0.09989771,-0.07837109,0.04352532,0.1342238,-0.1565264,-0.1334727,-0.976246,-0.06803235,187.802,-0.1568899,-0.1337826,-0.9785131,-0.3905101,-0.2506954,-0.3357037,0.5727506,0.5955255,0.1833467,0.5470886,0.5589523,112.0333,0.7181929,0.2211128,0.6597789,0.0246922,-0.05293941,0.09390661,0.1105927,-0.6831516,0.08658279,-0.5035321,0.5217883,117.0954,-0.8008106,0.1014949,-0.5902552,-0.1190667,1.203021,-0.04821984,1.20986,0.02114222,-0.1187549,-0.2016364,-0.9720047,332.8213,0.0899816,-0.5054226,-0.8581674,False,False,False,False
1772879679051,4.667065,0.1627193,1.048768,0.1801411,1.076495,-0.5155777,-0.7048008,0.4196609,0.2476292,151.3255,-0.5321516,-0.7274576,0.4331515,-0.1001515,0.6402932,-0.06011958,0.650861,0.5299592,0.2410335,-0.7593281,0.2906321,146.2084,0.553867,0.2519071,-0.7935833,0.04330258,1.107191,0.2103888,1.127835,0.06509082,1.149023,0.2264427,1.172931,0.07746184,1.148337,0.2386232,1.175423,-0.01617256,0.6592945,0.03456793,0.6603981,-0.004076447,0.6475198,0.0769697,0.6520911,-0.02412966,0.6413001,0.1080205,0.6507815,0.09335597,-0.08079967,0.05783282,0.1363399,0.1235762,-0.07823144,0.01830421,0.1473984,0.1176391,-0.08220721,0.002466843,0.1435377,-0.1156252,0.03944496,-0.03813319,0.1279814,-0.1567612,0.05383214,-0.02457926,0.1675593,-0.1795444,0.04250344,0.002944402,0.1845302,0.09390621,-0.08141384,0.05565552,0.1361768,0.1239139,-0.07959675,0.01797917,0.1483696,0.1175826,-0.08167589,0.002405976,0.1431866,-0.1154012,0.03989178,-0.0371398,0.127625,-0.157025,0.05320246,-0.024409,0.1675803,-0.1791506,0.04299469,0.003327817,0.1842676,0.1017084,-0.08131496,0.04067747,0.1364235,-0.0805293,0.9748767,-0.01938664,0.2067718,156.1335,-0.08230805,0.99641,-0.01981486,-0.1448267,0.04223857,-0.01957031,0.1521246,0.1678418,-0.4517629,-0.3447244,0.8055461,72.67394,0.2832615,-0.7624264,-0.5817808,0.0753078,1.152939,0.2060934,1.173633,0.8974256,-0.2645746,-0.2058624,-0.2867897,213.3317,0.9367763,-0.2761758,-0.2148892,0.09989771,-0.07837109,0.04352532,0.1342238,-0.1565264,-0.1334727,-0.976246,-0.06803235,187.802,-0.1568899,-0.1337826,-0.9785131,-0.3905101,-0.2506954,-0.3357037,0.5727506,0.5955255,0.1833467,0.5470886,0.5589523,112.0333,0.7181929,0.2211128,0.6597789,0.0246922,-0.05293941,0.09390661,0.1105927,-0.6831516,0.08658279,-0.5035321,0.5217883,117.0954,-0.8008106,0.1014949,-0.5902552,-0.1188606,1.203185,-0.04815165,1.21,0.02169104,-0.1192395,-0.2018004,-0.9718992,332.7699,0.09214649,-0.5065454,-0.8572755,False,False,False,False
1772879679064,4.679476,0.1627193,1.048768,0.1801411,1.076495,-0.5155777,-0.7048008,0.4196609,0.2476292,151.3255,-0.5321516,-0.7274576,0.4331515,-0.1001515,0.6402932,-0.06011958,0.650861,0.5299592,0.2410335,-0.7593281,0.2906321,146.2084,0.553867,0.2519071,-0.7935833,0.04330258,1.107191,0.2103888,1.127835,0.06509082,1.149023,0.2264427,1.172931,0.07746184,1.148337,0.2386232,1.175423,-0.01617256,0.6592945,0.03456793,0.6603981,-0.004076447,0.6475198,0.0769697,0.6520911,-0.02412966,0.6413001,0.1080205,0.6507815,0.09335597,-0.08079967,0.05783282,0.1363399,0.1235762,-0.07823144,0.01830421,0.1473984,0.1176391,-0.08220721,0.002466843,0.1435377,-0.1156252,0.03944496,-0.03813319,0.1279814,-0.1567612,0.05383214,-0.02457926,0.1675593,-0.1795444,0.04250344,0.002944402,0.1845302,0.09390621,-0.08141384,0.05565552,0.1361768,0.1239139,-0.07959675,0.01797917,0.1483696,0.1175826,-0.08167589,0.002405976,0.1431866,-0.1154012,0.03989178,-0.0371398,0.127625,-0.157025,0.05320246,-0.024409,0.1675803,-0.1791506,0.04299469,0.003327817,0.1842676,0.1017084,-0.08131496,0.04067747,0.1364235,-0.0805293,0.9748767,-0.01938664,0.2067718,156.1335,-0.08230805,0.99641,-0.01981486,-0.1448267,0.04223857,-0.01957031,0.1521246,0.1678418,-0.4517629,-0.3447244,0.8055461,72.67394,0.2832615,-0.7624264,-0.5817808,0.0753078,1.152939,0.2060934,1.173633,0.8974256,-0.2645746,-0.2058624,-0.2867897,213.3317,0.9367763,-0.2761758,-0.2148892,0.09989771,-0.07837109,0.04352532,0.1342238,-0.1565264,-0.1334727,-0.976246,-0.06803235,187.802,-0.1568899,-0.1337826,-0.9785131,-0.3905101,-0.2506954,-0.3357037,0.5727506,0.5955255,0.1833467,0.5470886,0.5589523,112.0333,0.7181929,0.2211128,0.6597789,0.0246922,-0.05293941,0.09390661,0.1105927,-0.6831516,0.08658279,-0.5035321,0.5217883,117.0954,-0.8008106,0.1014949,-0.5902552,-0.1186578,1.203281,-0.04810216,1.210073,0.02216855,-0.1196227,-0.2019284,-0.9718148,332.7288,0.09403582,-0.5074223,-0.8565512,False,False,False,False
1772879679078,4.693181,0.1627193,1.048768,0.1801411,1.076495,-0.5155777,-0.7048008,0.4196609,0.2476292,151.3255,-0.5321516,-0.7274576,0.4331515,-0.1001515,0.6402932,-0.06011958,0.650861,0.5299592,0.2410335,-0.7593281,0.2906321,146.2084,0.553867,0.2519071,-0.7935833,0.04330258,1.107191,0.2103888,1.127835,0.06509082,1.149023,0.2264427,1.172931,0.07746184,1.148337,0.2386232,1.175423,-0.01617256,0.6592945,0.03456793,0.6603981,-0.004076447,0.6475198,0.0769697,0.6520911,-0.02412966,0.6413001,0.1080205,0.6507815,0.09335597,-0.08079967,0.05783282,0.1363399,0.1235762,-0.07823144,0.01830421,0.1473984,0.1176391,-0.08220721,0.002466843,0.1435377,-0.1156252,0.03944496,-0.03813319,0.1279814,-0.1567612,0.05383214,-0.02457926,0.1675593,-0.1795444,0.04250344,0.002944402,0.1845302,0.09390621,-0.08141384,0.05565552,0.1361768,0.1239139,-0.07959675,0.01797917,0.1483696,0.1175826,-0.08167589,0.002405976,0.1431866,-0.1154012,0.03989178,-0.0371398,0.127625,-0.157025,0.05320246,-0.024409,0.1675803,-0.1791506,0.04299469,0.003327817,0.1842676,0.1017084,-0.08131496,0.04067747,0.1364235,-0.0805293,0.9748767,-0.01938664,0.2067718,156.1335,-0.08230805,0.99641,-0.01981486,-0.1448267,0.04223857,-0.01957031,0.1521246,0.1678418,-0.4517629,-0.3447244,0.8055461,72.67394,0.2832615,-0.7624264,-0.5817808,0.0753078,1.152939,0.2060934,1.173633,0.8974256,-0.2645746,-0.2058624,-0.2867897,213.3317,0.9367763,-0.2761758,-0.2148892,0.09989771,-0.07837109,0.04352532,0.1342238,-0.1565264,-0.1334727,-0.976246,-0.06803235,187.802,-0.1568899,-0.1337826,-0.9785131,-0.3905101,-0.2506954,-0.3357037,0.5727506,0.5955255,0.1833467,0.5470886,0.5589523,112.0333,0.7181929,0.2211128,0.6597789,0.0246922,-0.05293941,0.09390661,0.1105927,-0.6831516,0.08658279,-0.5035321,0.5217883,117.0954,-0.8008106,0.1014949,-0.5902552,-0.1184377,1.203325,-0.04804637,1.210094,0.02180491,-0.1198719,-0.2017498,-0.9718294,332.7359,0.09251693,-0.5086093,-0.8560123,False,False,False,False
1772879679093,4.707292,0.1627193,1.048768,0.1801411,1.076495,-0.5155777,-0.7048008,0.4196609,0.2476292,151.3255,-0.5321516,-0.7274576,0.4331515,-0.1001515,0.6402932,-0.06011958,0.650861,0.5299592,0.2410335,-0.7593281,0.2906321,146.2084,0.553867,0.2519071,-0.7935833,0.04330258,1.107191,0.2103888,1.127835,0.06509082,1.149023,0.2264427,1.172931,0.07746184,1.148337,0.2386232,1.175423,-0.01617256,0.6592945,0.03456793,0.6603981,-0.004076447,0.6475198,0.0769697,0.6520911,-0.02412966,0.6413001,0.1080205,0.6507815,0.09335597,-0.08079967,0.05783282,0.1363399,0.1235762,-0.07823144,0.01830421,0.1473984,0.1176391,-0.08220721,0.002466843,0.1435377,-0.1156252,0.03944496,-0.03813319,0.1279814,-0.1567612,0.05383214,-0.02457926,0.1675593,-0.1795444,0.04250344,0.002944402,0.1845302,0.09390621,-0.08141384,0.05565552,0.1361768,0.1239139,-0.07959675,0.01797917,0.1483696,0.1175826,-0.08167589,0.002405976,0.1431866,-0.1154012,0.03989178,-0.0371398,0.127625,-0.157025,0.05320246,-0.024409,0.1675803,-0.1791506,0.04299469,0.003327817,0.1842676,0.1017084,-0.08131496,0.04067747,0.1364235,-0.0805293,0.9748767,-0.01938664,0.2067718,156.1335,-0.08230805,0.99641,-0.01981486,-0.1448267,0.04223857,-0.01957031,0.1521246,0.1678418,-0.4517629,-0.3447244,0.8055461,72.67394,0.2832615,-0.7624264,-0.5817808,0.0753078,1.152939,0.2060934,1.173633,0.8974256,-0.2645746,-0.2058624,-0.2867897,213.3317,0.9367763,-0.2761758,-0.2148892,0.09989771,-0.07837109,0.04352532,0.1342238,-0.1565264,-0.1334727,-0.976246,-0.06803235,187.802,-0.1568899,-0.1337826,-0.9785131,-0.3905101,-0.2506954,-0.3357037,0.5727506,0.5955255,0.1833467,0.5470886,0.5589523,112.0333,0.7181929,0.2211128,0.6597789,0.0246922,-0.05293941,0.09390661,0.1105927,-0.6831516,0.08658279,-0.5035321,0.5217883,117.0954,-0.8008106,0.1014949,-0.5902552,-0.1182391,1.203348,-0.04797037,1.210094,0.02138,-0.1200942,-0.2018834,-0.9717836,332.7137,0.09064157,-0.5091453,-0.8558949,False,False,False,False
1772879679106,4.721122,0.1627193,1.048768,0.1801411,1.076495,-0.5155777,-0.7048008,0.4196609,0.2476292,151.3255,-0.5321516,-0.7274576,0.4331515,-0.1001515,0.6402932,-0.06011958,0.650861,0.5299592,0.2410335,-0.7593281,0.2906321,146.2084,0.553867,0.2519071,-0.7935833,0.04330258,1.107191,0.2103888,1.127835,0.06509082,1.149023,0.2264427,1.172931,0.07746184,1.148337,0.2386232,1.175423,-0.01617256,0.6592945,0.03456793,0.6603981,-0.004076447,0.6475198,0.0769697,0.6520911,-0.02412966,0.6413001,0.1080205,0.6507815,0.09335597,-0.08079967,0.05783282,0.1363399,0.1235762,-0.07823144,0.01830421,0.1473984,0.1176391,-0.08220721,0.002466843,0.1435377,-0.1156252,0.03944496,-0.03813319,0.1279814,-0.1567612,0.05383214,-0.02457926,0.1675593,-0.1795444,0.04250344,0.002944402,0.1845302,0.09390621,-0.08141384,0.05565552,0.1361768,0.1239139,-0.07959675,0.01797917,0.1483696,0.1175826,-0.08167589,0.002405976,0.1431866,-0.1154012,0.03989178,-0.0371398,0.127625,-0.157025,0.05320246,-0.024409,0.1675803,-0.1791506,0.04299469,0.003327817,0.1842676,0.1017084,-0.08131496,0.04067747,0.1364235,-0.0805293,0.9748767,-0.01938664,0.2067718,156.1335,-0.08230805,0.99641,-0.01981486,-0.1448267,0.04223857,-0.01957031,0.1521246,0.1678418,-0.4517629,-0.3447244,0.8055461,72.67394,0.2832615,-0.7624264,-0.5817808,0.0753078,1.152939,0.2060934,1.173633,0.8974256,-0.2645746,-0.2058624,-0.2867897,213.3317,0.9367763,-0.2761758,-0.2148892,0.09989771,-0.07837109,0.04352532,0.1342238,-0.1565264,-0.1334727,-0.976246,-0.06803235,187.802,-0.1568899,-0.1337826,-0.9785131,-0.3905101,-0.2506954,-0.3357037,0.5727506,0.5955255,0.1833467,0.5470886,0.5589523,112.0333,0.7181929,0.2211128,0.6597789,0.0246922,-0.05293941,0.09390661,0.1105927,-0.6831516,0.08658279,-0.5035321,0.5217883,117.0954,-0.8008106,0.1014949,-0.5902552,-0.1180186,1.20329,-0.04790179,1.210012,0.02074341,-0.119855,-0.201759,-0.9718528,332.7473,0.08804917,-0.5087463,-0.8564023,False,False,False,False
1772879679121,4.734848,0.1627193,1.048768,0.1801411,1.076495,-0.5155777,-0.7048008,0.4196609,0.2476292,151.3255,-0.5321516,-0.7274576,0.4331515,-0.1001515,0.6402932,-0.06011958,0.650861,0.5299592,0.2410335,-0.7593281,0.2906321,146.2084,0.553867,0.2519071,-0.7935833,0.04330258,1.107191,0.2103888,1.127835,0.06509082,1.149023,0.2264427,1.172931,0.07746184,1.148337,0.2386232,1.175423,-0.01617256,0.6592945,0.03456793,0.6603981,-0.004076447,0.6475198,0.0769697,0.6520911,-0.02412966,0.6413001,0.1080205,0.6507815,0.09335597,-0.08079967,0.05783282,0.1363399,0.1235762,-0.07823144,0.01830421,0.1473984,0.1176391,-0.08220721,0.002466843,0.1435377,-0.1156252,0.03944496,-0.03813319,0.1279814,-0.1567612,0.05383214,-0.02457926,0.1675593,-0.1795444,0.04250344,0.002944402,0.1845302,0.09390621,-0.08141384,0.05565552,0.1361768,0.1239139,-0.07959675,0.01797917,0.1483696,0.1175826,-0.08167589,0.002405976,0.1431866,-0.1154012,0.03989178,-0.0371398,0.127625,-0.157025,0.05320246,-0.024409,0.1675803,-0.1791506,0.04299469,0.003327817,0.1842676,0.1017084,-0.08131496,0.04067747,0.1364235,-0.0805293,0.9748767,-0.01938664,0.2067718,156.1335,-0.08230805,0.99641,-0.01981486,-0.1448267,0.04223857,-0.01957031,0.1521246,0.1678418,-0.4517629,-0.3447244,0.8055461,72.67394,0.2832615,-0.7624264,-0.5817808,0.0753078,1.152939,0.2060934,1.173633,0.8974256,-0.2645746,-0.2058624,-0.2867897,213.3317,0.9367763,-0.2761758,-0.2148892,0.09989771,-0.07837109,0.04352532,0.1342238,-0.1565264,-0.1334727,-0.976246,-0.06803235,187.802,-0.1568899,-0.1337826,-0.9785131,-0.3905101,-0.2506954,-0.3357037,0.5727506,0.5955255,0.1833467,0.5470886,0.5589523,112.0333,0.7181929,0.2211128,0.6597789,0.0246922,-0.05293941,0.09390661,0.1105927,-0.6831516,0.08658279,-0.5035321,0.5217883,117.0954,-0.8008106,0.1014949,-0.5902552,-0.1178194,1.203161,-0.04785073,1.209863,0.01990622,-0.1196306,-0.2017384,-0.9719023,332.7714,0.08456884,-0.5082338,-0.8570579,False,False,False,False
1772879679135,4.749387,0.1627193,1.048768,0.1801411,1.076495,-0.5155777,-0.7048008,0.4196609,0.2476292,151.3255,-0.5321516,-0.7274576,0.4331515,-0.1001515,0.6402932,-0.06011958,0.650861,0.5299592,0.2410335,-0.7593281,0.2906321,146.2084,0.553867,0.2519071,-0.7935833,0.04330258,1.107191,0.2103888,1.127835,0.06509082,1.149023,0.2264427,1.172931,0.07746184,1.148337,0.2386232,1.175423,-0.01617256,0.6592945,0.03456793,0.6603981,-0.004076447,0.6475198,0.0769697,0.6520911,-0.02412966,0.6413001,0.1080205,0.6507815,0.09335597,-0.08079967,0.05783282,0.1363399,0.1235762,-0.07823144,0.01830421,0.1473984,0.1176391,-0.08220721,0.002466843,0.1435377,-0.1156252,0.03944496,-0.03813319,0.1279814,-0.1567612,0.05383214,-0.02457926,0.1675593,-0.1795444,0.04250344,0.002944402,0.1845302,0.09390621,-0.08141384,0.05565552,0.1361768,0.1239139,-0.07959675,0.01797917,0.1483696,0.1175826,-0.08167589,0.002405976,0.1431866,-0.1154012,0.03989178,-0.0371398,0.127625,-0.157025,0.05320246,-0.024409,0.1675803,-0.1791506,0.04299469,0.003327817,0.1842676,0.1017084,-0.08131496,0.04067747,0.1364235,-0.0805293,0.9748767,-0.01938664,0.2067718,156.1335,-0.08230805,0.99641,-0.01981486,-0.1448267,0.04223857,-0.01957031,0.1521246,0.1678418,-0.4517629,-0.3447244,0.8055461,72.67394,0.2832615,-0.7624264,-0.5817808,0.0753078,1.152939,0.2060934,1.173633,0.8974256,-0.2645746,-0.2058624,-0.2867897,213.3317,0.9367763,-0.2761758,-0.2148892,0.09989771,-0.07837109,0.04352532,0.1342238,-0.1565264,-0.1334727,-0.976246,-0.06803235,187.802,-0.1568899,-0.1337826,-0.9785131,-0.3905101,-0.2506954,-0.3357037,0.5727506,0.5955255,0.1833467,0.5470886,0.5589523,112.0333,0.7181929,0.2211128,0.6597789,0.0246922,-0.05293941,0.09390661,0.1105927,-0.6831516,0.08658279,-0.5035321,0.5217883,117.0954,-0.8008106,0.1014949,-0.5902552,-0.1175988,1.202999,-0.04781304,1.209679,0.01941375,-0.1193474,-0.2017895,-0.9719364,332.788,0.0825261,-0.5073348,-0.8577889,False,False,False,False
1772879679149,4.763849,0.1627193,1.048768,0.1801411,1.076495,-0.5155777,-0.7048008,0.4196609,0.2476292,151.3255,-0.5321516,-0.7274576,0.4331515,-0.1001515,0.6402932,-0.06011958,0.650861,0.5299592,0.2410335,-0.7593281,0.2906321,146.2084,0.553867,0.2519071,-0.7935833,0.04330258,1.107191,0.2103888,1.127835,0.06509082,1.149023,0.2264427,1.172931,0.07746184,1.148337,0.2386232,1.175423,-0.01617256,0.6592945,0.03456793,0.6603981,-0.004076447,0.6475198,0.0769697,0.6520911,-0.02412966,0.6413001,0.1080205,0.6507815,0.09335597,-0.08079967,0.05783282,0.1363399,0.1235762,-0.07823144,0.01830421,0.1473984,0.1176391,-0.08220721,0.002466843,0.1435377,-0.1156252,0.03944496,-0.03813319,0.1279814,-0.1567612,0.05383214,-0.02457926,0.1675593,-0.1795444,0.04250344,0.002944402,0.1845302,0.09390621,-0.08141384,0.05565552,0.1361768,0.1239139,-0.07959675,0.01797917,0.1483696,0.1175826,-0.08167589,0.002405976,0.1431866,-0.1154012,0.03989178,-0.0371398,0.127625,-0.157025,0.05320246,-0.024409,0.1675803,-0.1791506,0.04299469,0.003327817,0.1842676,0.1017084,-0.08131496,0.04067747,0.1364235,-0.0805293,0.9748767,-0.01938664,0.2067718,156.1335,-0.08230805,0.99641,-0.01981486,-0.1448267,0.04223857,-0.01957031,0.1521246,0.1678418,-0.4517629,-0.3447244,0.8055461,72.67394,0.2832615,-0.7624264,-0.5817808,0.0753078,1.152939,0.2060934,1.173633,0.8974256,-0.2645746,-0.2058624,-0.2867897,213.3317,0.9367763,-0.2761758,-0.2148892,0.09989771,-0.07837109,0.04352532,0.1342238,-0.1565264,-0.1334727,-0.976246,-0.06803235,187.802,-0.1568899,-0.1337826,-0.9785131,-0.3905101,-0.2506954,-0.3357037,0.5727506,0.5955255,0.1833467,0.5470886,0.5589523,112.0333,0.7181929,0.2211128,0.6597789,0.0246922,-0.05293941,0.09390661,0.1105927,-0.6831516,0.08658279,-0.5035321,0.5217883,117.0954,-0.8008106,0.1014949,-0.5902552,-0.1173468,1.202836,-0.04780527,1.209491,0.01881057,-0.1193952,-0.2017008,-0.9719608,332.7999,0.0799963,-0.5077555,-0.8577793,False,False,False,False
1772879679162,4.777947,0.1627193,1.048768,0.1801411,1.076495,-0.5155777,-0.7048008,0.4196609,0.2476292,151.3255,-0.5321516,-0.7274576,0.4331515,-0.1001515,0.6402932,-0.06011958,0.650861,0.5299592,0.2410335,-0.7593281,0.2906321,146.2084,0.553867,0.2519071,-0.7935833,0.04330258,1.107191,0.2103888,1.127835,0.06509082,1.149023,0.2264427,1.172931,0.07746184,1.148337,0.2386232,1.175423,-0.01617256,0.6592945,0.03456793,0.6603981,-0.004076447,0.6475198,0.0769697,0.6520911,-0.02412966,0.6413001,0.1080205,0.6507815,0.09335597,-0.08079967,0.05783282,0.1363399,0.1235762,-0.07823144,0.01830421,0.1473984,0.1176391,-0.08220721,0.002466843,0.1435377,-0.1156252,0.03944496,-0.03813319,0.1279814,-0.1567612,0.05383214,-0.02457926,0.1675593,-0.1795444,0.04250344,0.002944402,0.1845302,0.09390621,-0.08141384,0.05565552,0.1361768,0.1239139,-0.07959675,0.01797917,0.1483696,0.1175826,-0.08167589,0.002405976,0.1431866,-0.1154012,0.03989178,-0.0371398,0.127625,-0.157025,0.05320246,-0.024409,0.1675803,-0.1791506,0.04299469,0.003327817,0.1842676,0.1017084,-0.08131496,0.04067747,0.1364235,-0.0805293,0.9748767,-0.01938664,0.2067718,156.1335,-0.08230805,0.99641,-0.01981486,-0.1448267,0.04223857,-0.01957031,0.1521246,0.1678418,-0.4517629,-0.3447244,0.8055461,72.67394,0.2832615,-0.7624264,-0.5817808,0.0753078,1.152939,0.2060934,1.173633,0.8974256,-0.2645746,-0.2058624,-0.2867897,213.3317,0.9367763,-0.2761758,-0.2148892,0.09989771,-0.07837109,0.04352532,0.1342238,-0.1565264,-0.1334727,-0.976246,-0.06803235,187.802,-0.1568899,-0.1337826,-0.9785131,-0.3905101,-0.2506954,-0.3357037,0.5727506,0.5955255,0.1833467,0.5470886,0.5589523,112.0333,0.7181929,0.2211128,0.6597789,0.0246922,-0.05293941,0.09390661,0.1105927,-0.6831516,0.08658279,-0.5035321,0.5217883,117.0954,-0.8008106,0.1014949,-0.5902552,-0.1170636,1.202685,-0.04782835,1.209315,0.01791563,-0.1195352,-0.2012418,-0.9720556,332.8462,0.07631766,-0.5092006,-0.8572575,False,False,False,False
1772879679177,4.79132,0.1627193,1.048768,0.1801411,1.076495,-0.5155777,-0.7048008,0.4196609,0.2476292,151.3255,-0.5321516,-0.7274576,0.4331515,-0.1001515,0.6402932,-0.06011958,0.650861,0.5299592,0.2410335,-0.7593281,0.2906321,146.2084,0.553867,0.2519071,-0.7935833,0.04330258,1.107191,0.2103888,1.127835,0.06509082,1.149023,0.2264427,1.172931,0.07746184,1.148337,0.2386232,1.175423,-0.01617256,0.6592945,0.03456793,0.6603981,-0.004076447,0.6475198,0.0769697,0.6520911,-0.02412966,0.6413001,0.1080205,0.6507815,0.09335597,-0.08079967,0.05783282,0.1363399,0.1235762,-0.07823144,0.01830421,0.1473984,0.1176391,-0.08220721,0.002466843,0.1435377,-0.1156252,0.03944496,-0.03813319,0.1279814,-0.1567612,0.05383214,-0.02457926,0.1675593,-0.1795444,0.04250344,0.002944402,0.1845302,0.09390621,-0.08141384,0.05565552,0.1361768,0.1239139,-0.07959675,0.01797917,0.1483696,0.1175826,-0.08167589,0.002405976,0.1431866,-0.1154012,0.03989178,-0.0371398,0.127625,-0.157025,0.05320246,-0.024409,0.1675803,-0.1791506,0.04299469,0.003327817,0.1842676,0.1017084,-0.08131496,0.04067747,0.1364235,-0.0805293,0.9748767,-0.01938664,0.2067718,156.1335,-0.08230805,0.99641,-0.01981486,-0.1448267,0.04223857,-0.01957031,0.1521246,0.1678418,-0.4517629,-0.3447244,0.8055461,72.67394,0.2832615,-0.7624264,-0.5817808,0.0753078,1.152939,0.2060934,1.173633,0.8974256,-0.2645746,-0.2058624,-0.2867897,213.3317,0.9367763,-0.2761758,-0.2148892,0.09989771,-0.07837109,0.04352532,0.1342238,-0.1565264,-0.1334727,-0.976246,-0.06803235,187.802,-0.1568899,-0.1337826,-0.9785131,-0.3905101,-0.2506954,-0.3357037,0.5727506,0.5955255,0.1833467,0.5470886,0.5589523,112.0333,0.7181929,0.2211128,0.6597789,0.0246922,-0.05293941,0.09390661,0.1105927,-0.6831516,0.08658279,-0.5035321,0.5217883,117.0954,-0.8008106,0.1014949,-0.5902552,-0.1167545,1.202497,-0.04789213,1.2091,0.0172252,-0.1197378,-0.2012212,-0.9720474,332.8422,0.07336602,-0.5099902,-0.8570464,False,False,False,False
1772879679190,4.80558,0.1627193,1.048768,0.1801411,1.076495,-0.5155777,-0.7048008,0.4196609,0.2476292,151.3255,-0.5321516,-0.7274576,0.4331515,-0.1001515,0.6402932,-0.06011958,0.650861,0.5299592,0.2410335,-0.7593281,0.2906321,146.2084,0.553867,0.2519071,-0.7935833,0.04330258,1.107191,0.2103888,1.127835,0.06509082,1.149023,0.2264427,1.172931,0.07746184,1.148337,0.2386232,1.175423,-0.01617256,0.6592945,0.03456793,0.6603981,-0.004076447,0.6475198,0.0769697,0.6520911,-0.02412966,0.6413001,0.1080205,0.6507815,0.09335597,-0.08079967,0.05783282,0.1363399,0.1235762,-0.07823144,0.01830421,0.1473984,0.1176391,-0.08220721,0.002466843,0.1435377,-0.1156252,0.03944496,-0.03813319,0.1279814,-0.1567612,0.05383214,-0.02457926,0.1675593,-0.1795444,0.04250344,0.002944402,0.1845302,0.09390621,-0.08141384,0.05565552,0.1361768,0.1239139,-0.07959675,0.01797917,0.1483696,0.1175826,-0.08167589,0.002405976,0.1431866,-0.1154012,0.03989178,-0.0371398,0.127625,-0.157025,0.05320246,-0.024409,0.1675803,-0.1791506,0.04299469,0.003327817,0.1842676,0.1017084,-0.08131496,0.04067747,0.1364235,-0.0805293,0.9748767,-0.01938664,0.2067718,156.1335,-0.08230805,0.99641,-0.01981486,-0.1448267,0.04223857,-0.01957031,0.1521246,0.1678418,-0.4517629,-0.3447244,0.8055461,72.67394,0.2832615,-0.7624264,-0.5817808,0.0753078,1.152939,0.2060934,1.173633,0.8974256,-0.2645746,-0.2058624,-0.2867897,213.3317,0.9367763,-0.2761758,-0.2148892,0.09989771,-0.07837109,0.04352532,0.1342238,-0.1565264,-0.1334727,-0.976246,-0.06803235,187.802,-0.1568899,-0.1337826,-0.9785131,-0.3905101,-0.2506954,-0.3357037,0.5727506,0.5955255,0.1833467,0.5470886,0.5589523,112.0333,0.7181929,0.2211128,0.6597789,0.0246922,-0.05293941,0.09390661,0.1105927,-0.6831516,0.08658279,-0.5035321,0.5217883,117.0954,-0.8008106,0.1014949,-0.5902552,-0.1163448,1.202355,-0.04807171,1.208927,0.01675653,-0.119828,-0.2008891,-0.9721132,332.8743,0.07145273,-0.5109672,-0.8566254,False,False,False,False
1772879679204,4.818982,0.1627193,1.048768,0.1801411,1.076495,-0.5155777,-0.7048008,0.4196609,0.2476292,151.3255,-0.5321516,-0.7274576,0.4331515,-0.1001515,0.6402932,-0.06011958,0.650861,0.5299592,0.2410335,-0.7593281,0.2906321,146.2084,0.553867,0.2519071,-0.7935833,0.04330258,1.107191,0.2103888,1.127835,0.06509082,1.149023,0.2264427,1.172931,0.07746184,1.148337,0.2386232,1.175423,-0.01617256,0.6592945,0.03456793,0.6603981,-0.004076447,0.6475198,0.0769697,0.6520911,-0.02412966,0.6413001,0.1080205,0.6507815,0.09335597,-0.08079967,0.05783282,0.1363399,0.1235762,-0.07823144,0.01830421,0.1473984,0.1176391,-0.08220721,0.002466843,0.1435377,-0.1156252,0.03944496,-0.03813319,0.1279814,-0.1567612,0.05383214,-0.02457926,0.1675593,-0.1795444,0.04250344,0.002944402,0.1845302,0.09390621,-0.08141384,0.05565552,0.1361768,0.1239139,-0.07959675,0.01797917,0.1483696,0.1175826,-0.08167589,0.002405976,0.1431866,-0.1154012,0.03989178,-0.0371398,0.127625,-0.157025,0.05320246,-0.024409,0.1675803,-0.1791506,0.04299469,0.003327817,0.1842676,0.1017084,-0.08131496,0.04067747,0.1364235,-0.0805293,0.9748767,-0.01938664,0.2067718,156.1335,-0.08230805,0.99641,-0.01981486,-0.1448267,0.04223857,-0.01957031,0.1521246,0.1678418,-0.4517629,-0.3447244,0.8055461,72.67394,0.2832615,-0.7624264,-0.5817808,0.0753078,1.152939,0.2060934,1.173633,0.8974256,-0.2645746,-0.2058624,-0.2867897,213.3317,0.9367763,-0.2761758,-0.2148892,0.09989771,-0.07837109,0.04352532,0.1342238,-0.1565264,-0.1334727,-0.976246,-0.06803235,187.802,-0.1568899,-0.1337826,-0.9785131,-0.3905101,-0.2506954,-0.3357037,0.5727506,0.5955255,0.1833467,0.5470886,0.5589523,112.0333,0.7181929,0.2211128,0.6597789,0.0246922,-0.05293941,0.09390661,0.1105927,-0.6831516,0.08658279,-0.5035321,0.5217883,117.0954,-0.8008106,0.1014949,-0.5902552,-0.1160573,1.202345,-0.04815602,1.208892,0.01659123,-0.1200902,-0.2008244,-0.972097,332.8664,0.07072766,-0.5119389,-0.8561051,False,False,False,False
1772879679218,4.832693,0.1627193,1.048768,0.1801411,1.076495,-0.5155777,-0.7048008,0.4196609,0.2476292,151.3255,-0.5321516,-0.7274576,0.4331515,-0.1001515,0.6402932,-0.06011958,0.650861,0.5299592,0.2410335,-0.7593281,0.2906321,146.2084,0.553867,0.2519071,-0.7935833,0.04330258,1.107191,0.2103888,1.127835,0.06509082,1.149023,0.2264427,1.172931,0.07746184,1.148337,0.2386232,1.175423,-0.01617256,0.6592945,0.03456793,0.6603981,-0.004076447,0.6475198,0.0769697,0.6520911,-0.02412966,0.6413001,0.1080205,0.6507815,0.09335597,-0.08079967,0.05783282,0.1363399,0.1235762,-0.07823144,0.01830421,0.1473984,0.1176391,-0.08220721,0.002466843,0.1435377,-0.1156252,0.03944496,-0.03813319,0.1279814,-0.1567612,0.05383214,-0.02457926,0.1675593,-0.1795444,0.04250344,0.002944402,0.1845302,0.09390621,-0.08141384,0.05565552,0.1361768,0.1239139,-0.07959675,0.01797917,0.1483696,0.1175826,-0.08167589,0.002405976,0.1431866,-0.1154012,0.03989178,-0.0371398,0.127625,-0.157025,0.05320246,-0.024409,0.1675803,-0.1791506,0.04299469,0.003327817,0.1842676,0.1017084,-0.08131496,0.04067747,0.1364235,-0.0805293,0.9748767,-0.01938664,0.2067718,156.1335,-0.08230805,0.99641,-0.01981486,-0.1448267,0.04223857,-0.01957031,0.1521246,0.1678418,-0.4517629,-0.3447244,0.8055461,72.67394,0.2832615,-0.7624264,-0.5817808,0.0753078,1.152939,0.2060934,1.173633,0.8974256,-0.2645746,-0.2058624,-0.2867897,213.3317,0.9367763,-0.2761758,-0.2148892,0.09989771,-0.07837109,0.04352532,0.1342238,-0.1565264,-0.1334727,-0.976246,-0.06803235,187.802,-0.1568899,-0.1337826,-0.9785131,-0.3905101,-0.2506954,-0.3357037,0.5727506,0.5955255,0.1833467,0.5470886,0.5589523,112.0333,0.7181929,0.2211128,0.6597789,0.0246922,-0.05293941,0.09390661,0.1105927,-0.6831516,0.08658279,-0.5035321,0.5217883,117.0954,-0.8008106,0.1014949,-0.5902552,-0.1156815,1.202384,-0.048247,1.208899,0.01621689,-0.1202833,-0.2005953,-0.9721268,332.881,0.06916828,-0.5130324,-0.8555789,False,False,False,False
1772879679231,4.847105,0.1627193,1.048768,0.1801411,1.076495,-0.5155777,-0.7048008,0.4196609,0.2476292,151.3255,-0.5321516,-0.7274576,0.4331515,-0.1001515,0.6402932,-0.06011958,0.650861,0.5299592,0.2410335,-0.7593281,0.2906321,146.2084,0.553867,0.2519071,-0.7935833,0.04330258,1.107191,0.2103888,1.127835,0.06509082,1.149023,0.2264427,1.172931,0.07746184,1.148337,0.2386232,1.175423,-0.01617256,0.6592945,0.03456793,0.6603981,-0.004076447,0.6475198,0.0769697,0.6520911,-0.02412966,0.6413001,0.1080205,0.6507815,0.09335597,-0.08079967,0.05783282,0.1363399,0.1235762,-0.07823144,0.01830421,0.1473984,0.1176391,-0.08220721,0.002466843,0.1435377,-0.1156252,0.03944496,-0.03813319,0.1279814,-0.1567612,0.05383214,-0.02457926,0.1675593,-0.1795444,0.04250344,0.002944402,0.1845302,0.09390621,-0.08141384,0.05565552,0.1361768,0.1239139,-0.07959675,0.01797917,0.1483696,0.1175826,-0.08167589,0.002405976,0.1431866,-0.1154012,0.03989178,-0.0371398,0.127625,-0.157025,0.05320246,-0.024409,0.1675803,-0.1791506,0.04299469,0.003327817,0.1842676,0.1017084,-0.08131496,0.04067747,0.1364235,-0.0805293,0.9748767,-0.01938664,0.2067718,156.1335,-0.08230805,0.99641,-0.01981486,-0.1448267,0.04223857,-0.01957031,0.1521246,0.1678418,-0.4517629,-0.3447244,0.8055461,72.67394,0.2832615,-0.7624264,-0.5817808,0.0753078,1.152939,0.2060934,1.173633,0.8974256,-0.2645746,-0.2058624,-0.2867897,213.3317,0.9367763,-0.2761758,-0.2148892,0.09989771,-0.07837109,0.04352532,0.1342238,-0.1565264,-0.1334727,-0.976246,-0.06803235,187.802,-0.1568899,-0.1337826,-0.9785131,-0.3905101,-0.2506954,-0.3357037,0.5727506,0.5955255,0.1833467,0.5470886,0.5589523,112.0333,0.7181929,0.2211128,0.6597789,0.0246922,-0.05293941,0.09390661,0.1105927,-0.6831516,0.08658279,-0.5035321,0.5217883,117.0954,-0.8008106,0.1014949,-0.5902552,-0.1152765,1.20242,-0.04844213,1.208904,0.01598182,-0.1206956,-0.2006704,-0.9720641,332.8503,0.06809011,-0.5142203,-0.8549509,False,False,False,False
1772879679245,4.860064,0.1627193,1.048768,0.1801411,1.076495,-0.5155777,-0.7048008,0.4196609,0.2476292,151.3255,-0.5321516,-0.7274576,0.4331515,-0.1001515,0.6402932,-0.06011958,0.650861,0.5299592,0.2410335,-0.7593281,0.2906321,146.2084,0.553867,0.2519071,-0.7935833,0.04330258,1.107191,0.2103888,1.127835,0.06509082,1.149023,0.2264427,1.172931,0.07746184,1.148337,0.2386232,1.175423,-0.01617256,0.6592945,0.03456793,0.6603981,-0.004076447,0.6475198,0.0769697,0.6520911,-0.02412966,0.6413001,0.1080205,0.6507815,0.09335597,-0.08079967,0.05783282,0.1363399,0.1235762,-0.07823144,0.01830421,0.1473984,0.1176391,-0.08220721,0.002466843,0.1435377,-0.1156252,0.03944496,-0.03813319,0.1279814,-0.1567612,0.05383214,-0.02457926,0.1675593,-0.1795444,0.04250344,0.002944402,0.1845302,0.09390621,-0.08141384,0.05565552,0.1361768,0.1239139,-0.07959675,0.01797917,0.1483696,0.1175826,-0.08167589,0.002405976,0.1431866,-0.1154012,0.03989178,-0.0371398,0.127625,-0.157025,0.05320246,-0.024409,0.1675803,-0.1791506,0.04299469,0.003327817,0.1842676,0.1017084,-0.08131496,0.04067747,0.1364235,-0.0805293,0.9748767,-0.01938664,0.2067718,156.1335,-0.08230805,0.99641,-0.01981486,-0.1448267,0.04223857,-0.01957031,0.1521246,0.1678418,-0.4517629,-0.3447244,0.8055461,72.67394,0.2832615,-0.7624264,-0.5817808,0.0753078,1.152939,0.2060934,1.173633,0.8974256,-0.2645746,-0.2058624,-0.2867897,213.3317,0.9367763,-0.2761758,-0.2148892,0.09989771,-0.07837109,0.04352532,0.1342238,-0.1565264,-0.1334727,-0.976246,-0.06803235,187.802,-0.1568899,-0.1337826,-0.9785131,-0.3905101,-0.2506954,-0.3357037,0.5727506,0.5955255,0.1833467,0.5470886,0.5589523,112.0333,0.7181929,0.2211128,0.6597789,0.0246922,-0.05293941,0.09390661,0.1105927,-0.6831516,0.08658279,-0.5035321,0.5217883,117.0954,-0.8008106,0.1014949,-0.5902552,-0.1149099,1.202444,-0.04864923,1.208901,0.01563903,-0.1211325,-0.2004134,-0.9720684,332.8524,0.06663471,-0.516121,-0.8539207,False,False,False,False
1772879679260,4.874496,0.1627193,1.048768,0.1801411,1.076495,-0.5155777,-0.7048008,0.4196609,0.2476292,151.3255,-0.5321516,-0.7274576,0.4331515,-0.1001515,0.6402932,-0.06011958,0.650861,0.5299592,0.2410335,-0.7593281,0.2906321,146.2084,0.553867,0.2519071,-0.7935833,0.04330258,1.107191,0.2103888,1.127835,0.06509082,1.149023,0.2264427,1.172931,0.07746184,1.148337,0.2386232,1.175423,-0.01617256,0.6592945,0.03456793,0.6603981,-0.004076447,0.6475198,0.0769697,0.6520911,-0.02412966,0.6413001,0.1080205,0.6507815,0.09335597,-0.08079967,0.05783282,0.1363399,0.1235762,-0.07823144,0.01830421,0.1473984,0.1176391,-0.08220721,0.002466843,0.1435377,-0.1156252,0.03944496,-0.03813319,0.1279814,-0.1567612,0.05383214,-0.02457926,0.1675593,-0.1795444,0.04250344,0.002944402,0.1845302,0.09390621,-0.08141384,0.05565552,0.1361768,0.1239139,-0.07959675,0.01797917,0.1483696,0.1175826,-0.08167589,0.002405976,0.1431866,-0.1154012,0.03989178,-0.0371398,0.127625,-0.157025,0.05320246,-0.024409,0.1675803,-0.1791506,0.04299469,0.003327817,0.1842676,0.1017084,-0.08131496,0.04067747,0.1364235,-0.0805293,0.9748767,-0.01938664,0.2067718,156.1335,-0.08230805,0.99641,-0.01981486,-0.1448267,0.04223857,-0.01957031,0.1521246,0.1678418,-0.4517629,-0.3447244,0.8055461,72.67394,0.2832615,-0.7624264,-0.5817808,0.0753078,1.152939,0.2060934,1.173633,0.8974256,-0.2645746,-0.2058624,-0.2867897,213.3317,0.9367763,-0.2761758,-0.2148892,0.09989771,-0.07837109,0.04352532,0.1342238,-0.1565264,-0.1334727,-0.976246,-0.06803235,187.802,-0.1568899,-0.1337826,-0.9785131,-0.3905101,-0.2506954,-0.3357037,0.5727506,0.5955255,0.1833467,0.5470886,0.5589523,112.0333,0.7181929,0.2211128,0.6597789,0.0246922,-0.05293941,0.09390661,0.1105927,-0.6831516,0.08658279,-0.5035321,0.5217883,117.0954,-0.8008106,0.1014949,-0.5902552,-0.11453,1.202474,-0.04896906,1.208908,0.01527072,-0.1218004,-0.1998354,-0.9721097,332.8726,0.06511298,-0.5193458,-0.85208,False,False,False,False
1772879679273,4.888242,0.1627193,1.048768,0.1801411,1.076495,-0.5155777,-0.7048008,0.4196609,0.2476292,151.3255,-0.5321516,-0.7274576,0.4331515,-0.1001515,0.6402932,-0.06011958,0.650861,0.5299592,0.2410335,-0.7593281,0.2906321,146.2084,0.553867,0.2519071,-0.7935833,0.04330258,1.107191,0.2103888,1.127835,0.06509082,1.149023,0.2264427,1.172931,0.07746184,1.148337,0.2386232,1.175423,-0.01617256,0.6592945,0.03456793,0.6603981,-0.004076447,0.6475198,0.0769697,0.6520911,-0.02412966,0.6413001,0.1080205,0.6507815,0.09335597,-0.08079967,0.05783282,0.1363399,0.1235762,-0.07823144,0.01830421,0.1473984,0.1176391,-0.08220721,0.002466843,0.1435377,-0.1156252,0.03944496,-0.03813319,0.1279814,-0.1567612,0.05383214,-0.02457926,0.1675593,-0.1795444,0.04250344,0.002944402,0.1845302,0.09390621,-0.08141384,0.05565552,0.1361768,0.1239139,-0.07959675,0.01797917,0.1483696,0.1175826,-0.08167589,0.002405976,0.1431866,-0.1154012,0.03989178,-0.0371398,0.127625,-0.157025,0.05320246,-0.024409,0.1675803,-0.1791506,0.04299469,0.003327817,0.1842676,0.1017084,-0.08131496,0.04067747,0.1364235,-0.0805293,0.9748767,-0.01938664,0.2067718,156.1335,-0.08230805,0.99641,-0.01981486,-0.1448267,0.04223857,-0.01957031,0.1521246,0.1678418,-0.4517629,-0.3447244,0.8055461,72.67394,0.2832615,-0.7624264,-0.5817808,0.0753078,1.152939,0.2060934,1.173633,0.8974256,-0.2645746,-0.2058624,-0.2867897,213.3317,0.9367763,-0.2761758,-0.2148892,0.09989771,-0.07837109,0.04352532,0.1342238,-0.1565264,-0.1334727,-0.976246,-0.06803235,187.802,-0.1568899,-0.1337826,-0.9785131,-0.3905101,-0.2506954,-0.3357037,0.5727506,0.5955255,0.1833467,0.5470886,0.5589523,112.0333,0.7181929,0.2211128,0.6597789,0.0246922,-0.05293941,0.09390661,0.1105927,-0.6831516,0.08658279,-0.5035321,0.5217883,117.0954,-0.8008106,0.1014949,-0.5902552,-0.114161,1.202504,-0.04929696,1.208917,0.01485932,-0.1227159,-0.1992588,-0.9721193,332.8773,0.06336954,-0.5233384,-0.8497658,False,False,False,False
1772879679288,4.901495,0.1627193,1.048768,0.1801411,1.076495,-0.5155777,-0.7048008,0.4196609,0.2476292,151.3255,-0.5321516,-0.7274576,0.4331515,-0.1001515,0.6402932,-0.06011958,0.650861,0.5299592,0.2410335,-0.7593281,0.2906321,146.2084,0.553867,0.2519071,-0.7935833,0.04330258,1.107191,0.2103888,1.127835,0.06509082,1.149023,0.2264427,1.172931,0.07746184,1.148337,0.2386232,1.175423,-0.01617256,0.6592945,0.03456793,0.6603981,-0.004076447,0.6475198,0.0769697,0.6520911,-0.02412966,0.6413001,0.1080205,0.6507815,0.09335597,-0.08079967,0.05783282,0.1363399,0.1235762,-0.07823144,0.01830421,0.1473984,0.1176391,-0.08220721,0.002466843,0.1435377,-0.1156252,0.03944496,-0.03813319,0.1279814,-0.1567612,0.05383214,-0.02457926,0.1675593,-0.1795444,0.04250344,0.002944402,0.1845302,0.09390621,-0.08141384,0.05565552,0.1361768,0.1239139,-0.07959675,0.01797917,0.1483696,0.1175826,-0.08167589,0.002405976,0.1431866,-0.1154012,0.03989178,-0.0371398,0.127625,-0.157025,0.05320246,-0.024409,0.1675803,-0.1791506,0.04299469,0.003327817,0.1842676,0.1017084,-0.08131496,0.04067747,0.1364235,-0.0805293,0.9748767,-0.01938664,0.2067718,156.1335,-0.08230805,0.99641,-0.01981486,-0.1448267,0.04223857,-0.01957031,0.1521246,0.1678418,-0.4517629,-0.3447244,0.8055461,72.67394,0.2832615,-0.7624264,-0.5817808,0.0753078,1.152939,0.2060934,1.173633,0.8974256,-0.2645746,-0.2058624,-0.2867897,213.3317,0.9367763,-0.2761758,-0.2148892,0.09989771,-0.07837109,0.04352532,0.1342238,-0.1565264,-0.1334727,-0.976246,-0.06803235,187.802,-0.1568899,-0.1337826,-0.9785131,-0.3905101,-0.2506954,-0.3357037,0.5727506,0.5955255,0.1833467,0.5470886,0.5589523,112.0333,0.7181929,0.2211128,0.6597789,0.0246922,-0.05293941,0.09390661,0.1105927,-0.6831516,0.08658279,-0.5035321,0.5217883,117.0954,-0.8008106,0.1014949,-0.5902552,-0.1138831,1.202702,-0.0495633,1.209098,0.01457018,-0.1235853,-0.1988883,-0.9720894,332.8627,0.06210373,-0.5267678,-0.8477385,False,False,False,False
1772879679301,4.916198,0.1627193,1.048768,0.1801411,1.076495,-0.5155777,-0.7048008,0.4196609,0.2476292,151.3255,-0.5321516,-0.7274576,0.4331515,-0.1001515,0.6402932,-0.06011958,0.650861,0.5299592,0.2410335,-0.7593281,0.2906321,146.2084,0.553867,0.2519071,-0.7935833,0.04330258,1.107191,0.2103888,1.127835,0.06509082,1.149023,0.2264427,1.172931,0.07746184,1.148337,0.2386232,1.175423,-0.01617256,0.6592945,0.03456793,0.6603981,-0.004076447,0.6475198,0.0769697,0.6520911,-0.02412966,0.6413001,0.1080205,0.6507815,0.09335597,-0.08079967,0.05783282,0.1363399,0.1235762,-0.07823144,0.01830421,0.1473984,0.1176391,-0.08220721,0.002466843,0.1435377,-0.1156252,0.03944496,-0.03813319,0.1279814,-0.1567612,0.05383214,-0.02457926,0.1675593,-0.1795444,0.04250344,0.002944402,0.1845302,0.09390621,-0.08141384,0.05565552,0.1361768,0.1239139,-0.07959675,0.01797917,0.1483696,0.1175826,-0.08167589,0.002405976,0.1431866,-0.1154012,0.03989178,-0.0371398,0.127625,-0.157025,0.05320246,-0.024409,0.1675803,-0.1791506,0.04299469,0.003327817,0.1842676,0.1017084,-0.08131496,0.04067747,0.1364235,-0.0805293,0.9748767,-0.01938664,0.2067718,156.1335,-0.08230805,0.99641,-0.01981486,-0.1448267,0.04223857,-0.01957031,0.1521246,0.1678418,-0.4517629,-0.3447244,0.8055461,72.67394,0.2832615,-0.7624264,-0.5817808,0.0753078,1.152939,0.2060934,1.173633,0.8974256,-0.2645746,-0.2058624,-0.2867897,213.3317,0.9367763,-0.2761758,-0.2148892,0.09989771,-0.07837109,0.04352532,0.1342238,-0.1565264,-0.1334727,-0.976246,-0.06803235,187.802,-0.1568899,-0.1337826,-0.9785131,-0.3905101,-0.2506954,-0.3357037,0.5727506,0.5955255,0.1833467,0.5470886,0.5589523,112.0333,0.7181929,0.2211128,0.6597789,0.0246922,-0.05293941,0.09390661,0.1105927,-0.6831516,0.08658279,-0.5035321,0.5217883,117.0954,-0.8008106,0.1014949,-0.5902552,-0.1135252,1.202874,-0.04984415,1.209247,0.01482099,-0.1241509,-0.1984887,-0.9720953,332.8655,0.0631792,-0.5292329,-0.8461215,False,False,False,False
1772879679314,4.929282,0.1627193,1.048768,0.1801411,1.076495,-0.5155777,-0.7048008,0.4196609,0.2476292,151.3255,-0.5321516,-0.7274576,0.4331515,-0.1001515,0.6402932,-0.06011958,0.650861,0.5299592,0.2410335,-0.7593281,0.2906321,146.2084,0.553867,0.2519071,-0.7935833,0.04330258,1.107191,0.2103888,1.127835,0.06509082,1.149023,0.2264427,1.172931,0.07746184,1.148337,0.2386232,1.175423,-0.01617256,0.6592945,0.03456793,0.6603981,-0.004076447,0.6475198,0.0769697,0.6520911,-0.02412966,0.6413001,0.1080205,0.6507815,0.09335597,-0.08079967,0.05783282,0.1363399,0.1235762,-0.07823144,0.01830421,0.1473984,0.1176391,-0.08220721,0.002466843,0.1435377,-0.1156252,0.03944496,-0.03813319,0.1279814,-0.1567612,0.05383214,-0.02457926,0.1675593,-0.1795444,0.04250344,0.002944402,0.1845302,0.09390621,-0.08141384,0.05565552,0.1361768,0.1239139,-0.07959675,0.01797917,0.1483696,0.1175826,-0.08167589,0.002405976,0.1431866,-0.1154012,0.03989178,-0.0371398,0.127625,-0.157025,0.05320246,-0.024409,0.1675803,-0.1791506,0.04299469,0.003327817,0.1842676,0.1017084,-0.08131496,0.04067747,0.1364235,-0.0805293,0.9748767,-0.01938664,0.2067718,156.1335,-0.08230805,0.99641,-0.01981486,-0.1448267,0.04223857,-0.01957031,0.1521246,0.1678418,-0.4517629,-0.3447244,0.8055461,72.67394,0.2832615,-0.7624264,-0.5817808,0.0753078,1.152939,0.2060934,1.173633,0.8974256,-0.2645746,-0.2058624,-0.2867897,213.3317,0.9367763,-0.2761758,-0.2148892,0.09989771,-0.07837109,0.04352532,0.1342238,-0.1565264,-0.1334727,-0.976246,-0.06803235,187.802,-0.1568899,-0.1337826,-0.9785131,-0.3905101,-0.2506954,-0.3357037,0.5727506,0.5955255,0.1833467,0.5470886,0.5589523,112.0333,0.7181929,0.2211128,0.6597789,0.0246922,-0.05293941,0.09390661,0.1105927,-0.6831516,0.08658279,-0.5035321,0.5217883,117.0954,-0.8008106,0.1014949,-0.5902552,-0.1133529,1.203086,-0.0501177,1.209453,0.01518847,-0.1245334,-0.1983761,-0.9720636,332.85,0.06470954,-0.5305668,-0.8451694,False,False,False,False
1772879679329,4.943069,0.1627193,1.048768,0.1801411,1.076495,-0.5155777,-0.7048008,0.4196609,0.2476292,151.3255,-0.5321516,-0.7274576,0.4331515,-0.1001515,0.6402932,-0.06011958,0.650861,0.5299592,0.2410335,-0.7593281,0.2906321,146.2084,0.553867,0.2519071,-0.7935833,0.04330258,1.107191,0.2103888,1.127835,0.06509082,1.149023,0.2264427,1.172931,0.07746184,1.148337,0.2386232,1.175423,-0.01617256,0.6592945,0.03456793,0.6603981,-0.004076447,0.6475198,0.0769697,0.6520911,-0.02412966,0.6413001,0.1080205,0.6507815,0.09335597,-0.08079967,0.05783282,0.1363399,0.1235762,-0.07823144,0.01830421,0.1473984,0.1176391,-0.08220721,0.002466843,0.1435377,-0.1156252,0.03944496,-0.03813319,0.1279814,-0.1567612,0.05383214,-0.02457926,0.1675593,-0.1795444,0.04250344,0.002944402,0.1845302,0.09390621,-0.08141384,0.05565552,0.1361768,0.1239139,-0.07959675,0.01797917,0.1483696,0.1175826,-0.08167589,0.002405976,0.1431866,-0.1154012,0.03989178,-0.0371398,0.127625,-0.157025,0.05320246,-0.024409,0.1675803,-0.1791506,0.04299469,0.003327817,0.1842676,0.1017084,-0.08131496,0.04067747,0.1364235,-0.0805293,0.9748767,-0.01938664,0.2067718,156.1335,-0.08230805,0.99641,-0.01981486,-0.1448267,0.04223857,-0.01957031,0.1521246,0.1678418,-0.4517629,-0.3447244,0.8055461,72.67394,0.2832615,-0.7624264,-0.5817808,0.0753078,1.152939,0.2060934,1.173633,0.8974256,-0.2645746,-0.2058624,-0.2867897,213.3317,0.9367763,-0.2761758,-0.2148892,0.09989771,-0.07837109,0.04352532,0.1342238,-0.1565264,-0.1334727,-0.976246,-0.06803235,187.802,-0.1568899,-0.1337826,-0.9785131,-0.3905101,-0.2506954,-0.3357037,0.5727506,0.5955255,0.1833467,0.5470886,0.5589523,112.0333,0.7181929,0.2211128,0.6597789,0.0246922,-0.05293941,0.09390661,0.1105927,-0.6831516,0.08658279,-0.5035321,0.5217883,117.0954,-0.8008106,0.1014949,-0.5902552,-0.1131712,1.203153,-0.05043594,1.209516,0.01589066,-0.1247542,-0.1979462,-0.9721118,332.8736,0.06775878,-0.53196,-0.8440553,False,False,False,False
1772879679342,4.958503,0.1627193,1.048768,0.1801411,1.076495,-0.5155777,-0.7048008,0.4196609,0.2476292,151.3255,-0.5321516,-0.7274576,0.4331515,-0.1001515,0.6402932,-0.06011958,0.650861,0.5299592,0.2410335,-0.7593281,0.2906321,146.2084,0.553867,0.2519071,-0.7935833,0.04330258,1.107191,0.2103888,1.127835,0.06509082,1.149023,0.2264427,1.172931,0.07746184,1.148337,0.2386232,1.175423,-0.01617256,0.6592945,0.03456793,0.6603981,-0.004076447,0.6475198,0.0769697,0.6520911,-0.02412966,0.6413001,0.1080205,0.6507815,0.09335597,-0.08079967,0.05783282,0.1363399,0.1235762,-0.07823144,0.01830421,0.1473984,0.1176391,-0.08220721,0.002466843,0.1435377,-0.1156252,0.03944496,-0.03813319,0.1279814,-0.1567612,0.05383214,-0.02457926,0.1675593,-0.1795444,0.04250344,0.002944402,0.1845302,0.09390621,-0.08141384,0.05565552,0.1361768,0.1239139,-0.07959675,0.01797917,0.1483696,0.1175826,-0.08167589,0.002405976,0.1431866,-0.1154012,0.03989178,-0.0371398,0.127625,-0.157025,0.05320246,-0.024409,0.1675803,-0.1791506,0.04299469,0.003327817,0.1842676,0.1017084,-0.08131496,0.04067747,0.1364235,-0.0805293,0.9748767,-0.01938664,0.2067718,156.1335,-0.08230805,0.99641,-0.01981486,-0.1448267,0.04223857,-0.01957031,0.1521246,0.1678418,-0.4517629,-0.3447244,0.8055461,72.67394,0.2832615,-0.7624264,-0.5817808,0.0753078,1.152939,0.2060934,1.173633,0.8974256,-0.2645746,-0.2058624,-0.2867897,213.3317,0.9367763,-0.2761758,-0.2148892,0.09989771,-0.07837109,0.04352532,0.1342238,-0.1565264,-0.1334727,-0.976246,-0.06803235,187.802,-0.1568899,-0.1337826,-0.9785131,-0.3905101,-0.2506954,-0.3357037,0.5727506,0.5955255,0.1833467,0.5470886,0.5589523,112.0333,0.7181929,0.2211128,0.6597789,0.0246922,-0.05293941,0.09390661,0.1105927,-0.6831516,0.08658279,-0.5035321,0.5217883,117.0954,-0.8008106,0.1014949,-0.5902552,-0.1129791,1.203256,-0.0507828,1.209615,0.01634989,-0.1250721,-0.1973313,-0.9721882,332.9109,0.06981141,-0.5340379,-0.8425731,False,False,False,False
1772879679357,4.971663,0.1627193,1.048768,0.1801411,1.076495,-0.5155777,-0.7048008,0.4196609,0.2476292,151.3255,-0.5321516,-0.7274576,0.4331515,-0.1001515,0.6402932,-0.06011958,0.650861,0.5299592,0.2410335,-0.7593281,0.2906321,146.2084,0.553867,0.2519071,-0.7935833,0.04330258,1.107191,0.2103888,1.127835,0.06509082,1.149023,0.2264427,1.172931,0.07746184,1.148337,0.2386232,1.175423,-0.01617256,0.6592945,0.03456793,0.6603981,-0.004076447,0.6475198,0.0769697,0.6520911,-0.02412966,0.6413001,0.1080205,0.6507815,0.09335597,-0.08079967,0.05783282,0.1363399,0.1235762,-0.07823144,0.01830421,0.1473984,0.1176391,-0.08220721,0.002466843,0.1435377,-0.1156252,0.03944496,-0.03813319,0.1279814,-0.1567612,0.05383214,-0.02457926,0.1675593,-0.1795444,0.04250344,0.002944402,0.1845302,0.09390621,-0.08141384,0.05565552,0.1361768,0.1239139,-0.07959675,0.01797917,0.1483696,0.1175826,-0.08167589,0.002405976,0.1431866,-0.1154012,0.03989178,-0.0371398,0.127625,-0.157025,0.05320246,-0.024409,0.1675803,-0.1791506,0.04299469,0.003327817,0.1842676,0.1017084,-0.08131496,0.04067747,0.1364235,-0.0805293,0.9748767,-0.01938664,0.2067718,156.1335,-0.08230805,0.99641,-0.01981486,-0.1448267,0.04223857,-0.01957031,0.1521246,0.1678418,-0.4517629,-0.3447244,0.8055461,72.67394,0.2832615,-0.7624264,-0.5817808,0.0753078,1.152939,0.2060934,1.173633,0.8974256,-0.2645746,-0.2058624,-0.2867897,213.3317,0.9367763,-0.2761758,-0.2148892,0.09989771,-0.07837109,0.04352532,0.1342238,-0.1565264,-0.1334727,-0.976246,-0.06803235,187.802,-0.1568899,-0.1337826,-0.9785131,-0.3905101,-0.2506954,-0.3357037,0.5727506,0.5955255,0.1833467,0.5470886,0.5589523,112.0333,0.7181929,0.2211128,0.6597789,0.0246922,-0.05293941,0.09390661,0.1105927,-0.6831516,0.08658279,-0.5035321,0.5217883,117.0954,-0.8008106,0.1014949,-0.5902552,-0.112783,1.203413,-0.05112813,1.209768,0.01679992,-0.1251455,-0.1964777,-0.972344,332.9873,0.07193191,-0.5358331,-0.8412547,False,False,False,False
1772879679370,4.985028,0.1627193,1.048768,0.1801411,1.076495,-0.5155777,-0.7048008,0.4196609,0.2476292,151.3255,-0.5321516,-0.7274576,0.4331515,-0.1001515,0.6402932,-0.06011958,0.650861,0.5299592,0.2410335,-0.7593281,0.2906321,146.2084,0.553867,0.2519071,-0.7935833,0.04330258,1.107191,0.2103888,1.127835,0.06509082,1.149023,0.2264427,1.172931,0.07746184,1.148337,0.2386232,1.175423,-0.01617256,0.6592945,0.03456793,0.6603981,-0.004076447,0.6475198,0.0769697,0.6520911,-0.02412966,0.6413001,0.1080205,0.6507815,0.09335597,-0.08079967,0.05783282,0.1363399,0.1235762,-0.07823144,0.01830421,0.1473984,0.1176391,-0.08220721,0.002466843,0.1435377,-0.1156252,0.03944496,-0.03813319,0.1279814,-0.1567612,0.05383214,-0.02457926,0.1675593,-0.1795444,0.04250344,0.002944402,0.1845302,0.09390621,-0.08141384,0.05565552,0.1361768,0.1239139,-0.07959675,0.01797917,0.1483696,0.1175826,-0.08167589,0.002405976,0.1431866,-0.1154012,0.03989178,-0.0371398,0.127625,-0.157025,0.05320246,-0.024409,0.1675803,-0.1791506,0.04299469,0.003327817,0.1842676,0.1017084,-0.08131496,0.04067747,0.1364235,-0.0805293,0.9748767,-0.01938664,0.2067718,156.1335,-0.08230805,0.99641,-0.01981486,-0.1448267,0.04223857,-0.01957031,0.1521246,0.1678418,-0.4517629,-0.3447244,0.8055461,72.67394,0.2832615,-0.7624264,-0.5817808,0.0753078,1.152939,0.2060934,1.173633,0.8974256,-0.2645746,-0.2058624,-0.2867897,213.3317,0.9367763,-0.2761758,-0.2148892,0.09989771,-0.07837109,0.04352532,0.1342238,-0.1565264,-0.1334727,-0.976246,-0.06803235,187.802,-0.1568899,-0.1337826,-0.9785131,-0.3905101,-0.2506954,-0.3357037,0.5727506,0.5955255,0.1833467,0.5470886,0.5589523,112.0333,0.7181929,0.2211128,0.6597789,0.0246922,-0.05293941,0.09390661,0.1105927,-0.6831516,0.08658279,-0.5035321,0.5217883,117.0954,-0.8008106,0.1014949,-0.5902552,-0.1126831,1.203493,-0.05146173,1.209851,0.01706421,-0.124952,-0.1962853,-0.9724032,333.0163,0.07314064,-0.5355694,-0.8413183,False,False,False,False
1772879679383,4.998617,0.1627193,1.048768,0.1801411,1.076495,-0.5155777,-0.7048008,0.4196609,0.2476292,151.3255,-0.5321516,-0.7274576,0.4331515,-0.1001515,0.6402932,-0.06011958,0.650861,0.5299592,0.2410335,-0.7593281,0.2906321,146.2084,0.553867,0.2519071,-0.7935833,0.04330258,1.107191,0.2103888,1.127835,0.06509082,1.149023,0.2264427,1.172931,0.07746184,1.148337,0.2386232,1.175423,-0.01617256,0.6592945,0.03456793,0.6603981,-0.004076447,0.6475198,0.0769697,0.6520911,-0.02412966,0.6413001,0.1080205,0.6507815,0.09335597,-0.08079967,0.05783282,0.1363399,0.1235762,-0.07823144,0.01830421,0.1473984,0.1176391,-0.08220721,0.002466843,0.1435377,-0.1156252,0.03944496,-0.03813319,0.1279814,-0.1567612,0.05383214,-0.02457926,0.1675593,-0.1795444,0.04250344,0.002944402,0.1845302,0.09390621,-0.08141384,0.05565552,0.1361768,0.1239139,-0.07959675,0.01797917,0.1483696,0.1175826,-0.08167589,0.002405976,0.1431866,-0.1154012,0.03989178,-0.0371398,0.127625,-0.157025,0.05320246,-0.024409,0.1675803,-0.1791506,0.04299469,0.003327817,0.1842676,0.1017084,-0.08131496,0.04067747,0.1364235,-0.0805293,0.9748767,-0.01938664,0.2067718,156.1335,-0.08230805,0.99641,-0.01981486,-0.1448267,0.04223857,-0.01957031,0.1521246,0.1678418,-0.4517629,-0.3447244,0.8055461,72.67394,0.2832615,-0.7624264,-0.5817808,0.0753078,1.152939,0.2060934,1.173633,0.8974256,-0.2645746,-0.2058624,-0.2867897,213.3317,0.9367763,-0.2761758,-0.2148892,0.09989771,-0.07837109,0.04352532,0.1342238,-0.1565264,-0.1334727,-0.976246,-0.06803235,187.802,-0.1568899,-0.1337826,-0.9785131,-0.3905101,-0.2506954,-0.3357037,0.5727506,0.5955255,0.1833467,0.5470886,0.5589523,112.0333,0.7181929,0.2211128,0.6597789,0.0246922,-0.05293941,0.09390661,0.1105927,-0.6831516,0.08658279,-0.5035321,0.5217883,117.0954,-0.8008106,0.1014949,-0.5902552,-0.1126635,1.203564,-0.05173003,1.209932,0.01741062,-0.1246195,-0.1956162,-0.9725745,333.1006,0.07485494,-0.5357872,-0.841029,False,False,False,False
1772879679397,5.012463,0.1627193,1.048768,0.1801411,1.076495,-0.5155777,-0.7048008,0.4196609,0.2476292,151.3255,-0.5321516,-0.7274576,0.4331515,-0.1001515,0.6402932,-0.06011958,0.650861,0.5299592,0.2410335,-0.7593281,0.2906321,146.2084,0.553867,0.2519071,-0.7935833,0.04330258,1.107191,0.2103888,1.127835,0.06509082,1.149023,0.2264427,1.172931,0.07746184,1.148337,0.2386232,1.175423,-0.01617256,0.6592945,0.03456793,0.6603981,-0.004076447,0.6475198,0.0769697,0.6520911,-0.02412966,0.6413001,0.1080205,0.6507815,0.09335597,-0.08079967,0.05783282,0.1363399,0.1235762,-0.07823144,0.01830421,0.1473984,0.1176391,-0.08220721,0.002466843,0.1435377,-0.1156252,0.03944496,-0.03813319,0.1279814,-0.1567612,0.05383214,-0.02457926,0.1675593,-0.1795444,0.04250344,0.002944402,0.1845302,0.09390621,-0.08141384,0.05565552,0.1361768,0.1239139,-0.07959675,0.01797917,0.1483696,0.1175826,-0.08167589,0.002405976,0.1431866,-0.1154012,0.03989178,-0.0371398,0.127625,-0.157025,0.05320246,-0.024409,0.1675803,-0.1791506,0.04299469,0.003327817,0.1842676,0.1017084,-0.08131496,0.04067747,0.1364235,-0.0805293,0.9748767,-0.01938664,0.2067718,156.1335,-0.08230805,0.99641,-0.01981486,-0.1448267,0.04223857,-0.01957031,0.1521246,0.1678418,-0.4517629,-0.3447244,0.8055461,72.67394,0.2832615,-0.7624264,-0.5817808,0.0753078,1.152939,0.2060934,1.173633,0.8974256,-0.2645746,-0.2058624,-0.2867897,213.3317,0.9367763,-0.2761758,-0.2148892,0.09989771,-0.07837109,0.04352532,0.1342238,-0.1565264,-0.1334727,-0.976246,-0.06803235,187.802,-0.1568899,-0.1337826,-0.9785131,-0.3905101,-0.2506954,-0.3357037,0.5727506,0.5955255,0.1833467,0.5470886,0.5589523,112.0333,0.7181929,0.2211128,0.6597789,0.0246922,-0.05293941,0.09390661,0.1105927,-0.6831516,0.08658279,-0.5035321,0.5217883,117.0954,-0.8008106,0.1014949,-0.5902552,-0.1127439,1.203678,-0.05200201,1.210065,0.0178398,-0.1244805,-0.1946367,-0.972781,333.2025,0.07698649,-0.5371875,-0.8399421,False,False,False,False
1772879679411,5.026842,0.1627193,1.048768,0.1801411,1.076495,-0.5155777,-0.7048008,0.4196609,0.2476292,151.3255,-0.5321516,-0.7274576,0.4331515,-0.1001515,0.6402932,-0.06011958,0.650861,0.5299592,0.2410335,-0.7593281,0.2906321,146.2084,0.553867,0.2519071,-0.7935833,0.04330258,1.107191,0.2103888,1.127835,0.06509082,1.149023,0.2264427,1.172931,0.07746184,1.148337,0.2386232,1.175423,-0.01617256,0.6592945,0.03456793,0.6603981,-0.004076447,0.6475198,0.0769697,0.6520911,-0.02412966,0.6413001,0.1080205,0.6507815,0.09335597,-0.08079967,0.05783282,0.1363399,0.1235762,-0.07823144,0.01830421,0.1473984,0.1176391,-0.08220721,0.002466843,0.1435377,-0.1156252,0.03944496,-0.03813319,0.1279814,-0.1567612,0.05383214,-0.02457926,0.1675593,-0.1795444,0.04250344,0.002944402,0.1845302,0.09390621,-0.08141384,0.05565552,0.1361768,0.1239139,-0.07959675,0.01797917,0.1483696,0.1175826,-0.08167589,0.002405976,0.1431866,-0.1154012,0.03989178,-0.0371398,0.127625,-0.157025,0.05320246,-0.024409,0.1675803,-0.1791506,0.04299469,0.003327817,0.1842676,0.1017084,-0.08131496,0.04067747,0.1364235,-0.0805293,0.9748767,-0.01938664,0.2067718,156.1335,-0.08230805,0.99641,-0.01981486,-0.1448267,0.04223857,-0.01957031,0.1521246,0.1678418,-0.4517629,-0.3447244,0.8055461,72.67394,0.2832615,-0.7624264,-0.5817808,0.0753078,1.152939,0.2060934,1.173633,0.8974256,-0.2645746,-0.2058624,-0.2867897,213.3317,0.9367763,-0.2761758,-0.2148892,0.09989771,-0.07837109,0.04352532,0.1342238,-0.1565264,-0.1334727,-0.976246,-0.06803235,187.802,-0.1568899,-0.1337826,-0.9785131,-0.3905101,-0.2506954,-0.3357037,0.5727506,0.5955255,0.1833467,0.5470886,0.5589523,112.0333,0.7181929,0.2211128,0.6597789,0.0246922,-0.05293941,0.09390661,0.1105927,-0.6831516,0.08658279,-0.5035321,0.5217883,117.0954,-0.8008106,0.1014949,-0.5902552,-0.1127741,1.20381,-0.05229907,1.210211,0.01818326,-0.1240017,-0.1941745,-0.9729282,333.2754,0.07867872,-0.5365539,-0.8401904,False,False,False,False
1772879679425,5.040077,0.1627193,1.048768,0.1801411,1.076495,-0.5155777,-0.7048008,0.4196609,0.2476292,151.3255,-0.5321516,-0.7274576,0.4331515,-0.1001515,0.6402932,-0.06011958,0.650861,0.5299592,0.2410335,-0.7593281,0.2906321,146.2084,0.553867,0.2519071,-0.7935833,0.04330258,1.107191,0.2103888,1.127835,0.06509082,1.149023,0.2264427,1.172931,0.07746184,1.148337,0.2386232,1.175423,-0.01617256,0.6592945,0.03456793,0.6603981,-0.004076447,0.6475198,0.0769697,0.6520911,-0.02412966,0.6413001,0.1080205,0.6507815,0.09335597,-0.08079967,0.05783282,0.1363399,0.1235762,-0.07823144,0.01830421,0.1473984,0.1176391,-0.08220721,0.002466843,0.1435377,-0.1156252,0.03944496,-0.03813319,0.1279814,-0.1567612,0.05383214,-0.02457926,0.1675593,-0.1795444,0.04250344,0.002944402,0.1845302,0.09390621,-0.08141384,0.05565552,0.1361768,0.1239139,-0.07959675,0.01797917,0.1483696,0.1175826,-0.08167589,0.002405976,0.1431866,-0.1154012,0.03989178,-0.0371398,0.127625,-0.157025,0.05320246,-0.024409,0.1675803,-0.1791506,0.04299469,0.003327817,0.1842676,0.1017084,-0.08131496,0.04067747,0.1364235,-0.0805293,0.9748767,-0.01938664,0.2067718,156.1335,-0.08230805,0.99641,-0.01981486,-0.1448267,0.04223857,-0.01957031,0.1521246,0.1678418,-0.4517629,-0.3447244,0.8055461,72.67394,0.2832615,-0.7624264,-0.5817808,0.0753078,1.152939,0.2060934,1.173633,0.8974256,-0.2645746,-0.2058624,-0.2867897,213.3317,0.9367763,-0.2761758,-0.2148892,0.09989771,-0.07837109,0.04352532,0.1342238,-0.1565264,-0.1334727,-0.976246,-0.06803235,187.802,-0.1568899,-0.1337826,-0.9785131,-0.3905101,-0.2506954,-0.3357037,0.5727506,0.5955255,0.1833467,0.5470886,0.5589523,112.0333,0.7181929,0.2211128,0.6597789,0.0246922,-0.05293941,0.09390661,0.1105927,-0.6831516,0.08658279,-0.5035321,0.5217883,117.0954,-0.8008106,0.1014949,-0.5902552,-0.1128814,1.203948,-0.05248844,1.210367,0.01843935,-0.1234147,-0.1936802,-0.9730965,333.359,0.08003268,-0.5356591,-0.8406342,False,False,False,False
1772879679440,5.053834,0.1627193,1.048768,0.1801411,1.076495,-0.5155777,-0.7048008,0.4196609,0.2476292,151.3255,-0.5321516,-0.7274576,0.4331515,-0.1001515,0.6402932,-0.06011958,0.650861,0.5299592,0.2410335,-0.7593281,0.2906321,146.2084,0.553867,0.2519071,-0.7935833,0.04330258,1.107191,0.2103888,1.127835,0.06509082,1.149023,0.2264427,1.172931,0.07746184,1.148337,0.2386232,1.175423,-0.01617256,0.6592945,0.03456793,0.6603981,-0.004076447,0.6475198,0.0769697,0.6520911,-0.02412966,0.6413001,0.1080205,0.6507815,0.09335597,-0.08079967,0.05783282,0.1363399,0.1235762,-0.07823144,0.01830421,0.1473984,0.1176391,-0.08220721,0.002466843,0.1435377,-0.1156252,0.03944496,-0.03813319,0.1279814,-0.1567612,0.05383214,-0.02457926,0.1675593,-0.1795444,0.04250344,0.002944402,0.1845302,0.09390621,-0.08141384,0.05565552,0.1361768,0.1239139,-0.07959675,0.01797917,0.1483696,0.1175826,-0.08167589,0.002405976,0.1431866,-0.1154012,0.03989178,-0.0371398,0.127625,-0.157025,0.05320246,-0.024409,0.1675803,-0.1791506,0.04299469,0.003327817,0.1842676,0.1017084,-0.08131496,0.04067747,0.1364235,-0.0805293,0.9748767,-0.01938664,0.2067718,156.1335,-0.08230805,0.99641,-0.01981486,-0.1448267,0.04223857,-0.01957031,0.1521246,0.1678418,-0.4517629,-0.3447244,0.8055461,72.67394,0.2832615,-0.7624264,-0.5817808,0.0753078,1.152939,0.2060934,1.173633,0.8974256,-0.2645746,-0.2058624,-0.2867897,213.3317,0.9367763,-0.2761758,-0.2148892,0.09989771,-0.07837109,0.04352532,0.1342238,-0.1565264,-0.1334727,-0.976246,-0.06803235,187.802,-0.1568899,-0.1337826,-0.9785131,-0.3905101,-0.2506954,-0.3357037,0.5727506,0.5955255,0.1833467,0.5470886,0.5589523,112.0333,0.7181929,0.2211128,0.6597789,0.0246922,-0.05293941,0.09390661,0.1105927,-0.6831516,0.08658279,-0.5035321,0.5217883,117.0954,-0.8008106,0.1014949,-0.5902552,-0.1130051,1.204058,-0.05271564,1.210497,0.01870043,-0.1226479,-0.1936357,-0.9731973,333.4092,0.08131619,-0.533317,-0.8419979,False,False,False,False
1772879679453,5.068471,0.1627193,1.048768,0.1801411,1.076495,-0.5155777,-0.7048008,0.4196609,0.2476292,151.3255,-0.5321516,-0.7274576,0.4331515,-0.1001515,0.6402932,-0.06011958,0.650861,0.5299592,0.2410335,-0.7593281,0.2906321,146.2084,0.553867,0.2519071,-0.7935833,0.04330258,1.107191,0.2103888,1.127835,0.06509082,1.149023,0.2264427,1.172931,0.07746184,1.148337,0.2386232,1.175423,-0.01617256,0.6592945,0.03456793,0.6603981,-0.004076447,0.6475198,0.0769697,0.6520911,-0.02412966,0.6413001,0.1080205,0.6507815,0.09335597,-0.08079967,0.05783282,0.1363399,0.1235762,-0.07823144,0.01830421,0.1473984,0.1176391,-0.08220721,0.002466843,0.1435377,-0.1156252,0.03944496,-0.03813319,0.1279814,-0.1567612,0.05383214,-0.02457926,0.1675593,-0.1795444,0.04250344,0.002944402,0.1845302,0.09390621,-0.08141384,0.05565552,0.1361768,0.1239139,-0.07959675,0.01797917,0.1483696,0.1175826,-0.08167589,0.002405976,0.1431866,-0.1154012,0.03989178,-0.0371398,0.127625,-0.157025,0.05320246,-0.024409,0.1675803,-0.1791506,0.04299469,0.003327817,0.1842676,0.1017084,-0.08131496,0.04067747,0.1364235,-0.0805293,0.9748767,-0.01938664,0.2067718,156.1335,-0.08230805,0.99641,-0.01981486,-0.1448267,0.04223857,-0.01957031,0.1521246,0.1678418,-0.4517629,-0.3447244,0.8055461,72.67394,0.2832615,-0.7624264,-0.5817808,0.0753078,1.152939,0.2060934,1.173633,0.8974256,-0.2645746,-0.2058624,-0.2867897,213.3317,0.9367763,-0.2761758,-0.2148892,0.09989771,-0.07837109,0.04352532,0.1342238,-0.1565264,-0.1334727,-0.976246,-0.06803235,187.802,-0.1568899,-0.1337826,-0.9785131,-0.3905101,-0.2506954,-0.3357037,0.5727506,0.5955255,0.1833467,0.5470886,0.5589523,112.0333,0.7181929,0.2211128,0.6597789,0.0246922,-0.05293941,0.09390661,0.1105927,-0.6831516,0.08658279,-0.5035321,0.5217883,117.0954,-0.8008106,0.1014949,-0.5902552,-0.1132036,1.204275,-0.05287483,1.210739,0.01891541,-0.1218311,-0.1931947,-0.9733834,333.502,0.08253413,-0.531589,-0.8429719,False,False,False,False
1772879679466,5.08194,0.1627193,1.048768,0.1801411,1.076495,-0.5155777,-0.7048008,0.4196609,0.2476292,151.3255,-0.5321516,-0.7274576,0.4331515,-0.1001515,0.6402932,-0.06011958,0.650861,0.5299592,0.2410335,-0.7593281,0.2906321,146.2084,0.553867,0.2519071,-0.7935833,0.04330258,1.107191,0.2103888,1.127835,0.06509082,1.149023,0.2264427,1.172931,0.07746184,1.148337,0.2386232,1.175423,-0.01617256,0.6592945,0.03456793,0.6603981,-0.004076447,0.6475198,0.0769697,0.6520911,-0.02412966,0.6413001,0.1080205,0.6507815,0.09335597,-0.08079967,0.05783282,0.1363399,0.1235762,-0.07823144,0.01830421,0.1473984,0.1176391,-0.08220721,0.002466843,0.1435377,-0.1156252,0.03944496,-0.03813319,0.1279814,-0.1567612,0.05383214,-0.02457926,0.1675593,-0.1795444,0.04250344,0.002944402,0.1845302,0.09390621,-0.08141384,0.05565552,0.1361768,0.1239139,-0.07959675,0.01797917,0.1483696,0.1175826,-0.08167589,0.002405976,0.1431866,-0.1154012,0.03989178,-0.0371398,0.127625,-0.157025,0.05320246,-0.024409,0.1675803,-0.1791506,0.04299469,0.003327817,0.1842676,0.1017084,-0.08131496,0.04067747,0.1364235,-0.0805293,0.9748767,-0.01938664,0.2067718,156.1335,-0.08230805,0.99641,-0.01981486,-0.1448267,0.04223857,-0.01957031,0.1521246,0.1678418,-0.4517629,-0.3447244,0.8055461,72.67394,0.2832615,-0.7624264,-0.5817808,0.0753078,1.152939,0.2060934,1.173633,0.8974256,-0.2645746,-0.2058624,-0.2867897,213.3317,0.9367763,-0.2761758,-0.2148892,0.09989771,-0.07837109,0.04352532,0.1342238,-0.1565264,-0.1334727,-0.976246,-0.06803235,187.802,-0.1568899,-0.1337826,-0.9785131,-0.3905101,-0.2506954,-0.3357037,0.5727506,0.5955255,0.1833467,0.5470886,0.5589523,112.0333,0.7181929,0.2211128,0.6597789,0.0246922,-0.05293941,0.09390661,0.1105927,-0.6831516,0.08658279,-0.5035321,0.5217883,117.0954,-0.8008106,0.1014949,-0.5902552,-0.1131329,1.204371,-0.05315175,1.21084,0.01951643,-0.1211369,-0.1929182,-0.973513,333.567,0.08536189,-0.5298344,-0.8437949,False,False,False,False
1772879679480,5.095901,0.1627193,1.048768,0.1801411,1.076495,-0.5155777,-0.7048008,0.4196609,0.2476292,151.3255,-0.5321516,-0.7274576,0.4331515,-0.1001515,0.6402932,-0.06011958,0.650861,0.5299592,0.2410335,-0.7593281,0.2906321,146.2084,0.553867,0.2519071,-0.7935833,0.04330258,1.107191,0.2103888,1.127835,0.06509082,1.149023,0.2264427,1.172931,0.07746184,1.148337,0.2386232,1.175423,-0.01617256,0.6592945,0.03456793,0.6603981,-0.004076447,0.6475198,0.0769697,0.6520911,-0.02412966,0.6413001,0.1080205,0.6507815,0.09335597,-0.08079967,0.05783282,0.1363399,0.1235762,-0.07823144,0.01830421,0.1473984,0.1176391,-0.08220721,0.002466843,0.1435377,-0.1156252,0.03944496,-0.03813319,0.1279814,-0.1567612,0.05383214,-0.02457926,0.1675593,-0.1795444,0.04250344,0.002944402,0.1845302,0.09390621,-0.08141384,0.05565552,0.1361768,0.1239139,-0.07959675,0.01797917,0.1483696,0.1175826,-0.08167589,0.002405976,0.1431866,-0.1154012,0.03989178,-0.0371398,0.127625,-0.157025,0.05320246,-0.024409,0.1675803,-0.1791506,0.04299469,0.003327817,0.1842676,0.1017084,-0.08131496,0.04067747,0.1364235,-0.0805293,0.9748767,-0.01938664,0.2067718,156.1335,-0.08230805,0.99641,-0.01981486,-0.1448267,0.04223857,-0.01957031,0.1521246,0.1678418,-0.4517629,-0.3447244,0.8055461,72.67394,0.2832615,-0.7624264,-0.5817808,0.0753078,1.152939,0.2060934,1.173633,0.8974256,-0.2645746,-0.2058624,-0.2867897,213.3317,0.9367763,-0.2761758,-0.2148892,0.09989771,-0.07837109,0.04352532,0.1342238,-0.1565264,-0.1334727,-0.976246,-0.06803235,187.802,-0.1568899,-0.1337826,-0.9785131,-0.3905101,-0.2506954,-0.3357037,0.5727506,0.5955255,0.1833467,0.5470886,0.5589523,112.0333,0.7181929,0.2211128,0.6597789,0.0246922,-0.05293941,0.09390661,0.1105927,-0.6831516,0.08658279,-0.5035321,0.5217883,117.0954,-0.8008106,0.1014949,-0.5902552,-0.1133748,1.204614,-0.05322956,1.211108,0.01998389,-0.1203662,-0.1929587,-0.9735911,333.6061,0.08753388,-0.5272307,-0.8452021,False,False,False,False
1772879679495,5.109136,0.1627193,1.048768,0.1801411,1.076495,-0.5155777,-0.7048008,0.4196609,0.2476292,151.3255,-0.5321516,-0.7274576,0.4331515,-0.1001515,0.6402932,-0.06011958,0.650861,0.5299592,0.2410335,-0.7593281,0.2906321,146.2084,0.553867,0.2519071,-0.7935833,0.04330258,1.107191,0.2103888,1.127835,0.06509082,1.149023,0.2264427,1.172931,0.07746184,1.148337,0.2386232,1.175423,-0.01617256,0.6592945,0.03456793,0.6603981,-0.004076447,0.6475198,0.0769697,0.6520911,-0.02412966,0.6413001,0.1080205,0.6507815,0.09335597,-0.08079967,0.05783282,0.1363399,0.1235762,-0.07823144,0.01830421,0.1473984,0.1176391,-0.08220721,0.002466843,0.1435377,-0.1156252,0.03944496,-0.03813319,0.1279814,-0.1567612,0.05383214,-0.02457926,0.1675593,-0.1795444,0.04250344,0.002944402,0.1845302,0.09390621,-0.08141384,0.05565552,0.1361768,0.1239139,-0.07959675,0.01797917,0.1483696,0.1175826,-0.08167589,0.002405976,0.1431866,-0.1154012,0.03989178,-0.0371398,0.127625,-0.157025,0.05320246,-0.024409,0.1675803,-0.1791506,0.04299469,0.003327817,0.1842676,0.1017084,-0.08131496,0.04067747,0.1364235,-0.0805293,0.9748767,-0.01938664,0.2067718,156.1335,-0.08230805,0.99641,-0.01981486,-0.1448267,0.04223857,-0.01957031,0.1521246,0.1678418,-0.4517629,-0.3447244,0.8055461,72.67394,0.2832615,-0.7624264,-0.5817808,0.0753078,1.152939,0.2060934,1.173633,0.8974256,-0.2645746,-0.2058624,-0.2867897,213.3317,0.9367763,-0.2761758,-0.2148892,0.09989771,-0.07837109,0.04352532,0.1342238,-0.1565264,-0.1334727,-0.976246,-0.06803235,187.802,-0.1568899,-0.1337826,-0.9785131,-0.3905101,-0.2506954,-0.3357037,0.5727506,0.5955255,0.1833467,0.5470886,0.5589523,112.0333,0.7181929,0.2211128,0.6597789,0.0246922,-0.05293941,0.09390661,0.1105927,-0.6831516,0.08658279,-0.5035321,0.5217883,117.0954,-0.8008106,0.1014949,-0.5902552,-0.1138576,1.204915,-0.05309706,1.211447,0.02087283,-0.1198127,-0.1929313,-0.9736462,333.6338,0.09152181,-0.5253469,-0.8459527,False,False,False,False
1772879679509,5.122944,0.1627193,1.048768,0.1801411,1.076495,-0.5155777,-0.7048008,0.4196609,0.2476292,151.3255,-0.5321516,-0.7274576,0.4331515,-0.1001515,0.6402932,-0.06011958,0.650861,0.5299592,0.2410335,-0.7593281,0.2906321,146.2084,0.553867,0.2519071,-0.7935833,0.04330258,1.107191,0.2103888,1.127835,0.06509082,1.149023,0.2264427,1.172931,0.07746184,1.148337,0.2386232,1.175423,-0.01617256,0.6592945,0.03456793,0.6603981,-0.004076447,0.6475198,0.0769697,0.6520911,-0.02412966,0.6413001,0.1080205,0.6507815,0.09335597,-0.08079967,0.05783282,0.1363399,0.1235762,-0.07823144,0.01830421,0.1473984,0.1176391,-0.08220721,0.002466843,0.1435377,-0.1156252,0.03944496,-0.03813319,0.1279814,-0.1567612,0.05383214,-0.02457926,0.1675593,-0.1795444,0.04250344,0.002944402,0.1845302,0.09390621,-0.08141384,0.05565552,0.1361768,0.1239139,-0.07959675,0.01797917,0.1483696,0.1175826,-0.08167589,0.002405976,0.1431866,-0.1154012,0.03989178,-0.0371398,0.127625,-0.157025,0.05320246,-0.024409,0.1675803,-0.1791506,0.04299469,0.003327817,0.1842676,0.1017084,-0.08131496,0.04067747,0.1364235,-0.0805293,0.9748767,-0.01938664,0.2067718,156.1335,-0.08230805,0.99641,-0.01981486,-0.1448267,0.04223857,-0.01957031,0.1521246,0.1678418,-0.4517629,-0.3447244,0.8055461,72.67394,0.2832615,-0.7624264,-0.5817808,0.0753078,1.152939,0.2060934,1.173633,0.8974256,-0.2645746,-0.2058624,-0.2867897,213.3317,0.9367763,-0.2761758,-0.2148892,0.09989771,-0.07837109,0.04352532,0.1342238,-0.1565264,-0.1334727,-0.976246,-0.06803235,187.802,-0.1568899,-0.1337826,-0.9785131,-0.3905101,-0.2506954,-0.3357037,0.5727506,0.5955255,0.1833467,0.5470886,0.5589523,112.0333,0.7181929,0.2211128,0.6597789,0.0246922,-0.05293941,0.09390661,0.1105927,-0.6831516,0.08658279,-0.5035321,0.5217883,117.0954,-0.8008106,0.1014949,-0.5902552,-0.1141258,1.205091,-0.05310342,1.211648,0.02143202,-0.1190787,-0.1927913,-0.9737518,333.6869,0.0941601,-0.523164,-0.8470151,False,False,False,False
1772879679523,5.137369,0.1627193,1.048768,0.1801411,1.076495,-0.5155777,-0.7048008,0.4196609,0.2476292,151.3255,-0.5321516,-0.7274576,0.4331515,-0.1001515,0.6402932,-0.06011958,0.650861,0.5299592,0.2410335,-0.7593281,0.2906321,146.2084,0.553867,0.2519071,-0.7935833,0.04330258,1.107191,0.2103888,1.127835,0.06509082,1.149023,0.2264427,1.172931,0.07746184,1.148337,0.2386232,1.175423,-0.01617256,0.6592945,0.03456793,0.6603981,-0.004076447,0.6475198,0.0769697,0.6520911,-0.02412966,0.6413001,0.1080205,0.6507815,0.09335597,-0.08079967,0.05783282,0.1363399,0.1235762,-0.07823144,0.01830421,0.1473984,0.1176391,-0.08220721,0.002466843,0.1435377,-0.1156252,0.03944496,-0.03813319,0.1279814,-0.1567612,0.05383214,-0.02457926,0.1675593,-0.1795444,0.04250344,0.002944402,0.1845302,0.09390621,-0.08141384,0.05565552,0.1361768,0.1239139,-0.07959675,0.01797917,0.1483696,0.1175826,-0.08167589,0.002405976,0.1431866,-0.1154012,0.03989178,-0.0371398,0.127625,-0.157025,0.05320246,-0.024409,0.1675803,-0.1791506,0.04299469,0.003327817,0.1842676,0.1017084,-0.08131496,0.04067747,0.1364235,-0.0805293,0.9748767,-0.01938664,0.2067718,156.1335,-0.08230805,0.99641,-0.01981486,-0.1448267,0.04223857,-0.01957031,0.1521246,0.1678418,-0.4517629,-0.3447244,0.8055461,72.67394,0.2832615,-0.7624264,-0.5817808,0.0753078,1.152939,0.2060934,1.173633,0.8974256,-0.2645746,-0.2058624,-0.2867897,213.3317,0.9367763,-0.2761758,-0.2148892,0.09989771,-0.07837109,0.04352532,0.1342238,-0.1565264,-0.1334727,-0.976246,-0.06803235,187.802,-0.1568899,-0.1337826,-0.9785131,-0.3905101,-0.2506954,-0.3357037,0.5727506,0.5955255,0.1833467,0.5470886,0.5589523,112.0333,0.7181929,0.2211128,0.6597789,0.0246922,-0.05293941,0.09390661,0.1105927,-0.6831516,0.08658279,-0.5035321,0.5217883,117.0954,-0.8008106,0.1014949,-0.5902552,-0.1144589,1.205198,-0.05310967,1.211785,0.02181995,-0.1184808,-0.1930929,-0.9737563,333.6892,0.09587261,-0.5205816,-0.8484127,False,False,False,False
1772879679536,5.151812,0.1627193,1.048768,0.1801411,1.076495,-0.5155777,-0.7048008,0.4196609,0.2476292,151.3255,-0.5321516,-0.7274576,0.4331515,-0.1001515,0.6402932,-0.06011958,0.650861,0.5299592,0.2410335,-0.7593281,0.2906321,146.2084,0.553867,0.2519071,-0.7935833,0.04330258,1.107191,0.2103888,1.127835,0.06509082,1.149023,0.2264427,1.172931,0.07746184,1.148337,0.2386232,1.175423,-0.01617256,0.6592945,0.03456793,0.6603981,-0.004076447,0.6475198,0.0769697,0.6520911,-0.02412966,0.6413001,0.1080205,0.6507815,0.09335597,-0.08079967,0.05783282,0.1363399,0.1235762,-0.07823144,0.01830421,0.1473984,0.1176391,-0.08220721,0.002466843,0.1435377,-0.1156252,0.03944496,-0.03813319,0.1279814,-0.1567612,0.05383214,-0.02457926,0.1675593,-0.1795444,0.04250344,0.002944402,0.1845302,0.09390621,-0.08141384,0.05565552,0.1361768,0.1239139,-0.07959675,0.01797917,0.1483696,0.1175826,-0.08167589,0.002405976,0.1431866,-0.1154012,0.03989178,-0.0371398,0.127625,-0.157025,0.05320246,-0.024409,0.1675803,-0.1791506,0.04299469,0.003327817,0.1842676,0.1017084,-0.08131496,0.04067747,0.1364235,-0.0805293,0.9748767,-0.01938664,0.2067718,156.1335,-0.08230805,0.99641,-0.01981486,-0.1448267,0.04223857,-0.01957031,0.1521246,0.1678418,-0.4517629,-0.3447244,0.8055461,72.67394,0.2832615,-0.7624264,-0.5817808,0.0753078,1.152939,0.2060934,1.173633,0.8974256,-0.2645746,-0.2058624,-0.2867897,213.3317,0.9367763,-0.2761758,-0.2148892,0.09989771,-0.07837109,0.04352532,0.1342238,-0.1565264,-0.1334727,-0.976246,-0.06803235,187.802,-0.1568899,-0.1337826,-0.9785131,-0.3905101,-0.2506954,-0.3357037,0.5727506,0.5955255,0.1833467,0.5470886,0.5589523,112.0333,0.7181929,0.2211128,0.6597789,0.0246922,-0.05293941,0.09390661,0.1105927,-0.6831516,0.08658279,-0.5035321,0.5217883,117.0954,-0.8008106,0.1014949,-0.5902552,-0.1146812,1.205254,-0.0530882,1.211861,0.02253404,-0.1175264,-0.1929553,-0.973883,333.753,0.09924681,-0.5176224,-0.8498341,False,False,False,False
1772879679551,5.165692,0.1627193,1.048768,0.1801411,1.076495,-0.5155777,-0.7048008,0.4196609,0.2476292,151.3255,-0.5321516,-0.7274576,0.4331515,-0.1001515,0.6402932,-0.06011958,0.650861,0.5299592,0.2410335,-0.7593281,0.2906321,146.2084,0.553867,0.2519071,-0.7935833,0.04330258,1.107191,0.2103888,1.127835,0.06509082,1.149023,0.2264427,1.172931,0.07746184,1.148337,0.2386232,1.175423,-0.01617256,0.6592945,0.03456793,0.6603981,-0.004076447,0.6475198,0.0769697,0.6520911,-0.02412966,0.6413001,0.1080205,0.6507815,0.09335597,-0.08079967,0.05783282,0.1363399,0.1235762,-0.07823144,0.01830421,0.1473984,0.1176391,-0.08220721,0.002466843,0.1435377,-0.1156252,0.03944496,-0.03813319,0.1279814,-0.1567612,0.05383214,-0.02457926,0.1675593,-0.1795444,0.04250344,0.002944402,0.1845302,0.09390621,-0.08141384,0.05565552,0.1361768,0.1239139,-0.07959675,0.01797917,0.1483696,0.1175826,-0.08167589,0.002405976,0.1431866,-0.1154012,0.03989178,-0.0371398,0.127625,-0.157025,0.05320246,-0.024409,0.1675803,-0.1791506,0.04299469,0.003327817,0.1842676,0.1017084,-0.08131496,0.04067747,0.1364235,-0.0805293,0.9748767,-0.01938664,0.2067718,156.1335,-0.08230805,0.99641,-0.01981486,-0.1448267,0.04223857,-0.01957031,0.1521246,0.1678418,-0.4517629,-0.3447244,0.8055461,72.67394,0.2832615,-0.7624264,-0.5817808,0.0753078,1.152939,0.2060934,1.173633,0.8974256,-0.2645746,-0.2058624,-0.2867897,213.3317,0.9367763,-0.2761758,-0.2148892,0.09989771,-0.07837109,0.04352532,0.1342238,-0.1565264,-0.1334727,-0.976246,-0.06803235,187.802,-0.1568899,-0.1337826,-0.9785131,-0.3905101,-0.2506954,-0.3357037,0.5727506,0.5955255,0.1833467,0.5470886,0.5589523,112.0333,0.7181929,0.2211128,0.6597789,0.0246922,-0.05293941,0.09390661,0.1105927,-0.6831516,0.08658279,-0.5035321,0.5217883,117.0954,-0.8008106,0.1014949,-0.5902552,-0.1149967,1.205339,-0.05303814,1.211973,0.02340175,-0.1167591,-0.1930561,-0.9739348,333.7792,0.1031696,-0.5147471,-0.8511121,False,False,False,False
1772879679564,5.179043,0.1627193,1.048768,0.1801411,1.076495,-0.5155777,-0.7048008,0.4196609,0.2476292,151.3255,-0.5321516,-0.7274576,0.4331515,-0.1001515,0.6402932,-0.06011958,0.650861,0.5299592,0.2410335,-0.7593281,0.2906321,146.2084,0.553867,0.2519071,-0.7935833,0.04330258,1.107191,0.2103888,1.127835,0.06509082,1.149023,0.2264427,1.172931,0.07746184,1.148337,0.2386232,1.175423,-0.01617256,0.6592945,0.03456793,0.6603981,-0.004076447,0.6475198,0.0769697,0.6520911,-0.02412966,0.6413001,0.1080205,0.6507815,0.09335597,-0.08079967,0.05783282,0.1363399,0.1235762,-0.07823144,0.01830421,0.1473984,0.1176391,-0.08220721,0.002466843,0.1435377,-0.1156252,0.03944496,-0.03813319,0.1279814,-0.1567612,0.05383214,-0.02457926,0.1675593,-0.1795444,0.04250344,0.002944402,0.1845302,0.09390621,-0.08141384,0.05565552,0.1361768,0.1239139,-0.07959675,0.01797917,0.1483696,0.1175826,-0.08167589,0.002405976,0.1431866,-0.1154012,0.03989178,-0.0371398,0.127625,-0.157025,0.05320246,-0.024409,0.1675803,-0.1791506,0.04299469,0.003327817,0.1842676,0.1017084,-0.08131496,0.04067747,0.1364235,-0.0805293,0.9748767,-0.01938664,0.2067718,156.1335,-0.08230805,0.99641,-0.01981486,-0.1448267,0.04223857,-0.01957031,0.1521246,0.1678418,-0.4517629,-0.3447244,0.8055461,72.67394,0.2832615,-0.7624264,-0.5817808,0.0753078,1.152939,0.2060934,1.173633,0.8974256,-0.2645746,-0.2058624,-0.2867897,213.3317,0.9367763,-0.2761758,-0.2148892,0.09989771,-0.07837109,0.04352532,0.1342238,-0.1565264,-0.1334727,-0.976246,-0.06803235,187.802,-0.1568899,-0.1337826,-0.9785131,-0.3905101,-0.2506954,-0.3357037,0.5727506,0.5955255,0.1833467,0.5470886,0.5589523,112.0333,0.7181929,0.2211128,0.6597789,0.0246922,-0.05293941,0.09390661,0.1105927,-0.6831516,0.08658279,-0.5035321,0.5217883,117.0954,-0.8008106,0.1014949,-0.5902552,-0.1152314,1.205431,-0.05294384,1.212083,0.02420319,-0.1159071,-0.1934101,-0.9739468,333.7852,0.1067269,-0.5111065,-0.8528653,False,False,False,False
1772879679579,5.192908,0.1627193,1.048768,0.1801411,1.076495,-0.5155777,-0.7048008,0.4196609,0.2476292,151.3255,-0.5321516,-0.7274576,0.4331515,-0.1001515,0.6402932,-0.06011958,0.650861,0.5299592,0.2410335,-0.7593281,0.2906321,146.2084,0.553867,0.2519071,-0.7935833,0.04330258,1.107191,0.2103888,1.127835,0.06509082,1.149023,0.2264427,1.172931,0.07746184,1.148337,0.2386232,1.175423,-0.01617256,0.6592945,0.03456793,0.6603981,-0.004076447,0.6475198,0.0769697,0.6520911,-0.02412966,0.6413001,0.1080205,0.6507815,0.09335597,-0.08079967,0.05783282,0.1363399,0.1235762,-0.07823144,0.01830421,0.1473984,0.1176391,-0.08220721,0.002466843,0.1435377,-0.1156252,0.03944496,-0.03813319,0.1279814,-0.1567612,0.05383214,-0.02457926,0.1675593,-0.1795444,0.04250344,0.002944402,0.1845302,0.09390621,-0.08141384,0.05565552,0.1361768,0.1239139,-0.07959675,0.01797917,0.1483696,0.1175826,-0.08167589,0.002405976,0.1431866,-0.1154012,0.03989178,-0.0371398,0.127625,-0.157025,0.05320246,-0.024409,0.1675803,-0.1791506,0.04299469,0.003327817,0.1842676,0.1017084,-0.08131496,0.04067747,0.1364235,-0.0805293,0.9748767,-0.01938664,0.2067718,156.1335,-0.08230805,0.99641,-0.01981486,-0.1448267,0.04223857,-0.01957031,0.1521246,0.1678418,-0.4517629,-0.3447244,0.8055461,72.67394,0.2832615,-0.7624264,-0.5817808,0.0753078,1.152939,0.2060934,1.173633,0.8974256,-0.2645746,-0.2058624,-0.2867897,213.3317,0.9367763,-0.2761758,-0.2148892,0.09989771,-0.07837109,0.04352532,0.1342238,-0.1565264,-0.1334727,-0.976246,-0.06803235,187.802,-0.1568899,-0.1337826,-0.9785131,-0.3905101,-0.2506954,-0.3357037,0.5727506,0.5955255,0.1833467,0.5470886,0.5589523,112.0333,0.7181929,0.2211128,0.6597789,0.0246922,-0.05293941,0.09390661,0.1105927,-0.6831516,0.08658279,-0.5035321,0.5217883,117.0954,-0.8008106,0.1014949,-0.5902552,-0.1154506,1.205512,-0.05285148,1.212181,0.02487754,-0.1152775,-0.1940568,-0.9738759,333.7495,0.1095536,-0.5076495,-0.854571,False,False,False,False
1772879679592,5.207134,0.1627193,1.048768,0.1801411,1.076495,-0.5155777,-0.7048008,0.4196609,0.2476292,151.3255,-0.5321516,-0.7274576,0.4331515,-0.1001515,0.6402932,-0.06011958,0.650861,0.5299592,0.2410335,-0.7593281,0.2906321,146.2084,0.553867,0.2519071,-0.7935833,0.04330258,1.107191,0.2103888,1.127835,0.06509082,1.149023,0.2264427,1.172931,0.07746184,1.148337,0.2386232,1.175423,-0.01617256,0.6592945,0.03456793,0.6603981,-0.004076447,0.6475198,0.0769697,0.6520911,-0.02412966,0.6413001,0.1080205,0.6507815,0.09335597,-0.08079967,0.05783282,0.1363399,0.1235762,-0.07823144,0.01830421,0.1473984,0.1176391,-0.08220721,0.002466843,0.1435377,-0.1156252,0.03944496,-0.03813319,0.1279814,-0.1567612,0.05383214,-0.02457926,0.1675593,-0.1795444,0.04250344,0.002944402,0.1845302,0.09390621,-0.08141384,0.05565552,0.1361768,0.1239139,-0.07959675,0.01797917,0.1483696,0.1175826,-0.08167589,0.002405976,0.1431866,-0.1154012,0.03989178,-0.0371398,0.127625,-0.157025,0.05320246,-0.024409,0.1675803,-0.1791506,0.04299469,0.003327817,0.1842676,0.1017084,-0.08131496,0.04067747,0.1364235,-0.0805293,0.9748767,-0.01938664,0.2067718,156.1335,-0.08230805,0.99641,-0.01981486,-0.1448267,0.04223857,-0.01957031,0.1521246,0.1678418,-0.4517629,-0.3447244,0.8055461,72.67394,0.2832615,-0.7624264,-0.5817808,0.0753078,1.152939,0.2060934,1.173633,0.8974256,-0.2645746,-0.2058624,-0.2867897,213.3317,0.9367763,-0.2761758,-0.2148892,0.09989771,-0.07837109,0.04352532,0.1342238,-0.1565264,-0.1334727,-0.976246,-0.06803235,187.802,-0.1568899,-0.1337826,-0.9785131,-0.3905101,-0.2506954,-0.3357037,0.5727506,0.5955255,0.1833467,0.5470886,0.5589523,112.0333,0.7181929,0.2211128,0.6597789,0.0246922,-0.05293941,0.09390661,0.1105927,-0.6831516,0.08658279,-0.5035321,0.5217883,117.0954,-0.8008106,0.1014949,-0.5902552,-0.1157116,1.20567,-0.05293942,1.212367,0.0255208,-0.1150135,-0.1943371,-0.9738346,333.7286,0.1122988,-0.5060921,-0.8551383,False,False,False,False
1772879679606,5.220702,0.1627193,1.048768,0.1801411,1.076495,-0.5155777,-0.7048008,0.4196609,0.2476292,151.3255,-0.5321516,-0.7274576,0.4331515,-0.1001515,0.6402932,-0.06011958,0.650861,0.5299592,0.2410335,-0.7593281,0.2906321,146.2084,0.553867,0.2519071,-0.7935833,0.04330258,1.107191,0.2103888,1.127835,0.06509082,1.149023,0.2264427,1.172931,0.07746184,1.148337,0.2386232,1.175423,-0.01617256,0.6592945,0.03456793,0.6603981,-0.004076447,0.6475198,0.0769697,0.6520911,-0.02412966,0.6413001,0.1080205,0.6507815,0.09335597,-0.08079967,0.05783282,0.1363399,0.1235762,-0.07823144,0.01830421,0.1473984,0.1176391,-0.08220721,0.002466843,0.1435377,-0.1156252,0.03944496,-0.03813319,0.1279814,-0.1567612,0.05383214,-0.02457926,0.1675593,-0.1795444,0.04250344,0.002944402,0.1845302,0.09390621,-0.08141384,0.05565552,0.1361768,0.1239139,-0.07959675,0.01797917,0.1483696,0.1175826,-0.08167589,0.002405976,0.1431866,-0.1154012,0.03989178,-0.0371398,0.127625,-0.157025,0.05320246,-0.024409,0.1675803,-0.1791506,0.04299469,0.003327817,0.1842676,0.1017084,-0.08131496,0.04067747,0.1364235,-0.0805293,0.9748767,-0.01938664,0.2067718,156.1335,-0.08230805,0.99641,-0.01981486,-0.1448267,0.04223857,-0.01957031,0.1521246,0.1678418,-0.4517629,-0.3447244,0.8055461,72.67394,0.2832615,-0.7624264,-0.5817808,0.0753078,1.152939,0.2060934,1.173633,0.8974256,-0.2645746,-0.2058624,-0.2867897,213.3317,0.9367763,-0.2761758,-0.2148892,0.09989771,-0.07837109,0.04352532,0.1342238,-0.1565264,-0.1334727,-0.976246,-0.06803235,187.802,-0.1568899,-0.1337826,-0.9785131,-0.3905101,-0.2506954,-0.3357037,0.5727506,0.5955255,0.1833467,0.5470886,0.5589523,112.0333,0.7181929,0.2211128,0.6597789,0.0246922,-0.05293941,0.09390661,0.1105927,-0.6831516,0.08658279,-0.5035321,0.5217883,117.0954,-0.8008106,0.1014949,-0.5902552,-0.1158994,1.205683,-0.05286166,1.212393,0.02585928,-0.1149592,-0.1945834,-0.9737828,333.7025,0.1136774,-0.5053605,-0.8553886,False,False,False,False
1772879679621,5.234703,0.1627193,1.048768,0.1801411,1.076495,-0.5155777,-0.7048008,0.4196609,0.2476292,151.3255,-0.5321516,-0.7274576,0.4331515,-0.1001515,0.6402932,-0.06011958,0.650861,0.5299592,0.2410335,-0.7593281,0.2906321,146.2084,0.553867,0.2519071,-0.7935833,0.04330258,1.107191,0.2103888,1.127835,0.06509082,1.149023,0.2264427,1.172931,0.07746184,1.148337,0.2386232,1.175423,-0.01617256,0.6592945,0.03456793,0.6603981,-0.004076447,0.6475198,0.0769697,0.6520911,-0.02412966,0.6413001,0.1080205,0.6507815,0.09335597,-0.08079967,0.05783282,0.1363399,0.1235762,-0.07823144,0.01830421,0.1473984,0.1176391,-0.08220721,0.002466843,0.1435377,-0.1156252,0.03944496,-0.03813319,0.1279814,-0.1567612,0.05383214,-0.02457926,0.1675593,-0.1795444,0.04250344,0.002944402,0.1845302,0.09390621,-0.08141384,0.05565552,0.1361768,0.1239139,-0.07959675,0.01797917,0.1483696,0.1175826,-0.08167589,0.002405976,0.1431866,-0.1154012,0.03989178,-0.0371398,0.127625,-0.157025,0.05320246,-0.024409,0.1675803,-0.1791506,0.04299469,0.003327817,0.1842676,0.1017084,-0.08131496,0.04067747,0.1364235,-0.0805293,0.9748767,-0.01938664,0.2067718,156.1335,-0.08230805,0.99641,-0.01981486,-0.1448267,0.04223857,-0.01957031,0.1521246,0.1678418,-0.4517629,-0.3447244,0.8055461,72.67394,0.2832615,-0.7624264,-0.5817808,0.0753078,1.152939,0.2060934,1.173633,0.8974256,-0.2645746,-0.2058624,-0.2867897,213.3317,0.9367763,-0.2761758,-0.2148892,0.09989771,-0.07837109,0.04352532,0.1342238,-0.1565264,-0.1334727,-0.976246,-0.06803235,187.802,-0.1568899,-0.1337826,-0.9785131,-0.3905101,-0.2506954,-0.3357037,0.5727506,0.5955255,0.1833467,0.5470886,0.5589523,112.0333,0.7181929,0.2211128,0.6597789,0.0246922,-0.05293941,0.09390661,0.1105927,-0.6831516,0.08658279,-0.5035321,0.5217883,117.0954,-0.8008106,0.1014949,-0.5902552,-0.1160451,1.205607,-0.0527406,1.212327,0.02529543,-0.115409,-0.194998,-0.9736615,333.6415,0.1109456,-0.5061834,-0.8552603,False,False,False,False
1772879679634,5.249127,0.1627193,1.048768,0.1801411,1.076495,-0.5155777,-0.7048008,0.4196609,0.2476292,151.3255,-0.5321516,-0.7274576,0.4331515,-0.1001515,0.6402932,-0.06011958,0.650861,0.5299592,0.2410335,-0.7593281,0.2906321,146.2084,0.553867,0.2519071,-0.7935833,0.04330258,1.107191,0.2103888,1.127835,0.06509082,1.149023,0.2264427,1.172931,0.07746184,1.148337,0.2386232,1.175423,-0.01617256,0.6592945,0.03456793,0.6603981,-0.004076447,0.6475198,0.0769697,0.6520911,-0.02412966,0.6413001,0.1080205,0.6507815,0.09335597,-0.08079967,0.05783282,0.1363399,0.1235762,-0.07823144,0.01830421,0.1473984,0.1176391,-0.08220721,0.002466843,0.1435377,-0.1156252,0.03944496,-0.03813319,0.1279814,-0.1567612,0.05383214,-0.02457926,0.1675593,-0.1795444,0.04250344,0.002944402,0.1845302,0.09390621,-0.08141384,0.05565552,0.1361768,0.1239139,-0.07959675,0.01797917,0.1483696,0.1175826,-0.08167589,0.002405976,0.1431866,-0.1154012,0.03989178,-0.0371398,0.127625,-0.157025,0.05320246,-0.024409,0.1675803,-0.1791506,0.04299469,0.003327817,0.1842676,0.1017084,-0.08131496,0.04067747,0.1364235,-0.0805293,0.9748767,-0.01938664,0.2067718,156.1335,-0.08230805,0.99641,-0.01981486,-0.1448267,0.04223857,-0.01957031,0.1521246,0.1678418,-0.4517629,-0.3447244,0.8055461,72.67394,0.2832615,-0.7624264,-0.5817808,0.0753078,1.152939,0.2060934,1.173633,0.8974256,-0.2645746,-0.2058624,-0.2867897,213.3317,0.9367763,-0.2761758,-0.2148892,0.09989771,-0.07837109,0.04352532,0.1342238,-0.1565264,-0.1334727,-0.976246,-0.06803235,187.802,-0.1568899,-0.1337826,-0.9785131,-0.3905101,-0.2506954,-0.3357037,0.5727506,0.5955255,0.1833467,0.5470886,0.5589523,112.0333,0.7181929,0.2211128,0.6597789,0.0246922,-0.05293941,0.09390661,0.1105927,-0.6831516,0.08658279,-0.5035321,0.5217883,117.0954,-0.8008106,0.1014949,-0.5902552,-0.1161429,1.205525,-0.05263454,1.21225,0.0249896,-0.1160383,-0.1954628,-0.9735014,333.5612,0.1092771,-0.5074241,-0.8547398,False,False,False,False
1772879679648,5.262779,0.1627193,1.048768,0.1801411,1.076495,-0.5155777,-0.7048008,0.4196609,0.2476292,151.3255,-0.5321516,-0.7274576,0.4331515,-0.1001515,0.6402932,-0.06011958,0.650861,0.5299592,0.2410335,-0.7593281,0.2906321,146.2084,0.553867,0.2519071,-0.7935833,0.04330258,1.107191,0.2103888,1.127835,0.06509082,1.149023,0.2264427,1.172931,0.07746184,1.148337,0.2386232,1.175423,-0.01617256,0.6592945,0.03456793,0.6603981,-0.004076447,0.6475198,0.0769697,0.6520911,-0.02412966,0.6413001,0.1080205,0.6507815,0.09335597,-0.08079967,0.05783282,0.1363399,0.1235762,-0.07823144,0.01830421,0.1473984,0.1176391,-0.08220721,0.002466843,0.1435377,-0.1156252,0.03944496,-0.03813319,0.1279814,-0.1567612,0.05383214,-0.02457926,0.1675593,-0.1795444,0.04250344,0.002944402,0.1845302,0.09390621,-0.08141384,0.05565552,0.1361768,0.1239139,-0.07959675,0.01797917,0.1483696,0.1175826,-0.08167589,0.002405976,0.1431866,-0.1154012,0.03989178,-0.0371398,0.127625,-0.157025,0.05320246,-0.024409,0.1675803,-0.1791506,0.04299469,0.003327817,0.1842676,0.1017084,-0.08131496,0.04067747,0.1364235,-0.0805293,0.9748767,-0.01938664,0.2067718,156.1335,-0.08230805,0.99641,-0.01981486,-0.1448267,0.04223857,-0.01957031,0.1521246,0.1678418,-0.4517629,-0.3447244,0.8055461,72.67394,0.2832615,-0.7624264,-0.5817808,0.0753078,1.152939,0.2060934,1.173633,0.8974256,-0.2645746,-0.2058624,-0.2867897,213.3317,0.9367763,-0.2761758,-0.2148892,0.09989771,-0.07837109,0.04352532,0.1342238,-0.1565264,-0.1334727,-0.976246,-0.06803235,187.802,-0.1568899,-0.1337826,-0.9785131,-0.3905101,-0.2506954,-0.3357037,0.5727506,0.5955255,0.1833467,0.5470886,0.5589523,112.0333,0.7181929,0.2211128,0.6597789,0.0246922,-0.05293941,0.09390661,0.1105927,-0.6831516,0.08658279,-0.5035321,0.5217883,117.0954,-0.8008106,0.1014949,-0.5902552,-0.1161935,1.205448,-0.05254502,1.212174,0.02432046,-0.117111,-0.196269,-0.9732277,333.4243,0.1058133,-0.5095258,-0.8539255,False,False,False,False
1772879679662,5.276824,0.1627193,1.048768,0.1801411,1.076495,-0.5155777,-0.7048008,0.4196609,0.2476292,151.3255,-0.5321516,-0.7274576,0.4331515,-0.1001515,0.6402932,-0.06011958,0.650861,0.5299592,0.2410335,-0.7593281,0.2906321,146.2084,0.553867,0.2519071,-0.7935833,0.04330258,1.107191,0.2103888,1.127835,0.06509082,1.149023,0.2264427,1.172931,0.07746184,1.148337,0.2386232,1.175423,-0.01617256,0.6592945,0.03456793,0.6603981,-0.004076447,0.6475198,0.0769697,0.6520911,-0.02412966,0.6413001,0.1080205,0.6507815,0.09335597,-0.08079967,0.05783282,0.1363399,0.1235762,-0.07823144,0.01830421,0.1473984,0.1176391,-0.08220721,0.002466843,0.1435377,-0.1156252,0.03944496,-0.03813319,0.1279814,-0.1567612,0.05383214,-0.02457926,0.1675593,-0.1795444,0.04250344,0.002944402,0.1845302,0.09390621,-0.08141384,0.05565552,0.1361768,0.1239139,-0.07959675,0.01797917,0.1483696,0.1175826,-0.08167589,0.002405976,0.1431866,-0.1154012,0.03989178,-0.0371398,0.127625,-0.157025,0.05320246,-0.024409,0.1675803,-0.1791506,0.04299469,0.003327817,0.1842676,0.1017084,-0.08131496,0.04067747,0.1364235,-0.0805293,0.9748767,-0.01938664,0.2067718,156.1335,-0.08230805,0.99641,-0.01981486,-0.1448267,0.04223857,-0.01957031,0.1521246,0.1678418,-0.4517629,-0.3447244,0.8055461,72.67394,0.2832615,-0.7624264,-0.5817808,0.0753078,1.152939,0.2060934,1.173633,0.8974256,-0.2645746,-0.2058624,-0.2867897,213.3317,0.9367763,-0.2761758,-0.2148892,0.09989771,-0.07837109,0.04352532,0.1342238,-0.1565264,-0.1334727,-0.976246,-0.06803235,187.802,-0.1568899,-0.1337826,-0.9785131,-0.3905101,-0.2506954,-0.3357037,0.5727506,0.5955255,0.1833467,0.5470886,0.5589523,112.0333,0.7181929,0.2211128,0.6597789,0.0246922,-0.05293941,0.09390661,0.1105927,-0.6831516,0.08658279,-0.5035321,0.5217883,117.0954,-0.8008106,0.1014949,-0.5902552,-0.1161971,1.205368,-0.0524669,1.212092,0.02399778,-0.1181437,-0.1969825,-0.9729666,333.2945,0.1039108,-0.5115647,-0.8529382,False,False,False,False
1772879679675,5.29087,0.1627193,1.048768,0.1801411,1.076495,-0.5155777,-0.7048008,0.4196609,0.2476292,151.3255,-0.5321516,-0.7274576,0.4331515,-0.1001515,0.6402932,-0.06011958,0.650861,0.5299592,0.2410335,-0.7593281,0.2906321,146.2084,0.553867,0.2519071,-0.7935833,0.04330258,1.107191,0.2103888,1.127835,0.06509082,1.149023,0.2264427,1.172931,0.07746184,1.148337,0.2386232,1.175423,-0.01617256,0.6592945,0.03456793,0.6603981,-0.004076447,0.6475198,0.0769697,0.6520911,-0.02412966,0.6413001,0.1080205,0.6507815,0.09335597,-0.08079967,0.05783282,0.1363399,0.1235762,-0.07823144,0.01830421,0.1473984,0.1176391,-0.08220721,0.002466843,0.1435377,-0.1156252,0.03944496,-0.03813319,0.1279814,-0.1567612,0.05383214,-0.02457926,0.1675593,-0.1795444,0.04250344,0.002944402,0.1845302,0.09390621,-0.08141384,0.05565552,0.1361768,0.1239139,-0.07959675,0.01797917,0.1483696,0.1175826,-0.08167589,0.002405976,0.1431866,-0.1154012,0.03989178,-0.0371398,0.127625,-0.157025,0.05320246,-0.024409,0.1675803,-0.1791506,0.04299469,0.003327817,0.1842676,0.1017084,-0.08131496,0.04067747,0.1364235,-0.0805293,0.9748767,-0.01938664,0.2067718,156.1335,-0.08230805,0.99641,-0.01981486,-0.1448267,0.04223857,-0.01957031,0.1521246,0.1678418,-0.4517629,-0.3447244,0.8055461,72.67394,0.2832615,-0.7624264,-0.5817808,0.0753078,1.152939,0.2060934,1.173633,0.8974256,-0.2645746,-0.2058624,-0.2867897,213.3317,0.9367763,-0.2761758,-0.2148892,0.09989771,-0.07837109,0.04352532,0.1342238,-0.1565264,-0.1334727,-0.976246,-0.06803235,187.802,-0.1568899,-0.1337826,-0.9785131,-0.3905101,-0.2506954,-0.3357037,0.5727506,0.5955255,0.1833467,0.5470886,0.5589523,112.0333,0.7181929,0.2211128,0.6597789,0.0246922,-0.05293941,0.09390661,0.1105927,-0.6831516,0.08658279,-0.5035321,0.5217883,117.0954,-0.8008106,0.1014949,-0.5902552,-0.1161804,1.205335,-0.05238163,1.212054,0.02388362,-0.1190906,-0.1976976,-0.9727089,333.1669,0.1029339,-0.5132583,-0.8520394,False,False,False,False
1772879679690,5.304217,0.1627193,1.048768,0.1801411,1.076495,-0.5155777,-0.7048008,0.4196609,0.2476292,151.3255,-0.5321516,-0.7274576,0.4331515,-0.1001515,0.6402932,-0.06011958,0.650861,0.5299592,0.2410335,-0.7593281,0.2906321,146.2084,0.553867,0.2519071,-0.7935833,0.04330258,1.107191,0.2103888,1.127835,0.06509082,1.149023,0.2264427,1.172931,0.07746184,1.148337,0.2386232,1.175423,-0.01617256,0.6592945,0.03456793,0.6603981,-0.004076447,0.6475198,0.0769697,0.6520911,-0.02412966,0.6413001,0.1080205,0.6507815,0.09335597,-0.08079967,0.05783282,0.1363399,0.1235762,-0.07823144,0.01830421,0.1473984,0.1176391,-0.08220721,0.002466843,0.1435377,-0.1156252,0.03944496,-0.03813319,0.1279814,-0.1567612,0.05383214,-0.02457926,0.1675593,-0.1795444,0.04250344,0.002944402,0.1845302,0.09390621,-0.08141384,0.05565552,0.1361768,0.1239139,-0.07959675,0.01797917,0.1483696,0.1175826,-0.08167589,0.002405976,0.1431866,-0.1154012,0.03989178,-0.0371398,0.127625,-0.157025,0.05320246,-0.024409,0.1675803,-0.1791506,0.04299469,0.003327817,0.1842676,0.1017084,-0.08131496,0.04067747,0.1364235,-0.0805293,0.9748767,-0.01938664,0.2067718,156.1335,-0.08230805,0.99641,-0.01981486,-0.1448267,0.04223857,-0.01957031,0.1521246,0.1678418,-0.4517629,-0.3447244,0.8055461,72.67394,0.2832615,-0.7624264,-0.5817808,0.0753078,1.152939,0.2060934,1.173633,0.8974256,-0.2645746,-0.2058624,-0.2867897,213.3317,0.9367763,-0.2761758,-0.2148892,0.09989771,-0.07837109,0.04352532,0.1342238,-0.1565264,-0.1334727,-0.976246,-0.06803235,187.802,-0.1568899,-0.1337826,-0.9785131,-0.3905101,-0.2506954,-0.3357037,0.5727506,0.5955255,0.1833467,0.5470886,0.5589523,112.0333,0.7181929,0.2211128,0.6597789,0.0246922,-0.05293941,0.09390661,0.1105927,-0.6831516,0.08658279,-0.5035321,0.5217883,117.0954,-0.8008106,0.1014949,-0.5902552,-0.1161491,1.20539,-0.05226068,1.2121,0.02399128,-0.1197478,-0.1983646,-0.9724898,333.0589,0.1029909,-0.5140591,-0.8515491,False,False,False,False
1772879679704,5.318648,0.1627193,1.048768,0.1801411,1.076495,-0.5155777,-0.7048008,0.4196609,0.2476292,151.3255,-0.5321516,-0.7274576,0.4331515,-0.1001515,0.6402932,-0.06011958,0.650861,0.5299592,0.2410335,-0.7593281,0.2906321,146.2084,0.553867,0.2519071,-0.7935833,0.04330258,1.107191,0.2103888,1.127835,0.06509082,1.149023,0.2264427,1.172931,0.07746184,1.148337,0.2386232,1.175423,-0.01617256,0.6592945,0.03456793,0.6603981,-0.004076447,0.6475198,0.0769697,0.6520911,-0.02412966,0.6413001,0.1080205,0.6507815,0.09335597,-0.08079967,0.05783282,0.1363399,0.1235762,-0.07823144,0.01830421,0.1473984,0.1176391,-0.08220721,0.002466843,0.1435377,-0.1156252,0.03944496,-0.03813319,0.1279814,-0.1567612,0.05383214,-0.02457926,0.1675593,-0.1795444,0.04250344,0.002944402,0.1845302,0.09390621,-0.08141384,0.05565552,0.1361768,0.1239139,-0.07959675,0.01797917,0.1483696,0.1175826,-0.08167589,0.002405976,0.1431866,-0.1154012,0.03989178,-0.0371398,0.127625,-0.157025,0.05320246,-0.024409,0.1675803,-0.1791506,0.04299469,0.003327817,0.1842676,0.1017084,-0.08131496,0.04067747,0.1364235,-0.0805293,0.9748767,-0.01938664,0.2067718,156.1335,-0.08230805,0.99641,-0.01981486,-0.1448267,0.04223857,-0.01957031,0.1521246,0.1678418,-0.4517629,-0.3447244,0.8055461,72.67394,0.2832615,-0.7624264,-0.5817808,0.0753078,1.152939,0.2060934,1.173633,0.8974256,-0.2645746,-0.2058624,-0.2867897,213.3317,0.9367763,-0.2761758,-0.2148892,0.09989771,-0.07837109,0.04352532,0.1342238,-0.1565264,-0.1334727,-0.976246,-0.06803235,187.802,-0.1568899,-0.1337826,-0.9785131,-0.3905101,-0.2506954,-0.3357037,0.5727506,0.5955255,0.1833467,0.5470886,0.5589523,112.0333,0.7181929,0.2211128,0.6597789,0.0246922,-0.05293941,0.09390661,0.1105927,-0.6831516,0.08658279,-0.5035321,0.5217883,117.0954,-0.8008106,0.1014949,-0.5902552,-0.1161006,1.205497,-0.05214814,1.212197,0.02405986,-0.1205432,-0.1988008,-0.9723008,332.9661,0.1029372,-0.5157298,-0.8505457,False,False,False,False
1772879679718,5.332242,0.1627193,1.048768,0.1801411,1.076495,-0.5155777,-0.7048008,0.4196609,0.2476292,151.3255,-0.5321516,-0.7274576,0.4331515,-0.1001515,0.6402932,-0.06011958,0.650861,0.5299592,0.2410335,-0.7593281,0.2906321,146.2084,0.553867,0.2519071,-0.7935833,0.04330258,1.107191,0.2103888,1.127835,0.06509082,1.149023,0.2264427,1.172931,0.07746184,1.148337,0.2386232,1.175423,-0.01617256,0.6592945,0.03456793,0.6603981,-0.004076447,0.6475198,0.0769697,0.6520911,-0.02412966,0.6413001,0.1080205,0.6507815,0.09335597,-0.08079967,0.05783282,0.1363399,0.1235762,-0.07823144,0.01830421,0.1473984,0.1176391,-0.08220721,0.002466843,0.1435377,-0.1156252,0.03944496,-0.03813319,0.1279814,-0.1567612,0.05383214,-0.02457926,0.1675593,-0.1795444,0.04250344,0.002944402,0.1845302,0.09390621,-0.08141384,0.05565552,0.1361768,0.1239139,-0.07959675,0.01797917,0.1483696,0.1175826,-0.08167589,0.002405976,0.1431866,-0.1154012,0.03989178,-0.0371398,0.127625,-0.157025,0.05320246,-0.024409,0.1675803,-0.1791506,0.04299469,0.003327817,0.1842676,0.1017084,-0.08131496,0.04067747,0.1364235,-0.0805293,0.9748767,-0.01938664,0.2067718,156.1335,-0.08230805,0.99641,-0.01981486,-0.1448267,0.04223857,-0.01957031,0.1521246,0.1678418,-0.4517629,-0.3447244,0.8055461,72.67394,0.2832615,-0.7624264,-0.5817808,0.0753078,1.152939,0.2060934,1.173633,0.8974256,-0.2645746,-0.2058624,-0.2867897,213.3317,0.9367763,-0.2761758,-0.2148892,0.09989771,-0.07837109,0.04352532,0.1342238,-0.1565264,-0.1334727,-0.976246,-0.06803235,187.802,-0.1568899,-0.1337826,-0.9785131,-0.3905101,-0.2506954,-0.3357037,0.5727506,0.5955255,0.1833467,0.5470886,0.5589523,112.0333,0.7181929,0.2211128,0.6597789,0.0246922,-0.05293941,0.09390661,0.1105927,-0.6831516,0.08658279,-0.5035321,0.5217883,117.0954,-0.8008106,0.1014949,-0.5902552,-0.1160268,1.205574,-0.05211415,1.212265,0.02416961,-0.1216109,-0.1991347,-0.9720967,332.8662,0.1030333,-0.5184187,-0.8488969,False,False,False,False
1772879679731,5.346551,0.1627193,1.048768,0.1801411,1.076495,-0.5155777,-0.7048008,0.4196609,0.2476292,151.3255,-0.5321516,-0.7274576,0.4331515,-0.1001515,0.6402932,-0.06011958,0.650861,0.5299592,0.2410335,-0.7593281,0.2906321,146.2084,0.553867,0.2519071,-0.7935833,0.04330258,1.107191,0.2103888,1.127835,0.06509082,1.149023,0.2264427,1.172931,0.07746184,1.148337,0.2386232,1.175423,-0.01617256,0.6592945,0.03456793,0.6603981,-0.004076447,0.6475198,0.0769697,0.6520911,-0.02412966,0.6413001,0.1080205,0.6507815,0.09335597,-0.08079967,0.05783282,0.1363399,0.1235762,-0.07823144,0.01830421,0.1473984,0.1176391,-0.08220721,0.002466843,0.1435377,-0.1156252,0.03944496,-0.03813319,0.1279814,-0.1567612,0.05383214,-0.02457926,0.1675593,-0.1795444,0.04250344,0.002944402,0.1845302,0.09390621,-0.08141384,0.05565552,0.1361768,0.1239139,-0.07959675,0.01797917,0.1483696,0.1175826,-0.08167589,0.002405976,0.1431866,-0.1154012,0.03989178,-0.0371398,0.127625,-0.157025,0.05320246,-0.024409,0.1675803,-0.1791506,0.04299469,0.003327817,0.1842676,0.1017084,-0.08131496,0.04067747,0.1364235,-0.0805293,0.9748767,-0.01938664,0.2067718,156.1335,-0.08230805,0.99641,-0.01981486,-0.1448267,0.04223857,-0.01957031,0.1521246,0.1678418,-0.4517629,-0.3447244,0.8055461,72.67394,0.2832615,-0.7624264,-0.5817808,0.0753078,1.152939,0.2060934,1.173633,0.8974256,-0.2645746,-0.2058624,-0.2867897,213.3317,0.9367763,-0.2761758,-0.2148892,0.09989771,-0.07837109,0.04352532,0.1342238,-0.1565264,-0.1334727,-0.976246,-0.06803235,187.802,-0.1568899,-0.1337826,-0.9785131,-0.3905101,-0.2506954,-0.3357037,0.5727506,0.5955255,0.1833467,0.5470886,0.5589523,112.0333,0.7181929,0.2211128,0.6597789,0.0246922,-0.05293941,0.09390661,0.1105927,-0.6831516,0.08658279,-0.5035321,0.5217883,117.0954,-0.8008106,0.1014949,-0.5902552,-0.1158905,1.205605,-0.05216104,1.212285,0.02424535,-0.1227638,-0.1994807,-0.9718789,332.76,0.1029609,-0.521332,-0.84712,False,False,False,False
1772879679744,5.359447,0.1627193,1.048768,0.1801411,1.076495,-0.5155777,-0.7048008,0.4196609,0.2476292,151.3255,-0.5321516,-0.7274576,0.4331515,-0.1001515,0.6402932,-0.06011958,0.650861,0.5299592,0.2410335,-0.7593281,0.2906321,146.2084,0.553867,0.2519071,-0.7935833,0.04330258,1.107191,0.2103888,1.127835,0.06509082,1.149023,0.2264427,1.172931,0.07746184,1.148337,0.2386232,1.175423,-0.01617256,0.6592945,0.03456793,0.6603981,-0.004076447,0.6475198,0.0769697,0.6520911,-0.02412966,0.6413001,0.1080205,0.6507815,0.09335597,-0.08079967,0.05783282,0.1363399,0.1235762,-0.07823144,0.01830421,0.1473984,0.1176391,-0.08220721,0.002466843,0.1435377,-0.1156252,0.03944496,-0.03813319,0.1279814,-0.1567612,0.05383214,-0.02457926,0.1675593,-0.1795444,0.04250344,0.002944402,0.1845302,0.09390621,-0.08141384,0.05565552,0.1361768,0.1239139,-0.07959675,0.01797917,0.1483696,0.1175826,-0.08167589,0.002405976,0.1431866,-0.1154012,0.03989178,-0.0371398,0.127625,-0.157025,0.05320246,-0.024409,0.1675803,-0.1791506,0.04299469,0.003327817,0.1842676,0.1017084,-0.08131496,0.04067747,0.1364235,-0.0805293,0.9748767,-0.01938664,0.2067718,156.1335,-0.08230805,0.99641,-0.01981486,-0.1448267,0.04223857,-0.01957031,0.1521246,0.1678418,-0.4517629,-0.3447244,0.8055461,72.67394,0.2832615,-0.7624264,-0.5817808,0.0753078,1.152939,0.2060934,1.173633,0.8974256,-0.2645746,-0.2058624,-0.2867897,213.3317,0.9367763,-0.2761758,-0.2148892,0.09989771,-0.07837109,0.04352532,0.1342238,-0.1565264,-0.1334727,-0.976246,-0.06803235,187.802,-0.1568899,-0.1337826,-0.9785131,-0.3905101,-0.2506954,-0.3357037,0.5727506,0.5955255,0.1833467,0.5470886,0.5589523,112.0333,0.7181929,0.2211128,0.6597789,0.0246922,-0.05293941,0.09390661,0.1105927,-0.6831516,0.08658279,-0.5035321,0.5217883,117.0954,-0.8008106,0.1014949,-0.5902552,-0.115738,1.205651,-0.05225875,1.21232,0.02433334,-0.1237684,-0.1995768,-0.9717296,332.6874,0.1030652,-0.5242279,-0.8453182,False,False,False,False
1772879679760,5.373761,0.1627193,1.048768,0.1801411,1.076495,-0.5155777,-0.7048008,0.4196609,0.2476292,151.3255,-0.5321516,-0.7274576,0.4331515,-0.1001515,0.6402932,-0.06011958,0.650861,0.5299592,0.2410335,-0.7593281,0.2906321,146.2084,0.553867,0.2519071,-0.7935833,0.04330258,1.107191,0.2103888,1.127835,0.06509082,1.149023,0.2264427,1.172931,0.07746184,1.148337,0.2386232,1.175423,-0.01617256,0.6592945,0.03456793,0.6603981,-0.004076447,0.6475198,0.0769697,0.6520911,-0.02412966,0.6413001,0.1080205,0.6507815,0.09335597,-0.08079967,0.05783282,0.1363399,0.1235762,-0.07823144,0.01830421,0.1473984,0.1176391,-0.08220721,0.002466843,0.1435377,-0.1156252,0.03944496,-0.03813319,0.1279814,-0.1567612,0.05383214,-0.02457926,0.1675593,-0.1795444,0.04250344,0.002944402,0.1845302,0.09390621,-0.08141384,0.05565552,0.1361768,0.1239139,-0.07959675,0.01797917,0.1483696,0.1175826,-0.08167589,0.002405976,0.1431866,-0.1154012,0.03989178,-0.0371398,0.127625,-0.157025,0.05320246,-0.024409,0.1675803,-0.1791506,0.04299469,0.003327817,0.1842676,0.1017084,-0.08131496,0.04067747,0.1364235,-0.0805293,0.9748767,-0.01938664,0.2067718,156.1335,-0.08230805,0.99641,-0.01981486,-0.1448267,0.04223857,-0.01957031,0.1521246,0.1678418,-0.4517629,-0.3447244,0.8055461,72.67394,0.2832615,-0.7624264,-0.5817808,0.0753078,1.152939,0.2060934,1.173633,0.8974256,-0.2645746,-0.2058624,-0.2867897,213.3317,0.9367763,-0.2761758,-0.2148892,0.09989771,-0.07837109,0.04352532,0.1342238,-0.1565264,-0.1334727,-0.976246,-0.06803235,187.802,-0.1568899,-0.1337826,-0.9785131,-0.3905101,-0.2506954,-0.3357037,0.5727506,0.5955255,0.1833467,0.5470886,0.5589523,112.0333,0.7181929,0.2211128,0.6597789,0.0246922,-0.05293941,0.09390661,0.1105927,-0.6831516,0.08658279,-0.5035321,0.5217883,117.0954,-0.8008106,0.1014949,-0.5902552,-0.1155823,1.205704,-0.05238077,1.212363,0.0247359,-0.1247338,-0.1997096,-0.9715687,332.6095,0.1044777,-0.5268414,-0.8435186,False,False,False,False
1772879679772,5.388341,0.1627193,1.048768,0.1801411,1.076495,-0.5155777,-0.7048008,0.4196609,0.2476292,151.3255,-0.5321516,-0.7274576,0.4331515,-0.1001515,0.6402932,-0.06011958,0.650861,0.5299592,0.2410335,-0.7593281,0.2906321,146.2084,0.553867,0.2519071,-0.7935833,0.04330258,1.107191,0.2103888,1.127835,0.06509082,1.149023,0.2264427,1.172931,0.07746184,1.148337,0.2386232,1.175423,-0.01617256,0.6592945,0.03456793,0.6603981,-0.004076447,0.6475198,0.0769697,0.6520911,-0.02412966,0.6413001,0.1080205,0.6507815,0.09335597,-0.08079967,0.05783282,0.1363399,0.1235762,-0.07823144,0.01830421,0.1473984,0.1176391,-0.08220721,0.002466843,0.1435377,-0.1156252,0.03944496,-0.03813319,0.1279814,-0.1567612,0.05383214,-0.02457926,0.1675593,-0.1795444,0.04250344,0.002944402,0.1845302,0.09390621,-0.08141384,0.05565552,0.1361768,0.1239139,-0.07959675,0.01797917,0.1483696,0.1175826,-0.08167589,0.002405976,0.1431866,-0.1154012,0.03989178,-0.0371398,0.127625,-0.157025,0.05320246,-0.024409,0.1675803,-0.1791506,0.04299469,0.003327817,0.1842676,0.1017084,-0.08131496,0.04067747,0.1364235,-0.0805293,0.9748767,-0.01938664,0.2067718,156.1335,-0.08230805,0.99641,-0.01981486,-0.1448267,0.04223857,-0.01957031,0.1521246,0.1678418,-0.4517629,-0.3447244,0.8055461,72.67394,0.2832615,-0.7624264,-0.5817808,0.0753078,1.152939,0.2060934,1.173633,0.8974256,-0.2645746,-0.2058624,-0.2867897,213.3317,0.9367763,-0.2761758,-0.2148892,0.09989771,-0.07837109,0.04352532,0.1342238,-0.1565264,-0.1334727,-0.976246,-0.06803235,187.802,-0.1568899,-0.1337826,-0.9785131,-0.3905101,-0.2506954,-0.3357037,0.5727506,0.5955255,0.1833467,0.5470886,0.5589523,112.0333,0.7181929,0.2211128,0.6597789,0.0246922,-0.05293941,0.09390661,0.1105927,-0.6831516,0.08658279,-0.5035321,0.5217883,117.0954,-0.8008106,0.1014949,-0.5902552,-0.1154313,1.205825,-0.05252888,1.212476,0.02511513,-0.1254121,-0.1999313,-0.971426,332.5405,0.105818,-0.5284013,-0.8423741,False,False,False,False
1772879679788,5.401711,0.1627193,1.048768,0.1801411,1.076495,-0.5155777,-0.7048008,0.4196609,0.2476292,151.3255,-0.5321516,-0.7274576,0.4331515,-0.1001515,0.6402932,-0.06011958,0.650861,0.5299592,0.2410335,-0.7593281,0.2906321,146.2084,0.553867,0.2519071,-0.7935833,0.04330258,1.107191,0.2103888,1.127835,0.06509082,1.149023,0.2264427,1.172931,0.07746184,1.148337,0.2386232,1.175423,-0.01617256,0.6592945,0.03456793,0.6603981,-0.004076447,0.6475198,0.0769697,0.6520911,-0.02412966,0.6413001,0.1080205,0.6507815,0.09335597,-0.08079967,0.05783282,0.1363399,0.1235762,-0.07823144,0.01830421,0.1473984,0.1176391,-0.08220721,0.002466843,0.1435377,-0.1156252,0.03944496,-0.03813319,0.1279814,-0.1567612,0.05383214,-0.02457926,0.1675593,-0.1795444,0.04250344,0.002944402,0.1845302,0.09390621,-0.08141384,0.05565552,0.1361768,0.1239139,-0.07959675,0.01797917,0.1483696,0.1175826,-0.08167589,0.002405976,0.1431866,-0.1154012,0.03989178,-0.0371398,0.127625,-0.157025,0.05320246,-0.024409,0.1675803,-0.1791506,0.04299469,0.003327817,0.1842676,0.1017084,-0.08131496,0.04067747,0.1364235,-0.0805293,0.9748767,-0.01938664,0.2067718,156.1335,-0.08230805,0.99641,-0.01981486,-0.1448267,0.04223857,-0.01957031,0.1521246,0.1678418,-0.4517629,-0.3447244,0.8055461,72.67394,0.2832615,-0.7624264,-0.5817808,0.0753078,1.152939,0.2060934,1.173633,0.8974256,-0.2645746,-0.2058624,-0.2867897,213.3317,0.9367763,-0.2761758,-0.2148892,0.09989771,-0.07837109,0.04352532,0.1342238,-0.1565264,-0.1334727,-0.976246,-0.06803235,187.802,-0.1568899,-0.1337826,-0.9785131,-0.3905101,-0.2506954,-0.3357037,0.5727506,0.5955255,0.1833467,0.5470886,0.5589523,112.0333,0.7181929,0.2211128,0.6597789,0.0246922,-0.05293941,0.09390661,0.1105927,-0.6831516,0.08658279,-0.5035321,0.5217883,117.0954,-0.8008106,0.1014949,-0.5902552,-0.1152175,1.205971,-0.05272475,1.212609,0.02570049,-0.125854,-0.2002638,-0.971285,332.4725,0.1080221,-0.5289789,-0.8417318,False,False,False,False
1772879679800,5.417104,0.1627193,1.048768,0.1801411,1.076495,-0.5155777,-0.7048008,0.4196609,0.2476292,151.3255,-0.5321516,-0.7274576,0.4331515,-0.1001515,0.6402932,-0.06011958,0.650861,0.5299592,0.2410335,-0.7593281,0.2906321,146.2084,0.553867,0.2519071,-0.7935833,0.04330258,1.107191,0.2103888,1.127835,0.06509082,1.149023,0.2264427,1.172931,0.07746184,1.148337,0.2386232,1.175423,-0.01617256,0.6592945,0.03456793,0.6603981,-0.004076447,0.6475198,0.0769697,0.6520911,-0.02412966,0.6413001,0.1080205,0.6507815,0.09335597,-0.08079967,0.05783282,0.1363399,0.1235762,-0.07823144,0.01830421,0.1473984,0.1176391,-0.08220721,0.002466843,0.1435377,-0.1156252,0.03944496,-0.03813319,0.1279814,-0.1567612,0.05383214,-0.02457926,0.1675593,-0.1795444,0.04250344,0.002944402,0.1845302,0.09390621,-0.08141384,0.05565552,0.1361768,0.1239139,-0.07959675,0.01797917,0.1483696,0.1175826,-0.08167589,0.002405976,0.1431866,-0.1154012,0.03989178,-0.0371398,0.127625,-0.157025,0.05320246,-0.024409,0.1675803,-0.1791506,0.04299469,0.003327817,0.1842676,0.1017084,-0.08131496,0.04067747,0.1364235,-0.0805293,0.9748767,-0.01938664,0.2067718,156.1335,-0.08230805,0.99641,-0.01981486,-0.1448267,0.04223857,-0.01957031,0.1521246,0.1678418,-0.4517629,-0.3447244,0.8055461,72.67394,0.2832615,-0.7624264,-0.5817808,0.0753078,1.152939,0.2060934,1.173633,0.8974256,-0.2645746,-0.2058624,-0.2867897,213.3317,0.9367763,-0.2761758,-0.2148892,0.09989771,-0.07837109,0.04352532,0.1342238,-0.1565264,-0.1334727,-0.976246,-0.06803235,187.802,-0.1568899,-0.1337826,-0.9785131,-0.3905101,-0.2506954,-0.3357037,0.5727506,0.5955255,0.1833467,0.5470886,0.5589523,112.0333,0.7181929,0.2211128,0.6597789,0.0246922,-0.05293941,0.09390661,0.1105927,-0.6831516,0.08658279,-0.5035321,0.5217883,117.0954,-0.8008106,0.1014949,-0.5902552,-0.1149467,1.20613,-0.05301254,1.212754,0.02583673,-0.126583,-0.2004846,-0.9711412,332.4033,0.1083277,-0.5307342,-0.8405872,False,False,False,False
1772879679814,5.430413,0.1627193,1.048768,0.1801411,1.076495,-0.5155777,-0.7048008,0.4196609,0.2476292,151.3255,-0.5321516,-0.7274576,0.4331515,-0.1001515,0.6402932,-0.06011958,0.650861,0.5299592,0.2410335,-0.7593281,0.2906321,146.2084,0.553867,0.2519071,-0.7935833,0.04330258,1.107191,0.2103888,1.127835,0.06509082,1.149023,0.2264427,1.172931,0.07746184,1.148337,0.2386232,1.175423,-0.01617256,0.6592945,0.03456793,0.6603981,-0.004076447,0.6475198,0.0769697,0.6520911,-0.02412966,0.6413001,0.1080205,0.6507815,0.09335597,-0.08079967,0.05783282,0.1363399,0.1235762,-0.07823144,0.01830421,0.1473984,0.1176391,-0.08220721,0.002466843,0.1435377,-0.1156252,0.03944496,-0.03813319,0.1279814,-0.1567612,0.05383214,-0.02457926,0.1675593,-0.1795444,0.04250344,0.002944402,0.1845302,0.09390621,-0.08141384,0.05565552,0.1361768,0.1239139,-0.07959675,0.01797917,0.1483696,0.1175826,-0.08167589,0.002405976,0.1431866,-0.1154012,0.03989178,-0.0371398,0.127625,-0.157025,0.05320246,-0.024409,0.1675803,-0.1791506,0.04299469,0.003327817,0.1842676,0.1017084,-0.08131496,0.04067747,0.1364235,-0.0805293,0.9748767,-0.01938664,0.2067718,156.1335,-0.08230805,0.99641,-0.01981486,-0.1448267,0.04223857,-0.01957031,0.1521246,0.1678418,-0.4517629,-0.3447244,0.8055461,72.67394,0.2832615,-0.7624264,-0.5817808,0.0753078,1.152939,0.2060934,1.173633,0.8974256,-0.2645746,-0.2058624,-0.2867897,213.3317,0.9367763,-0.2761758,-0.2148892,0.09989771,-0.07837109,0.04352532,0.1342238,-0.1565264,-0.1334727,-0.976246,-0.06803235,187.802,-0.1568899,-0.1337826,-0.9785131,-0.3905101,-0.2506954,-0.3357037,0.5727506,0.5955255,0.1833467,0.5470886,0.5589523,112.0333,0.7181929,0.2211128,0.6597789,0.0246922,-0.05293941,0.09390661,0.1105927,-0.6831516,0.08658279,-0.5035321,0.5217883,117.0954,-0.8008106,0.1014949,-0.5902552,-0.114694,1.206228,-0.05333638,1.212842,0.02588703,-0.1273318,-0.2007507,-0.970987,332.3293,0.1082539,-0.5324738,-0.8394957,False,False,False,False
1772879679829,5.443056,0.1627193,1.048768,0.1801411,1.076495,-0.5155777,-0.7048008,0.4196609,0.2476292,151.3255,-0.5321516,-0.7274576,0.4331515,-0.1001515,0.6402932,-0.06011958,0.650861,0.5299592,0.2410335,-0.7593281,0.2906321,146.2084,0.553867,0.2519071,-0.7935833,0.04330258,1.107191,0.2103888,1.127835,0.06509082,1.149023,0.2264427,1.172931,0.07746184,1.148337,0.2386232,1.175423,-0.01617256,0.6592945,0.03456793,0.6603981,-0.004076447,0.6475198,0.0769697,0.6520911,-0.02412966,0.6413001,0.1080205,0.6507815,0.09335597,-0.08079967,0.05783282,0.1363399,0.1235762,-0.07823144,0.01830421,0.1473984,0.1176391,-0.08220721,0.002466843,0.1435377,-0.1156252,0.03944496,-0.03813319,0.1279814,-0.1567612,0.05383214,-0.02457926,0.1675593,-0.1795444,0.04250344,0.002944402,0.1845302,0.09390621,-0.08141384,0.05565552,0.1361768,0.1239139,-0.07959675,0.01797917,0.1483696,0.1175826,-0.08167589,0.002405976,0.1431866,-0.1154012,0.03989178,-0.0371398,0.127625,-0.157025,0.05320246,-0.024409,0.1675803,-0.1791506,0.04299469,0.003327817,0.1842676,0.1017084,-0.08131496,0.04067747,0.1364235,-0.0805293,0.9748767,-0.01938664,0.2067718,156.1335,-0.08230805,0.99641,-0.01981486,-0.1448267,0.04223857,-0.01957031,0.1521246,0.1678418,-0.4517629,-0.3447244,0.8055461,72.67394,0.2832615,-0.7624264,-0.5817808,0.0753078,1.152939,0.2060934,1.173633,0.8974256,-0.2645746,-0.2058624,-0.2867897,213.3317,0.9367763,-0.2761758,-0.2148892,0.09989771,-0.07837109,0.04352532,0.1342238,-0.1565264,-0.1334727,-0.976246,-0.06803235,187.802,-0.1568899,-0.1337826,-0.9785131,-0.3905101,-0.2506954,-0.3357037,0.5727506,0.5955255,0.1833467,0.5470886,0.5589523,112.0333,0.7181929,0.2211128,0.6597789,0.0246922,-0.05293941,0.09390661,0.1105927,-0.6831516,0.08658279,-0.5035321,0.5217883,117.0954,-0.8008106,0.1014949,-0.5902552,-0.1144933,1.206284,-0.0536746,1.212894,0.02577745,-0.1280972,-0.200776,-0.970884,332.28,0.1076077,-0.5347406,-0.8381374,False,False,False,False
1772879679842,5.457402,0.1627193,1.048768,0.1801411,1.076495,-0.5155777,-0.7048008,0.4196609,0.2476292,151.3255,-0.5321516,-0.7274576,0.4331515,-0.1001515,0.6402932,-0.06011958,0.650861,0.5299592,0.2410335,-0.7593281,0.2906321,146.2084,0.553867,0.2519071,-0.7935833,0.04330258,1.107191,0.2103888,1.127835,0.06509082,1.149023,0.2264427,1.172931,0.07746184,1.148337,0.2386232,1.175423,-0.01617256,0.6592945,0.03456793,0.6603981,-0.004076447,0.6475198,0.0769697,0.6520911,-0.02412966,0.6413001,0.1080205,0.6507815,0.09335597,-0.08079967,0.05783282,0.1363399,0.1235762,-0.07823144,0.01830421,0.1473984,0.1176391,-0.08220721,0.002466843,0.1435377,-0.1156252,0.03944496,-0.03813319,0.1279814,-0.1567612,0.05383214,-0.02457926,0.1675593,-0.1795444,0.04250344,0.002944402,0.1845302,0.09390621,-0.08141384,0.05565552,0.1361768,0.1239139,-0.07959675,0.01797917,0.1483696,0.1175826,-0.08167589,0.002405976,0.1431866,-0.1154012,0.03989178,-0.0371398,0.127625,-0.157025,0.05320246,-0.024409,0.1675803,-0.1791506,0.04299469,0.003327817,0.1842676,0.1017084,-0.08131496,0.04067747,0.1364235,-0.0805293,0.9748767,-0.01938664,0.2067718,156.1335,-0.08230805,0.99641,-0.01981486,-0.1448267,0.04223857,-0.01957031,0.1521246,0.1678418,-0.4517629,-0.3447244,0.8055461,72.67394,0.2832615,-0.7624264,-0.5817808,0.0753078,1.152939,0.2060934,1.173633,0.8974256,-0.2645746,-0.2058624,-0.2867897,213.3317,0.9367763,-0.2761758,-0.2148892,0.09989771,-0.07837109,0.04352532,0.1342238,-0.1565264,-0.1334727,-0.976246,-0.06803235,187.802,-0.1568899,-0.1337826,-0.9785131,-0.3905101,-0.2506954,-0.3357037,0.5727506,0.5955255,0.1833467,0.5470886,0.5589523,112.0333,0.7181929,0.2211128,0.6597789,0.0246922,-0.05293941,0.09390661,0.1105927,-0.6831516,0.08658279,-0.5035321,0.5217883,117.0954,-0.8008106,0.1014949,-0.5902552,-0.114256,1.20638,-0.05425619,1.212993,0.02571478,-0.1284522,-0.2006646,-0.9708617,332.2694,0.1073058,-0.5360208,-0.8373576,False,False,False,False
1772879679856,5.471004,0.1627193,1.048768,0.1801411,1.076495,-0.5155777,-0.7048008,0.4196609,0.2476292,151.3255,-0.5321516,-0.7274576,0.4331515,-0.1001515,0.6402932,-0.06011958,0.650861,0.5299592,0.2410335,-0.7593281,0.2906321,146.2084,0.553867,0.2519071,-0.7935833,0.04330258,1.107191,0.2103888,1.127835,0.06509082,1.149023,0.2264427,1.172931,0.07746184,1.148337,0.2386232,1.175423,-0.01617256,0.6592945,0.03456793,0.6603981,-0.004076447,0.6475198,0.0769697,0.6520911,-0.02412966,0.6413001,0.1080205,0.6507815,0.09335597,-0.08079967,0.05783282,0.1363399,0.1235762,-0.07823144,0.01830421,0.1473984,0.1176391,-0.08220721,0.002466843,0.1435377,-0.1156252,0.03944496,-0.03813319,0.1279814,-0.1567612,0.05383214,-0.02457926,0.1675593,-0.1795444,0.04250344,0.002944402,0.1845302,0.09390621,-0.08141384,0.05565552,0.1361768,0.1239139,-0.07959675,0.01797917,0.1483696,0.1175826,-0.08167589,0.002405976,0.1431866,-0.1154012,0.03989178,-0.0371398,0.127625,-0.157025,0.05320246,-0.024409,0.1675803,-0.1791506,0.04299469,0.003327817,0.1842676,0.1017084,-0.08131496,0.04067747,0.1364235,-0.0805293,0.9748767,-0.01938664,0.2067718,156.1335,-0.08230805,0.99641,-0.01981486,-0.1448267,0.04223857,-0.01957031,0.1521246,0.1678418,-0.4517629,-0.3447244,0.8055461,72.67394,0.2832615,-0.7624264,-0.5817808,0.0753078,1.152939,0.2060934,1.173633,0.8974256,-0.2645746,-0.2058624,-0.2867897,213.3317,0.9367763,-0.2761758,-0.2148892,0.09989771,-0.07837109,0.04352532,0.1342238,-0.1565264,-0.1334727,-0.976246,-0.06803235,187.802,-0.1568899,-0.1337826,-0.9785131,-0.3905101,-0.2506954,-0.3357037,0.5727506,0.5955255,0.1833467,0.5470886,0.5589523,112.0333,0.7181929,0.2211128,0.6597789,0.0246922,-0.05293941,0.09390661,0.1105927,-0.6831516,0.08658279,-0.5035321,0.5217883,117.0954,-0.8008106,0.1014949,-0.5902552,-0.1141467,1.206483,-0.05464836,1.213102,0.02569408,-0.1287392,-0.2009567,-0.9707639,332.2227,0.1070425,-0.5363323,-0.8371932,False,False,False,False
1772879679871,5.48478,0.1627193,1.048768,0.1801411,1.076495,-0.5155777,-0.7048008,0.4196609,0.2476292,151.3255,-0.5321516,-0.7274576,0.4331515,-0.1001515,0.6402932,-0.06011958,0.650861,0.5299592,0.2410335,-0.7593281,0.2906321,146.2084,0.553867,0.2519071,-0.7935833,0.04330258,1.107191,0.2103888,1.127835,0.06509082,1.149023,0.2264427,1.172931,0.07746184,1.148337,0.2386232,1.175423,-0.01617256,0.6592945,0.03456793,0.6603981,-0.004076447,0.6475198,0.0769697,0.6520911,-0.02412966,0.6413001,0.1080205,0.6507815,0.09335597,-0.08079967,0.05783282,0.1363399,0.1235762,-0.07823144,0.01830421,0.1473984,0.1176391,-0.08220721,0.002466843,0.1435377,-0.1156252,0.03944496,-0.03813319,0.1279814,-0.1567612,0.05383214,-0.02457926,0.1675593,-0.1795444,0.04250344,0.002944402,0.1845302,0.09390621,-0.08141384,0.05565552,0.1361768,0.1239139,-0.07959675,0.01797917,0.1483696,0.1175826,-0.08167589,0.002405976,0.1431866,-0.1154012,0.03989178,-0.0371398,0.127625,-0.157025,0.05320246,-0.024409,0.1675803,-0.1791506,0.04299469,0.003327817,0.1842676,0.1017084,-0.08131496,0.04067747,0.1364235,-0.0805293,0.9748767,-0.01938664,0.2067718,156.1335,-0.08230805,0.99641,-0.01981486,-0.1448267,0.04223857,-0.01957031,0.1521246,0.1678418,-0.4517629,-0.3447244,0.8055461,72.67394,0.2832615,-0.7624264,-0.5817808,0.0753078,1.152939,0.2060934,1.173633,0.8974256,-0.2645746,-0.2058624,-0.2867897,213.3317,0.9367763,-0.2761758,-0.2148892,0.09989771,-0.07837109,0.04352532,0.1342238,-0.1565264,-0.1334727,-0.976246,-0.06803235,187.802,-0.1568899,-0.1337826,-0.9785131,-0.3905101,-0.2506954,-0.3357037,0.5727506,0.5955255,0.1833467,0.5470886,0.5589523,112.0333,0.7181929,0.2211128,0.6597789,0.0246922,-0.05293941,0.09390661,0.1105927,-0.6831516,0.08658279,-0.5035321,0.5217883,117.0954,-0.8008106,0.1014949,-0.5902552,-0.1140113,1.206579,-0.05502187,1.213202,0.02580345,-0.1290613,-0.2010704,-0.9706947,332.1896,0.1073729,-0.5370479,-0.8366907,False,False,False,False
1772879679883,5.499812,0.1627193,1.048768,0.1801411,1.076495,-0.5155777,-0.7048008,0.4196609,0.2476292,151.3255,-0.5321516,-0.7274576,0.4331515,-0.1001515,0.6402932,-0.06011958,0.650861,0.5299592,0.2410335,-0.7593281,0.2906321,146.2084,0.553867,0.2519071,-0.7935833,0.04330258,1.107191,0.2103888,1.127835,0.06509082,1.149023,0.2264427,1.172931,0.07746184,1.148337,0.2386232,1.175423,-0.01617256,0.6592945,0.03456793,0.6603981,-0.004076447,0.6475198,0.0769697,0.6520911,-0.02412966,0.6413001,0.1080205,0.6507815,0.09335597,-0.08079967,0.05783282,0.1363399,0.1235762,-0.07823144,0.01830421,0.1473984,0.1176391,-0.08220721,0.002466843,0.1435377,-0.1156252,0.03944496,-0.03813319,0.1279814,-0.1567612,0.05383214,-0.02457926,0.1675593,-0.1795444,0.04250344,0.002944402,0.1845302,0.09390621,-0.08141384,0.05565552,0.1361768,0.1239139,-0.07959675,0.01797917,0.1483696,0.1175826,-0.08167589,0.002405976,0.1431866,-0.1154012,0.03989178,-0.0371398,0.127625,-0.157025,0.05320246,-0.024409,0.1675803,-0.1791506,0.04299469,0.003327817,0.1842676,0.1017084,-0.08131496,0.04067747,0.1364235,-0.0805293,0.9748767,-0.01938664,0.2067718,156.1335,-0.08230805,0.99641,-0.01981486,-0.1448267,0.04223857,-0.01957031,0.1521246,0.1678418,-0.4517629,-0.3447244,0.8055461,72.67394,0.2832615,-0.7624264,-0.5817808,0.0753078,1.152939,0.2060934,1.173633,0.8974256,-0.2645746,-0.2058624,-0.2867897,213.3317,0.9367763,-0.2761758,-0.2148892,0.09989771,-0.07837109,0.04352532,0.1342238,-0.1565264,-0.1334727,-0.976246,-0.06803235,187.802,-0.1568899,-0.1337826,-0.9785131,-0.3905101,-0.2506954,-0.3357037,0.5727506,0.5955255,0.1833467,0.5470886,0.5589523,112.0333,0.7181929,0.2211128,0.6597789,0.0246922,-0.05293941,0.09390661,0.1105927,-0.6831516,0.08658279,-0.5035321,0.5217883,117.0954,-0.8008106,0.1014949,-0.5902552,-0.1137504,1.206814,-0.05539603,1.213428,0.02581097,-0.1290858,-0.2012463,-0.9706547,332.1706,0.1073322,-0.5367897,-0.8368615,False,False,False,False
1772879679899,5.512852,0.1627193,1.048768,0.1801411,1.076495,-0.5155777,-0.7048008,0.4196609,0.2476292,151.3255,-0.5321516,-0.7274576,0.4331515,-0.1001515,0.6402932,-0.06011958,0.650861,0.5299592,0.2410335,-0.7593281,0.2906321,146.2084,0.553867,0.2519071,-0.7935833,0.04330258,1.107191,0.2103888,1.127835,0.06509082,1.149023,0.2264427,1.172931,0.07746184,1.148337,0.2386232,1.175423,-0.01617256,0.6592945,0.03456793,0.6603981,-0.004076447,0.6475198,0.0769697,0.6520911,-0.02412966,0.6413001,0.1080205,0.6507815,0.09335597,-0.08079967,0.05783282,0.1363399,0.1235762,-0.07823144,0.01830421,0.1473984,0.1176391,-0.08220721,0.002466843,0.1435377,-0.1156252,0.03944496,-0.03813319,0.1279814,-0.1567612,0.05383214,-0.02457926,0.1675593,-0.1795444,0.04250344,0.002944402,0.1845302,0.09390621,-0.08141384,0.05565552,0.1361768,0.1239139,-0.07959675,0.01797917,0.1483696,0.1175826,-0.08167589,0.002405976,0.1431866,-0.1154012,0.03989178,-0.0371398,0.127625,-0.157025,0.05320246,-0.024409,0.1675803,-0.1791506,0.04299469,0.003327817,0.1842676,0.1017084,-0.08131496,0.04067747,0.1364235,-0.0805293,0.9748767,-0.01938664,0.2067718,156.1335,-0.08230805,0.99641,-0.01981486,-0.1448267,0.04223857,-0.01957031,0.1521246,0.1678418,-0.4517629,-0.3447244,0.8055461,72.67394,0.2832615,-0.7624264,-0.5817808,0.0753078,1.152939,0.2060934,1.173633,0.8974256,-0.2645746,-0.2058624,-0.2867897,213.3317,0.9367763,-0.2761758,-0.2148892,0.09989771,-0.07837109,0.04352532,0.1342238,-0.1565264,-0.1334727,-0.976246,-0.06803235,187.802,-0.1568899,-0.1337826,-0.9785131,-0.3905101,-0.2506954,-0.3357037,0.5727506,0.5955255,0.1833467,0.5470886,0.5589523,112.0333,0.7181929,0.2211128,0.6597789,0.0246922,-0.05293941,0.09390661,0.1105927,-0.6831516,0.08658279,-0.5035321,0.5217883,117.0954,-0.8008106,0.1014949,-0.5902552,-0.1135429,1.206962,-0.05583701,1.213576,0.02620527,-0.1293132,-0.2012616,-0.9706107,332.1496,0.1088915,-0.5373387,-0.8363078,False,False,False,False
1772879679912,5.527139,0.1627193,1.048768,0.1801411,1.076495,-0.5155777,-0.7048008,0.4196609,0.2476292,151.3255,-0.5321516,-0.7274576,0.4331515,-0.1001515,0.6402932,-0.06011958,0.650861,0.5299592,0.2410335,-0.7593281,0.2906321,146.2084,0.553867,0.2519071,-0.7935833,0.04330258,1.107191,0.2103888,1.127835,0.06509082,1.149023,0.2264427,1.172931,0.07746184,1.148337,0.2386232,1.175423,-0.01617256,0.6592945,0.03456793,0.6603981,-0.004076447,0.6475198,0.0769697,0.6520911,-0.02412966,0.6413001,0.1080205,0.6507815,0.09335597,-0.08079967,0.05783282,0.1363399,0.1235762,-0.07823144,0.01830421,0.1473984,0.1176391,-0.08220721,0.002466843,0.1435377,-0.1156252,0.03944496,-0.03813319,0.1279814,-0.1567612,0.05383214,-0.02457926,0.1675593,-0.1795444,0.04250344,0.002944402,0.1845302,0.09390621,-0.08141384,0.05565552,0.1361768,0.1239139,-0.07959675,0.01797917,0.1483696,0.1175826,-0.08167589,0.002405976,0.1431866,-0.1154012,0.03989178,-0.0371398,0.127625,-0.157025,0.05320246,-0.024409,0.1675803,-0.1791506,0.04299469,0.003327817,0.1842676,0.1017084,-0.08131496,0.04067747,0.1364235,-0.0805293,0.9748767,-0.01938664,0.2067718,156.1335,-0.08230805,0.99641,-0.01981486,-0.1448267,0.04223857,-0.01957031,0.1521246,0.1678418,-0.4517629,-0.3447244,0.8055461,72.67394,0.2832615,-0.7624264,-0.5817808,0.0753078,1.152939,0.2060934,1.173633,0.8974256,-0.2645746,-0.2058624,-0.2867897,213.3317,0.9367763,-0.2761758,-0.2148892,0.09989771,-0.07837109,0.04352532,0.1342238,-0.1565264,-0.1334727,-0.976246,-0.06803235,187.802,-0.1568899,-0.1337826,-0.9785131,-0.3905101,-0.2506954,-0.3357037,0.5727506,0.5955255,0.1833467,0.5470886,0.5589523,112.0333,0.7181929,0.2211128,0.6597789,0.0246922,-0.05293941,0.09390661,0.1105927,-0.6831516,0.08658279,-0.5035321,0.5217883,117.0954,-0.8008106,0.1014949,-0.5902552,-0.113358,1.207158,-0.05623328,1.213772,0.02631268,-0.129608,-0.2013234,-0.9705557,332.1234,0.109237,-0.538067,-0.8357935,False,False,False,False
1772879679927,5.550874,0.1627193,1.048768,0.1801411,1.076495,-0.5155777,-0.7048008,0.4196609,0.2476292,151.3255,-0.5321516,-0.7274576,0.4331515,-0.1001515,0.6402932,-0.06011958,0.650861,0.5299592,0.2410335,-0.7593281,0.2906321,146.2084,0.553867,0.2519071,-0.7935833,0.04330258,1.107191,0.2103888,1.127835,0.06509082,1.149023,0.2264427,1.172931,0.07746184,1.148337,0.2386232,1.175423,-0.01617256,0.6592945,0.03456793,0.6603981,-0.004076447,0.6475198,0.0769697,0.6520911,-0.02412966,0.6413001,0.1080205,0.6507815,0.09335597,-0.08079967,0.05783282,0.1363399,0.1235762,-0.07823144,0.01830421,0.1473984,0.1176391,-0.08220721,0.002466843,0.1435377,-0.1156252,0.03944496,-0.03813319,0.1279814,-0.1567612,0.05383214,-0.02457926,0.1675593,-0.1795444,0.04250344,0.002944402,0.1845302,0.09390621,-0.08141384,0.05565552,0.1361768,0.1239139,-0.07959675,0.01797917,0.1483696,0.1175826,-0.08167589,0.002405976,0.1431866,-0.1154012,0.03989178,-0.0371398,0.127625,-0.157025,0.05320246,-0.024409,0.1675803,-0.1791506,0.04299469,0.003327817,0.1842676,0.1017084,-0.08131496,0.04067747,0.1364235,-0.0805293,0.9748767,-0.01938664,0.2067718,156.1335,-0.08230805,0.99641,-0.01981486,-0.1448267,0.04223857,-0.01957031,0.1521246,0.1678418,-0.4517629,-0.3447244,0.8055461,72.67394,0.2832615,-0.7624264,-0.5817808,0.0753078,1.152939,0.2060934,1.173633,0.8974256,-0.2645746,-0.2058624,-0.2867897,213.3317,0.9367763,-0.2761758,-0.2148892,0.09989771,-0.07837109,0.04352532,0.1342238,-0.1565264,-0.1334727,-0.976246,-0.06803235,187.802,-0.1568899,-0.1337826,-0.9785131,-0.3905101,-0.2506954,-0.3357037,0.5727506,0.5955255,0.1833467,0.5470886,0.5589523,112.0333,0.7181929,0.2211128,0.6597789,0.0246922,-0.05293941,0.09390661,0.1105927,-0.6831516,0.08658279,-0.5035321,0.5217883,117.0954,-0.8008106,0.1014949,-0.5902552,-0.1131949,1.207158,-0.05672919,1.21378,0.02667454,-0.1297354,-0.2012657,-0.9705408,332.1163,0.1107117,-0.5384618,-0.8353458,False,False,False,False
1772879679940,5.556128,0.1627193,1.048768,0.1801411,1.076495,-0.5155777,-0.7048008,0.4196609,0.2476292,151.3255,-0.5321516,-0.7274576,0.4331515,-0.1001515,0.6402932,-0.06011958,0.650861,0.5299592,0.2410335,-0.7593281,0.2906321,146.2084,0.553867,0.2519071,-0.7935833,0.04330258,1.107191,0.2103888,1.127835,0.06509082,1.149023,0.2264427,1.172931,0.07746184,1.148337,0.2386232,1.175423,-0.01617256,0.6592945,0.03456793,0.6603981,-0.004076447,0.6475198,0.0769697,0.6520911,-0.02412966,0.6413001,0.1080205,0.6507815,0.09335597,-0.08079967,0.05783282,0.1363399,0.1235762,-0.07823144,0.01830421,0.1473984,0.1176391,-0.08220721,0.002466843,0.1435377,-0.1156252,0.03944496,-0.03813319,0.1279814,-0.1567612,0.05383214,-0.02457926,0.1675593,-0.1795444,0.04250344,0.002944402,0.1845302,0.09390621,-0.08141384,0.05565552,0.1361768,0.1239139,-0.07959675,0.01797917,0.1483696,0.1175826,-0.08167589,0.002405976,0.1431866,-0.1154012,0.03989178,-0.0371398,0.127625,-0.157025,0.05320246,-0.024409,0.1675803,-0.1791506,0.04299469,0.003327817,0.1842676,0.1017084,-0.08131496,0.04067747,0.1364235,-0.0805293,0.9748767,-0.01938664,0.2067718,156.1335,-0.08230805,0.99641,-0.01981486,-0.1448267,0.04223857,-0.01957031,0.1521246,0.1678418,-0.4517629,-0.3447244,0.8055461,72.67394,0.2832615,-0.7624264,-0.5817808,0.0753078,1.152939,0.2060934,1.173633,0.8974256,-0.2645746,-0.2058624,-0.2867897,213.3317,0.9367763,-0.2761758,-0.2148892,0.09989771,-0.07837109,0.04352532,0.1342238,-0.1565264,-0.1334727,-0.976246,-0.06803235,187.802,-0.1568899,-0.1337826,-0.9785131,-0.3905101,-0.2506954,-0.3357037,0.5727506,0.5955255,0.1833467,0.5470886,0.5589523,112.0333,0.7181929,0.2211128,0.6597789,0.0246922,-0.05293941,0.09390661,0.1105927,-0.6831516,0.08658279,-0.5035321,0.5217883,117.0954,-0.8008106,0.1014949,-0.5902552,-0.113015,1.207219,-0.05720686,1.213846,0.02665866,-0.1299593,-0.2012085,-0.9705231,332.1079,0.1106131,-0.5392317,-0.8348615,False,False,False,False
1772879679953,5.569971,0.1627193,1.048768,0.1801411,1.076495,-0.5155777,-0.7048008,0.4196609,0.2476292,151.3255,-0.5321516,-0.7274576,0.4331515,-0.1001515,0.6402932,-0.06011958,0.650861,0.5299592,0.2410335,-0.7593281,0.2906321,146.2084,0.553867,0.2519071,-0.7935833,0.04330258,1.107191,0.2103888,1.127835,0.06509082,1.149023,0.2264427,1.172931,0.07746184,1.148337,0.2386232,1.175423,-0.01617256,0.6592945,0.03456793,0.6603981,-0.004076447,0.6475198,0.0769697,0.6520911,-0.02412966,0.6413001,0.1080205,0.6507815,0.09335597,-0.08079967,0.05783282,0.1363399,0.1235762,-0.07823144,0.01830421,0.1473984,0.1176391,-0.08220721,0.002466843,0.1435377,-0.1156252,0.03944496,-0.03813319,0.1279814,-0.1567612,0.05383214,-0.02457926,0.1675593,-0.1795444,0.04250344,0.002944402,0.1845302,0.09390621,-0.08141384,0.05565552,0.1361768,0.1239139,-0.07959675,0.01797917,0.1483696,0.1175826,-0.08167589,0.002405976,0.1431866,-0.1154012,0.03989178,-0.0371398,0.127625,-0.157025,0.05320246,-0.024409,0.1675803,-0.1791506,0.04299469,0.003327817,0.1842676,0.1017084,-0.08131496,0.04067747,0.1364235,-0.0805293,0.9748767,-0.01938664,0.2067718,156.1335,-0.08230805,0.99641,-0.01981486,-0.1448267,0.04223857,-0.01957031,0.1521246,0.1678418,-0.4517629,-0.3447244,0.8055461,72.67394,0.2832615,-0.7624264,-0.5817808,0.0753078,1.152939,0.2060934,1.173633,0.8974256,-0.2645746,-0.2058624,-0.2867897,213.3317,0.9367763,-0.2761758,-0.2148892,0.09989771,-0.07837109,0.04352532,0.1342238,-0.1565264,-0.1334727,-0.976246,-0.06803235,187.802,-0.1568899,-0.1337826,-0.9785131,-0.3905101,-0.2506954,-0.3357037,0.5727506,0.5955255,0.1833467,0.5470886,0.5589523,112.0333,0.7181929,0.2211128,0.6597789,0.0246922,-0.05293941,0.09390661,0.1105927,-0.6831516,0.08658279,-0.5035321,0.5217883,117.0954,-0.8008106,0.1014949,-0.5902552,-0.1128247,1.207187,-0.0577289,1.213822,0.02668164,-0.1301354,-0.2009702,-0.9705482,332.1198,0.110755,-0.5401896,-0.8342233,False,False,False,False
1772879679969,5.583836,0.1627193,1.048768,0.1801411,1.076495,-0.5155777,-0.7048008,0.4196609,0.2476292,151.3255,-0.5321516,-0.7274576,0.4331515,-0.1001515,0.6402932,-0.06011958,0.650861,0.5299592,0.2410335,-0.7593281,0.2906321,146.2084,0.553867,0.2519071,-0.7935833,0.04330258,1.107191,0.2103888,1.127835,0.06509082,1.149023,0.2264427,1.172931,0.07746184,1.148337,0.2386232,1.175423,-0.01617256,0.6592945,0.03456793,0.6603981,-0.004076447,0.6475198,0.0769697,0.6520911,-0.02412966,0.6413001,0.1080205,0.6507815,0.09335597,-0.08079967,0.05783282,0.1363399,0.1235762,-0.07823144,0.01830421,0.1473984,0.1176391,-0.08220721,0.002466843,0.1435377,-0.1156252,0.03944496,-0.03813319,0.1279814,-0.1567612,0.05383214,-0.02457926,0.1675593,-0.1795444,0.04250344,0.002944402,0.1845302,0.09390621,-0.08141384,0.05565552,0.1361768,0.1239139,-0.07959675,0.01797917,0.1483696,0.1175826,-0.08167589,0.002405976,0.1431866,-0.1154012,0.03989178,-0.0371398,0.127625,-0.157025,0.05320246,-0.024409,0.1675803,-0.1791506,0.04299469,0.003327817,0.1842676,0.1017084,-0.08131496,0.04067747,0.1364235,-0.0805293,0.9748767,-0.01938664,0.2067718,156.1335,-0.08230805,0.99641,-0.01981486,-0.1448267,0.04223857,-0.01957031,0.1521246,0.1678418,-0.4517629,-0.3447244,0.8055461,72.67394,0.2832615,-0.7624264,-0.5817808,0.0753078,1.152939,0.2060934,1.173633,0.8974256,-0.2645746,-0.2058624,-0.2867897,213.3317,0.9367763,-0.2761758,-0.2148892,0.09989771,-0.07837109,0.04352532,0.1342238,-0.1565264,-0.1334727,-0.976246,-0.06803235,187.802,-0.1568899,-0.1337826,-0.9785131,-0.3905101,-0.2506954,-0.3357037,0.5727506,0.5955255,0.1833467,0.5470886,0.5589523,112.0333,0.7181929,0.2211128,0.6597789,0.0246922,-0.05293941,0.09390661,0.1105927,-0.6831516,0.08658279,-0.5035321,0.5217883,117.0954,-0.8008106,0.1014949,-0.5902552,-0.1126533,1.207184,-0.05821885,1.213826,0.02674689,-0.1302671,-0.2008357,-0.9705566,332.1238,0.1110414,-0.5408121,-0.8337818,False,False,False,False
1772879679980,5.596889,0.1627193,1.048768,0.1801411,1.076495,-0.5155777,-0.7048008,0.4196609,0.2476292,151.3255,-0.5321516,-0.7274576,0.4331515,-0.1001515,0.6402932,-0.06011958,0.650861,0.5299592,0.2410335,-0.7593281,0.2906321,146.2084,0.553867,0.2519071,-0.7935833,0.04330258,1.107191,0.2103888,1.127835,0.06509082,1.149023,0.2264427,1.172931,0.07746184,1.148337,0.2386232,1.175423,-0.01617256,0.6592945,0.03456793,0.6603981,-0.004076447,0.6475198,0.0769697,0.6520911,-0.02412966,0.6413001,0.1080205,0.6507815,0.09335597,-0.08079967,0.05783282,0.1363399,0.1235762,-0.07823144,0.01830421,0.1473984,0.1176391,-0.08220721,0.002466843,0.1435377,-0.1156252,0.03944496,-0.03813319,0.1279814,-0.1567612,0.05383214,-0.02457926,0.1675593,-0.1795444,0.04250344,0.002944402,0.1845302,0.09390621,-0.08141384,0.05565552,0.1361768,0.1239139,-0.07959675,0.01797917,0.1483696,0.1175826,-0.08167589,0.002405976,0.1431866,-0.1154012,0.03989178,-0.0371398,0.127625,-0.157025,0.05320246,-0.024409,0.1675803,-0.1791506,0.04299469,0.003327817,0.1842676,0.1017084,-0.08131496,0.04067747,0.1364235,-0.0805293,0.9748767,-0.01938664,0.2067718,156.1335,-0.08230805,0.99641,-0.01981486,-0.1448267,0.04223857,-0.01957031,0.1521246,0.1678418,-0.4517629,-0.3447244,0.8055461,72.67394,0.2832615,-0.7624264,-0.5817808,0.0753078,1.152939,0.2060934,1.173633,0.8974256,-0.2645746,-0.2058624,-0.2867897,213.3317,0.9367763,-0.2761758,-0.2148892,0.09989771,-0.07837109,0.04352532,0.1342238,-0.1565264,-0.1334727,-0.976246,-0.06803235,187.802,-0.1568899,-0.1337826,-0.9785131,-0.3905101,-0.2506954,-0.3357037,0.5727506,0.5955255,0.1833467,0.5470886,0.5589523,112.0333,0.7181929,0.2211128,0.6597789,0.0246922,-0.05293941,0.09390661,0.1105927,-0.6831516,0.08658279,-0.5035321,0.5217883,117.0954,-0.8008106,0.1014949,-0.5902552,-0.112494,1.207235,-0.05865238,1.213882,0.02690362,-0.1303831,-0.2003712,-0.9706327,332.1601,0.1118346,-0.5419844,-0.8329149,False,False,False,False
1772879679995,5.60984,0.1627193,1.048768,0.1801411,1.076495,-0.5155777,-0.7048008,0.4196609,0.2476292,151.3255,-0.5321516,-0.7274576,0.4331515,-0.1001515,0.6402932,-0.06011958,0.650861,0.5299592,0.2410335,-0.7593281,0.2906321,146.2084,0.553867,0.2519071,-0.7935833,0.04330258,1.107191,0.2103888,1.127835,0.06509082,1.149023,0.2264427,1.172931,0.07746184,1.148337,0.2386232,1.175423,-0.01617256,0.6592945,0.03456793,0.6603981,-0.004076447,0.6475198,0.0769697,0.6520911,-0.02412966,0.6413001,0.1080205,0.6507815,0.09335597,-0.08079967,0.05783282,0.1363399,0.1235762,-0.07823144,0.01830421,0.1473984,0.1176391,-0.08220721,0.002466843,0.1435377,-0.1156252,0.03944496,-0.03813319,0.1279814,-0.1567612,0.05383214,-0.02457926,0.1675593,-0.1795444,0.04250344,0.002944402,0.1845302,0.09390621,-0.08141384,0.05565552,0.1361768,0.1239139,-0.07959675,0.01797917,0.1483696,0.1175826,-0.08167589,0.002405976,0.1431866,-0.1154012,0.03989178,-0.0371398,0.127625,-0.157025,0.05320246,-0.024409,0.1675803,-0.1791506,0.04299469,0.003327817,0.1842676,0.1017084,-0.08131496,0.04067747,0.1364235,-0.0805293,0.9748767,-0.01938664,0.2067718,156.1335,-0.08230805,0.99641,-0.01981486,-0.1448267,0.04223857,-0.01957031,0.1521246,0.1678418,-0.4517629,-0.3447244,0.8055461,72.67394,0.2832615,-0.7624264,-0.5817808,0.0753078,1.152939,0.2060934,1.173633,0.8974256,-0.2645746,-0.2058624,-0.2867897,213.3317,0.9367763,-0.2761758,-0.2148892,0.09989771,-0.07837109,0.04352532,0.1342238,-0.1565264,-0.1334727,-0.976246,-0.06803235,187.802,-0.1568899,-0.1337826,-0.9785131,-0.3905101,-0.2506954,-0.3357037,0.5727506,0.5955255,0.1833467,0.5470886,0.5589523,112.0333,0.7181929,0.2211128,0.6597789,0.0246922,-0.05293941,0.09390661,0.1105927,-0.6831516,0.08658279,-0.5035321,0.5217883,117.0954,-0.8008106,0.1014949,-0.5902552,-0.1123631,1.207334,-0.05909285,1.21399,0.02716636,-0.1302412,-0.1997779,-0.9707667,332.224,0.1131814,-0.5426155,-0.8323219,False,False,False,False
1772879680009,5.623655,0.1627193,1.048768,0.1801411,1.076495,-0.5155777,-0.7048008,0.4196609,0.2476292,151.3255,-0.5321516,-0.7274576,0.4331515,-0.1001515,0.6402932,-0.06011958,0.650861,0.5299592,0.2410335,-0.7593281,0.2906321,146.2084,0.553867,0.2519071,-0.7935833,0.04330258,1.107191,0.2103888,1.127835,0.06509082,1.149023,0.2264427,1.172931,0.07746184,1.148337,0.2386232,1.175423,-0.01617256,0.6592945,0.03456793,0.6603981,-0.004076447,0.6475198,0.0769697,0.6520911,-0.02412966,0.6413001,0.1080205,0.6507815,0.09335597,-0.08079967,0.05783282,0.1363399,0.1235762,-0.07823144,0.01830421,0.1473984,0.1176391,-0.08220721,0.002466843,0.1435377,-0.1156252,0.03944496,-0.03813319,0.1279814,-0.1567612,0.05383214,-0.02457926,0.1675593,-0.1795444,0.04250344,0.002944402,0.1845302,0.09390621,-0.08141384,0.05565552,0.1361768,0.1239139,-0.07959675,0.01797917,0.1483696,0.1175826,-0.08167589,0.002405976,0.1431866,-0.1154012,0.03989178,-0.0371398,0.127625,-0.157025,0.05320246,-0.024409,0.1675803,-0.1791506,0.04299469,0.003327817,0.1842676,0.1017084,-0.08131496,0.04067747,0.1364235,-0.0805293,0.9748767,-0.01938664,0.2067718,156.1335,-0.08230805,0.99641,-0.01981486,-0.1448267,0.04223857,-0.01957031,0.1521246,0.1678418,-0.4517629,-0.3447244,0.8055461,72.67394,0.2832615,-0.7624264,-0.5817808,0.0753078,1.152939,0.2060934,1.173633,0.8974256,-0.2645746,-0.2058624,-0.2867897,213.3317,0.9367763,-0.2761758,-0.2148892,0.09989771,-0.07837109,0.04352532,0.1342238,-0.1565264,-0.1334727,-0.976246,-0.06803235,187.802,-0.1568899,-0.1337826,-0.9785131,-0.3905101,-0.2506954,-0.3357037,0.5727506,0.5955255,0.1833467,0.5470886,0.5589523,112.0333,0.7181929,0.2211128,0.6597789,0.0246922,-0.05293941,0.09390661,0.1105927,-0.6831516,0.08658279,-0.5035321,0.5217883,117.0954,-0.8008106,0.1014949,-0.5902552,-0.1123198,1.207471,-0.05945732,1.214141,0.02732806,-0.1300013,-0.1994642,-0.9708589,332.268,0.1140323,-0.5424588,-0.8323078,False,False,False,False
1772879680023,5.638054,0.1627193,1.048768,0.1801411,1.076495,-0.5155777,-0.7048008,0.4196609,0.2476292,151.3255,-0.5321516,-0.7274576,0.4331515,-0.1001515,0.6402932,-0.06011958,0.650861,0.5299592,0.2410335,-0.7593281,0.2906321,146.2084,0.553867,0.2519071,-0.7935833,0.04330258,1.107191,0.2103888,1.127835,0.06509082,1.149023,0.2264427,1.172931,0.07746184,1.148337,0.2386232,1.175423,-0.01617256,0.6592945,0.03456793,0.6603981,-0.004076447,0.6475198,0.0769697,0.6520911,-0.02412966,0.6413001,0.1080205,0.6507815,0.09335597,-0.08079967,0.05783282,0.1363399,0.1235762,-0.07823144,0.01830421,0.1473984,0.1176391,-0.08220721,0.002466843,0.1435377,-0.1156252,0.03944496,-0.03813319,0.1279814,-0.1567612,0.05383214,-0.02457926,0.1675593,-0.1795444,0.04250344,0.002944402,0.1845302,0.09390621,-0.08141384,0.05565552,0.1361768,0.1239139,-0.07959675,0.01797917,0.1483696,0.1175826,-0.08167589,0.002405976,0.1431866,-0.1154012,0.03989178,-0.0371398,0.127625,-0.157025,0.05320246,-0.024409,0.1675803,-0.1791506,0.04299469,0.003327817,0.1842676,0.1017084,-0.08131496,0.04067747,0.1364235,-0.0805293,0.9748767,-0.01938664,0.2067718,156.1335,-0.08230805,0.99641,-0.01981486,-0.1448267,0.04223857,-0.01957031,0.1521246,0.1678418,-0.4517629,-0.3447244,0.8055461,72.67394,0.2832615,-0.7624264,-0.5817808,0.0753078,1.152939,0.2060934,1.173633,0.8974256,-0.2645746,-0.2058624,-0.2867897,213.3317,0.9367763,-0.2761758,-0.2148892,0.09989771,-0.07837109,0.04352532,0.1342238,-0.1565264,-0.1334727,-0.976246,-0.06803235,187.802,-0.1568899,-0.1337826,-0.9785131,-0.3905101,-0.2506954,-0.3357037,0.5727506,0.5955255,0.1833467,0.5470886,0.5589523,112.0333,0.7181929,0.2211128,0.6597789,0.0246922,-0.05293941,0.09390661,0.1105927,-0.6831516,0.08658279,-0.5035321,0.5217883,117.0954,-0.8008106,0.1014949,-0.5902552,-0.1122909,1.2076,-0.05985921,1.214286,0.02754232,-0.1299286,-0.1986862,-0.9710221,332.3462,0.1152447,-0.5436572,-0.8313584,False,False,False,False
1772879680036,5.652266,0.1627193,1.048768,0.1801411,1.076495,-0.5155777,-0.7048008,0.4196609,0.2476292,151.3255,-0.5321516,-0.7274576,0.4331515,-0.1001515,0.6402932,-0.06011958,0.650861,0.5299592,0.2410335,-0.7593281,0.2906321,146.2084,0.553867,0.2519071,-0.7935833,0.04330258,1.107191,0.2103888,1.127835,0.06509082,1.149023,0.2264427,1.172931,0.07746184,1.148337,0.2386232,1.175423,-0.01617256,0.6592945,0.03456793,0.6603981,-0.004076447,0.6475198,0.0769697,0.6520911,-0.02412966,0.6413001,0.1080205,0.6507815,0.09335597,-0.08079967,0.05783282,0.1363399,0.1235762,-0.07823144,0.01830421,0.1473984,0.1176391,-0.08220721,0.002466843,0.1435377,-0.1156252,0.03944496,-0.03813319,0.1279814,-0.1567612,0.05383214,-0.02457926,0.1675593,-0.1795444,0.04250344,0.002944402,0.1845302,0.09390621,-0.08141384,0.05565552,0.1361768,0.1239139,-0.07959675,0.01797917,0.1483696,0.1175826,-0.08167589,0.002405976,0.1431866,-0.1154012,0.03989178,-0.0371398,0.127625,-0.157025,0.05320246,-0.024409,0.1675803,-0.1791506,0.04299469,0.003327817,0.1842676,0.1017084,-0.08131496,0.04067747,0.1364235,-0.0805293,0.9748767,-0.01938664,0.2067718,156.1335,-0.08230805,0.99641,-0.01981486,-0.1448267,0.04223857,-0.01957031,0.1521246,0.1678418,-0.4517629,-0.3447244,0.8055461,72.67394,0.2832615,-0.7624264,-0.5817808,0.0753078,1.152939,0.2060934,1.173633,0.8974256,-0.2645746,-0.2058624,-0.2867897,213.3317,0.9367763,-0.2761758,-0.2148892,0.09989771,-0.07837109,0.04352532,0.1342238,-0.1565264,-0.1334727,-0.976246,-0.06803235,187.802,-0.1568899,-0.1337826,-0.9785131,-0.3905101,-0.2506954,-0.3357037,0.5727506,0.5955255,0.1833467,0.5470886,0.5589523,112.0333,0.7181929,0.2211128,0.6597789,0.0246922,-0.05293941,0.09390661,0.1105927,-0.6831516,0.08658279,-0.5035321,0.5217883,117.0954,-0.8008106,0.1014949,-0.5902552,-0.1123261,1.207692,-0.06025486,1.2144,0.02790444,-0.1296376,-0.1982472,-0.9711403,332.4029,0.1169954,-0.5435335,-0.831194,False,False,False,False
1772879680050,5.666048,0.1627193,1.048768,0.1801411,1.076495,-0.5155777,-0.7048008,0.4196609,0.2476292,151.3255,-0.5321516,-0.7274576,0.4331515,-0.1001515,0.6402932,-0.06011958,0.650861,0.5299592,0.2410335,-0.7593281,0.2906321,146.2084,0.553867,0.2519071,-0.7935833,0.04330258,1.107191,0.2103888,1.127835,0.06509082,1.149023,0.2264427,1.172931,0.07746184,1.148337,0.2386232,1.175423,-0.01617256,0.6592945,0.03456793,0.6603981,-0.004076447,0.6475198,0.0769697,0.6520911,-0.02412966,0.6413001,0.1080205,0.6507815,0.09335597,-0.08079967,0.05783282,0.1363399,0.1235762,-0.07823144,0.01830421,0.1473984,0.1176391,-0.08220721,0.002466843,0.1435377,-0.1156252,0.03944496,-0.03813319,0.1279814,-0.1567612,0.05383214,-0.02457926,0.1675593,-0.1795444,0.04250344,0.002944402,0.1845302,0.09390621,-0.08141384,0.05565552,0.1361768,0.1239139,-0.07959675,0.01797917,0.1483696,0.1175826,-0.08167589,0.002405976,0.1431866,-0.1154012,0.03989178,-0.0371398,0.127625,-0.157025,0.05320246,-0.024409,0.1675803,-0.1791506,0.04299469,0.003327817,0.1842676,0.1017084,-0.08131496,0.04067747,0.1364235,-0.0805293,0.9748767,-0.01938664,0.2067718,156.1335,-0.08230805,0.99641,-0.01981486,-0.1448267,0.04223857,-0.01957031,0.1521246,0.1678418,-0.4517629,-0.3447244,0.8055461,72.67394,0.2832615,-0.7624264,-0.5817808,0.0753078,1.152939,0.2060934,1.173633,0.8974256,-0.2645746,-0.2058624,-0.2867897,213.3317,0.9367763,-0.2761758,-0.2148892,0.09989771,-0.07837109,0.04352532,0.1342238,-0.1565264,-0.1334727,-0.976246,-0.06803235,187.802,-0.1568899,-0.1337826,-0.9785131,-0.3905101,-0.2506954,-0.3357037,0.5727506,0.5955255,0.1833467,0.5470886,0.5589523,112.0333,0.7181929,0.2211128,0.6597789,0.0246922,-0.05293941,0.09390661,0.1105927,-0.6831516,0.08658279,-0.5035321,0.5217883,117.0954,-0.8008106,0.1014949,-0.5902552,-0.1122955,1.207688,-0.06065242,1.214413,0.0281321,-0.1288598,-0.1983971,-0.9712067,332.4348,0.1180837,-0.5408856,-0.8327662,False,False,False,False
1772879680064,5.679434,0.1627193,1.048768,0.1801411,1.076495,-0.5155777,-0.7048008,0.4196609,0.2476292,151.3255,-0.5321516,-0.7274576,0.4331515,-0.1001515,0.6402932,-0.06011958,0.650861,0.5299592,0.2410335,-0.7593281,0.2906321,146.2084,0.553867,0.2519071,-0.7935833,0.04330258,1.107191,0.2103888,1.127835,0.06509082,1.149023,0.2264427,1.172931,0.07746184,1.148337,0.2386232,1.175423,-0.01617256,0.6592945,0.03456793,0.6603981,-0.004076447,0.6475198,0.0769697,0.6520911,-0.02412966,0.6413001,0.1080205,0.6507815,0.09335597,-0.08079967,0.05783282,0.1363399,0.1235762,-0.07823144,0.01830421,0.1473984,0.1176391,-0.08220721,0.002466843,0.1435377,-0.1156252,0.03944496,-0.03813319,0.1279814,-0.1567612,0.05383214,-0.02457926,0.1675593,-0.1795444,0.04250344,0.002944402,0.1845302,0.09390621,-0.08141384,0.05565552,0.1361768,0.1239139,-0.07959675,0.01797917,0.1483696,0.1175826,-0.08167589,0.002405976,0.1431866,-0.1154012,0.03989178,-0.0371398,0.127625,-0.157025,0.05320246,-0.024409,0.1675803,-0.1791506,0.04299469,0.003327817,0.1842676,0.1017084,-0.08131496,0.04067747,0.1364235,-0.0805293,0.9748767,-0.01938664,0.2067718,156.1335,-0.08230805,0.99641,-0.01981486,-0.1448267,0.04223857,-0.01957031,0.1521246,0.1678418,-0.4517629,-0.3447244,0.8055461,72.67394,0.2832615,-0.7624264,-0.5817808,0.0753078,1.152939,0.2060934,1.173633,0.8974256,-0.2645746,-0.2058624,-0.2867897,213.3317,0.9367763,-0.2761758,-0.2148892,0.09989771,-0.07837109,0.04352532,0.1342238,-0.1565264,-0.1334727,-0.976246,-0.06803235,187.802,-0.1568899,-0.1337826,-0.9785131,-0.3905101,-0.2506954,-0.3357037,0.5727506,0.5955255,0.1833467,0.5470886,0.5589523,112.0333,0.7181929,0.2211128,0.6597789,0.0246922,-0.05293941,0.09390661,0.1105927,-0.6831516,0.08658279,-0.5035321,0.5217883,117.0954,-0.8008106,0.1014949,-0.5902552,-0.1123314,1.207757,-0.06105807,1.214506,0.0282055,-0.1283349,-0.1979749,-0.9713602,332.5088,0.1187041,-0.5401031,-0.8331864,False,False,False,False
1772879680079,5.693051,0.1627193,1.048768,0.1801411,1.076495,-0.5155777,-0.7048008,0.4196609,0.2476292,151.3255,-0.5321516,-0.7274576,0.4331515,-0.1001515,0.6402932,-0.06011958,0.650861,0.5299592,0.2410335,-0.7593281,0.2906321,146.2084,0.553867,0.2519071,-0.7935833,0.04330258,1.107191,0.2103888,1.127835,0.06509082,1.149023,0.2264427,1.172931,0.07746184,1.148337,0.2386232,1.175423,-0.01617256,0.6592945,0.03456793,0.6603981,-0.004076447,0.6475198,0.0769697,0.6520911,-0.02412966,0.6413001,0.1080205,0.6507815,0.09335597,-0.08079967,0.05783282,0.1363399,0.1235762,-0.07823144,0.01830421,0.1473984,0.1176391,-0.08220721,0.002466843,0.1435377,-0.1156252,0.03944496,-0.03813319,0.1279814,-0.1567612,0.05383214,-0.02457926,0.1675593,-0.1795444,0.04250344,0.002944402,0.1845302,0.09390621,-0.08141384,0.05565552,0.1361768,0.1239139,-0.07959675,0.01797917,0.1483696,0.1175826,-0.08167589,0.002405976,0.1431866,-0.1154012,0.03989178,-0.0371398,0.127625,-0.157025,0.05320246,-0.024409,0.1675803,-0.1791506,0.04299469,0.003327817,0.1842676,0.1017084,-0.08131496,0.04067747,0.1364235,-0.0805293,0.9748767,-0.01938664,0.2067718,156.1335,-0.08230805,0.99641,-0.01981486,-0.1448267,0.04223857,-0.01957031,0.1521246,0.1678418,-0.4517629,-0.3447244,0.8055461,72.67394,0.2832615,-0.7624264,-0.5817808,0.0753078,1.152939,0.2060934,1.173633,0.8974256,-0.2645746,-0.2058624,-0.2867897,213.3317,0.9367763,-0.2761758,-0.2148892,0.09989771,-0.07837109,0.04352532,0.1342238,-0.1565264,-0.1334727,-0.976246,-0.06803235,187.802,-0.1568899,-0.1337826,-0.9785131,-0.3905101,-0.2506954,-0.3357037,0.5727506,0.5955255,0.1833467,0.5470886,0.5589523,112.0333,0.7181929,0.2211128,0.6597789,0.0246922,-0.05293941,0.09390661,0.1105927,-0.6831516,0.08658279,-0.5035321,0.5217883,117.0954,-0.8008106,0.1014949,-0.5902552,-0.1123603,1.207745,-0.06135926,1.214511,0.02817063,-0.1275919,-0.1976641,-0.9715223,332.587,0.1188895,-0.5384807,-0.8342087,False,False,False,False
1772879680092,5.708649,0.1627193,1.048768,0.1801411,1.076495,-0.5155777,-0.7048008,0.4196609,0.2476292,151.3255,-0.5321516,-0.7274576,0.4331515,-0.1001515,0.6402932,-0.06011958,0.650861,0.5299592,0.2410335,-0.7593281,0.2906321,146.2084,0.553867,0.2519071,-0.7935833,0.04330258,1.107191,0.2103888,1.127835,0.06509082,1.149023,0.2264427,1.172931,0.07746184,1.148337,0.2386232,1.175423,-0.01617256,0.6592945,0.03456793,0.6603981,-0.004076447,0.6475198,0.0769697,0.6520911,-0.02412966,0.6413001,0.1080205,0.6507815,0.09335597,-0.08079967,0.05783282,0.1363399,0.1235762,-0.07823144,0.01830421,0.1473984,0.1176391,-0.08220721,0.002466843,0.1435377,-0.1156252,0.03944496,-0.03813319,0.1279814,-0.1567612,0.05383214,-0.02457926,0.1675593,-0.1795444,0.04250344,0.002944402,0.1845302,0.09390621,-0.08141384,0.05565552,0.1361768,0.1239139,-0.07959675,0.01797917,0.1483696,0.1175826,-0.08167589,0.002405976,0.1431866,-0.1154012,0.03989178,-0.0371398,0.127625,-0.157025,0.05320246,-0.024409,0.1675803,-0.1791506,0.04299469,0.003327817,0.1842676,0.1017084,-0.08131496,0.04067747,0.1364235,-0.0805293,0.9748767,-0.01938664,0.2067718,156.1335,-0.08230805,0.99641,-0.01981486,-0.1448267,0.04223857,-0.01957031,0.1521246,0.1678418,-0.4517629,-0.3447244,0.8055461,72.67394,0.2832615,-0.7624264,-0.5817808,0.0753078,1.152939,0.2060934,1.173633,0.8974256,-0.2645746,-0.2058624,-0.2867897,213.3317,0.9367763,-0.2761758,-0.2148892,0.09989771,-0.07837109,0.04352532,0.1342238,-0.1565264,-0.1334727,-0.976246,-0.06803235,187.802,-0.1568899,-0.1337826,-0.9785131,-0.3905101,-0.2506954,-0.3357037,0.5727506,0.5955255,0.1833467,0.5470886,0.5589523,112.0333,0.7181929,0.2211128,0.6597789,0.0246922,-0.05293941,0.09390661,0.1105927,-0.6831516,0.08658279,-0.5035321,0.5217883,117.0954,-0.8008106,0.1014949,-0.5902552,-0.1123129,1.207817,-0.06166324,1.214594,0.02834055,-0.1268006,-0.1971254,-0.9717304,332.6879,0.1200397,-0.5370784,-0.8349475,False,False,False,False
1772879680106,5.721012,0.1627193,1.048768,0.1801411,1.076495,-0.5155777,-0.7048008,0.4196609,0.2476292,151.3255,-0.5321516,-0.7274576,0.4331515,-0.1001515,0.6402932,-0.06011958,0.650861,0.5299592,0.2410335,-0.7593281,0.2906321,146.2084,0.553867,0.2519071,-0.7935833,0.04330258,1.107191,0.2103888,1.127835,0.06509082,1.149023,0.2264427,1.172931,0.07746184,1.148337,0.2386232,1.175423,-0.01617256,0.6592945,0.03456793,0.6603981,-0.004076447,0.6475198,0.0769697,0.6520911,-0.02412966,0.6413001,0.1080205,0.6507815,0.09335597,-0.08079967,0.05783282,0.1363399,0.1235762,-0.07823144,0.01830421,0.1473984,0.1176391,-0.08220721,0.002466843,0.1435377,-0.1156252,0.03944496,-0.03813319,0.1279814,-0.1567612,0.05383214,-0.02457926,0.1675593,-0.1795444,0.04250344,0.002944402,0.1845302,0.09390621,-0.08141384,0.05565552,0.1361768,0.1239139,-0.07959675,0.01797917,0.1483696,0.1175826,-0.08167589,0.002405976,0.1431866,-0.1154012,0.03989178,-0.0371398,0.127625,-0.157025,0.05320246,-0.024409,0.1675803,-0.1791506,0.04299469,0.003327817,0.1842676,0.1017084,-0.08131496,0.04067747,0.1364235,-0.0805293,0.9748767,-0.01938664,0.2067718,156.1335,-0.08230805,0.99641,-0.01981486,-0.1448267,0.04223857,-0.01957031,0.1521246,0.1678418,-0.4517629,-0.3447244,0.8055461,72.67394,0.2832615,-0.7624264,-0.5817808,0.0753078,1.152939,0.2060934,1.173633,0.8974256,-0.2645746,-0.2058624,-0.2867897,213.3317,0.9367763,-0.2761758,-0.2148892,0.09989771,-0.07837109,0.04352532,0.1342238,-0.1565264,-0.1334727,-0.976246,-0.06803235,187.802,-0.1568899,-0.1337826,-0.9785131,-0.3905101,-0.2506954,-0.3357037,0.5727506,0.5955255,0.1833467,0.5470886,0.5589523,112.0333,0.7181929,0.2211128,0.6597789,0.0246922,-0.05293941,0.09390661,0.1105927,-0.6831516,0.08658279,-0.5035321,0.5217883,117.0954,-0.8008106,0.1014949,-0.5902552,-0.1123322,1.20789,-0.06192505,1.214681,0.02867308,-0.1261543,-0.1963123,-0.9719694,332.8041,0.1219573,-0.5365814,-0.8349894,False,False,False,False
1772879680120,5.734871,0.1627193,1.048768,0.1801411,1.076495,-0.5155777,-0.7048008,0.4196609,0.2476292,151.3255,-0.5321516,-0.7274576,0.4331515,-0.1001515,0.6402932,-0.06011958,0.650861,0.5299592,0.2410335,-0.7593281,0.2906321,146.2084,0.553867,0.2519071,-0.7935833,0.04330258,1.107191,0.2103888,1.127835,0.06509082,1.149023,0.2264427,1.172931,0.07746184,1.148337,0.2386232,1.175423,-0.01617256,0.6592945,0.03456793,0.6603981,-0.004076447,0.6475198,0.0769697,0.6520911,-0.02412966,0.6413001,0.1080205,0.6507815,0.09335597,-0.08079967,0.05783282,0.1363399,0.1235762,-0.07823144,0.01830421,0.1473984,0.1176391,-0.08220721,0.002466843,0.1435377,-0.1156252,0.03944496,-0.03813319,0.1279814,-0.1567612,0.05383214,-0.02457926,0.1675593,-0.1795444,0.04250344,0.002944402,0.1845302,0.09390621,-0.08141384,0.05565552,0.1361768,0.1239139,-0.07959675,0.01797917,0.1483696,0.1175826,-0.08167589,0.002405976,0.1431866,-0.1154012,0.03989178,-0.0371398,0.127625,-0.157025,0.05320246,-0.024409,0.1675803,-0.1791506,0.04299469,0.003327817,0.1842676,0.1017084,-0.08131496,0.04067747,0.1364235,-0.0805293,0.9748767,-0.01938664,0.2067718,156.1335,-0.08230805,0.99641,-0.01981486,-0.1448267,0.04223857,-0.01957031,0.1521246,0.1678418,-0.4517629,-0.3447244,0.8055461,72.67394,0.2832615,-0.7624264,-0.5817808,0.0753078,1.152939,0.2060934,1.173633,0.8974256,-0.2645746,-0.2058624,-0.2867897,213.3317,0.9367763,-0.2761758,-0.2148892,0.09989771,-0.07837109,0.04352532,0.1342238,-0.1565264,-0.1334727,-0.976246,-0.06803235,187.802,-0.1568899,-0.1337826,-0.9785131,-0.3905101,-0.2506954,-0.3357037,0.5727506,0.5955255,0.1833467,0.5470886,0.5589523,112.0333,0.7181929,0.2211128,0.6597789,0.0246922,-0.05293941,0.09390661,0.1105927,-0.6831516,0.08658279,-0.5035321,0.5217883,117.0954,-0.8008106,0.1014949,-0.5902552,-0.1124252,1.20791,-0.06216143,1.214723,0.02883154,-0.1253441,-0.1959054,-0.9721516,332.893,0.1230261,-0.5348516,-0.8359416,False,False,False,False
1772879680133,5.749234,0.1627193,1.048768,0.1801411,1.076495,-0.5155777,-0.7048008,0.4196609,0.2476292,151.3255,-0.5321516,-0.7274576,0.4331515,-0.1001515,0.6402932,-0.06011958,0.650861,0.5299592,0.2410335,-0.7593281,0.2906321,146.2084,0.553867,0.2519071,-0.7935833,0.04330258,1.107191,0.2103888,1.127835,0.06509082,1.149023,0.2264427,1.172931,0.07746184,1.148337,0.2386232,1.175423,-0.01617256,0.6592945,0.03456793,0.6603981,-0.004076447,0.6475198,0.0769697,0.6520911,-0.02412966,0.6413001,0.1080205,0.6507815,0.09335597,-0.08079967,0.05783282,0.1363399,0.1235762,-0.07823144,0.01830421,0.1473984,0.1176391,-0.08220721,0.002466843,0.1435377,-0.1156252,0.03944496,-0.03813319,0.1279814,-0.1567612,0.05383214,-0.02457926,0.1675593,-0.1795444,0.04250344,0.002944402,0.1845302,0.09390621,-0.08141384,0.05565552,0.1361768,0.1239139,-0.07959675,0.01797917,0.1483696,0.1175826,-0.08167589,0.002405976,0.1431866,-0.1154012,0.03989178,-0.0371398,0.127625,-0.157025,0.05320246,-0.024409,0.1675803,-0.1791506,0.04299469,0.003327817,0.1842676,0.1017084,-0.08131496,0.04067747,0.1364235,-0.0805293,0.9748767,-0.01938664,0.2067718,156.1335,-0.08230805,0.99641,-0.01981486,-0.1448267,0.04223857,-0.01957031,0.1521246,0.1678418,-0.4517629,-0.3447244,0.8055461,72.67394,0.2832615,-0.7624264,-0.5817808,0.0753078,1.152939,0.2060934,1.173633,0.8974256,-0.2645746,-0.2058624,-0.2867897,213.3317,0.9367763,-0.2761758,-0.2148892,0.09989771,-0.07837109,0.04352532,0.1342238,-0.1565264,-0.1334727,-0.976246,-0.06803235,187.802,-0.1568899,-0.1337826,-0.9785131,-0.3905101,-0.2506954,-0.3357037,0.5727506,0.5955255,0.1833467,0.5470886,0.5589523,112.0333,0.7181929,0.2211128,0.6597789,0.0246922,-0.05293941,0.09390661,0.1105927,-0.6831516,0.08658279,-0.5035321,0.5217883,117.0954,-0.8008106,0.1014949,-0.5902552,-0.1124979,1.207938,-0.06240895,1.214769,0.02892484,-0.1243833,-0.1952623,-0.9724016,333.0155,0.1239741,-0.5331166,-0.8369097,False,False,False,False
1772879680148,5.76247,0.1627193,1.048768,0.1801411,1.076495,-0.5155777,-0.7048008,0.4196609,0.2476292,151.3255,-0.5321516,-0.7274576,0.4331515,-0.1001515,0.6402932,-0.06011958,0.650861,0.5299592,0.2410335,-0.7593281,0.2906321,146.2084,0.553867,0.2519071,-0.7935833,0.04330258,1.107191,0.2103888,1.127835,0.06509082,1.149023,0.2264427,1.172931,0.07746184,1.148337,0.2386232,1.175423,-0.01617256,0.6592945,0.03456793,0.6603981,-0.004076447,0.6475198,0.0769697,0.6520911,-0.02412966,0.6413001,0.1080205,0.6507815,0.09335597,-0.08079967,0.05783282,0.1363399,0.1235762,-0.07823144,0.01830421,0.1473984,0.1176391,-0.08220721,0.002466843,0.1435377,-0.1156252,0.03944496,-0.03813319,0.1279814,-0.1567612,0.05383214,-0.02457926,0.1675593,-0.1795444,0.04250344,0.002944402,0.1845302,0.09390621,-0.08141384,0.05565552,0.1361768,0.1239139,-0.07959675,0.01797917,0.1483696,0.1175826,-0.08167589,0.002405976,0.1431866,-0.1154012,0.03989178,-0.0371398,0.127625,-0.157025,0.05320246,-0.024409,0.1675803,-0.1791506,0.04299469,0.003327817,0.1842676,0.1017084,-0.08131496,0.04067747,0.1364235,-0.0805293,0.9748767,-0.01938664,0.2067718,156.1335,-0.08230805,0.99641,-0.01981486,-0.1448267,0.04223857,-0.01957031,0.1521246,0.1678418,-0.4517629,-0.3447244,0.8055461,72.67394,0.2832615,-0.7624264,-0.5817808,0.0753078,1.152939,0.2060934,1.173633,0.8974256,-0.2645746,-0.2058624,-0.2867897,213.3317,0.9367763,-0.2761758,-0.2148892,0.09989771,-0.07837109,0.04352532,0.1342238,-0.1565264,-0.1334727,-0.976246,-0.06803235,187.802,-0.1568899,-0.1337826,-0.9785131,-0.3905101,-0.2506954,-0.3357037,0.5727506,0.5955255,0.1833467,0.5470886,0.5589523,112.0333,0.7181929,0.2211128,0.6597789,0.0246922,-0.05293941,0.09390661,0.1105927,-0.6831516,0.08658279,-0.5035321,0.5217883,117.0954,-0.8008106,0.1014949,-0.5902552,-0.1125632,1.207878,-0.06265235,1.214728,0.02910563,-0.1237435,-0.194592,-0.9726121,333.1191,0.125221,-0.5323813,-0.8371925,False,False,False,False
1772879680162,5.776803,0.1627193,1.048768,0.1801411,1.076495,-0.5155777,-0.7048008,0.4196609,0.2476292,151.3255,-0.5321516,-0.7274576,0.4331515,-0.1001515,0.6402932,-0.06011958,0.650861,0.5299592,0.2410335,-0.7593281,0.2906321,146.2084,0.553867,0.2519071,-0.7935833,0.04330258,1.107191,0.2103888,1.127835,0.06509082,1.149023,0.2264427,1.172931,0.07746184,1.148337,0.2386232,1.175423,-0.01617256,0.6592945,0.03456793,0.6603981,-0.004076447,0.6475198,0.0769697,0.6520911,-0.02412966,0.6413001,0.1080205,0.6507815,0.09335597,-0.08079967,0.05783282,0.1363399,0.1235762,-0.07823144,0.01830421,0.1473984,0.1176391,-0.08220721,0.002466843,0.1435377,-0.1156252,0.03944496,-0.03813319,0.1279814,-0.1567612,0.05383214,-0.02457926,0.1675593,-0.1795444,0.04250344,0.002944402,0.1845302,0.09390621,-0.08141384,0.05565552,0.1361768,0.1239139,-0.07959675,0.01797917,0.1483696,0.1175826,-0.08167589,0.002405976,0.1431866,-0.1154012,0.03989178,-0.0371398,0.127625,-0.157025,0.05320246,-0.024409,0.1675803,-0.1791506,0.04299469,0.003327817,0.1842676,0.1017084,-0.08131496,0.04067747,0.1364235,-0.0805293,0.9748767,-0.01938664,0.2067718,156.1335,-0.08230805,0.99641,-0.01981486,-0.1448267,0.04223857,-0.01957031,0.1521246,0.1678418,-0.4517629,-0.3447244,0.8055461,72.67394,0.2832615,-0.7624264,-0.5817808,0.0753078,1.152939,0.2060934,1.173633,0.8974256,-0.2645746,-0.2058624,-0.2867897,213.3317,0.9367763,-0.2761758,-0.2148892,0.09989771,-0.07837109,0.04352532,0.1342238,-0.1565264,-0.1334727,-0.976246,-0.06803235,187.802,-0.1568899,-0.1337826,-0.9785131,-0.3905101,-0.2506954,-0.3357037,0.5727506,0.5955255,0.1833467,0.5470886,0.5589523,112.0333,0.7181929,0.2211128,0.6597789,0.0246922,-0.05293941,0.09390661,0.1105927,-0.6831516,0.08658279,-0.5035321,0.5217883,117.0954,-0.8008106,0.1014949,-0.5902552,-0.1127057,1.20792,-0.06282012,1.214792,0.02900467,-0.1233471,-0.194162,-0.9727514,333.1879,0.1251008,-0.5320114,-0.8374452,False,False,False,False
1772879680174,5.790292,0.1627193,1.048768,0.1801411,1.076495,-0.5155777,-0.7048008,0.4196609,0.2476292,151.3255,-0.5321516,-0.7274576,0.4331515,-0.1001515,0.6402932,-0.06011958,0.650861,0.5299592,0.2410335,-0.7593281,0.2906321,146.2084,0.553867,0.2519071,-0.7935833,0.04330258,1.107191,0.2103888,1.127835,0.06509082,1.149023,0.2264427,1.172931,0.07746184,1.148337,0.2386232,1.175423,-0.01617256,0.6592945,0.03456793,0.6603981,-0.004076447,0.6475198,0.0769697,0.6520911,-0.02412966,0.6413001,0.1080205,0.6507815,0.09335597,-0.08079967,0.05783282,0.1363399,0.1235762,-0.07823144,0.01830421,0.1473984,0.1176391,-0.08220721,0.002466843,0.1435377,-0.1156252,0.03944496,-0.03813319,0.1279814,-0.1567612,0.05383214,-0.02457926,0.1675593,-0.1795444,0.04250344,0.002944402,0.1845302,0.09390621,-0.08141384,0.05565552,0.1361768,0.1239139,-0.07959675,0.01797917,0.1483696,0.1175826,-0.08167589,0.002405976,0.1431866,-0.1154012,0.03989178,-0.0371398,0.127625,-0.157025,0.05320246,-0.024409,0.1675803,-0.1791506,0.04299469,0.003327817,0.1842676,0.1017084,-0.08131496,0.04067747,0.1364235,-0.0805293,0.9748767,-0.01938664,0.2067718,156.1335,-0.08230805,0.99641,-0.01981486,-0.1448267,0.04223857,-0.01957031,0.1521246,0.1678418,-0.4517629,-0.3447244,0.8055461,72.67394,0.2832615,-0.7624264,-0.5817808,0.07530206,1.152827,0.2061336,1.173529,0.8968523,-0.262257,-0.2078018,-0.2893019,213.6323,0.9369168,-0.2739727,-0.2170848,0.09989771,-0.07837109,0.04352532,0.1342238,-0.1565264,-0.1334727,-0.976246,-0.06803235,187.802,-0.1568899,-0.1337826,-0.9785131,-0.3905101,-0.2506954,-0.3357037,0.5727506,0.5955255,0.1833467,0.5470886,0.5589523,112.0333,0.7181929,0.2211128,0.6597789,0.02469794,-0.05282676,0.09386639,0.1105059,-0.6853618,0.08667872,-0.5038979,0.5185105,117.5352,-0.8015258,0.1013702,-0.589305,-0.1126966,1.207963,-0.06312988,1.21485,0.02882705,-0.1228082,-0.1938982,-0.9728775,333.2503,0.1246193,-0.5308997,-0.8382215,False,False,False,False
1772879680190,5.804036,0.1627193,1.048768,0.1801411,1.076495,-0.5155777,-0.7048008,0.4196609,0.2476292,151.3255,-0.5321516,-0.7274576,0.4331515,-0.1001515,0.6402932,-0.06011958,0.650861,0.5299592,0.2410335,-0.7593281,0.2906321,146.2084,0.553867,0.2519071,-0.7935833,0.04330258,1.107191,0.2103888,1.127835,0.06509082,1.149023,0.2264427,1.172931,0.07746184,1.148337,0.2386232,1.175423,-0.01617256,0.6592945,0.03456793,0.6603981,-0.004076447,0.6475198,0.0769697,0.6520911,-0.02412966,0.6413001,0.1080205,0.6507815,0.09335597,-0.08079967,0.05783282,0.1363399,0.1235762,-0.07823144,0.01830421,0.1473984,0.1176391,-0.08220721,0.002466843,0.1435377,-0.1156252,0.03944496,-0.03813319,0.1279814,-0.1567612,0.05383214,-0.02457926,0.1675593,-0.1795444,0.04250344,0.002944402,0.1845302,0.09390621,-0.08141384,0.05565552,0.1361768,0.1239139,-0.07959675,0.01797917,0.1483696,0.1175826,-0.08167589,0.002405976,0.1431866,-0.1154012,0.03989178,-0.0371398,0.127625,-0.157025,0.05320246,-0.024409,0.1675803,-0.1791506,0.04299469,0.003327817,0.1842676,0.1017084,-0.08131496,0.04067747,0.1364235,-0.0805293,0.9748767,-0.01938664,0.2067718,156.1335,-0.08230805,0.99641,-0.01981486,-0.1448267,0.04223857,-0.01957031,0.1521246,0.1678418,-0.4517629,-0.3447244,0.8055461,72.67394,0.2832615,-0.7624264,-0.5817808,0.07547144,1.151994,0.2061908,1.172732,0.8939405,-0.258883,-0.2123046,-0.2979542,214.6695,0.936475,-0.2712009,-0.2224063,0.09989771,-0.07837109,0.04352532,0.1342238,-0.1565264,-0.1334727,-0.976246,-0.06803235,187.802,-0.1568899,-0.1337826,-0.9785131,-0.3905101,-0.2506954,-0.3357037,0.5727506,0.5955255,0.1833467,0.5470886,0.5589523,112.0333,0.7181929,0.2211128,0.6597789,0.02452856,-0.05199385,0.09380926,0.1100236,-0.6916163,0.09002061,-0.5029181,0.5105259,118.6023,-0.8043336,0.1046919,-0.584882,-0.1128579,1.208027,-0.06324153,1.214935,0.02870437,-0.122813,-0.1938974,-0.9728807,333.2519,0.1240962,-0.5309514,-0.8382672,False,False,False,False
1772879680202,5.818237,0.1627193,1.048768,0.1801411,1.076495,-0.5155777,-0.7048008,0.4196609,0.2476292,151.3255,-0.5321516,-0.7274576,0.4331515,-0.1001515,0.6402932,-0.06011958,0.650861,0.5299592,0.2410335,-0.7593281,0.2906321,146.2084,0.553867,0.2519071,-0.7935833,0.04330258,1.107191,0.2103888,1.127835,0.06509082,1.149023,0.2264427,1.172931,0.07746184,1.148337,0.2386232,1.175423,-0.01617256,0.6592945,0.03456793,0.6603981,-0.004076447,0.6475198,0.0769697,0.6520911,-0.02412966,0.6413001,0.1080205,0.6507815,0.09335597,-0.08079967,0.05783282,0.1363399,0.1235762,-0.07823144,0.01830421,0.1473984,0.1176391,-0.08220721,0.002466843,0.1435377,-0.1156252,0.03944496,-0.03813319,0.1279814,-0.1567612,0.05383214,-0.02457926,0.1675593,-0.1795444,0.04250344,0.002944402,0.1845302,0.09390621,-0.08141384,0.05565552,0.1361768,0.1239139,-0.07959675,0.01797917,0.1483696,0.1175826,-0.08167589,0.002405976,0.1431866,-0.1154012,0.03989178,-0.0371398,0.127625,-0.157025,0.05320246,-0.024409,0.1675803,-0.1791506,0.04299469,0.003327817,0.1842676,0.1017084,-0.08131496,0.04067747,0.1364235,-0.0805293,0.9748767,-0.01938664,0.2067718,156.1335,-0.08230805,0.99641,-0.01981486,-0.1448267,0.04223857,-0.01957031,0.1521246,0.1678418,-0.4517629,-0.3447244,0.8055461,72.67394,0.2832615,-0.7624264,-0.5817808,0.07549276,1.151746,0.2061866,1.172489,0.893811,-0.2567067,-0.2135559,-0.2993284,214.8345,0.9367614,-0.2690423,-0.223818,0.09989771,-0.07837109,0.04352532,0.1342238,-0.1565264,-0.1334727,-0.976246,-0.06803235,187.802,-0.1568899,-0.1337826,-0.9785131,-0.3905101,-0.2506954,-0.3357037,0.5727506,0.5955255,0.1833467,0.5470886,0.5589523,112.0333,0.7181929,0.2211128,0.6597789,0.02450724,-0.05174589,0.0938134,0.1099054,-0.6929123,0.0896019,-0.5036506,0.5081143,118.9234,-0.8045056,0.1040323,-0.5847633,-0.1130079,1.20809,-0.06336267,1.215017,0.02867933,-0.1230677,-0.1938639,-0.9728559,333.2396,0.1239321,-0.531813,-0.8377448,False,False,False,False
1772879680218,5.831789,0.1627193,1.048768,0.1801411,1.076495,-0.5155777,-0.7048008,0.4196609,0.2476292,151.3255,-0.5321516,-0.7274576,0.4331515,-0.1001515,0.6402932,-0.06011958,0.650861,0.5299592,0.2410335,-0.7593281,0.2906321,146.2084,0.553867,0.2519071,-0.7935833,0.04330258,1.107191,0.2103888,1.127835,0.06509082,1.149023,0.2264427,1.172931,0.07746184,1.148337,0.2386232,1.175423,-0.01617256,0.6592945,0.03456793,0.6603981,-0.004076447,0.6475198,0.0769697,0.6520911,-0.02412966,0.6413001,0.1080205,0.6507815,0.09335597,-0.08079967,0.05783282,0.1363399,0.1235762,-0.07823144,0.01830421,0.1473984,0.1176391,-0.08220721,0.002466843,0.1435377,-0.1156252,0.03944496,-0.03813319,0.1279814,-0.1567612,0.05383214,-0.02457926,0.1675593,-0.1795444,0.04250344,0.002944402,0.1845302,0.09390621,-0.08141384,0.05565552,0.1361768,0.1239139,-0.07959675,0.01797917,0.1483696,0.1175826,-0.08167589,0.002405976,0.1431866,-0.1154012,0.03989178,-0.0371398,0.127625,-0.157025,0.05320246,-0.024409,0.1675803,-0.1791506,0.04299469,0.003327817,0.1842676,0.1017084,-0.08131496,0.04067747,0.1364235,-0.0805293,0.9748767,-0.01938664,0.2067718,156.1335,-0.08230805,0.99641,-0.01981486,-0.1448267,0.04223857,-0.01957031,0.1521246,0.1678418,-0.4517629,-0.3447244,0.8055461,72.67394,0.2832615,-0.7624264,-0.5817808,0.07572014,1.15053,0.2060519,1.171285,0.8940032,-0.2566698,-0.2133746,-0.2989149,214.7849,0.9368356,-0.2689671,-0.2235976,0.09989771,-0.07837109,0.04352532,0.1342238,-0.1565264,-0.1334727,-0.976246,-0.06803235,187.802,-0.1568899,-0.1337826,-0.9785131,-0.3905101,-0.2506954,-0.3357037,0.5727506,0.5955255,0.1833467,0.5470886,0.5589523,112.0333,0.7181929,0.2211128,0.6597789,0.02427986,-0.0505296,0.09394813,0.1094029,-0.6926316,0.0893416,-0.5038262,0.5083688,118.8895,-0.8043199,0.1037481,-0.5850692,-0.1130849,1.208116,-0.06347235,1.215056,0.02853239,-0.1234439,-0.1939981,-0.9727858,333.2049,0.1231404,-0.5327604,-0.837259,False,False,False,False
1772879680230,5.846767,0.1627193,1.048768,0.1801411,1.076495,-0.5155777,-0.7048008,0.4196609,0.2476292,151.3255,-0.5321516,-0.7274576,0.4331515,-0.1001515,0.6402932,-0.06011958,0.650861,0.5299592,0.2410335,-0.7593281,0.2906321,146.2084,0.553867,0.2519071,-0.7935833,0.04330258,1.107191,0.2103888,1.127835,0.06509082,1.149023,0.2264427,1.172931,0.07746184,1.148337,0.2386232,1.175423,-0.01617256,0.6592945,0.03456793,0.6603981,-0.004076447,0.6475198,0.0769697,0.6520911,-0.02412966,0.6413001,0.1080205,0.6507815,0.09335597,-0.08079967,0.05783282,0.1363399,0.1235762,-0.07823144,0.01830421,0.1473984,0.1176391,-0.08220721,0.002466843,0.1435377,-0.1156252,0.03944496,-0.03813319,0.1279814,-0.1567612,0.05383214,-0.02457926,0.1675593,-0.1795444,0.04250344,0.002944402,0.1845302,0.09390621,-0.08141384,0.05565552,0.1361768,0.1239139,-0.07959675,0.01797917,0.1483696,0.1175826,-0.08167589,0.002405976,0.1431866,-0.1154012,0.03989178,-0.0371398,0.127625,-0.157025,0.05320246,-0.024409,0.1675803,-0.1791506,0.04299469,0.003327817,0.1842676,0.1017084,-0.08131496,0.04067747,0.1364235,-0.0805293,0.9748767,-0.01938664,0.2067718,156.1335,-0.08230805,0.99641,-0.01981486,-0.1448267,0.04223857,-0.01957031,0.1521246,0.1678418,-0.4517629,-0.3447244,0.8055461,72.67394,0.2832615,-0.7624264,-0.5817808,0.07582713,1.150365,0.206059,1.171132,0.8924688,-0.2634583,-0.2116232,-0.2988393,214.7758,0.9352044,-0.2760739,-0.2217567,0.09989771,-0.07837109,0.04352532,0.1342238,-0.1565264,-0.1334727,-0.976246,-0.06803235,187.802,-0.1568899,-0.1337826,-0.9785131,-0.3905101,-0.2506954,-0.3357037,0.5727506,0.5955255,0.1833467,0.5470886,0.5589523,112.0333,0.7181929,0.2211128,0.6597789,0.02417287,-0.05036473,0.09394099,0.109297,-0.6916332,0.09299587,-0.4998434,0.5129836,118.2745,-0.8057251,0.1083365,-0.5822975,-0.1131414,1.208126,-0.0635539,1.215076,0.0284893,-0.1236831,-0.1942657,-0.9727033,333.1641,0.122771,-0.5329966,-0.8371629,False,False,False,False
1772879680244,5.859946,0.1627193,1.048768,0.1801411,1.076495,-0.5155777,-0.7048008,0.4196609,0.2476292,151.3255,-0.5321516,-0.7274576,0.4331515,-0.1001515,0.6402932,-0.06011958,0.650861,0.5299592,0.2410335,-0.7593281,0.2906321,146.2084,0.553867,0.2519071,-0.7935833,0.04330258,1.107191,0.2103888,1.127835,0.06509082,1.149023,0.2264427,1.172931,0.07746184,1.148337,0.2386232,1.175423,-0.01617256,0.6592945,0.03456793,0.6603981,-0.004076447,0.6475198,0.0769697,0.6520911,-0.02412966,0.6413001,0.1080205,0.6507815,0.09335597,-0.08079967,0.05783282,0.1363399,0.1235762,-0.07823144,0.01830421,0.1473984,0.1176391,-0.08220721,0.002466843,0.1435377,-0.1156252,0.03944496,-0.03813319,0.1279814,-0.1567612,0.05383214,-0.02457926,0.1675593,-0.1795444,0.04250344,0.002944402,0.1845302,0.09390621,-0.08141384,0.05565552,0.1361768,0.1239139,-0.07959675,0.01797917,0.1483696,0.1175826,-0.08167589,0.002405976,0.1431866,-0.1154012,0.03989178,-0.0371398,0.127625,-0.157025,0.05320246,-0.024409,0.1675803,-0.1791506,0.04299469,0.003327817,0.1842676,0.1017084,-0.08131496,0.04067747,0.1364235,-0.0805293,0.9748767,-0.01938664,0.2067718,156.1335,-0.08230805,0.99641,-0.01981486,-0.1448267,0.04223857,-0.01957031,0.1521246,0.1678418,-0.4517629,-0.3447244,0.8055461,72.67394,0.2832615,-0.7624264,-0.5817808,0.07581516,1.15023,0.2061013,1.171006,0.8933027,-0.2658328,-0.2121359,-0.2938393,214.1759,0.934559,-0.27811,-0.2219331,0.09989771,-0.07837109,0.04352532,0.1342238,-0.1565264,-0.1334727,-0.976246,-0.06803235,187.802,-0.1568899,-0.1337826,-0.9785131,-0.3905101,-0.2506954,-0.3357037,0.5727506,0.5955255,0.1833467,0.5470886,0.5589523,112.0333,0.7181929,0.2211128,0.6597789,0.02418484,-0.05023026,0.09389868,0.1092014,-0.6901065,0.08974773,-0.4983585,0.5170469,117.7313,-0.8062395,0.1048507,-0.5822236,-0.1132136,1.208148,-0.06359391,1.215106,0.02841774,-0.1239585,-0.1942792,-0.9726676,333.1465,0.1223838,-0.5338398,-0.836683,False,False,False,False
1772879680258,5.873602,0.1627193,1.048768,0.1801411,1.076495,-0.5155777,-0.7048008,0.4196609,0.2476292,151.3255,-0.5321516,-0.7274576,0.4331515,-0.1001515,0.6402932,-0.06011958,0.650861,0.5299592,0.2410335,-0.7593281,0.2906321,146.2084,0.553867,0.2519071,-0.7935833,0.04330258,1.107191,0.2103888,1.127835,0.06509082,1.149023,0.2264427,1.172931,0.07746184,1.148337,0.2386232,1.175423,-0.01617256,0.6592945,0.03456793,0.6603981,-0.004076447,0.6475198,0.0769697,0.6520911,-0.02412966,0.6413001,0.1080205,0.6507815,0.09335597,-0.08079967,0.05783282,0.1363399,0.1235762,-0.07823144,0.01830421,0.1473984,0.1176391,-0.08220721,0.002466843,0.1435377,-0.1156252,0.03944496,-0.03813319,0.1279814,-0.1567612,0.05383214,-0.02457926,0.1675593,-0.1795444,0.04250344,0.002944402,0.1845302,0.09390621,-0.08141384,0.05565552,0.1361768,0.1239139,-0.07959675,0.01797917,0.1483696,0.1175826,-0.08167589,0.002405976,0.1431866,-0.1154012,0.03989178,-0.0371398,0.127625,-0.157025,0.05320246,-0.024409,0.1675803,-0.1791506,0.04299469,0.003327817,0.1842676,0.1017084,-0.08131496,0.04067747,0.1364235,-0.0805293,0.9748767,-0.01938664,0.2067718,156.1335,-0.08230805,0.99641,-0.01981486,-0.1448267,0.04223857,-0.01957031,0.1521246,0.1678418,-0.4517629,-0.3447244,0.8055461,72.67394,0.2832615,-0.7624264,-0.5817808,0.07604655,1.149305,0.2067523,1.170227,0.8979302,-0.2621828,-0.2244898,-0.2731044,211.6982,0.9334145,-0.2725437,-0.2333612,0.09989771,-0.07837109,0.04352532,0.1342238,-0.1565264,-0.1334727,-0.976246,-0.06803235,187.802,-0.1568899,-0.1337826,-0.9785131,-0.3905101,-0.2506954,-0.3357037,0.5727506,0.5955255,0.1833467,0.5470886,0.5589523,112.0333,0.7181929,0.2211128,0.6597789,0.02395345,-0.04930472,0.09324776,0.1081659,-0.6900584,0.06570041,-0.4960958,0.5228691,116.9502,-0.8095353,0.07707579,-0.5819899,-0.1133004,1.208179,-0.06359243,1.215145,0.02850186,-0.1243305,-0.1944104,-0.9725915,333.1089,0.1225778,-0.5347075,-0.8360999,False,False,False,False
1772879680272,5.887933,0.1627193,1.048768,0.1801411,1.076495,-0.5155777,-0.7048008,0.4196609,0.2476292,151.3255,-0.5321516,-0.7274576,0.4331515,-0.1001515,0.6402932,-0.06011958,0.650861,0.5299592,0.2410335,-0.7593281,0.2906321,146.2084,0.553867,0.2519071,-0.7935833,0.04330258,1.107191,0.2103888,1.127835,0.06509082,1.149023,0.2264427,1.172931,0.07746184,1.148337,0.2386232,1.175423,-0.01617256,0.6592945,0.03456793,0.6603981,-0.004076447,0.6475198,0.0769697,0.6520911,-0.02412966,0.6413001,0.1080205,0.6507815,0.09335597,-0.08079967,0.05783282,0.1363399,0.1235762,-0.07823144,0.01830421,0.1473984,0.1176391,-0.08220721,0.002466843,0.1435377,-0.1156252,0.03944496,-0.03813319,0.1279814,-0.1567612,0.05383214,-0.02457926,0.1675593,-0.1795444,0.04250344,0.002944402,0.1845302,0.09390621,-0.08141384,0.05565552,0.1361768,0.1239139,-0.07959675,0.01797917,0.1483696,0.1175826,-0.08167589,0.002405976,0.1431866,-0.1154012,0.03989178,-0.0371398,0.127625,-0.157025,0.05320246,-0.024409,0.1675803,-0.1791506,0.04299469,0.003327817,0.1842676,0.1017084,-0.08131496,0.04067747,0.1364235,-0.0805293,0.9748767,-0.01938664,0.2067718,156.1335,-0.08230805,0.99641,-0.01981486,-0.1448267,0.04223857,-0.01957031,0.1521246,0.1678418,-0.4517629,-0.3447244,0.8055461,72.67394,0.2832615,-0.7624264,-0.5817808,0.07603369,1.149311,0.2067398,1.17023,0.900395,-0.2577065,-0.2236484,-0.2699217,211.3192,0.935104,-0.2676407,-0.2322697,0.09989771,-0.07837109,0.04352532,0.1342238,-0.1565264,-0.1334727,-0.976246,-0.06803235,187.802,-0.1568899,-0.1337826,-0.9785131,-0.3905101,-0.2506954,-0.3357037,0.5727506,0.5955255,0.1833467,0.5470886,0.5589523,112.0333,0.7181929,0.2211128,0.6597789,0.02396631,-0.04931104,0.09326017,0.1081824,-0.6881061,0.06166987,-0.500131,0.5220883,117.0551,-0.806792,0.07230681,-0.5863945,-0.1134114,1.208208,-0.0635651,1.215183,0.02857478,-0.1249092,-0.1947856,-0.9724401,333.0345,0.1225582,-0.5357398,-0.8354421,False,False,False,False
1772879680287,5.901225,0.1627193,1.048768,0.1801411,1.076495,-0.5155777,-0.7048008,0.4196609,0.2476292,151.3255,-0.5321516,-0.7274576,0.4331515,-0.1001515,0.6402932,-0.06011958,0.650861,0.5299592,0.2410335,-0.7593281,0.2906321,146.2084,0.553867,0.2519071,-0.7935833,0.04330258,1.107191,0.2103888,1.127835,0.06509082,1.149023,0.2264427,1.172931,0.07746184,1.148337,0.2386232,1.175423,-0.01617256,0.6592945,0.03456793,0.6603981,-0.004076447,0.6475198,0.0769697,0.6520911,-0.02412966,0.6413001,0.1080205,0.6507815,0.09335597,-0.08079967,0.05783282,0.1363399,0.1235762,-0.07823144,0.01830421,0.1473984,0.1176391,-0.08220721,0.002466843,0.1435377,-0.1156252,0.03944496,-0.03813319,0.1279814,-0.1567612,0.05383214,-0.02457926,0.1675593,-0.1795444,0.04250344,0.002944402,0.1845302,0.09390621,-0.08141384,0.05565552,0.1361768,0.1239139,-0.07959675,0.01797917,0.1483696,0.1175826,-0.08167589,0.002405976,0.1431866,-0.1154012,0.03989178,-0.0371398,0.127625,-0.157025,0.05320246,-0.024409,0.1675803,-0.1791506,0.04299469,0.003327817,0.1842676,0.1017084,-0.08131496,0.04067747,0.1364235,-0.0805293,0.9748767,-0.01938664,0.2067718,156.1335,-0.08230805,0.99641,-0.01981486,-0.1448267,0.04223857,-0.01957031,0.1521246,0.1678418,-0.4517629,-0.3447244,0.8055461,72.67394,0.2832615,-0.7624264,-0.5817808,0.07610332,1.149662,0.2065145,1.17054,0.9034524,-0.2502496,-0.2212736,-0.2686764,211.171,0.9379399,-0.2598024,-0.2297203,0.09989771,-0.07837109,0.04352532,0.1342238,-0.1565264,-0.1334727,-0.976246,-0.06803235,187.802,-0.1568899,-0.1337826,-0.9785131,-0.3905101,-0.2506954,-0.3357037,0.5727506,0.5955255,0.1833467,0.5470886,0.5589523,112.0333,0.7181929,0.2211128,0.6597789,0.02389668,-0.04966211,0.09348547,0.1085215,-0.6857989,0.05866596,-0.5070013,0.5188333,117.492,-0.8022208,0.06862515,-0.5930703,-0.1135005,1.208231,-0.06353118,1.215212,0.02859855,-0.1252109,-0.1947744,-0.9724029,333.0162,0.1225785,-0.5366766,-0.8348379,False,False,False,False
1772879680300,5.916142,0.1627193,1.048768,0.1801411,1.076495,-0.5155777,-0.7048008,0.4196609,0.2476292,151.3255,-0.5321516,-0.7274576,0.4331515,-0.1001515,0.6402932,-0.06011958,0.650861,0.5299592,0.2410335,-0.7593281,0.2906321,146.2084,0.553867,0.2519071,-0.7935833,0.04330258,1.107191,0.2103888,1.127835,0.06509082,1.149023,0.2264427,1.172931,0.07746184,1.148337,0.2386232,1.175423,-0.01617256,0.6592945,0.03456793,0.6603981,-0.004076447,0.6475198,0.0769697,0.6520911,-0.02412966,0.6413001,0.1080205,0.6507815,0.09335597,-0.08079967,0.05783282,0.1363399,0.1235762,-0.07823144,0.01830421,0.1473984,0.1176391,-0.08220721,0.002466843,0.1435377,-0.1156252,0.03944496,-0.03813319,0.1279814,-0.1567612,0.05383214,-0.02457926,0.1675593,-0.1795444,0.04250344,0.002944402,0.1845302,0.09390621,-0.08141384,0.05565552,0.1361768,0.1239139,-0.07959675,0.01797917,0.1483696,0.1175826,-0.08167589,0.002405976,0.1431866,-0.1154012,0.03989178,-0.0371398,0.127625,-0.157025,0.05320246,-0.024409,0.1675803,-0.1791506,0.04299469,0.003327817,0.1842676,0.1017084,-0.08131496,0.04067747,0.1364235,-0.0805293,0.9748767,-0.01938664,0.2067718,156.1335,-0.08230805,0.99641,-0.01981486,-0.1448267,0.04223857,-0.01957031,0.1521246,0.1678418,-0.4517629,-0.3447244,0.8055461,72.67394,0.2832615,-0.7624264,-0.5817808,0.07599355,1.150205,0.2060685,1.170987,0.9033916,-0.2537011,-0.2112406,-0.273673,211.7659,0.9392495,-0.2637711,-0.2196253,0.09989771,-0.07837109,0.04352532,0.1342238,-0.1565264,-0.1334727,-0.976246,-0.06803235,187.802,-0.1568899,-0.1337826,-0.9785131,-0.3905101,-0.2506954,-0.3357037,0.5727506,0.5955255,0.1833467,0.5470886,0.5589523,112.0333,0.7181929,0.2211128,0.6597789,0.02400645,-0.05020452,0.0939315,0.1091784,-0.681244,0.06891806,-0.5097235,0.5209023,117.2144,-0.798068,0.08073656,-0.5971342,-0.113606,1.208237,-0.06349766,1.215226,0.02836128,-0.1254431,-0.1948691,-0.9723609,332.9956,0.1214704,-0.537269,-0.8346182,False,False,False,False
1772879680314,5.928889,0.1627193,1.048768,0.1801411,1.076495,-0.5155777,-0.7048008,0.4196609,0.2476292,151.3255,-0.5321516,-0.7274576,0.4331515,-0.1001515,0.6402932,-0.06011958,0.650861,0.5299592,0.2410335,-0.7593281,0.2906321,146.2084,0.553867,0.2519071,-0.7935833,0.04330258,1.107191,0.2103888,1.127835,0.06509082,1.149023,0.2264427,1.172931,0.07746184,1.148337,0.2386232,1.175423,-0.01617256,0.6592945,0.03456793,0.6603981,-0.004076447,0.6475198,0.0769697,0.6520911,-0.02412966,0.6413001,0.1080205,0.6507815,0.09335597,-0.08079967,0.05783282,0.1363399,0.1235762,-0.07823144,0.01830421,0.1473984,0.1176391,-0.08220721,0.002466843,0.1435377,-0.1156252,0.03944496,-0.03813319,0.1279814,-0.1567612,0.05383214,-0.02457926,0.1675593,-0.1795444,0.04250344,0.002944402,0.1845302,0.09390621,-0.08141384,0.05565552,0.1361768,0.1239139,-0.07959675,0.01797917,0.1483696,0.1175826,-0.08167589,0.002405976,0.1431866,-0.1154012,0.03989178,-0.0371398,0.127625,-0.157025,0.05320246,-0.024409,0.1675803,-0.1791506,0.04299469,0.003327817,0.1842676,0.1017084,-0.08131496,0.04067747,0.1364235,-0.0805293,0.9748767,-0.01938664,0.2067718,156.1335,-0.08230805,0.99641,-0.01981486,-0.1448267,0.04223857,-0.01957031,0.1521246,0.1678418,-0.4517629,-0.3447244,0.8055461,72.67394,0.2832615,-0.7624264,-0.5817808,0.07581851,1.150803,0.2054265,1.17145,0.9035923,-0.2569983,-0.1980505,-0.2797301,212.4882,0.9411648,-0.2676846,-0.2062857,0.09989771,-0.07837109,0.04352532,0.1342238,-0.1565264,-0.1334727,-0.976246,-0.06803235,187.802,-0.1568899,-0.1337826,-0.9785131,-0.3905101,-0.2506954,-0.3357037,0.5727506,0.5955255,0.1833467,0.5470886,0.5589523,112.0333,0.7181929,0.2211128,0.6597789,0.02418149,-0.05080259,0.0945735,0.1100445,-0.6749269,0.08149569,-0.514079,0.523025,116.9292,-0.7918727,0.0956166,-0.6031544,-0.1137419,1.208226,-0.06342335,1.215225,0.02822545,-0.1256659,-0.1953165,-0.9722463,332.9394,0.1206424,-0.5371261,-0.8348297,False,False,False,False
1772879680328,5.942698,0.1627193,1.048768,0.1801411,1.076495,-0.5155777,-0.7048008,0.4196609,0.2476292,151.3255,-0.5321516,-0.7274576,0.4331515,-0.1001515,0.6402932,-0.06011958,0.650861,0.5299592,0.2410335,-0.7593281,0.2906321,146.2084,0.553867,0.2519071,-0.7935833,0.04330258,1.107191,0.2103888,1.127835,0.06509082,1.149023,0.2264427,1.172931,0.07746184,1.148337,0.2386232,1.175423,-0.01617256,0.6592945,0.03456793,0.6603981,-0.004076447,0.6475198,0.0769697,0.6520911,-0.02412966,0.6413001,0.1080205,0.6507815,0.09335597,-0.08079967,0.05783282,0.1363399,0.1235762,-0.07823144,0.01830421,0.1473984,0.1176391,-0.08220721,0.002466843,0.1435377,-0.1156252,0.03944496,-0.03813319,0.1279814,-0.1567612,0.05383214,-0.02457926,0.1675593,-0.1795444,0.04250344,0.002944402,0.1845302,0.09390621,-0.08141384,0.05565552,0.1361768,0.1239139,-0.07959675,0.01797917,0.1483696,0.1175826,-0.08167589,0.002405976,0.1431866,-0.1154012,0.03989178,-0.0371398,0.127625,-0.157025,0.05320246,-0.024409,0.1675803,-0.1791506,0.04299469,0.003327817,0.1842676,0.1017084,-0.08131496,0.04067747,0.1364235,-0.0805293,0.9748767,-0.01938664,0.2067718,156.1335,-0.08230805,0.99641,-0.01981486,-0.1448267,0.04223857,-0.01957031,0.1521246,0.1678418,-0.4517629,-0.3447244,0.8055461,72.67394,0.2832615,-0.7624264,-0.5817808,0.07548963,1.151479,0.2038622,1.171821,0.9013103,-0.2625396,-0.1856629,-0.290245,213.7453,0.9418549,-0.2743497,-0.1940148,0.09989771,-0.07837109,0.04352532,0.1342238,-0.1565264,-0.1334727,-0.976246,-0.06803235,187.802,-0.1568899,-0.1337826,-0.9785131,-0.3905101,-0.2506954,-0.3357037,0.5727506,0.5955255,0.1833467,0.5470886,0.5589523,112.0333,0.7181929,0.2211128,0.6597789,0.02451037,-0.05147946,0.09613785,0.1117738,-0.6708676,0.09823534,-0.5157247,0.5237507,116.8316,-0.7875218,0.1153171,-0.6054018,-0.1139043,1.208193,-0.06327655,1.215199,0.02847702,-0.1253364,-0.1955032,-0.972244,332.9383,0.1217127,-0.5356963,-0.8355939,True,True,False,False
1772879680342,5.957822,0.1350757,1.096124,0.1043345,1.109333,-0.3666738,-0.7171049,0.3134672,0.5030402,119.5973,-0.4242618,-0.8297298,0.3626989,-0.1014695,0.6339759,-0.06008283,0.6448499,0.5189877,0.2322787,-0.763036,0.3073675,144.1987,0.5453894,0.2440951,-0.8018528,0.06208925,1.132088,0.2100403,1.153081,0.07418467,1.179693,0.2234003,1.20295,0.09216502,1.15941,0.2264331,1.184905,-0.01444398,0.6577911,0.0315006,0.6587033,-0.004604761,0.6489308,0.07565199,0.6533419,-0.02294939,0.6408982,0.1058585,0.649987,0.09864022,-0.08265744,0.03509942,0.1333946,0.1425351,-0.06559725,0.01577894,0.1576966,0.122917,-0.07513732,-0.0005921423,0.1440644,-0.1147432,0.04181166,-0.04017355,0.1285618,-0.1566759,0.05346472,-0.02499092,0.1674227,-0.1780856,0.0450148,0.003003821,0.1837113,0.09428418,-0.08151313,0.05401428,0.1358361,0.1254007,-0.078479,0.0178035,0.1490008,0.1180085,-0.08115384,0.0021666,0.1432363,-0.1153487,0.04004506,-0.03738202,0.1276963,-0.1569972,0.0532234,-0.02445546,0.1675676,-0.1790656,0.04315598,0.003301949,0.1842222,0.1025961,-0.08113427,0.03898727,0.1364872,-0.1004505,0.9718865,-0.01868276,0.212126,155.5061,-0.1027897,0.9945194,-0.01911784,-0.1447183,0.04237334,-0.01972583,0.1520789,0.166402,-0.4510612,-0.3432414,0.8068702,72.41748,0.2816894,-0.7635674,-0.5810473,0.07544871,1.152066,0.2032953,1.172296,0.9028438,-0.26474,-0.1712077,-0.2923591,213.9985,0.9440925,-0.2768354,-0.1790297,0.1089015,-0.06441347,0.02262384,0.1285319,0.1315327,-0.5546576,-0.745014,-0.3464226,220.5373,0.140215,-0.5912698,-0.7941914,-0.4129049,-0.2475622,-0.3701544,0.6072823,0.6711197,0.578097,0.06707584,0.4592422,125.3236,0.7555006,0.650782,0.07550938,0.02455129,-0.05206573,0.09670471,0.1125407,-0.6619279,0.1078773,-0.5215818,0.5274151,116.3381,-0.7790982,0.126973,-0.6139088,-0.1140812,1.208168,-0.0631273,1.215183,0.02857578,-0.1251438,-0.1957358,-0.9722191,332.9261,0.1220808,-0.5346365,-0.8362181,True,True,False,False
1772879680356,5.974045,0.1352818,1.095422,0.1046571,1.108694,-0.3743146,-0.7164822,0.3114171,0.4995611,120.0581,-0.4320949,-0.8270805,0.3594884,-0.1011689,0.6338069,-0.06007425,0.6446358,0.5189877,0.2322787,-0.763036,0.3073675,144.1987,0.5453894,0.2440951,-0.8018528,0.06198359,1.133291,0.2094744,1.154153,0.0740562,1.180346,0.22273,1.203458,0.09162515,1.160026,0.22626,1.185432,-0.01415574,0.6575842,0.03149074,0.65849,-0.004309793,0.6487752,0.07567151,0.6531876,-0.02264825,0.6407266,0.105858,0.6498072,0.09886575,-0.082572,0.03465256,0.1333918,0.1424811,-0.06598313,0.01572703,0.1578036,0.1230863,-0.0756062,-0.0005606711,0.1444536,-0.114714,0.04183025,-0.04014648,0.1285333,-0.1566877,0.053451,-0.02499237,0.1674296,-0.1780767,0.04501741,0.003002055,0.1837033,0.09468175,-0.08160502,0.05233414,0.1355097,0.1268828,-0.07739466,0.01762331,0.1496655,0.1184491,-0.08067244,0.001929937,0.1433247,-0.1152936,0.04019998,-0.03762191,0.1277656,-0.1569703,0.05324315,-0.02450205,0.1675556,-0.1789797,0.0433175,0.003275925,0.1841762,0.1035453,-0.0809273,0.03729637,0.1366085,-0.1170319,0.9687541,-0.01769475,0.2179588,154.8217,-0.1199149,0.9926186,-0.01813065,-0.144607,0.04250915,-0.01988157,0.1520312,0.1649192,-0.4503932,-0.3416344,0.8082286,72.15355,0.2800611,-0.764845,-0.5801538,0.07542298,1.15265,0.2022378,1.172685,0.900706,-0.2743596,-0.1652732,-0.2934968,214.1348,0.9422004,-0.286999,-0.1728872,0.1088239,-0.06459881,0.02241402,0.1285225,0.1364795,-0.5587993,-0.7404506,-0.3476343,220.6854,0.145558,-0.5959699,-0.7897043,-0.4124462,-0.2483153,-0.3706447,0.607577,0.6710097,0.5865839,0.07140402,0.4478472,126.7887,0.7504776,0.6560532,0.07986042,0.02457702,-0.05264986,0.09776221,0.1137255,-0.6585578,0.1157625,-0.5174611,0.5339804,115.4504,-0.7789003,0.1369165,-0.61202,-0.1142518,1.208125,-0.06296913,1.215148,0.02846747,-0.1248538,-0.1958877,-0.972229,332.9309,0.1216394,-0.5334914,-0.837014,True,True,False,False
1772879680369,5.988609,0.1360918,1.095205,0.1052198,1.108632,-0.3823945,-0.7161406,0.3088567,0.4955046,120.594,-0.4402396,-0.8244718,0.3555776,-0.1006878,0.6333281,-0.06007738,0.6440899,0.5189877,0.2322787,-0.763036,0.3073675,144.1987,0.5453894,0.2440951,-0.8018528,0.06159237,1.134317,0.208507,1.154965,0.0743857,1.180628,0.221603,1.203546,0.09171516,1.159785,0.2247715,1.18492,-0.0137015,0.6569217,0.03149431,0.657819,-0.00380804,0.6482195,0.07557648,0.6526215,-0.02203146,0.6400596,0.1057031,0.6491032,0.09842803,-0.08262089,0.03512719,0.1332224,0.1413983,-0.06635404,0.0159224,0.1570027,0.1213513,-0.07554032,-0.0001561195,0.1429423,-0.114671,0.04194007,-0.04000293,0.128486,-0.1565899,0.05352297,-0.02498645,0.1673601,-0.1779289,0.0452514,0.002987072,0.1836173,0.09502831,-0.08169899,0.05074239,0.1352032,0.1282256,-0.07637333,0.01746597,0.1502656,0.1187176,-0.08019768,0.001736964,0.1432779,-0.115236,0.04036095,-0.03784217,0.1278295,-0.1569351,0.05326904,-0.02454686,0.1675374,-0.1788825,0.0434964,0.003249204,0.1841235,0.1044469,-0.08069665,0.03571307,0.1367352,-0.1294307,0.9660431,-0.01561803,0.22308,154.22,-0.1327767,0.9910166,-0.01602178,-0.1444898,0.04265613,-0.02002757,0.1519801,0.1632727,-0.4498612,-0.3398076,0.8096282,71.88076,0.2781747,-0.7664477,-0.5789447,0.07523636,1.153285,0.2015701,1.173182,0.9019153,-0.2781631,-0.1536131,-0.2925356,214.0197,0.9431749,-0.2908881,-0.1606403,0.1081174,-0.06465635,0.02287674,0.1280358,0.1309757,-0.5611209,-0.741191,-0.3444197,220.2928,0.1395116,-0.59769,-0.7894956,-0.4115648,-0.2493853,-0.3714041,0.6078812,0.6769046,0.5853401,0.07685581,0.4396254,127.84,0.7536392,0.6516948,0.08556825,0.02476364,-0.05328453,0.09842993,0.1146339,-0.6502519,0.1223059,-0.5207504,0.5394747,114.7042,-0.7722688,0.1452561,-0.618467,-0.1144066,1.20805,-0.06280448,1.21508,0.02839374,-0.1245391,-0.1960827,-0.9722322,332.9325,0.1213312,-0.5321766,-0.8378943,True,True,False,False
1772879680383,6.001904,0.1363907,1.094384,0.1057919,1.107913,-0.3905509,-0.7160001,0.306077,0.4910507,121.1807,-0.4483262,-0.8219202,0.3513559,-0.1006963,0.6332614,-0.0600611,0.6440242,0.5189877,0.2322787,-0.763036,0.3073675,144.1987,0.5453894,0.2440951,-0.8018528,0.06100235,1.135315,0.2077783,1.155782,0.07413754,1.181435,0.2206465,1.204147,0.09118163,1.160387,0.2241089,1.185342,-0.01373222,0.6568229,0.03150566,0.6577215,-0.003810186,0.648132,0.07556987,0.6525338,-0.021995,0.6399339,0.1056667,0.648972,0.09856137,-0.08254404,0.03510147,0.1332666,0.1413975,-0.06631277,0.01594867,0.1569872,0.1212803,-0.0754334,-0.000102967,0.1428255,-0.114653,0.04194706,-0.03996861,0.1284615,-0.1565655,0.05354294,-0.02498459,0.1673434,-0.1778784,0.04532668,0.002979003,0.1835868,0.0953245,-0.08176984,0.04943113,0.1349685,0.1293299,-0.0755299,0.01733877,0.1507701,0.1189324,-0.07979827,0.001582714,0.1432313,-0.1151871,0.04049392,-0.03802044,0.1278803,-0.1569041,0.053292,-0.02458356,0.167521,-0.1787984,0.04364984,0.003226552,0.1840776,0.1052277,-0.08047418,0.03443518,0.136875,-0.1381505,0.9638473,-0.01344483,0.2274471,153.7064,-0.1418688,0.9897892,-0.0138067,-0.1443897,0.04278016,-0.02014743,0.1519357,0.161844,-0.4494587,-0.3382266,0.8107998,71.65171,0.2765034,-0.7678807,-0.5778454,0.07506144,1.15385,0.2002048,1.173493,0.9005762,-0.282283,-0.1501104,-0.2945261,214.2582,0.9423769,-0.2953853,-0.1570778,0.1081043,-0.06463894,0.02275663,0.1279945,0.1335098,-0.5621095,-0.7403017,-0.3437462,220.2106,0.1421735,-0.5985858,-0.7883411,-0.4110368,-0.2499808,-0.3720026,0.6081344,0.6769713,0.590922,0.08342803,0.4307679,128.9674,0.7501377,0.6547883,0.09244484,0.02493856,-0.05384982,0.09979518,0.1161069,-0.6486918,0.127371,-0.5192439,0.5416286,114.4109,-0.7716845,0.1515207,-0.6176931,-0.1145341,1.207942,-0.06264736,1.214976,0.02821612,-0.1242581,-0.1962836,-0.9722328,332.9328,0.1205735,-0.5309817,-0.8387619,True,True,False,False
1772879680397,6.015998,0.1369558,1.093929,0.106015,1.107554,-0.3985752,-0.7160317,0.3031662,0.4863402,121.7994,-0.456156,-0.8194743,0.3469636,-0.1008933,0.633285,-0.05995979,0.6440687,0.5189877,0.2322787,-0.763036,0.3073675,144.1987,0.5453894,0.2440951,-0.8018528,0.06121917,1.136556,0.2067511,1.156829,0.07407687,1.18172,0.2192707,1.204172,0.09092547,1.160463,0.2224045,1.185076,-0.01392744,0.6569719,0.03155717,0.6578768,-0.00401659,0.6481824,0.07569769,0.6525999,-0.02223382,0.6400166,0.1058119,0.6490853,0.09856171,-0.08243693,0.03450541,0.1330447,0.1406627,-0.06666623,0.01604867,0.1564862,0.1201608,-0.07518908,0.0001548231,0.1417464,-0.1146356,0.04186195,-0.04007187,0.1284503,-0.1565938,0.05351648,-0.02498727,0.1673619,-0.1779215,0.04525394,0.002981827,0.1836107,0.09557407,-0.08182127,0.04828043,0.1347595,0.1302036,-0.07484656,0.01723931,0.1511693,0.1190271,-0.07944293,0.00147263,0.1431112,-0.1151446,0.04059939,-0.0381786,0.1279226,-0.1568802,0.05330931,-0.02461468,0.1675087,-0.1787308,0.04377351,0.003207685,0.184041,0.1058933,-0.08026046,0.03333996,0.1369915,-0.1435319,0.9622701,-0.01086162,0.2309046,153.2993,-0.1475184,0.9889964,-0.0111633,-0.1443047,0.04287887,-0.02025361,0.1518968,0.1606795,-0.4490772,-0.3369872,0.8117582,71.46386,0.2751391,-0.7689761,-0.5770391,0.07491886,1.15436,0.1995189,1.173869,0.9029227,-0.283,-0.1352017,-0.2938743,214.1801,0.9446339,-0.2960734,-0.1414474,0.1076589,-0.06461771,0.02296205,0.1276446,0.1275332,-0.5613695,-0.7410665,-0.345572,220.4334,0.1359061,-0.5982249,-0.7897194,-0.4097953,-0.250294,-0.3729001,0.6079752,0.6799228,0.5909141,0.08481304,0.4258315,129.5934,0.7514598,0.6530862,0.09373651,0.02508114,-0.05436027,0.1004812,0.1169639,-0.6380937,0.1344747,-0.5262625,0.5457115,113.8534,-0.7614725,0.1604761,-0.6280183,-0.1146445,1.20783,-0.0624752,1.214866,0.02802341,-0.1236961,-0.196499,-0.9722665,332.9493,0.1198218,-0.5288966,-0.8401852,True,True,False,False
1772879680411,6.028891,0.1371939,1.093218,0.1063102,1.10691,-0.4053332,-0.716132,0.3004354,0.4822848,122.3305,-0.4627014,-0.8174888,0.3429571,-0.101219,0.6335759,-0.05992999,0.6444031,0.5189877,0.2322787,-0.763036,0.3073675,144.1987,0.5453894,0.2440951,-0.8018528,0.06097242,1.137506,0.2060359,1.157622,0.07379002,1.182573,0.2182268,1.204801,0.09038446,1.161019,0.221807,1.185467,-0.01426834,0.6572887,0.03158324,0.6582017,-0.004324828,0.648423,0.07567771,0.6528385,-0.02248792,0.640209,0.1057635,0.6492758,0.0988609,-0.08232371,0.03414199,0.1331028,0.1408931,-0.06648608,0.01607484,0.1566195,0.1203128,-0.07518227,0.0001498014,0.1418717,-0.1146338,0.04183308,-0.04008072,0.1284422,-0.1565405,0.05356603,-0.02498225,0.1673272,-0.1778455,0.04537681,0.002974115,0.1835673,0.09584146,-0.08186214,0.04713024,0.1345669,0.1310732,-0.07416642,0.01714457,0.1515743,0.1191317,-0.07909632,0.001365016,0.1430051,-0.115103,0.04069975,-0.03833334,0.1279634,-0.1568526,0.05333019,-0.02464459,0.1674939,-0.1786587,0.04390394,0.003188683,0.1840018,0.1065902,-0.0800257,0.03226664,0.1371376,-0.148553,0.9606777,-0.008259789,0.2344401,152.8828,-0.1528118,0.9882188,-0.008496584,-0.144218,0.0429782,-0.02035839,0.1518566,0.1594697,-0.4487128,-0.3358119,0.8126849,71.28182,0.2736722,-0.7700536,-0.5762999,0.07480157,1.154889,0.1987558,1.174252,0.9022572,-0.2863698,-0.1290881,-0.2953992,214.3629,0.9444022,-0.2997463,-0.1351179,0.1077396,-0.0646427,0.02275762,0.1276888,0.1345035,-0.5634076,-0.7382367,-0.3456696,220.4454,0.1433394,-0.6004196,-0.7867337,-0.4092261,-0.250293,-0.3734198,0.6079103,0.6773899,0.6000702,0.09080998,0.4157072,130.8723,0.7447949,0.6597813,0.0998462,0.02519843,-0.05488873,0.1012442,0.1178903,-0.6344752,0.1401465,-0.5265837,0.548188,113.5144,-0.7586192,0.1675682,-0.6296173,-0.1147434,1.207722,-0.0623175,1.21476,0.02809459,-0.1233127,-0.1962688,-0.9723597,332.995,0.1203256,-0.528133,-0.8405947,True,True,False,False
1772879680426,6.042904,0.1375013,1.09269,0.1065377,1.106449,-0.4112739,-0.7160549,0.298086,0.4788151,122.7839,-0.4684663,-0.8156306,0.3395383,-0.1017796,0.634091,-0.05995221,0.6449998,0.5188617,0.232471,-0.7631079,0.307256,144.2121,0.5452365,0.244288,-0.8018982,0.06073933,1.138352,0.2052152,1.158295,0.07370996,1.183073,0.217362,1.205131,0.09011656,1.161415,0.2210195,1.185687,-0.01479757,0.6577973,0.03151332,0.6587179,-0.004834276,0.648922,0.07563646,0.6533329,-0.02301195,0.6407233,0.1057337,0.6497965,0.09899478,-0.08218859,0.03405426,0.1330963,0.1408168,-0.06657594,0.01608351,0.1565899,0.1201553,-0.0750805,0.0001957566,0.1416842,-0.1146199,0.04181637,-0.04009318,0.1284282,-0.1565607,0.05354593,-0.02498429,0.1673399,-0.1778693,0.0453189,0.002975494,0.183576,0.09607776,-0.0818866,0.04615037,0.1344106,0.1318033,-0.07359761,0.01706506,0.1519208,0.1192084,-0.07879539,0.001277395,0.142902,-0.1150668,0.04078343,-0.03846522,0.127997,-0.1568307,0.05334636,-0.02467004,0.1674823,-0.1785996,0.04400997,0.003172708,0.1839694,0.1071999,-0.07980632,0.03137051,0.137277,-0.1521036,0.9594078,-0.005788509,0.2374187,152.5315,-0.1565806,0.9876473,-0.00595889,-0.1441447,0.04305982,-0.02044795,0.1518221,0.1584701,-0.4483984,-0.3348118,0.8134663,71.12804,0.2724668,-0.7709575,-0.5756615,0.07481341,1.155542,0.1967935,1.174564,0.9017029,-0.2880122,-0.119696,-0.2994222,214.8458,0.9450616,-0.3018614,-0.1254516,0.1077528,-0.0646148,0.0227669,0.1276874,0.1327274,-0.5644999,-0.7375971,-0.3459393,220.4783,0.1414617,-0.6016474,-0.7861355,-0.4085754,-0.2500713,-0.3739942,0.6077344,0.6790355,0.6022236,0.0932504,0.409319,131.6759,0.7442371,0.6600496,0.1022044,0.02518659,-0.05554175,0.1032065,0.1198784,-0.6294626,0.1487111,-0.5294798,0.54892,113.4141,-0.7530584,0.1779107,-0.6334438,-0.1148383,1.207653,-0.06215665,1.214692,0.02775497,-0.1228045,-0.1962394,-0.9724396,333.0342,0.1190409,-0.5267079,-0.8416697,True,True,False,False
1772879680439,6.057444,0.1377382,1.091986,0.1059375,1.105726,-0.4174969,-0.7157656,0.2958249,0.4752511,123.2486,-0.4745091,-0.8135085,0.3362219,-0.1025304,0.6349258,-0.06001744,0.6459454,0.5187504,0.2326414,-0.7631836,0.307127,144.2277,0.5450956,0.2444563,-0.8019426,0.06062503,1.139388,0.2031166,1.158938,0.07360765,1.183507,0.2153559,1.205191,0.08984989,1.161738,0.2192025,1.185646,-0.01549918,0.6586062,0.03140518,0.6595367,-0.005552572,0.6497869,0.07560673,0.6541944,-0.02390586,0.6417983,0.105862,0.6509096,0.09916532,-0.08154146,0.0339756,0.1328048,0.1406504,-0.06645595,0.01619208,0.1564005,0.1199426,-0.07484116,0.0002742559,0.1413772,-0.1146105,0.04182333,-0.04010652,0.1284262,-0.156637,0.05347655,-0.02499148,0.1673902,-0.1780869,0.04495685,0.0029971,0.1836982,0.09632763,-0.08185867,0.04516511,0.1342376,0.1325193,-0.07301966,0.01699441,0.1522565,0.1192679,-0.07847539,0.001196215,0.1427748,-0.1150299,0.04086758,-0.03859804,0.1280307,-0.156815,0.05335689,-0.02469606,0.1674748,-0.1785581,0.0440866,0.003158496,0.1839473,0.10783,-0.07953637,0.03048317,0.1374138,-0.1550073,0.9582471,-0.003350602,0.2402583,152.1964,-0.1596846,0.9871621,-0.003451706,-0.1440832,0.04312979,-0.02053465,0.1517954,0.1577702,-0.4480202,-0.3339248,0.8141748,70.98828,0.2717274,-0.7716242,-0.5751179,0.07469486,1.155957,0.1958734,1.174812,0.9035473,-0.2876285,-0.105378,-0.2996125,214.8687,0.947054,-0.3014781,-0.1104521,0.1077892,-0.06416905,0.02274755,0.1274897,0.132652,-0.5679677,-0.7339613,-0.3480187,220.7324,0.1414974,-0.6058403,-0.7829024,-0.4068825,-0.249466,-0.3750429,0.6069958,0.6799151,0.6072742,0.09390393,0.4001445,132.8256,0.7418993,0.6626361,0.1024646,0.02530514,-0.0559572,0.1041266,0.120888,-0.6193965,0.1557969,-0.5365759,0.5515087,113.0589,-0.7425311,0.186769,-0.6432458,-0.11486,1.207566,-0.06203357,1.214601,0.02783349,-0.1226203,-0.1956591,-0.9725776,333.1021,0.1196734,-0.5272204,-0.8412595,True,True,False,False
1772879680453,6.070973,0.1376783,1.091171,0.1058845,1.104908,-0.4227841,-0.715199,0.2944579,0.4722698,123.6366,-0.4796439,-0.8113854,0.3340592,-0.102533,0.6349875,-0.0600039,0.6460052,0.5186532,0.2328383,-0.763244,0.3069917,144.2439,0.5449685,0.244652,-0.8019693,0.0609086,1.140662,0.2023175,1.160065,0.07335557,1.184186,0.2142127,1.205639,0.08940368,1.162219,0.2184328,1.185943,-0.01549191,0.6586022,0.03139184,0.6595319,-0.005503852,0.6498079,0.07559401,0.6542133,-0.02387016,0.641839,0.1058757,0.6509507,0.09990752,-0.08098481,0.0331994,0.1328241,0.140963,-0.06626261,0.01621445,0.1566021,0.1202169,-0.07478818,0.0002519488,0.1415819,-0.1145948,0.04182872,-0.04006713,0.1284017,-0.1566443,0.05347021,-0.02499219,0.1673951,-0.1781148,0.04491048,0.002999812,0.183714,0.09662729,-0.08178552,0.04416351,0.1340751,0.1332261,-0.07245405,0.01692913,0.1525955,0.1193473,-0.07816675,0.001117174,0.1426712,-0.1149935,0.04094803,-0.03872101,0.1280608,-0.1568007,0.05336638,-0.02472084,0.1674681,-0.178521,0.04415556,0.003145214,0.1839276,0.1085049,-0.07923339,0.02959895,0.1375766,-0.1576215,0.9571448,-0.001278823,0.2429562,151.8778,-0.1624901,0.9867094,-0.001318323,-0.144026,0.04319513,-0.02061502,0.1517705,0.1571379,-0.4476766,-0.3330594,0.8148404,70.85683,0.2710744,-0.7722751,-0.574552,0.07438252,1.156414,0.1948926,1.175078,0.9048391,-0.2875586,-0.0951625,-0.2991997,214.8191,0.9482793,-0.3013639,-0.09973113,0.1079547,-0.0640193,0.02257153,0.1275232,0.1399859,-0.5716253,-0.7293645,-0.3488211,220.8305,0.1493678,-0.6099357,-0.7782466,-0.4059456,-0.2498912,-0.3755731,0.6068712,0.6768433,0.6164341,0.0985322,0.3901074,134.0776,0.7350845,0.6694772,0.1070107,0.02561748,-0.05641401,0.1051075,0.1220097,-0.6119524,0.1605194,-0.5414391,0.5537073,112.7566,-0.7348913,0.1927672,-0.650212,-0.114864,1.207486,-0.06192939,1.214517,0.02762602,-0.1228176,-0.195438,-0.972603,333.1147,0.1188358,-0.5283107,-0.8406937,True,True,False,False
1772879680467,6.084822,0.137491,1.089854,0.1058301,1.103579,-0.4283864,-0.7142198,0.2938666,0.4690603,124.0534,-0.4850576,-0.8087038,0.3327421,-0.1024892,0.6349012,-0.05999271,0.6459123,0.5185466,0.2330483,-0.7633192,0.3068257,144.2639,0.5448258,0.2448589,-0.8020031,0.06055685,1.141417,0.2012372,1.160602,0.07308192,1.185022,0.2129273,1.206216,0.08891647,1.162665,0.2175794,1.186185,-0.01544244,0.6584347,0.03137966,0.6593629,-0.005395372,0.649655,0.07555759,0.6540563,-0.0237117,0.6416296,0.10581,0.6507277,0.1005146,-0.0805275,0.03304903,0.1329666,0.1416917,-0.06585169,0.01619621,0.1570838,0.1207378,-0.07463992,0.0001984239,0.1419464,-0.1145813,0.04183279,-0.04001296,0.128374,-0.1566336,0.05348032,-0.02499115,0.1673881,-0.1780718,0.04497973,0.002995394,0.1836892,0.09693185,-0.08168696,0.0432927,0.1339507,0.1338893,-0.07193676,0.0168717,0.1529245,0.1194562,-0.07789043,0.001045191,0.1426107,-0.1149612,0.04101735,-0.03882224,0.1280846,-0.1567876,0.0533753,-0.02474202,0.1674618,-0.1784858,0.04422013,0.003133476,0.1839087,0.1091509,-0.07893256,0.02884018,0.1377535,-0.159936,0.9561639,0.0003062739,0.2452978,151.6011,-0.1649764,0.9862975,0.0003159262,-0.1439739,0.04325365,-0.02068266,0.1517469,0.1565225,-0.4474241,-0.3322358,0.8154334,70.7395,0.2704022,-0.7729523,-0.5739577,0.07323091,1.155707,0.1926672,1.173943,0.9060081,-0.2870621,-0.08371471,-0.2995605,214.8624,0.9496171,-0.3008793,-0.08774416,0.1085051,-0.06376314,0.02249314,0.1278477,0.1437802,-0.5737123,-0.7261524,-0.3505485,221.0417,0.153522,-0.6125842,-0.7753527,-0.4049152,-0.2506519,-0.3760897,0.6068164,0.6744533,0.6228325,0.1024006,0.3830234,134.9578,0.7301343,0.6742518,0.1108545,0.02676909,-0.05570734,0.1073328,0.1238556,-0.6038678,0.1663126,-0.5470083,0.5553971,112.5239,-0.7261646,0.1999947,-0.6577898,-0.1148575,1.207426,-0.06183344,1.214451,0.02739588,-0.1227642,-0.1952095,-0.9726622,333.1438,0.1179714,-0.5286442,-0.8406062,True,True,False,False
1772879680481,6.099946,0.1363033,1.088158,0.1047266,1.101651,-0.4340825,-0.7128633,0.2940804,0.4657414,124.4836,-0.4905325,-0.8055673,0.3323239,-0.1026334,0.634681,-0.06005375,0.6457244,0.5184336,0.233264,-0.7634083,0.3066307,144.2874,0.5446712,0.2450694,-0.8020439,0.05961539,1.141178,0.1989042,1.159916,0.07187901,1.184411,0.2104668,1.20511,0.08738023,1.161258,0.2153638,1.184288,-0.01563497,0.6581593,0.03129103,0.6590882,-0.00546017,0.6493342,0.07541853,0.6537222,-0.02369789,0.6412285,0.1056301,0.6503025,0.1003468,-0.08015148,0.03267851,0.1325203,0.141349,-0.06598213,0.01621196,0.1568312,0.119745,-0.07509092,0.000381574,0.1413423,-0.1145576,0.0417725,-0.03994282,0.1283114,-0.1565943,0.05351578,-0.02498753,0.1673621,-0.1779912,0.0451112,0.002987266,0.1836431,0.09720521,-0.08156405,0.04244305,0.1338019,0.1344865,-0.07146011,0.01681889,0.1532189,0.1194794,-0.07766633,0.0009920693,0.1425074,-0.1149289,0.0410778,-0.03891194,0.1281022,-0.1567722,0.05338655,-0.02476167,0.1674538,-0.1784462,0.04429146,0.003121772,0.1838873,0.1097643,-0.07862725,0.02810425,0.137914,-0.1619509,0.9553567,0.001312698,0.2471108,151.3868,-0.1671342,0.9859332,0.001354712,-0.1439194,0.04331085,-0.02074498,0.1517201,0.1558288,-0.4472453,-0.3314345,0.8159903,70.6292,0.2695695,-0.773693,-0.573351,0.07290324,1.155813,0.1918757,1.173897,0.90876,-0.2892614,-0.07143916,-0.2921978,213.9792,0.9502301,-0.3024615,-0.0746992,0.1081916,-0.0637773,0.02239672,0.1275719,0.147835,-0.5773426,-0.7213631,-0.3527828,221.3152,0.1579932,-0.6170133,-0.7709299,-0.4023639,-0.2511385,-0.3758956,0.6051981,0.6717854,0.6301082,0.1058052,0.3747978,135.9764,0.7246042,0.6796502,0.1141241,0.02709676,-0.0558126,0.1081243,0.1246602,-0.5921777,0.1675062,-0.5516251,0.5630071,111.472,-0.7165301,0.2026811,-0.6674617,-0.1148345,1.207362,-0.06175206,1.214382,0.02730284,-0.1224054,-0.1950793,-0.9727361,333.1804,0.1177279,-0.5278037,-0.8411682,True,True,False,False
1772879680494,6.1123,0.1359703,1.086722,0.1047989,1.100198,-0.4390886,-0.7113301,0.2953401,0.4625852,124.8919,-0.4952641,-0.802335,0.3331248,-0.1026348,0.6345851,-0.0600623,0.6456313,0.5184336,0.233264,-0.7634083,0.3066307,144.2874,0.5446712,0.2450694,-0.8020439,0.05899661,1.141361,0.198063,1.15992,0.07160108,1.184826,0.209147,1.205272,0.08687037,1.161694,0.2146965,1.184556,-0.01569149,0.6580455,0.0312642,0.6589746,-0.005459022,0.6492186,0.07538022,0.6536029,-0.02371788,0.6411581,0.1056418,0.6502357,0.1005997,-0.08008622,0.03277919,0.1326973,0.1416973,-0.06569394,0.01620252,0.1570234,0.1202932,-0.07509065,0.0003095567,0.1418068,-0.1145214,0.04174672,-0.03990149,0.1282578,-0.1565627,0.05353268,-0.02498641,0.1673378,-0.1780108,0.04507937,0.0029893,0.1836544,0.09749979,-0.0814358,0.04160442,0.1336747,0.1351122,-0.07095972,0.0167654,0.1535307,0.11955,-0.07744281,0.0009328405,0.1424446,-0.1148935,0.04113585,-0.03899781,0.1281152,-0.156754,0.05339923,-0.02478118,0.1674437,-0.1784084,0.04435984,0.003110276,0.1838669,0.11041,-0.07830787,0.02739234,0.1381044,-0.1644004,0.9544113,0.002134083,0.2491324,151.1476,-0.1697528,0.9854843,0.002203563,-0.1438656,0.04336596,-0.02080437,0.1516929,0.1551929,-0.4470807,-0.3306995,0.8164998,70.52814,0.2688041,-0.7743725,-0.5727927,0.07255819,1.154731,0.1912406,1.172707,0.9071962,-0.2927525,-0.0703125,-0.2938491,214.1771,0.9490971,-0.306274,-0.07356004,0.1085165,-0.06372757,0.02227892,0.1278021,0.1558308,-0.5786822,-0.7201886,-0.3495311,220.9173,0.1663216,-0.6176401,-0.7686729,-0.401588,-0.2514816,-0.3760965,0.60495,0.6676276,0.6361812,0.1169721,0.3685978,136.7417,0.7181966,0.6843683,0.1258321,0.02744181,-0.05473101,0.1087594,0.1248084,-0.5920645,0.1708867,-0.5493148,0.5643677,111.2832,-0.7171987,0.207004,-0.6654137,-0.1147623,1.207352,-0.06168103,1.214362,0.02758169,-0.1225362,-0.1948841,-0.972751,333.1877,0.1189622,-0.5285091,-0.8405522,True,True,False,False
1772879680507,6.127097,0.1360045,1.084804,0.1052191,1.098348,-0.4438156,-0.7098261,0.2972946,0.4591194,125.3394,-0.4995817,-0.7990167,0.3346501,-0.1024792,0.634534,-0.05982498,0.6455342,0.5184336,0.233264,-0.7634083,0.3066307,144.2874,0.5446712,0.2450694,-0.8020439,0.05812018,1.140024,0.1970813,1.158392,0.07149704,1.183928,0.2084846,1.204269,0.08660984,1.160287,0.2139871,1.183029,-0.01556741,0.6579776,0.0314851,0.6589144,-0.005290222,0.6491206,0.07556579,0.6535256,-0.02353973,0.641076,0.1058545,0.6501828,0.09986747,-0.0803129,0.03361829,0.132491,0.1414715,-0.06614859,0.01615144,0.1570054,0.1194685,-0.07546598,0.0004463494,0.1413083,-0.1144936,0.04173678,-0.03987551,0.1282217,-0.1565073,0.05357696,-0.02498168,0.1672995,-0.177987,0.04511807,0.002986826,0.1836407,0.09767033,-0.08135492,0.04102917,0.1335721,0.1355703,-0.07061317,0.01672118,0.1537697,0.1195441,-0.07730041,0.000897798,0.142362,-0.1148647,0.04117914,-0.03906103,0.1281225,-0.1567362,0.05341203,-0.02479562,0.1674333,-0.1783781,0.04441445,0.003101383,0.1838505,0.1108594,-0.07808255,0.02690283,0.1382406,-0.1657743,0.9538466,0.002804845,0.2503753,151.0006,-0.1712282,0.9852272,0.002897121,-0.1438236,0.04340885,-0.02084798,0.1516713,0.154724,-0.4469633,-0.3302009,0.8168548,70.45764,0.2682255,-0.7748435,-0.5724275,0.07240321,1.154647,0.190885,1.172557,0.9097667,-0.2967311,-0.06209853,-0.2835823,212.9483,0.9487134,-0.309434,-0.06475694,0.10822,-0.06399842,0.02252999,0.1277301,0.1491531,-0.5814889,-0.7188017,-0.3506398,221.0529,0.1592648,-0.6209102,-0.767532,-0.4004021,-0.2510792,-0.3753857,0.6035537,0.6704065,0.6348863,0.1175021,0.3656063,137.1102,0.7202711,0.6821088,0.1262419,0.02759679,-0.05464685,0.109115,0.1251158,-0.5821322,0.1685086,-0.5509207,0.5737714,109.9727,-0.7107705,0.2057453,-0.672662,-0.1146645,1.207379,-0.06161387,1.214376,0.02791196,-0.1220827,-0.1947702,-0.9728214,333.2225,0.1205404,-0.5272253,-0.8411329,True,True,False,False
1772879680523,6.140124,0.1360768,1.083342,0.1062237,1.09701,-0.4489767,-0.7082235,0.3003266,0.4545806,125.9241,-0.5040685,-0.7951263,0.3371782,-0.1024278,0.6345895,-0.05974749,0.6455734,0.5183614,0.233263,-0.763537,0.3064331,144.3112,0.5445589,0.2450519,-0.8021255,0.05748723,1.139966,0.1967889,1.158254,0.07134937,1.18379,0.2076643,1.203983,0.0863618,1.160605,0.2136487,1.183262,-0.01549091,0.6579725,0.0315251,0.6589094,-0.005194542,0.6491379,0.07561265,0.6535474,-0.02344073,0.6411016,0.1059174,0.6502147,0.09978656,-0.08043402,0.03402421,0.1326071,0.141148,-0.06621841,0.01618733,0.1567471,0.1195568,-0.07541414,0.0004397333,0.1413553,-0.114475,0.04174244,-0.03985609,0.1282009,-0.1565082,0.0535662,-0.02498358,0.1672971,-0.1779978,0.04510055,0.002987996,0.183647,0.09785035,-0.08127658,0.04043329,0.1334744,0.1360448,-0.07023933,0.01667577,0.1540124,0.1195452,-0.07713996,0.0008588328,0.1422757,-0.1148316,0.04122705,-0.03912866,0.1281289,-0.1567168,0.05342514,-0.02481161,0.1674217,-0.1783457,0.04447282,0.003091738,0.183833,0.1113326,-0.07784196,0.02640452,0.138389,-0.1673007,0.9532159,0.003693192,0.2517466,150.8382,-0.1728682,0.9849375,0.003816096,-0.1437773,0.04345547,-0.02089482,0.1516472,0.1542134,-0.4468492,-0.32962,0.8172483,70.37945,0.2675988,-0.7753952,-0.5719733,0.07228698,1.154456,0.1905086,1.1723,0.9114242,-0.3016222,-0.05605103,-0.2742049,211.8293,0.9477502,-0.3136438,-0.05828501,0.1081843,-0.06398559,0.02254376,0.1276958,0.1531446,-0.5810742,-0.720605,-0.345873,220.4702,0.1632182,-0.6192963,-0.7680053,-0.3998623,-0.2513597,-0.3751943,0.6031935,0.6668312,0.6376721,0.1304743,0.3628871,137.4448,0.7156123,0.6843201,0.1400189,0.02771302,-0.05445552,0.1094914,0.1253865,-0.5740712,0.1661679,-0.550664,0.582752,108.7113,-0.7064186,0.2044765,-0.6776151,-0.1146582,1.20742,-0.06151702,1.214411,0.02823834,-0.1218105,-0.1945319,-0.9728937,333.2583,0.1221103,-0.5267419,-0.8412089,True,True,False,False
1772879680536,6.154197,0.1362056,1.081957,0.1072784,1.095761,-0.4532479,-0.706925,0.3035272,0.4502163,126.4849,-0.5076021,-0.7917006,0.3399267,-0.1023769,0.6347097,-0.05970354,0.6456794,0.5183614,0.233263,-0.763537,0.3064331,144.3112,0.5445589,0.2450519,-0.8021255,0.05707578,1.139832,0.1967008,1.158087,0.0712011,1.183251,0.2067804,1.203292,0.08620647,1.160715,0.2132022,1.183277,-0.01551225,0.6579663,0.03160788,0.6589077,-0.005141635,0.6492479,0.07564287,0.6536598,-0.02339139,0.6412239,0.1059631,0.650341,0.0997609,-0.08051957,0.03422998,0.1326926,0.1404991,-0.06618817,0.01630309,0.1561623,0.1194614,-0.07517463,0.0004615337,0.1411469,-0.1144629,0.04177856,-0.03971035,0.1281566,-0.1564936,0.05357525,-0.02498295,0.1672863,-0.1779995,0.04509789,0.002988182,0.1836479,0.09799489,-0.08121931,0.03996396,0.1334043,0.1363818,-0.06993283,0.01664757,0.1541679,0.1195388,-0.07699127,0.0008287742,0.1421896,-0.1148037,0.04126878,-0.03917268,0.1281308,-0.1566999,0.0534365,-0.02482457,0.1674114,-0.1783195,0.04452011,0.003083903,0.1838189,0.111694,-0.07764613,0.0260204,0.1384974,-0.1685881,0.9527039,0.004714024,0.2528065,150.7127,-0.1742483,0.9846897,0.004872292,-0.1437411,0.04349509,-0.02092618,0.1516286,0.1537938,-0.4468164,-0.3290563,0.8175724,70.31498,0.2670839,-0.7759576,-0.5714511,0.07195726,1.152484,0.1908534,1.170394,0.9116407,-0.3038366,-0.05991049,-0.2701951,211.3517,0.9468585,-0.3155742,-0.06222491,0.1080961,-0.063824,0.02259568,0.1275493,0.1548808,-0.5808746,-0.7230247,-0.3403414,219.7953,0.1647138,-0.6177532,-0.7689281,-0.3993532,-0.2512431,-0.3750247,0.6027019,0.6648022,0.6383862,0.1424094,0.3608614,137.6938,0.7128332,0.6845087,0.1526982,0.02804274,-0.05248439,0.1091466,0.1243141,-0.5753219,0.1619754,-0.5476528,0.5855299,108.3191,-0.7097037,0.1998091,-0.6755717,-0.1146381,1.207466,-0.06142849,1.214451,0.02859223,-0.1215629,-0.1942015,-0.9729803,333.3013,0.123836,-0.5265021,-0.8411074,True,True,False,False
1772879680550,6.169443,0.1364026,1.078987,0.1096285,1.093086,-0.4586465,-0.7052945,0.3082382,0.4440635,127.2731,-0.5118849,-0.7871632,0.3440177,-0.1023459,0.6349223,-0.05973062,0.645886,0.5183614,0.233263,-0.763537,0.3064331,144.3112,0.5445589,0.2450519,-0.8021255,0.05694814,1.138196,0.19748,1.156603,0.07076618,1.181088,0.2069995,1.201177,0.08586876,1.158497,0.2133284,1.1811,-0.01552443,0.6580989,0.03160832,0.6590404,-0.005117093,0.6494775,0.07563122,0.6538863,-0.02334022,0.6414057,0.1059026,0.6505086,0.09939595,-0.08058761,0.0340984,0.1324259,0.139604,-0.06675085,0.01640177,0.1556084,0.1181866,-0.07523809,0.0006615967,0.1401045,-0.1144587,0.04180314,-0.03961865,0.1281324,-0.1565101,0.05355811,-0.02498475,0.1672965,-0.1779669,0.04513514,0.002984069,0.1836254,0.09810872,-0.08116799,0.03948746,0.1333147,0.1366435,-0.06967433,0.0166276,0.1542804,0.119429,-0.07684884,0.0008151929,0.14202,-0.1147756,0.04131219,-0.0392089,0.1281307,-0.1566845,0.05344638,-0.02483759,0.1674021,-0.1782909,0.04457007,0.003075793,0.1838031,0.1120141,-0.07746004,0.02563094,0.1385791,-0.1689959,0.9524847,0.006152012,0.2533288,150.6508,-0.1746944,0.9846022,0.006359456,-0.1437032,0.04353664,-0.02095429,0.1516084,0.1532943,-0.4468443,-0.3283348,0.817941,70.2416,0.2664587,-0.7767123,-0.5707171,0.07169557,1.152199,0.1907072,1.170073,0.9151008,-0.3029404,-0.05407231,-0.2605644,210.2071,0.9478427,-0.3137795,-0.05600699,0.1074994,-0.06384353,0.02281463,0.127093,0.1449937,-0.5790146,-0.7256483,-0.342277,220.0313,0.1543145,-0.6162358,-0.7722957,-0.3991078,-0.2499774,-0.3731876,0.60087,0.665381,0.634937,0.1454867,0.3646327,137.23,0.7145786,0.6818838,0.1562438,0.02830444,-0.05219853,0.1092928,0.1243814,-0.5671685,0.1568687,-0.551612,0.5911316,107.5253,-0.7031811,0.1944874,-0.683894,-0.1145801,1.207516,-0.06133744,1.21449,0.02891126,-0.1210634,-0.193709,-0.9731314,333.3763,0.1255643,-0.5257895,-0.8412961,True,True,False,False
1772879680565,6.182237,0.1364237,1.077571,0.1111073,1.09184,-0.4633945,-0.7038364,0.3128059,0.4382149,128.0199,-0.5155299,-0.7830235,0.347999,-0.1023614,0.6349719,-0.05977835,0.6459416,0.5183614,0.233263,-0.763537,0.3064331,144.3112,0.5445589,0.2450519,-0.8021255,0.05671979,1.138265,0.1975612,1.156674,0.0702417,1.180869,0.2063999,1.200827,0.08532826,1.158518,0.2130656,1.181034,-0.01557033,0.6581138,0.03156886,0.6590545,-0.005131145,0.6495228,0.07557938,0.6539254,-0.02336789,0.6414178,0.1058528,0.6505134,0.09936027,-0.08056977,0.03386604,0.1323286,0.1391994,-0.06696858,0.01643357,0.1553426,0.1178585,-0.07528372,0.0007166415,0.1398527,-0.1144502,0.04180559,-0.03957266,0.1281115,-0.1565057,0.0535623,-0.02498423,0.1672936,-0.1779531,0.04515294,0.003016494,0.183617,0.09821813,-0.08111569,0.03899604,0.1332188,0.136867,-0.06943779,0.01661064,0.15437,0.1192917,-0.07671202,0.0008065776,0.1418305,-0.1147472,0.04135532,-0.0392407,0.1281289,-0.1566689,0.05345651,-0.02485041,0.1673926,-0.1782613,0.04462103,0.003070609,0.1837867,0.1123205,-0.07727716,0.02523711,0.1386527,-0.1691626,0.9523349,0.007666907,0.2537394,150.6022,-0.1748862,0.9845567,0.007926314,-0.1436657,0.04357868,-0.02097834,0.1515884,0.1527565,-0.4468909,-0.3275543,0.8183289,70.16429,0.2657788,-0.7775393,-0.5699072,0.07190596,1.15072,0.1914791,1.168756,0.918506,-0.300628,-0.04502473,-0.2528684,209.2946,0.9493595,-0.3107264,-0.04653716,0.1072354,-0.06388232,0.02269035,0.126867,0.1474471,-0.5773399,-0.7266514,-0.3419295,219.989,0.1569044,-0.6143707,-0.7732592,-0.3988723,-0.2499125,-0.3728366,0.6004686,0.659403,0.6386334,0.1549717,0.3651288,137.169,0.7083066,0.6859965,0.1664649,0.02809404,-0.05071998,0.1085209,0.1230389,-0.557364,0.1543361,-0.5577555,0.5953442,106.9257,-0.6936955,0.1920867,-0.6941826,-0.1145311,1.207562,-0.06124868,1.214527,0.02924794,-0.1206695,-0.1933334,-0.9732449,333.4329,0.1272922,-0.5251746,-0.8414207,True,True,False,False
1772879680578,6.196073,0.1367086,1.07492,0.1135798,1.089515,-0.4683786,-0.7020563,0.3175722,0.4323037,128.7723,-0.5194234,-0.7785676,0.3521817,-0.1024193,0.6348429,-0.05994413,0.6458394,0.5182227,0.2333264,-0.7636591,0.3063149,144.3254,0.5443915,0.2451087,-0.8022217,0.05741079,1.137316,0.1988155,1.155989,0.07015291,1.179538,0.2064286,1.199519,0.08513892,1.157327,0.2136921,1.179966,-0.01560888,0.657949,0.03137818,0.6588817,-0.005118136,0.6493226,0.07530977,0.6536953,-0.02344702,0.6411828,0.1056987,0.6502594,0.09941484,-0.08046842,0.03298496,0.1320851,0.138744,-0.06688412,0.01649915,0.1549052,0.1174765,-0.07530938,0.0007703453,0.1395451,-0.1144499,0.04180152,-0.03954174,0.1281003,-0.1564388,0.05360655,-0.02498054,0.1672447,-0.1779508,0.04514343,0.003149472,0.1836146,0.09830717,-0.08106753,0.03854876,0.1331249,0.1370066,-0.06924778,0.01660234,0.1544076,0.1191566,-0.07660765,0.0008038816,0.1416605,-0.1147251,0.04138852,-0.0392631,0.1281267,-0.1566518,0.05346768,-0.02486009,0.1673816,-0.1782382,0.0446599,0.003076477,0.1837739,0.1125646,-0.07712328,0.02488932,0.1387021,-0.1694572,0.952171,0.008798024,0.2541207,150.557,-0.1752088,0.9844893,0.009096644,-0.1436425,0.04361165,-0.02098786,0.1515772,0.1523477,-0.4468847,-0.3269884,0.8186347,70.10328,0.2652688,-0.7781184,-0.5693544,0.07194743,1.150691,0.191225,1.168689,0.9210514,-0.3019879,-0.03347652,-0.2436123,208.1997,0.9496621,-0.3113686,-0.03451641,0.1069228,-0.0638538,0.02243987,0.1265438,0.1515544,-0.5780937,-0.724811,-0.3427653,220.0909,0.1613274,-0.6153723,-0.7715508,-0.3995119,-0.248962,-0.3716723,0.5997767,0.652477,0.6450065,0.163207,0.3627724,137.4589,0.7001745,0.6921579,0.1751378,0.02805257,-0.05069089,0.108775,0.1232417,-0.5450554,0.1534339,-0.5621037,0.6028369,105.8533,-0.6831428,0.1923056,-0.7045101,-0.1144769,1.207624,-0.06114227,1.214578,0.02948404,-0.1201298,-0.1927218,-0.9734258,333.5233,0.1287498,-0.5245785,-0.8415704,True,True,False,False
1772879680592,6.209408,0.1370845,1.073584,0.1150374,1.088397,-0.4735291,-0.6998454,0.3225704,0.4265384,129.5038,-0.5235435,-0.7737634,0.3566404,-0.1024112,0.6347273,-0.05996271,0.6457262,0.5182227,0.2333264,-0.7636591,0.3063149,144.3254,0.5443915,0.2451087,-0.8022217,0.05736717,1.137836,0.1987601,1.156489,0.0701785,1.179536,0.2058494,1.199419,0.08507255,1.15797,0.213616,1.180578,-0.0156404,0.6577736,0.03137121,0.658707,-0.005105447,0.6491908,0.07527302,0.6535601,-0.02345115,0.6410372,0.105681,0.6501132,0.09963518,-0.08045411,0.0330558,0.1322601,0.1384113,-0.06723132,0.01647647,0.1547554,0.1176517,-0.07550881,0.0007353574,0.1398,-0.1144363,0.04181496,-0.03947169,0.128071,-0.1564194,0.05362181,-0.02497909,0.1672312,-0.1779415,0.04515575,0.003177889,0.1836092,0.09841339,-0.08101847,0.03810944,0.133047,0.137119,-0.06908651,0.01659228,0.154434,0.1190363,-0.07651976,0.0007984011,0.1415116,-0.114702,0.04142263,-0.03927979,0.1281221,-0.1566332,0.05348,-0.02486961,0.1673695,-0.1782145,0.04469956,0.003084588,0.1837606,0.1128015,-0.07698271,0.02455264,0.1387564,-0.1697187,0.952041,0.009763956,0.2543979,150.5242,-0.1754925,0.9844291,0.01009612,-0.1436202,0.04364574,-0.0209925,0.1515665,0.1519242,-0.4469019,-0.3263791,0.8189471,70.04092,0.2647368,-0.7787526,-0.5687345,0.07211754,1.150722,0.1908696,1.168672,0.9240045,-0.3008117,-0.02077068,-0.2351526,207.2012,0.9506626,-0.3094903,-0.02136993,0.1067596,-0.06394178,0.02251097,0.1264631,0.1566656,-0.5805522,-0.7232906,-0.3395084,219.6939,0.1665586,-0.6172128,-0.7689647,-0.3993205,-0.24899,-0.3718356,0.5997621,0.646804,0.6503587,0.1751115,0.3577906,138.0709,0.6926566,0.6964633,0.1875253,0.02788246,-0.05072224,0.1091304,0.1235299,-0.5320818,0.1526996,-0.5686156,0.6084804,105.0406,-0.6704921,0.1924213,-0.7165295,-0.1144182,1.207691,-0.06097295,1.21463,0.02977151,-0.1197358,-0.1925156,-0.9735065,333.5637,0.1302002,-0.5236424,-0.841931,True,True,False,False
1772879680607,6.223297,0.1373893,1.072407,0.1160419,1.087382,-0.4777254,-0.6980005,0.3266263,0.4217692,130.1073,-0.5268816,-0.7698224,0.360235,-0.1019829,0.6339859,-0.0599255,0.6449261,0.5182227,0.2333264,-0.7636591,0.3063149,144.3254,0.5443915,0.2451087,-0.8022217,0.05754594,1.13814,0.198583,1.156767,0.07029124,1.179426,0.2047973,1.199137,0.08504076,1.158703,0.213341,1.181244,-0.01515183,0.6570758,0.031364,0.6579984,-0.004732419,0.6485414,0.07541469,0.6529286,-0.02318131,0.6405172,0.1058865,0.6496242,0.09978163,-0.0804439,0.03288182,0.1323209,0.1380171,-0.06716126,0.01653476,0.1543786,0.1180813,-0.07556978,0.0006645322,0.1401942,-0.1144213,0.04182885,-0.03955589,0.128088,-0.1565226,0.05351387,-0.02496827,0.1672916,-0.1781052,0.04488102,0.003191017,0.1837007,0.09851916,-0.08097405,0.0377053,0.1329831,0.1371884,-0.06893767,0.01658783,0.1544287,0.1189624,-0.07644632,0.000788052,0.1414098,-0.1146803,0.04145403,-0.03930113,0.1281194,-0.1566246,0.05348262,-0.02487723,0.1673635,-0.1782061,0.04471359,0.003092816,0.183756,0.1130037,-0.07686048,0.02425386,0.1388007,-0.1704542,0.9517672,0.01039198,0.2549048,150.4641,-0.1762774,0.9842819,0.010747,-0.1436052,0.04366722,-0.02099958,0.1515594,0.1517263,-0.446861,-0.3258648,0.819211,69.98824,0.2645655,-0.7791925,-0.5682112,0.07282841,1.149907,0.1910281,1.167939,0.9243985,-0.2983635,-0.00848284,-0.2374758,207.4752,0.9516211,-0.30715,-0.008732651,0.1067688,-0.06396092,0.02241137,0.1264628,0.1646273,-0.5828912,-0.7206144,-0.337418,219.4393,0.1748834,-0.6192045,-0.7655075,-0.3990573,-0.2497016,-0.3723279,0.600188,0.6394618,0.6575847,0.1855433,0.3524838,138.7214,0.6833186,0.7026845,0.1982686,0.02717159,-0.04990673,0.1089719,0.1228977,-0.5237996,0.1597679,-0.5751972,0.6076649,105.1583,-0.6595364,0.2011699,-0.724253,-0.1143382,1.207778,-0.06078611,1.2147,0.02991623,-0.1192508,-0.1917368,-0.9737152,333.6685,0.1313447,-0.5235605,-0.8418046,True,True,False,False
1772879680620,6.238615,0.138208,1.069848,0.1182648,1.085202,-0.4827976,-0.6962672,0.3302822,0.4159713,130.839,-0.5309099,-0.7656525,0.3631959,-0.100758,0.6323258,-0.05982315,0.6430917,0.5183071,0.2324905,-0.7637611,0.3065535,144.2967,0.5445241,0.2442503,-0.8023936,0.05806291,1.137395,0.1995025,1.156218,0.07075624,1.178477,0.2048137,1.198234,0.08541255,1.158107,0.2138653,1.180782,-0.01414918,0.6551712,0.03156235,0.6560835,-0.003573183,0.6467292,0.07532932,0.6511113,-0.02174577,0.6386785,0.1056878,0.6477291,0.1001694,-0.08053353,0.03264783,0.1326101,0.1380773,-0.0670964,0.01653875,0.1544047,0.1183897,-0.07549839,0.0006174743,0.1404154,-0.1143675,0.04193329,-0.0391916,0.1279621,-0.1562449,0.05374224,-0.02485637,0.1670884,-0.177785,0.04538612,0.00312385,0.1835134,0.09865161,-0.08093869,0.03729937,0.1329453,0.1372598,-0.06878988,0.01658389,0.1544258,0.1189165,-0.07637024,0.0007743608,0.1413299,-0.1146552,0.0414925,-0.03929234,0.1281067,-0.1565942,0.05350346,-0.02487556,0.1673414,-0.1781723,0.04476757,0.003095307,0.1837364,0.1132197,-0.07674397,0.02395866,0.1388609,-0.171328,0.9514567,0.01113699,0.2554465,150.3999,-0.1772072,0.9841062,0.01151916,-0.1435754,0.04370994,-0.02099336,0.1515427,0.151327,-0.4470016,-0.325334,0.819419,69.94664,0.2640061,-0.7798422,-0.56758,0.07285167,1.149798,0.1907721,1.167791,0.9224826,-0.306997,0.0001916433,-0.2340485,207.0711,0.9488365,-0.3157675,0.0001971183,0.1070405,-0.06341311,0.02234966,0.1264057,0.16542,-0.5906742,-0.7127722,-0.3401415,219.771,0.1759087,-0.6281267,-0.7579665,-0.3996854,-0.2506006,-0.3720212,0.6007901,0.6363136,0.6653694,0.1855826,0.3434354,139.8274,0.677523,0.7084606,0.1976015,0.02714833,-0.04979777,0.1092279,0.1230755,-0.515964,0.1652024,-0.5721593,0.6157297,103.9901,-0.6548121,0.209659,-0.7261298,-0.1142831,1.207871,-0.06065712,1.21478,0.03036159,-0.1188221,-0.1911959,-0.9738601,333.7415,0.1336641,-0.5231034,-0.8417226,True,True,False,False
1772879680634,6.251818,0.1386556,1.068682,0.1198548,1.084284,-0.4880992,-0.6946194,0.3330293,0.4103105,131.5513,-0.5352281,-0.7616891,0.3651854,-0.100382,0.6320887,-0.05989609,0.6428065,0.5184417,0.2314685,-0.7638003,0.3070011,144.2428,0.544748,0.2432135,-0.8025564,0.05757362,1.137323,0.1992846,1.156085,0.07086529,1.178074,0.2043724,1.197768,0.08548094,1.158168,0.2135638,1.180792,-0.01387171,0.6550636,0.03152611,0.6559684,-0.003342722,0.6467078,0.07533753,0.6510898,-0.02148613,0.6386815,0.1056326,0.6477144,0.0999044,-0.0806763,0.03324857,0.1326462,0.1374369,-0.06739315,0.01657361,0.1539657,0.1180194,-0.07541654,0.0006694943,0.1400596,-0.1143558,0.04192769,-0.03917532,0.1279449,-0.1562509,0.05373277,-0.02483787,0.1670882,-0.1777414,0.04545435,0.003108911,0.1834878,0.0987616,-0.08091565,0.03694373,0.1329136,0.1372753,-0.06866726,0.01658299,0.1543849,0.1188377,-0.07628651,0.000765154,0.1412183,-0.1146289,0.04153071,-0.03928206,0.1280924,-0.156564,0.05352359,-0.02487225,0.1673191,-0.1781344,0.04482786,0.003096501,0.1837144,0.1133837,-0.07664399,0.02370117,0.1388953,-0.1718867,0.951284,0.012245,0.2556636,150.3742,-0.1777956,0.9839859,0.01266595,-0.1435402,0.04375476,-0.02098884,0.1515216,0.1508413,-0.4471767,-0.3247277,0.8196535,69.89976,0.2633128,-0.7806044,-0.5668538,0.07312939,1.149275,0.1915642,1.167424,0.9202183,-0.3072338,0.01720523,-0.2418877,207.996,0.9483812,-0.3166366,0.01773179,0.1068335,-0.06338025,0.02255605,0.1262506,0.1621594,-0.5958461,-0.7125956,-0.3329857,218.9002,0.1719736,-0.6319078,-0.7557232,-0.4001423,-0.2506669,-0.3713751,0.6007222,0.6389838,0.6646182,0.1939782,0.3351937,140.8314,0.6782193,0.7054278,0.2058891,0.02687062,-0.04927504,0.1084358,0.1220999,-0.5063012,0.1802621,-0.577936,0.6141293,104.2226,-0.6415329,0.2284097,-0.7323011,-0.1142096,1.207956,-0.06053204,1.214852,0.0305908,-0.1184758,-0.1908813,-0.9739569,333.7904,0.1349197,-0.5225336,-0.8418758,True,True,False,False
1772879680647,6.266367,0.1391576,1.066059,0.1227494,1.082088,-0.4939914,-0.6928962,0.3352811,0.4042944,132.3062,-0.5401004,-0.7575709,0.3665761,-0.09946708,0.631836,-0.06018204,0.6424425,0.5186291,0.2302199,-0.7637843,0.3076628,144.1631,0.5450673,0.2419558,-0.8027198,0.05698731,1.136633,0.2002266,1.15554,0.07104286,1.177394,0.2051885,1.197249,0.08543643,1.157499,0.214941,1.180383,-0.01306846,0.6551338,0.03121398,0.6560072,-0.002608765,0.6467818,0.07516471,0.65114,-0.02086845,0.638909,0.1055161,0.6478996,0.100394,-0.0806568,0.03392508,0.1331743,0.1378833,-0.06742964,0.01651268,0.1543737,0.1184407,-0.07561728,0.0006058365,0.1405224,-0.1143048,0.04184439,-0.03929642,0.1279091,-0.1562724,0.05371282,-0.02485033,0.1671038,-0.1778175,0.04533073,0.003116652,0.1835311,0.09888665,-0.08089583,0.03671249,0.1329305,0.1373219,-0.06857245,0.0165776,0.1543836,0.1188073,-0.07623524,0.00075295,0.141165,-0.1146041,0.04155473,-0.03928316,0.1280783,-0.1565417,0.05353809,-0.02487057,0.1673026,-0.1781102,0.04486638,0.003098045,0.1837003,0.1135413,-0.07656995,0.02352419,0.1389531,-0.1724975,0.9512268,0.01289265,0.2554328,150.4015,-0.1784162,0.9838648,0.01333502,-0.143512,0.04378314,-0.0209903,0.1515033,0.1505622,-0.4472618,-0.324409,0.8197846,69.87354,0.2629118,-0.7810085,-0.5664831,0.07324926,1.149308,0.1915112,1.167455,0.9185174,-0.3115996,0.03127878,-0.2413571,207.9333,0.9464993,-0.3210923,0.03223167,0.1075046,-0.06286807,0.02259298,0.1265704,0.1614604,-0.608847,-0.7013303,-0.3337241,218.9899,0.1712797,-0.6458745,-0.7439822,-0.4018002,-0.2504945,-0.3697544,0.6007572,0.6392663,0.6729344,0.1917363,0.3189597,142.8,0.6744964,0.7100199,0.202303,0.02675074,-0.04930818,0.1084888,0.122134,-0.4953582,0.188992,-0.5797222,0.6187282,103.5534,-0.6305435,0.2405687,-0.7379308,-0.1141313,1.208058,-0.06039029,1.214939,0.03104944,-0.1184099,-0.1901918,-0.9740853,333.8553,0.1372769,-0.5235181,-0.840883,True,True,False,False
1772879680662,6.278987,0.1394679,1.064629,0.1251132,1.08099,-0.4998725,-0.691071,0.3374032,0.3983812,133.046,-0.5449865,-0.7534409,0.3678542,-0.09941066,0.6319413,-0.06023115,0.6425418,0.5188267,0.2290978,-0.7637426,0.3082703,144.09,0.5453876,0.2408263,-0.8028418,0.05668749,1.136914,0.2006862,1.155881,0.07116386,1.177134,0.2052061,1.197004,0.08538975,1.157501,0.2153662,1.180459,-0.01312158,0.6554527,0.03120675,0.6563263,-0.002704155,0.6471192,0.0751601,0.6514749,-0.02093687,0.6392195,0.105444,0.6481963,0.1006284,-0.08057771,0.03420573,0.133375,0.1375459,-0.06741278,0.01655817,0.1540699,0.11827,-0.07554455,0.0006407946,0.1403395,-0.1142958,0.04182071,-0.03933156,0.1279042,-0.1562233,0.05375588,-0.0248573,0.1670728,-0.1777075,0.04549462,0.003109388,0.1834649,0.09903254,-0.08086918,0.03650252,0.132965,0.1373406,-0.06847531,0.01657597,0.154357,0.1187623,-0.07617739,0.0007435556,0.1410958,-0.1145782,0.04157701,-0.03928722,0.1280637,-0.156515,0.05355633,-0.02486946,0.1672834,-0.1780764,0.04491901,0.003098995,0.1836805,0.1136948,-0.07649161,0.02335687,0.1390072,-0.1731847,0.9512791,0.01361181,0.2547351,150.4842,-0.1790928,0.9837316,0.01407617,-0.1434769,0.04381644,-0.02099489,0.1514803,0.1501436,-0.4473558,-0.3240724,0.8199432,69.84179,0.2622848,-0.7814828,-0.5661197,0.07338818,1.149277,0.1917153,1.167467,0.915149,-0.319257,0.03479617,-0.2436524,208.2044,0.9435863,-0.3291776,0.03587743,0.1075386,-0.06227628,0.02283009,0.1263491,0.1617534,-0.6164765,-0.6966252,-0.3294027,218.4651,0.1713146,-0.652916,-0.7378022,-0.4025807,-0.2499485,-0.3692004,0.6007116,0.6391902,0.6769765,0.1974041,0.3068723,144.2583,0.6715941,0.711296,0.2074115,0.02661182,-0.04927695,0.1082847,0.1219097,-0.4936623,0.1959328,-0.5749159,0.6223984,103.017,-0.6307166,0.2503292,-0.7345285,-0.1140504,1.208158,-0.06024902,1.215024,0.03133362,-0.1183973,-0.1896676,-0.9741799,333.9033,0.1387837,-0.5244083,-0.8400807,True,True,False,False
1772879680675,6.293274,0.1399992,1.063292,0.1276592,1.08004,-0.5042833,-0.6894439,0.3393009,0.3940054,133.5921,-0.548666,-0.7501228,0.3691633,-0.09954237,0.6321612,-0.06016293,0.6427721,0.5189172,0.2283493,-0.7637192,0.3087307,144.0345,0.5455685,0.2400772,-0.8029433,0.05643317,1.136839,0.2015349,1.155943,0.07175116,1.177629,0.2055632,1.197587,0.08576615,1.156722,0.2162417,1.179882,-0.01331968,0.6558587,0.03128696,0.6567396,-0.002917316,0.6474758,0.07522103,0.6518371,-0.02118022,0.6396502,0.1055293,0.6486427,0.1007785,-0.08047801,0.03488527,0.1336039,0.1380865,-0.06675559,0.01659642,0.1542713,0.117571,-0.07545663,0.000755325,0.139704,-0.1142884,0.04178967,-0.03938005,0.1279023,-0.1561565,0.05382422,-0.02485693,0.1670322,-0.1776709,0.04554155,0.003105387,0.1834411,0.09916081,-0.08084045,0.03638371,0.1330106,0.1373954,-0.06834897,0.01657748,0.1543499,0.1186748,-0.07612444,0.0007444202,0.1409936,-0.1145569,0.04159264,-0.03929404,0.1280518,-0.1564887,0.05357601,-0.02486854,0.1672649,-0.1780466,0.04496474,0.003099465,0.1836628,0.1138498,-0.07640139,0.02323683,0.1390644,-0.1740283,0.9515001,0.01425718,0.2532956,150.6548,-0.1798948,0.9835755,0.01473779,-0.143448,0.04384384,-0.02099993,0.1514616,0.1498449,-0.4473958,-0.323963,0.8200193,69.82658,0.2618129,-0.7817011,-0.5660363,0.07358019,1.148298,0.1941788,1.166922,0.9066281,-0.3309105,0.04531896,-0.2578179,209.8812,0.9383504,-0.3424888,0.04690464,0.1077108,-0.06147727,0.02350488,0.1262282,0.1533697,-0.6218317,-0.6955585,-0.3255786,218.0013,0.1622075,-0.6576646,-0.7356399,-0.4032937,-0.249227,-0.3687772,0.6006302,0.6448471,0.6740466,0.1993022,0.300187,145.0623,0.6760251,0.7066364,0.2089384,0.02641981,-0.048298,0.1058212,0.1192847,-0.4913533,0.2176859,-0.5685099,0.6228817,102.9463,-0.628075,0.2782581,-0.7267009,-0.1139403,1.208245,-0.06008073,1.215092,0.03179093,-0.1182311,-0.1892361,-0.9742692,333.9487,0.1410502,-0.5245683,-0.8396034,True,True,False,False
1772879680689,6.307514,0.1406492,1.060426,0.1324918,1.077886,-0.5084285,-0.6871777,0.3419571,0.3903241,134.0507,-0.5522329,-0.7463825,0.3714189,-0.09976196,0.6323093,-0.06000706,0.6429372,0.5190181,0.227788,-0.7636711,0.3090947,143.9906,0.5457424,0.2395168,-0.8029925,0.0556436,1.135671,0.2039785,1.155185,0.07252363,1.176436,0.2087998,1.197021,0.0862895,1.154335,0.2199202,1.178262,-0.01357779,0.6562463,0.03142386,0.6571385,-0.003233802,0.647784,0.0754427,0.6521704,-0.02163081,0.6401419,0.1058515,0.649195,0.101312,-0.07993066,0.03667533,0.134157,0.1385797,-0.06666515,0.01654733,0.1546686,0.1168809,-0.0758669,0.0008596331,0.1393473,-0.1142781,0.04171226,-0.03950842,0.1279075,-0.1561717,0.05381753,-0.0248572,0.1670443,-0.1777883,0.04534838,0.003116675,0.1835072,0.09933801,-0.0807655,0.03640773,0.1331038,0.137493,-0.06821027,0.01657499,0.1543752,0.118527,-0.07610323,0.0007539107,0.1408578,-0.114534,0.04160249,-0.0393117,0.1280399,-0.1564626,0.0535959,-0.02486761,0.1672467,-0.1780253,0.04499634,0.003100882,0.18365,0.1140435,-0.07628625,0.02317222,0.1391491,-0.1748943,0.9522631,0.01418205,0.2498118,151.0673,-0.180621,0.9834438,0.01464643,-0.1434233,0.04386259,-0.02100918,0.1514449,0.1497606,-0.447337,-0.3241515,0.8199922,69.83198,0.2616478,-0.7815458,-0.5663275,0.0737899,1.147804,0.1947522,1.166545,0.9048486,-0.3344538,0.05049933,-0.2585335,209.9661,0.9366941,-0.3462247,0.05227662,0.1084589,-0.06054443,0.02441559,0.1265902,0.1407818,-0.6393983,-0.6854072,-0.3186966,217.1682,0.1485265,-0.6745727,-0.7231125,-0.4057099,-0.2479049,-0.367213,0.6007518,0.6564298,0.6723322,0.1953873,0.2808801,147.3745,0.683964,0.7005335,0.2035829,0.0262101,-0.04780412,0.1052479,0.1185298,-0.4876225,0.2224899,-0.5674301,0.6250967,102.6214,-0.6247185,0.2850434,-0.7269642,-0.1137538,1.20838,-0.05980459,1.215195,0.03221516,-0.1181608,-0.1888931,-0.9743304,333.9798,0.1431003,-0.5248723,-0.8390663,True,True,False,False
1772879680704,6.321373,0.1407906,1.059375,0.134335,1.077099,-0.5115655,-0.6848907,0.3443755,0.3881122,134.3258,-0.5550768,-0.7431442,0.3736664,-0.09977728,0.632143,-0.05996254,0.642772,0.5191,0.227414,-0.7636206,0.3093575,143.959,0.5458775,0.239145,-0.8030115,0.05595833,1.135789,0.2046347,1.155432,0.07291147,1.175779,0.2096404,1.196546,0.08665789,1.153943,0.2207665,1.178062,-0.01357604,0.6561852,0.03145113,0.6570787,-0.003325563,0.6477301,0.07553653,0.6521281,-0.02175706,0.6401377,0.1059559,0.6492121,0.101451,-0.07955042,0.03683967,0.1340811,0.1380882,-0.06697743,0.01655877,0.1543649,0.1165337,-0.07591385,0.0009018034,0.1390821,-0.1142625,0.04173589,-0.03958976,0.1279263,-0.1561818,0.05380879,-0.02485527,0.1670506,-0.1778132,0.04530755,0.003118172,0.1835212,0.09951154,-0.08066571,0.0364432,0.1331826,0.1375419,-0.06810902,0.01657366,0.1543739,0.1183633,-0.07608768,0.0007660566,0.1407117,-0.1145117,0.04161344,-0.03933453,0.1280305,-0.1564395,0.05361339,-0.02486659,0.1672306,-0.1780079,0.0450219,0.003102302,0.1836394,0.1142042,-0.07617483,0.02311492,0.1392103,-0.1752939,0.95317,0.01388226,0.2460616,151.5108,-0.1808544,0.9834056,0.01432262,-0.1434001,0.04387916,-0.02102135,0.1514295,0.1497324,-0.4472429,-0.3243611,0.8199658,69.83725,0.2615812,-0.7813297,-0.5666561,0.07434452,1.14696,0.1967869,1.166092,0.8995935,-0.3417358,0.05902142,-0.2654519,210.7876,0.9330682,-0.3544521,0.06121766,0.1081837,-0.06035925,0.0247417,0.1263293,0.1383348,-0.6443142,-0.6821854,-0.3167743,216.9359,0.1458457,-0.6792973,-0.7192248,-0.4064631,-0.2472997,-0.3668003,0.6007594,0.658038,0.6725035,0.197591,0.2751058,148.0634,0.6844481,0.6994942,0.2055212,0.02565549,-0.04696047,0.1032131,0.1162602,-0.4837436,0.2356117,-0.5639538,0.6264467,102.4231,-0.6206104,0.3022739,-0.7235146,-0.1135633,1.208499,-0.05948213,1.215279,0.03267299,-0.1178796,-0.1884209,-0.9744406,334.0359,0.1454424,-0.5247363,-0.8387477,True,True,False,False
1772879680716,6.336361,0.141424,1.056767,0.1379218,1.075072,-0.5149937,-0.6819044,0.3471148,0.3863927,134.5395,-0.558359,-0.7393246,0.3763438,-0.09971524,0.6308275,-0.05961961,0.6414367,0.5191917,0.2270855,-0.7635515,0.3096148,143.928,0.5460221,0.2388206,-0.8030096,0.05598317,1.135188,0.2060802,1.1551,0.07413267,1.175333,0.2119779,1.196594,0.08759193,1.152588,0.2237898,1.177376,-0.01350022,0.6547512,0.03177915,0.655661,-0.003327761,0.6464788,0.07589124,0.6509266,-0.02170787,0.6388331,0.1062427,0.647971,0.1022719,-0.07855625,0.03827537,0.13452,0.1391326,-0.06664006,0.0164792,0.1551462,0.1167567,-0.07628915,0.0008515269,0.1394736,-0.1141943,0.04191276,-0.03952339,0.1279027,-0.1561492,0.05383902,-0.02484914,0.1670291,-0.1777224,0.0454385,0.003106698,0.1834654,0.09973265,-0.08049674,0.03658997,0.133286,0.1376693,-0.06799135,0.0165661,0.1544348,0.1182346,-0.07610381,0.000772903,0.1406123,-0.1144862,0.04163742,-0.03934966,0.1280202,-0.1564163,0.05363146,-0.0248652,0.1672144,-0.1779851,0.04505527,0.003102654,0.1836254,0.1144127,-0.0760332,0.02310659,0.1393026,-0.1758551,0.9543017,0.01228911,0.241314,152.0718,-0.1812103,0.9833629,0.01266335,-0.1433715,0.04390554,-0.02103087,0.1514113,0.1495946,-0.447221,-0.3242778,0.8200359,69.82323,0.2613864,-0.7814285,-0.56661,0.07447262,1.146723,0.1973563,1.165962,0.8942274,-0.3513518,0.06829034,-0.2687857,211.1841,0.9283922,-0.3647755,0.07089943,0.1089841,-0.05979656,0.02542594,0.1268844,0.1325158,-0.6557149,-0.6744807,-0.3123353,216.4001,0.1394944,-0.6902466,-0.7100008,-0.4085288,-0.2470886,-0.3667233,0.6020254,0.6638778,0.6720032,0.1972987,0.2622045,149.5982,0.6879475,0.6963675,0.204452,0.02552738,-0.04672265,0.1026437,0.1156304,-0.4777457,0.2473177,-0.5589797,0.6309792,101.7552,-0.6158106,0.3187906,-0.7205207,-0.1134451,1.208562,-0.05920694,1.215317,0.03304591,-0.1175504,-0.1880429,-0.9745408,334.0871,0.147388,-0.5242863,-0.8386899,True,True,False,False
1772879680730,6.349065,0.1414696,1.056056,0.1395733,1.074593,-0.5182713,-0.6786367,0.3497896,0.3853497,134.6691,-0.5616469,-0.7354338,0.3790645,-0.09977271,0.6304917,-0.05952229,0.6411063,0.5192376,0.2269101,-0.7635061,0.3097786,143.9082,0.546101,0.2386496,-0.803007,0.05570961,1.135383,0.2063743,1.15533,0.07484986,1.175156,0.2128759,1.196624,0.08837919,1.151515,0.2241571,1.176454,-0.01363883,0.654284,0.03193834,0.655205,-0.003413219,0.6461614,0.07596955,0.6506209,-0.02172438,0.6384403,0.10626,0.6475871,0.1021237,-0.0783042,0.03935789,0.1345728,0.1386929,-0.06701001,0.01643159,0.1549066,0.1152567,-0.07615789,0.001060694,0.1381494,-0.1141814,0.04199718,-0.03935743,0.1278678,-0.156104,0.05387923,-0.02484539,0.1669992,-0.1776231,0.04559559,0.00309632,0.183408,0.09993844,-0.08030803,0.03682819,0.1333919,0.1377574,-0.06790689,0.01655452,0.1544749,0.1179783,-0.07610847,0.0007976727,0.1403995,-0.11446,0.04166839,-0.03935033,0.128007,-0.1563894,0.05365279,-0.02486349,0.1671959,-0.1779539,0.04510178,0.003102109,0.1836066,0.1145816,-0.07588685,0.02313383,0.1393662,-0.1753029,0.9560082,0.0111358,0.2349324,152.8247,-0.1803506,0.9835356,0.01145645,-0.1433391,0.04394125,-0.02103321,0.1513913,0.1493056,-0.4473031,-0.3239621,0.8201685,69.79667,0.2609681,-0.7818316,-0.5662464,0.0748584,1.146396,0.1979846,1.165773,0.8912663,-0.3566333,0.07420702,-0.2700932,211.3396,0.9256696,-0.3703995,0.07707144,0.1085995,-0.05980733,0.02602024,0.12668,0.1287314,-0.6659855,-0.668617,-0.3047014,215.4804,0.1351585,-0.6992356,-0.7019984,-0.4091856,-0.2468799,-0.366688,0.6023642,0.6693397,0.6703559,0.2012796,0.2491871,151.1412,0.6911414,0.6921907,0.2078357,0.0251416,-0.04639602,0.1020155,0.1148558,-0.4735536,0.2537772,-0.5564801,0.6337777,101.3412,-0.6122097,0.328083,-0.719417,-0.1133621,1.20857,-0.05893278,1.215304,0.03334066,-0.1171913,-0.1877103,-0.9746381,334.1369,0.148984,-0.5236738,-0.8387907,True,True,False,False
1772879680745,6.362797,0.1419972,1.055037,0.1414014,1.073899,-0.5212783,-0.6751848,0.3526154,0.3847817,134.7396,-0.5647606,-0.7315051,0.3820287,-0.09991609,0.630364,-0.05946216,0.6409975,0.5192376,0.2269101,-0.7635061,0.3097786,143.9082,0.546101,0.2386496,-0.803007,0.05614297,1.135513,0.2071048,1.15561,0.07626239,1.175725,0.2137859,1.197435,0.08972572,1.150117,0.2247179,1.175295,-0.01378065,0.6541063,0.03199966,0.6550335,-0.003557783,0.6460381,0.07603285,0.6505066,-0.0218603,0.6383017,0.1063112,0.6474636,0.1022454,-0.07805169,0.0402265,0.1347753,0.1392512,-0.06685171,0.01631878,0.1553266,0.1137774,-0.07594189,0.001318246,0.1367999,-0.1141711,0.04203351,-0.03932461,0.1278604,-0.1561077,0.0538752,-0.02484643,0.1670015,-0.1776142,0.04560871,0.003095448,0.1834026,0.100109,-0.08014125,0.03707939,0.133489,0.1378678,-0.06782889,0.01653709,0.1545373,0.1176678,-0.07609615,0.0008361524,0.1401322,-0.1144387,0.04169537,-0.03934843,0.1279961,-0.1563686,0.05366923,-0.02486223,0.1671815,-0.1779288,0.04513925,0.003101617,0.1835915,0.1147401,-0.0757451,0.02316739,0.139425,-0.174114,0.9578127,0.01065196,0.2283983,153.5944,-0.1788411,0.9838171,0.01094116,-0.1433128,0.04397105,-0.02103391,0.1513752,0.1490551,-0.4473881,-0.3236395,0.8202951,69.77131,0.260613,-0.7822282,-0.5658622,0.07562719,1.144762,0.2014827,1.164815,0.8836997,-0.3634715,0.08773009,-0.2815436,212.7047,0.9209538,-0.3787943,0.09142852,0.1084709,-0.0596927,0.02695717,0.1267117,0.1264983,-0.6725456,-0.6638821,-0.3015648,215.1032,0.1326749,-0.7053842,-0.6962978,-0.409811,-0.2463787,-0.366697,0.6025897,0.6717912,0.6698278,0.2041847,0.2415287,152.0464,0.6922872,0.6902639,0.2104143,0.02437281,-0.04476166,0.09851728,0.1109202,-0.4672759,0.2730426,-0.5540338,0.6325723,101.5197,-0.6033249,0.3525398,-0.7153426,-0.1132888,1.208579,-0.05863591,1.215292,0.03338957,-0.1172107,-0.1869438,-0.9747815,334.2104,0.1496206,-0.525228,-0.837706,True,True,False,False
1772879680758,6.377014,0.1436164,1.053308,0.1464317,1.073091,-0.5241933,-0.6714931,0.3562426,0.3839396,134.8441,-0.5677031,-0.7272292,0.3858119,-0.1000789,0.6302503,-0.05941078,0.6409063,0.5192376,0.2269101,-0.7635061,0.3097786,143.9082,0.546101,0.2386496,-0.803007,0.05617646,1.13399,0.2102273,1.154679,0.07837349,1.174498,0.2188415,1.19728,0.09243277,1.145892,0.2273124,1.171872,-0.01394317,0.6540091,0.03204922,0.6549423,-0.003729526,0.6459383,0.0760833,0.6504144,-0.02209784,0.6382916,0.1064438,0.6474834,0.1015453,-0.07797345,0.04282372,0.1350007,0.1389138,-0.06804283,0.01612498,0.1555213,0.1099667,-0.07507827,0.001972869,0.1331665,-0.1141734,0.0420221,-0.03933646,0.1278623,-0.1561078,0.05385904,-0.02485023,0.1669969,-0.1776945,0.04548071,0.003104098,0.1834488,0.1002231,-0.07996906,0.03753564,0.1335988,0.1379509,-0.06784589,0.01650436,0.1546153,0.1170561,-0.07601531,0.0009264378,0.1395755,-0.1144176,0.04172133,-0.03934748,0.1279855,-0.1563479,0.0536843,-0.02486128,0.1671668,-0.1779102,0.04516637,0.003101814,0.1835801,0.1148243,-0.0756038,0.02328607,0.1394375,-0.1693653,0.9609491,0.0123017,0.2184971,154.7585,-0.173559,0.9847429,0.0126063,-0.1432922,0.0439962,-0.021033,0.1513629,0.148935,-0.4474403,-0.3234234,0.8203737,69.75557,0.2604542,-0.7824738,-0.5655959,0.07602277,1.143962,0.2024883,1.164229,0.8829821,-0.3683237,0.08653956,-0.277833,212.2618,0.9191704,-0.3834191,0.09008631,0.1078055,-0.05977969,0.02865917,0.1265582,0.1211301,-0.6894047,-0.6499467,-0.2960034,214.4354,0.126813,-0.7217485,-0.6804393,-0.4129179,-0.2447318,-0.3650553,0.6030425,0.6775452,0.6715522,0.2014651,0.2221761,154.3262,0.6949134,0.6887668,0.2066295,0.02397723,-0.04396164,0.09751175,0.1096179,-0.466676,0.2715859,-0.5500267,0.6371228,100.8448,-0.6054732,0.3523601,-0.7136137,-0.1132025,1.208578,-0.05832651,1.215268,0.03312246,-0.1171636,-0.1863011,-0.9749193,334.2813,0.1488257,-0.526439,-0.837087,True,True,False,False
1772879680772,6.390361,0.1443351,1.052516,0.1486832,1.072721,-0.5261784,-0.6685609,0.3601186,0.3827237,134.995,-0.5695416,-0.7236581,0.3897966,-0.100064,0.6302766,-0.05942206,0.6409308,0.5192376,0.2269101,-0.7635061,0.3097786,143.9082,0.546101,0.2386496,-0.803007,0.05671944,1.13367,0.2116705,1.154655,0.07936,1.173317,0.2206721,1.196523,0.09378128,1.144618,0.2281919,1.170904,-0.01395154,0.6540369,0.03205351,0.6549705,-0.003738504,0.6460122,0.07609995,0.6504897,-0.02208162,0.6383161,0.1064312,0.6475049,0.101263,-0.07802282,0.04345166,0.1350178,0.1378107,-0.06888434,0.01613277,0.15491,0.1084952,-0.0747269,0.002181388,0.1317576,-0.114182,0.04200409,-0.03931678,0.1278581,-0.1561387,0.05380784,-0.02485648,0.1670103,-0.1776932,0.04548289,0.003103942,0.1834481,0.1003083,-0.07980946,0.03802078,0.1337045,0.1379394,-0.06793105,0.01647389,0.1546392,0.1163541,-0.07590965,0.001029349,0.1389302,-0.1143983,0.04174451,-0.03934496,0.127975,-0.1563307,0.05369443,-0.02486088,0.167154,-0.1778924,0.04519232,0.003101988,0.1835693,0.1148302,-0.07548909,0.02341699,0.1394021,-0.1634615,0.9642898,0.01467959,0.2078707,156.0048,-0.1671118,0.9858237,0.01500741,-0.1432721,0.04401902,-0.021032,0.1513503,0.1487494,-0.4475196,-0.3231049,0.8204895,69.73235,0.2602053,-0.7828401,-0.5652031,0.07655586,1.143056,0.2034426,1.163541,0.8812591,-0.3761577,0.09359926,-0.27042,211.3785,0.9153633,-0.3907148,0.09722149,0.1071624,-0.05971937,0.02955781,0.1261897,0.1169652,-0.690228,-0.6509577,-0.293528,214.1386,0.1223549,-0.7220331,-0.6809533,-0.4137733,-0.2439047,-0.3643877,0.6028899,0.679371,0.6680411,0.206286,0.222761,154.2575,0.6968815,0.6852595,0.211603,0.02344414,-0.04305625,0.09655739,0.1082903,-0.4579768,0.2728481,-0.5463687,0.6459818,99.52135,-0.5999542,0.3574337,-0.7157485,-0.1131203,1.20858,-0.05801091,1.215248,0.03293759,-0.1171527,-0.1859138,-0.9750007,334.3232,0.1482329,-0.5272362,-0.8366899,True,True,False,False
1772879680786,6.40445,0.1456223,1.051771,0.1514039,1.072545,-0.5280784,-0.6653031,0.3655253,0.3806525,135.2518,-0.5710697,-0.7194659,0.395283,-0.1000624,0.6302944,-0.05945826,0.6409515,0.5192376,0.2269101,-0.7635061,0.3097786,143.9082,0.546101,0.2386496,-0.803007,0.05704158,1.133126,0.2130111,1.154384,0.08086093,1.171888,0.2223605,1.195536,0.09573835,1.143331,0.2290239,1.169967,-0.01394784,0.6540959,0.03201775,0.6550276,-0.003758509,0.6460849,0.07611109,0.6505634,-0.02208073,0.6383348,0.106395,0.6475173,0.1007308,-0.07808333,0.04490987,0.1351318,0.1362487,-0.06949537,0.01623892,0.1538084,0.1067694,-0.07410035,0.002416842,0.1299862,-0.1141928,0.04197658,-0.0393455,0.1278675,-0.1561902,0.05375266,-0.02486215,0.1670414,-0.1776932,0.04548181,0.00310383,0.1834478,0.100341,-0.07967591,0.03855381,0.133802,0.1378086,-0.06805208,0.01645571,0.1545739,0.1156125,-0.07576966,0.001136703,0.1382338,-0.1143824,0.04176247,-0.039345,0.1279666,-0.1563198,0.05369893,-0.02486098,0.1671453,-0.177877,0.04521472,0.003102131,0.1835598,0.1147224,-0.07540403,0.0235887,0.1392962,-0.1571771,0.9675099,0.01767517,0.1972503,157.2476,-0.160327,0.9868993,0.01802938,-0.1432532,0.04403714,-0.02103376,0.1513379,0.1485191,-0.4475977,-0.3227384,0.8206329,69.7036,0.259896,-0.7832587,-0.5647655,0.07807504,1.140482,0.2066858,1.161686,0.8777898,-0.3906428,0.1068768,-0.2558528,209.6482,0.9080123,-0.4040927,0.1105566,0.1063439,-0.05956281,0.03089358,0.1257425,0.1174272,-0.694647,-0.650471,-0.2838382,212.9788,0.1224639,-0.7244416,-0.6783709,-0.4146217,-0.2429016,-0.3637631,0.6026906,0.6793675,0.6662823,0.2178096,0.216995,154.9348,0.6959502,0.6825455,0.2231261,0.02192496,-0.04048204,0.09331425,0.1040531,-0.4411727,0.2746862,-0.5393563,0.6625776,97.00651,-0.5890208,0.3667405,-0.7201082,-0.1131217,1.208554,-0.05756617,1.215201,0.03256449,-0.1171911,-0.1856688,-0.9750553,334.3514,0.1467121,-0.5279782,-0.8364895,True,True,False,False
1772879680800,6.419107,0.1482343,1.049923,0.1571975,1.071925,-0.5298148,-0.6620288,0.37213,0.377536,135.6377,-0.5721573,-0.7149378,0.4018704,-0.1001907,0.6301463,-0.05956107,0.6408355,0.5192762,0.2268879,-0.7633771,0.3100478,143.8758,0.546192,0.2386482,-0.8029454,0.05832246,1.131605,0.2170792,1.153713,0.08357564,1.167166,0.2264631,1.191867,0.09859186,1.142412,0.2333729,1.170166,-0.01414593,0.6540987,0.0319348,0.6550306,-0.003932167,0.6459707,0.07597849,0.6504355,-0.02226283,0.638254,0.1063113,0.6474302,0.1003765,-0.07806794,0.04660291,0.1354322,0.1324283,-0.0700784,0.01661608,0.150746,0.1065326,-0.07393354,0.002456233,0.1296973,-0.1142039,0.041892,-0.03938849,0.1278629,-0.1561282,0.05378738,-0.02485969,0.1669943,-0.1776885,0.04548934,0.003103353,0.1834452,0.1003439,-0.07954514,0.03920838,0.1339165,0.137371,-0.06821687,0.01646875,0.1542581,0.1148741,-0.07562035,0.00124401,0.1375356,-0.1143679,0.041773,-0.03934854,0.1279582,-0.1563043,0.05370613,-0.02486088,0.167133,-0.1778617,0.04523706,0.00310223,0.1835505,0.1143896,-0.07536828,0.0238689,0.1390507,-0.1517358,0.9704543,0.0203555,0.1864949,158.5034,-0.1544454,0.987784,0.02071899,-0.1432366,0.04405171,-0.02103604,0.1513268,0.1483532,-0.4476337,-0.3226008,0.8206974,69.69068,0.2596477,-0.7834485,-0.5646159,0.07848974,1.139911,0.2071697,1.161239,0.8789248,-0.3975322,0.1136084,-0.2378077,207.5144,0.9048839,-0.4092733,0.1169638,0.1049689,-0.05904778,0.03266947,0.1247895,0.1212283,-0.7001405,-0.6525301,-0.2632708,210.5285,0.1256614,-0.7257432,-0.6763919,-0.4177189,-0.2397828,-0.3621103,0.602585,0.6789738,0.6625151,0.2398361,0.2062694,156.1924,0.6938959,0.6770755,0.2451071,0.02151027,-0.03991067,0.09283027,0.1033103,-0.4282271,0.2669867,-0.5367275,0.6762125,94.90324,-0.5812722,0.3624057,-0.7285499,-0.1129786,1.208532,-0.05729465,1.215153,0.032472,-0.1167641,-0.185521,-0.9751378,334.394,0.1465347,-0.5269152,-0.8371907,True,True,False,False
1772879680815,6.432387,0.1486657,1.049295,0.1593721,1.071691,-0.5312468,-0.6590533,0.3789306,0.3739483,136.0814,-0.5728041,-0.7106082,0.4085728,-0.1002666,0.6301156,-0.05957977,0.6408189,0.5192762,0.2268879,-0.7633771,0.3100478,143.8758,0.546192,0.2386482,-0.8029454,0.05862165,1.13168,0.2181723,1.154009,0.08401936,1.165584,0.2267569,1.190405,0.09913196,1.142389,0.2339942,1.170313,-0.01422461,0.6541128,0.03190241,0.6550448,-0.004002031,0.6459196,0.07593748,0.6503804,-0.02235913,0.6382475,0.1063008,0.6474255,0.1003828,-0.07804118,0.04675065,0.1354723,0.130548,-0.07012243,0.01682483,0.1491409,0.1060297,-0.07375492,0.002525941,0.1291838,-0.114201,0.04185877,-0.03942145,0.1278596,-0.1561041,0.05380657,-0.02485789,0.1669777,-0.1776965,0.04545758,0.00310348,0.183445,0.1003472,-0.07941832,0.0398444,0.1340314,0.1367957,-0.06837756,0.01649878,0.1538205,0.1141283,-0.07546304,0.001352113,0.1368275,-0.1143538,0.04178023,-0.03935469,0.1279499,-0.1562874,0.0537146,-0.02486063,0.1671199,-0.1778477,0.04525565,0.003102336,0.1835416,0.1139807,-0.07533996,0.02415277,0.1387482,-0.1469382,0.9731194,0.02292359,0.1758473,159.744,-0.1492641,0.9885231,0.02328645,-0.1432218,0.04406325,-0.02103907,0.1513165,0.148264,-0.4476343,-0.3226049,0.8207116,69.68783,0.259501,-0.7834777,-0.5646434,0.07909254,1.139327,0.2084498,1.160936,0.8810639,-0.3937969,0.1200589,-0.2328871,206.9342,0.9059747,-0.4049309,0.1234534,0.104388,-0.05867118,0.03288347,0.1241792,0.1265747,-0.69879,-0.6578497,-0.2508092,209.0508,0.130754,-0.7218632,-0.6795712,-0.4181913,-0.2390662,-0.361889,0.602495,0.6736872,0.6606469,0.2595335,0.2057517,156.253,0.6884164,0.675091,0.2652078,0.02090746,-0.03932691,0.09155023,0.1018095,-0.4211249,0.2648508,-0.5420397,0.6772748,94.73792,-0.5723903,0.3599835,-0.7367369,-0.112869,1.208491,-0.0569676,1.215086,0.03245223,-0.1165081,-0.1849488,-0.9752778,334.4665,0.1468543,-0.5272277,-0.8369388,True,True,False,False
1772879680828,6.445981,0.1496062,1.048072,0.1621058,1.071035,-0.5329092,-0.655611,0.386494,0.3698709,136.5847,-0.5735861,-0.7056537,0.4159951,-0.10037,0.6302773,-0.05955888,0.6409921,0.5192081,0.2271513,-0.7634451,0.3098012,143.9055,0.5460743,0.2389051,-0.8029492,0.05915632,1.131155,0.2194337,1.15376,0.08468385,1.16509,0.2283844,1.19028,0.1002715,1.141793,0.234772,1.169984,-0.01424287,0.6542917,0.03185261,0.6552214,-0.004100565,0.6461229,0.07602203,0.6505928,-0.02244985,0.6383885,0.1063523,0.647576,0.100324,-0.0779234,0.04725835,0.1355371,0.1303496,-0.07092643,0.01671473,0.149335,0.1054067,-0.07335083,0.002624869,0.1284437,-0.1141882,0.0418324,-0.03951869,0.1278696,-0.1562111,0.05367005,-0.02487345,0.1670361,-0.1777566,0.04535145,0.003109239,0.1834771,0.1003454,-0.07930318,0.0404154,0.1341328,0.1362992,-0.06857386,0.01651541,0.1534686,0.1134566,-0.07530037,0.001450135,0.1361787,-0.114341,0.04178425,-0.03936732,0.1279437,-0.1562815,0.05371117,-0.02486161,0.1671134,-0.1778407,0.04526303,0.003102867,0.1835366,0.1136119,-0.07532278,0.02441208,0.1384815,-0.1413072,0.975548,0.02556616,0.1663877,160.8443,-0.1433048,0.989339,0.02592758,-0.1432078,0.04406736,-0.02104749,0.1513057,0.1481409,-0.4476284,-0.3224527,0.8207968,69.67073,0.2593412,-0.7836354,-0.5644979,0.07923562,1.139527,0.2084321,1.161139,0.885765,-0.3891749,0.1270999,-0.2186523,205.2598,0.9077295,-0.3988253,0.1302516,0.1044107,-0.0587071,0.03315446,0.1242873,0.128284,-0.7028438,-0.6530773,-0.2510856,209.0835,0.1325296,-0.7261047,-0.6746911,-0.4191705,-0.2383171,-0.3614805,0.6026335,0.6672423,0.6658813,0.2639951,0.204197,156.435,0.6816039,0.6802136,0.2696773,0.02076438,-0.03952694,0.09156787,0.1018735,-0.4096535,0.2552837,-0.5486637,0.6826291,93.90114,-0.5605816,0.3493376,-0.7508072,-0.1128405,1.208417,-0.05657718,1.214992,0.03199907,-0.116586,-0.1846207,-0.9753456,334.5017,0.145,-0.5282959,-0.8365871,True,True,False,False
1772879680842,6.459497,0.1491566,1.047366,0.1632419,1.070453,-0.5345749,-0.6521417,0.3940545,0.3655981,137.1112,-0.5743345,-0.7006454,0.4233628,-0.1004151,0.6303024,-0.05952964,0.6410211,0.519188,0.2273927,-0.763512,0.3094931,143.9426,0.5459954,0.2391338,-0.8029346,0.0592209,1.131756,0.2195617,1.154377,0.08407648,1.165326,0.2277245,1.190342,0.09988968,1.141933,0.2341512,1.169964,-0.01420502,0.6542753,0.03183535,0.6552033,-0.004100677,0.6460679,0.07605213,0.6505417,-0.02246327,0.6383373,0.1064008,0.647534,0.1007755,-0.07780375,0.04661511,0.1355806,0.1303031,-0.07106326,0.01671359,0.1493594,0.1050607,-0.07316722,0.002677456,0.1280561,-0.1141822,0.04183476,-0.03958198,0.1278845,-0.1562418,0.05363867,-0.0248768,0.1670552,-0.1778007,0.0452899,0.003114194,0.1835047,0.1003792,-0.07918519,0.04090326,0.1342362,0.1358274,-0.06876976,0.01653101,0.1531392,0.1127959,-0.0751325,0.001546715,0.1355367,-0.1143285,0.04178822,-0.03938421,0.127939,-0.1562784,0.05370547,-0.02486281,0.1671088,-0.1778376,0.04526515,0.003103759,0.1835341,0.1132887,-0.07529485,0.02461527,0.1382373,-0.1355152,0.9778472,0.02821275,0.1570179,161.9323,-0.1372172,0.990129,0.0285671,-0.1431955,0.04406907,-0.0210581,0.151296,0.1480607,-0.4475964,-0.3223179,0.8208817,69.65369,0.2592561,-0.7837467,-0.5643826,0.0792274,1.139842,0.2080871,1.161386,0.8906489,-0.3830007,0.1264463,-0.2099197,204.2353,0.9109462,-0.391729,0.129328,0.1045896,-0.05862897,0.03238046,0.1241967,0.136479,-0.701858,-0.653059,-0.2495652,208.9036,0.1409386,-0.7247919,-0.6743982,-0.4189663,-0.2386182,-0.3618237,0.6028166,0.655898,0.671554,0.2758644,0.2066693,156.1455,0.6703706,0.6863721,0.2819514,0.0207726,-0.03984177,0.09191287,0.1023076,-0.4066706,0.2453051,-0.5540483,0.6837215,93.72971,-0.5572791,0.3361527,-0.7592375,-0.1127088,1.208249,-0.05620752,1.214796,0.03160945,-0.1163216,-0.1844393,-0.9754242,334.5425,0.1434606,-0.5279297,-0.8370844,True,True,False,False
1772879680856,6.473879,0.1491176,1.046889,0.1640588,1.070107,-0.5358458,-0.648993,0.4009289,0.3618471,137.5726,-0.5747954,-0.6961671,0.4300717,-0.1004464,0.6303171,-0.05951666,0.6410393,0.5192142,0.2275806,-0.7635494,0.3092187,143.9757,0.5459717,0.2393089,-0.8028985,0.05947835,1.132136,0.2194265,1.154737,0.08387873,1.165933,0.2268613,1.190756,0.0999639,1.142036,0.2332857,1.169898,-0.01419391,0.6542489,0.03181902,0.655176,-0.004095715,0.6459798,0.07604946,0.6504539,-0.02244927,0.638293,0.1064149,0.6474922,0.1009292,-0.07773441,0.04624314,0.1355277,0.1305407,-0.07107202,0.01671927,0.1495715,0.1046072,-0.0728774,0.002745479,0.1275199,-0.1141731,0.04182186,-0.03962161,0.1278844,-0.1562402,0.05363867,-0.0248769,0.1670538,-0.1778291,0.04525239,0.003079973,0.1835223,0.1004223,-0.07907163,0.04132126,0.1343295,0.1354135,-0.06894998,0.01654574,0.1528551,0.1121549,-0.07495598,0.001640552,0.1349067,-0.1143164,0.04179086,-0.03940279,0.1279347,-0.1562754,0.05370024,-0.02486391,0.1671045,-0.1778369,0.04526415,0.003101897,0.1835332,0.1130127,-0.07525404,0.02477186,0.138017,-0.1296583,0.9799564,0.03091079,0.1480496,162.9722,-0.1311031,0.990876,0.03125523,-0.143184,0.04406881,-0.02107088,0.1512868,0.1480531,-0.4475524,-0.322283,0.8209206,69.64588,0.2592683,-0.7837467,-0.5643769,0.07941116,1.140027,0.2093104,1.1618,0.8926074,-0.3748565,0.1343527,-0.2113862,204.4072,0.9132442,-0.3835231,0.1374589,0.1048348,-0.05862707,0.03218453,0.1243516,0.1383009,-0.6996668,-0.6533371,-0.2539485,209.4226,0.1429883,-0.7233809,-0.6754809,-0.4184721,-0.2390774,-0.3622613,0.602918,0.6480618,0.6750498,0.2803693,0.2138149,155.308,0.6634036,0.6910305,0.2870066,0.02058884,-0.04002726,0.09068963,0.1012457,-0.4010596,0.247079,-0.5629379,0.6791203,94.45013,-0.5463825,0.3366075,-0.7669169,-0.1127308,1.208126,-0.05583551,1.214658,0.0311174,-0.1164492,-0.1839873,-0.9755101,334.5873,0.1414719,-0.5294238,-0.8364787,True,True,False,False
1772879680870,6.488302,0.1496445,1.046785,0.16644,1.070446,-0.5369707,-0.6454352,0.4085013,0.358054,138.0385,-0.5750992,-0.6912654,0.4375077,-0.1004013,0.6304476,-0.05964882,0.6411728,0.5192564,0.2277667,-0.7635577,0.3089901,144.0033,0.5459734,0.2394859,-0.8028447,0.0598488,1.132305,0.2205813,1.155142,0.08416194,1.166965,0.2278536,1.191976,0.1005765,1.142849,0.2340812,1.170903,-0.01421486,0.6542354,0.03174102,0.6551592,-0.004025635,0.6460178,0.07590796,0.6504747,-0.02228022,0.6384218,0.106233,0.6475834,0.1005571,-0.07768281,0.0464962,0.135308,0.1308334,-0.07146876,0.01666259,0.1500094,0.1044693,-0.07273148,0.002765723,0.1273238,-0.1141831,0.04181552,-0.03949363,0.1278517,-0.1562379,0.05363972,-0.02487675,0.1670519,-0.1778404,0.04524878,0.002934411,0.18353,0.1004335,-0.07895653,0.04175013,0.1344027,0.135034,-0.06915872,0.01655543,0.1526145,0.111518,-0.07477162,0.001733801,0.134276,-0.1143053,0.0417929,-0.03941032,0.1279278,-0.1562723,0.05369522,-0.02486498,0.1671002,-0.1778372,0.04526287,0.003088017,0.1835329,0.1127312,-0.0752169,0.02493859,0.1377963,-0.1229778,0.9819894,0.03359506,0.1394438,163.9687,-0.1241912,0.9916782,0.03392652,-0.1431715,0.04406809,-0.02108425,0.1512766,0.1481086,-0.4476038,-0.3222831,0.8208827,69.6535,0.2593406,-0.7837616,-0.5643231,0.07960592,1.140005,0.2097535,1.161871,0.8951904,-0.3774405,0.1388749,-0.1920593,202.146,0.9121719,-0.3846005,0.1415093,0.1046385,-0.05887644,0.03238901,0.1243571,0.1396801,-0.7074297,-0.6429501,-0.2581629,209.9222,0.1445812,-0.7322521,-0.6655099,-0.419562,-0.2392692,-0.3620237,0.6036085,0.6411939,0.6836405,0.2780609,0.21021,155.7307,0.6558481,0.6992648,0.2844159,0.02039408,-0.04000461,0.09024654,0.1008004,-0.3890764,0.2354271,-0.5625872,0.6904271,92.67216,-0.5378425,0.3254443,-0.7776964,-0.11267,1.207986,-0.05544544,1.214496,0.030629,-0.1162139,-0.1835265,-0.9756405,334.6553,0.1396189,-0.5297486,-0.8365853,True,True,False,False
1772879680884,6.502551,0.1497457,1.0466,0.168517,1.070604,-0.5379555,-0.6416308,0.4165963,0.3540641,138.5278,-0.5752174,-0.6860739,0.4454522,-0.1003654,0.630411,-0.05968951,0.641135,0.5192564,0.2277667,-0.7635577,0.3089901,144.0033,0.5459734,0.2394859,-0.8028447,0.06009529,1.133015,0.2215647,1.156038,0.08426864,1.166485,0.22783,1.19151,0.1006765,1.143793,0.2346581,1.171948,-0.0142219,0.654144,0.0317519,0.6550686,-0.003992115,0.6459878,0.07587336,0.6504406,-0.02227194,0.6384703,0.10622,0.6476288,0.1007579,-0.0776058,0.04630352,0.1353471,0.1296553,-0.07130508,0.01682234,0.1489224,0.1045402,-0.07275154,0.002753824,0.1273932,-0.1142068,0.04182233,-0.03941058,0.1278495,-0.1562445,0.05363324,-0.0248774,0.1670561,-0.1778789,0.04516842,0.002905428,0.183547,0.1004604,-0.0788443,0.04212847,0.134475,0.134587,-0.06933706,0.0165776,0.1523027,0.1109382,-0.07460377,0.001818553,0.1337023,-0.1142971,0.04179535,-0.03941034,0.1279213,-0.15627,0.05369008,-0.02486601,0.1670965,-0.1778406,0.04525502,0.003072846,0.1835341,0.1124293,-0.07518118,0.02509182,0.1375579,-0.1175246,0.983676,0.03577638,0.1314894,164.8887,-0.118554,0.9922915,0.03608973,-0.1431642,0.04406524,-0.02109288,0.1512701,0.1482474,-0.4476716,-0.3223136,0.8208086,69.66835,0.2595353,-0.7837343,-0.5642713,0.08040852,1.139091,0.2128908,1.161601,0.892312,-0.3829143,0.1441604,-0.1907189,201.9895,0.908997,-0.3900743,0.146856,0.1042468,-0.05856087,0.0323697,0.1238732,0.1455015,-0.7045108,-0.6482461,-0.2495416,208.9008,0.1502549,-0.7275268,-0.6694239,-0.4200599,-0.2391795,-0.3619639,0.6038833,0.6328995,0.6827605,0.2961455,0.2134815,155.3471,0.6478339,0.6988716,0.3031336,0.01959148,-0.03909111,0.08710922,0.09746773,-0.384061,0.2396246,-0.5594391,0.6943381,92.05102,-0.5336782,0.3329743,-0.7773776,-0.1126376,1.207785,-0.05503711,1.214274,0.03040664,-0.1162108,-0.1831474,-0.975719,334.6963,0.1388265,-0.5305794,-0.8361892,True,True,False,False
1772879680898,6.516383,0.1516072,1.04535,0.1737742,1.070485,-0.5388702,-0.6373467,0.4256486,0.349616,139.0723,-0.5751672,-0.680277,0.4543194,-0.1002664,0.6301222,-0.05970246,0.6408367,0.5192564,0.2277667,-0.7635577,0.3089901,144.0033,0.5459734,0.2394859,-0.8028447,0.06066701,1.132239,0.22485,1.155943,0.08598414,1.16574,0.2309722,1.191508,0.102533,1.143613,0.2381692,1.172642,-0.01425806,0.6538233,0.03185628,0.6547541,-0.003887672,0.6456831,0.07584496,0.650134,-0.02223139,0.6382333,0.1062557,0.6473996,0.1007703,-0.07741474,0.04775915,0.1357521,0.1292475,-0.07128249,0.01690178,0.1485658,0.104477,-0.07271592,0.002773471,0.1273214,-0.1142724,0.04174602,-0.03925915,0.1278366,-0.1562278,0.05364879,-0.0248758,0.1670452,-0.1779206,0.0450892,0.002926238,0.1835684,0.1004859,-0.07872683,0.04259117,0.1345709,0.1341483,-0.06949692,0.01660424,0.1519911,0.1104072,-0.07444864,0.001897023,0.1331764,-0.1142951,0.04179129,-0.03939792,0.1279143,-0.1562665,0.05368668,-0.02486681,0.1670923,-0.1778472,0.0452414,0.003060798,0.1835369,0.1121134,-0.07514703,0.02530986,0.1373211,-0.1125799,0.9851816,0.03741448,0.1238671,165.7693,-0.1134537,0.9928277,0.03770486,-0.1431673,0.04405757,-0.02109035,0.1512705,0.1484582,-0.4477524,-0.32246,0.8206689,69.69638,0.259813,-0.7836005,-0.5643292,0.08088889,1.13834,0.2140265,1.161106,0.8928202,-0.3891941,0.1463488,-0.1731532,199.9424,0.9065132,-0.3951631,0.1485933,0.1042223,-0.05834532,0.03347136,0.1240436,0.138087,-0.7129222,-0.6434733,-0.2421079,208.022,0.1423211,-0.7347824,-0.663204,-0.4230442,-0.2383253,-0.3608804,0.6049793,0.6342899,0.6813107,0.3009889,0.2071186,156.0929,0.6483486,0.6964117,0.3076602,0.01911111,-0.03833961,0.08597347,0.09605519,-0.374468,0.2298104,-0.5549782,0.7063712,90.11916,-0.5290278,0.3246636,-0.7840427,-0.1125035,1.207809,-0.05459084,1.214265,0.02972552,-0.116037,-0.1826477,-0.9758543,334.7672,0.1360919,-0.5312504,-0.8362133,True,True,False,False
1772879680913,6.528996,0.1526708,1.045314,0.1769,1.071113,-0.5397547,-0.6331067,0.4348575,0.3445862,139.6869,-0.5749689,-0.6744112,0.4632281,-0.1002034,0.6299897,-0.05970659,0.640697,0.5193495,0.2278951,-0.7635228,0.3088251,144.0231,0.5460406,0.2396073,-0.8027627,0.06104476,1.132337,0.2264481,1.15637,0.08693248,1.164508,0.2318063,1.190534,0.1034626,1.144678,0.2394603,1.174024,-0.01424634,0.653614,0.03191175,0.6545476,-0.003828641,0.6454857,0.07585773,0.6499391,-0.02216607,0.6380331,0.1062568,0.6472002,0.1003935,-0.07747014,0.04840263,0.1357325,0.1271892,-0.07122041,0.01714844,0.146777,0.1044664,-0.07271451,0.002777204,0.1273119,-0.1142965,0.0417249,-0.03919183,0.1278305,-0.1562361,0.05364071,-0.02487672,0.1670506,-0.1779257,0.0450814,0.002911873,0.1835711,0.1004785,-0.07862634,0.04305586,0.1346545,0.1335918,-0.06963474,0.01664776,0.1515682,0.1099322,-0.07430997,0.001967404,0.1327062,-0.1142952,0.04178599,-0.03938144,0.1279076,-0.1562641,0.05368301,-0.0248676,0.167089,-0.1778535,0.0452286,0.00304889,0.1835396,0.1117197,-0.07512952,0.02556841,0.1370382,-0.1088573,0.9863496,0.03867633,0.1173406,166.5227,-0.1096145,0.993211,0.03894537,-0.1431719,0.04404968,-0.02108555,0.1512718,0.1486417,-0.4478544,-0.3225764,0.8205343,69.72337,0.2600462,-0.7835138,-0.5643421,0.08169603,1.137082,0.215548,1.160212,0.8932855,-0.3935435,0.1541303,-0.1529978,197.6014,0.9039279,-0.3982321,0.1559665,0.1031374,-0.05815981,0.03413027,0.1232265,0.1376037,-0.7109774,-0.6495931,-0.2315279,206.7741,0.141447,-0.7308355,-0.6677366,-0.423879,-0.237766,-0.3604689,0.6050983,0.6294587,0.6769627,0.3185869,0.2097756,155.7816,0.6437832,0.6923682,0.3258369,0.01830398,-0.03708243,0.08445205,0.09403346,-0.3590344,0.2201773,-0.5532532,0.7186983,88.10577,-0.5163571,0.3166552,-0.795679,-0.1124445,1.207623,-0.05416552,1.214056,0.02960791,-0.1158058,-0.182566,-0.9759007,334.7915,0.1356821,-0.530695,-0.8366325,True,True,False,False
1772879680927,6.545525,0.1550132,1.045542,0.1809345,1.072345,-0.5408502,-0.629059,0.4443927,0.3380548,140.4832,-0.5746839,-0.6684108,0.4721923,-0.0999729,0.6295189,-0.05952453,0.640181,0.5193495,0.2278951,-0.7635228,0.3088251,144.0231,0.5460406,0.2396073,-0.8027627,0.06176249,1.131807,0.2283921,1.156272,0.08882324,1.163204,0.2337461,1.189778,0.1054505,1.145724,0.241254,1.175588,-0.01399778,0.6532078,0.03207311,0.6541445,-0.003607925,0.645054,0.07608658,0.6495359,-0.02194746,0.6376734,0.1064751,0.6468741,0.0993716,-0.07759768,0.04993431,0.1356081,0.1248289,-0.07163831,0.01732828,0.1449641,0.1041669,-0.07261258,0.00281851,0.1270089,-0.1142972,0.04169261,-0.03925421,0.1278398,-0.1562864,0.05360481,-0.02487984,0.1670866,-0.1779824,0.0449935,0.002858222,0.1836037,0.1003972,-0.0785508,0.04356096,0.1347122,0.1329483,-0.06978186,0.01669773,0.1510748,0.1095088,-0.07418533,0.002029903,0.1322867,-0.1142953,0.04177913,-0.0393721,0.1279026,-0.1562657,0.05367726,-0.0248685,0.1670888,-0.1778629,0.04521134,0.003034889,0.1835443,0.1112394,-0.07514039,0.02589846,0.1367151,-0.1055612,0.9872625,0.03972826,0.1122108,167.1145,-0.1062321,0.9935374,0.03998077,-0.1431754,0.04403878,-0.02108693,0.1512722,0.1488703,-0.4479259,-0.3227465,0.820387,69.75289,0.2603498,-0.7833492,-0.5644309,0.08466396,1.133457,0.2212738,1.157953,0.9016353,-0.3876342,0.1603583,-0.1052553,192.0838,0.9066717,-0.3897995,0.161254,0.1015421,-0.05803967,0.03568929,0.1222829,0.1412998,-0.7096148,-0.6546819,-0.2187988,205.277,0.1448085,-0.7272357,-0.6709387,-0.4251006,-0.2368395,-0.3598415,0.6052184,0.6206822,0.6754227,0.338744,0.2093093,155.8362,0.6347421,0.6907225,0.3464173,0.01533604,-0.0334574,0.07872619,0.08690457,-0.332199,0.1838778,-0.5582908,0.7376614,84.93484,-0.4920221,0.2723426,-0.826888,-0.1124645,1.207505,-0.05377446,1.213923,0.02934387,-0.1156123,-0.1824989,-0.9759441,334.8144,0.134592,-0.5302807,-0.8370711,True,True,False,False
1772879680941,6.559102,0.1601279,1.042933,0.1907198,1.072252,-0.5418286,-0.625625,0.4531559,0.331157,141.322,-0.5742291,-0.6630363,0.4802539,-0.09906498,0.6280048,-0.05923139,0.6385235,0.5193495,0.2278951,-0.7635228,0.3088251,144.0231,0.5460406,0.2396073,-0.8027627,0.06534714,1.129382,0.2358864,1.155602,0.09354432,1.154,0.2432216,1.183057,0.1098647,1.144648,0.2491054,1.176581,-0.01315238,0.6516351,0.03244343,0.6525748,-0.002699841,0.6435501,0.07639866,0.6480747,-0.02105592,0.6363198,0.1068123,0.6455657,0.09943126,-0.0774444,0.05111248,0.1360026,0.1174914,-0.07352935,0.01774382,0.1397342,0.1047343,-0.07283065,0.002736814,0.1275973,-0.1143386,0.04168755,-0.03914672,0.1278422,-0.1563065,0.05359726,-0.02487998,0.167103,-0.1780569,0.04486752,0.002777316,0.1836438,0.1003063,-0.07844671,0.04427142,0.1348155,0.1314941,-0.07013443,0.01679615,0.1499722,0.1090596,-0.07405788,0.002096411,0.1318445,-0.1142994,0.04177051,-0.03935089,0.1278969,-0.1562695,0.05366974,-0.02486958,0.1670901,-0.1778812,0.04517899,0.003010656,0.1835536,0.1102985,-0.07524845,0.02649851,0.1361259,-0.1013272,0.9883208,0.04037153,0.1064183,167.7822,-0.1019058,0.9939651,0.0406021,-0.1431865,0.04402103,-0.0210855,0.1512773,0.1493253,-0.4480475,-0.3230639,0.8201129,69.8078,0.2609662,-0.7830237,-0.564598,0.08528421,1.132243,0.2227404,1.157092,0.9121553,-0.3673861,0.1540345,-0.09629989,191.0523,0.9164144,-0.3691015,0.1547537,0.1008007,-0.05660778,0.03818034,0.1217495,0.1662179,-0.6896862,-0.6733161,-0.2082069,204.0346,0.1699422,-0.7051395,-0.6884026,-0.4302339,-0.2340393,-0.3578357,0.6065657,0.5925346,0.6759771,0.3759537,0.2249813,153.9964,0.608125,0.693763,0.3858456,0.01471579,-0.03224337,0.07725959,0.08500137,-0.333571,0.1646461,-0.5729536,0.7303057,86.17595,-0.4883047,0.2410205,-0.8387298,-0.1124637,1.20748,-0.05335326,1.213879,0.02908223,-0.1154713,-0.1820937,-0.9760443,334.8671,0.1336672,-0.5307273,-0.8369356,True,True,False,False
1772879680954,6.573003,0.160966,1.0419,0.1932468,1.071826,-0.5423944,-0.623451,0.4598163,0.3250943,142.0574,-0.5735486,-0.6592609,0.4862273,-0.0988746,0.6276908,-0.05923739,0.6381857,0.519527,0.2278191,-0.7634885,0.3086677,144.0421,0.5461978,0.2395146,-0.8026835,0.06608885,1.128412,0.2373639,1.154999,0.09354026,1.153238,0.244368,1.18255,0.1100468,1.144189,0.2499229,1.176325,-0.01301709,0.6512585,0.03247436,0.6521975,-0.002509292,0.6431556,0.07636978,0.6476787,-0.02081508,0.6358795,0.1067433,0.6451125,0.09924935,-0.07762694,0.05055596,0.1357655,0.1173101,-0.07403326,0.01769476,0.1398417,0.1046608,-0.07284676,0.002735175,0.1275461,-0.1143331,0.04167034,-0.03910919,0.1278202,-0.1562612,0.05363624,-0.02490623,0.167077,-0.1779856,0.04498459,0.00273063,0.1836027,0.1002233,-0.07838228,0.04476537,0.1348793,0.1303793,-0.07044087,0.01686678,0.1491481,0.1087139,-0.07396269,0.002146616,0.1315059,-0.1143021,0.04176264,-0.03933189,0.1278909,-0.1562689,0.0536671,-0.02487246,0.1670891,-0.1778894,0.04516371,0.002988646,0.1835574,0.1095996,-0.07533842,0.02694247,0.1356976,-0.09718273,0.9891424,0.04109492,0.1022947,168.2574,-0.09769523,0.9943587,0.04131164,-0.1431916,0.04401089,-0.0210849,0.1512791,0.1495896,-0.4481841,-0.323283,0.8199037,69.84969,0.2612912,-0.7828524,-0.564685,0.08666819,1.130347,0.2236305,1.155511,0.9219593,-0.3383107,0.1729907,-0.07490841,188.5919,0.9245569,-0.3392639,0.1734781,0.1005086,-0.05688536,0.03770345,0.1214886,0.1714068,-0.6824447,-0.6735963,-0.2261797,206.1445,0.1759669,-0.7006003,-0.6915165,-0.4313815,-0.2332991,-0.3570449,0.6066296,0.5769863,0.6849838,0.3726949,0.2428635,151.8888,0.594794,0.7061248,0.3841976,0.01333182,-0.03034711,0.07636948,0.08325252,-0.3079549,0.1457146,-0.599538,0.7242137,87.19306,-0.446586,0.2113105,-0.8694302,-0.1123958,1.207395,-0.05296345,1.213772,0.02893166,-0.1154111,-0.1816129,-0.9761455,334.9205,0.1332536,-0.5315607,-0.8364732,True,True,False,False
1772879680968,6.587442,0.1617809,1.039805,0.1955733,1.070335,-0.5428393,-0.6210893,0.4673886,0.3179961,142.9164,-0.5725598,-0.655094,0.4929781,-0.09890467,0.6276886,-0.05927093,0.6381913,0.519754,0.2277952,-0.7634316,0.3084436,144.0691,0.5463948,0.2394711,-0.8025625,0.06746323,1.126374,0.2390624,1.153438,0.09341814,1.152042,0.244353,1.181371,0.1100441,1.142587,0.2503161,1.17485,-0.01306256,0.651348,0.03246037,0.6522871,-0.002511073,0.6431906,0.07638982,0.6477159,-0.02083405,0.635877,0.1067174,0.6451064,0.098874,-0.07809822,0.04905006,0.1352084,0.1178085,-0.07388395,0.01767737,0.140179,0.1044864,-0.07288771,0.00274685,0.1274268,-0.1143568,0.04155875,-0.0392258,0.1278408,-0.1563249,0.05359106,-0.02502811,0.1671403,-0.178005,0.04496166,0.002621301,0.1836143,0.1001149,-0.07835945,0.04510956,0.1349002,0.1293695,-0.07071745,0.01693189,0.1484052,0.1083743,-0.07387634,0.002194832,0.1311774,-0.1143065,0.04174626,-0.03932337,0.1278868,-0.1562734,0.05366099,-0.02488497,0.1670932,-0.1778987,0.04514748,0.002959138,0.183562,0.1089823,-0.07542529,0.02728174,0.135316,-0.09328111,0.9898105,0.04222385,0.09895018,168.6426,-0.09374115,0.994692,0.04243209,-0.1431965,0.04399569,-0.02109503,0.1512807,0.1497868,-0.4483273,-0.3234884,0.8197084,69.88877,0.2615079,-0.7827201,-0.564768,0.08688906,1.130456,0.2232373,1.155558,0.9271504,-0.3247489,0.1776849,-0.05795215,186.6445,0.9287112,-0.3252956,0.1779841,0.1004668,-0.05667416,0.03635226,0.1209423,0.2018364,-0.6789258,-0.6662457,-0.2333213,206.9854,0.2075652,-0.6981961,-0.6851562,-0.431964,-0.2312002,-0.3564966,0.6059177,0.542177,0.7064795,0.3820266,0.2469549,151.4052,0.5595065,0.7290606,0.3942373,0.01311094,-0.03045595,0.07676269,0.08361802,-0.2957954,0.1293978,-0.6098405,0.7237791,87.26526,-0.4286691,0.1875244,-0.8837859,-0.112393,1.207384,-0.05255682,1.213742,0.02882274,-0.1154278,-0.1811855,-0.9762262,334.963,0.1329741,-0.5325278,-0.8359018,True,True,False,False
1772879680982,6.599777,0.1618583,1.039208,0.1961592,1.069873,-0.5429612,-0.6195931,0.4723995,0.3132671,143.4875,-0.5717397,-0.6524333,0.497438,-0.09896781,0.6277937,-0.05928041,0.6383053,0.519996,0.2278941,-0.7633495,0.3081657,144.1026,0.5465974,0.2395525,-0.8024001,0.06807699,1.127066,0.2389403,1.154125,0.09280817,1.152387,0.2432271,1.181426,0.109494,1.142508,0.249693,1.174589,-0.01315548,0.6513949,0.03247638,0.6523367,-0.002595451,0.6432153,0.0764318,0.6477457,-0.02100225,0.6359649,0.1067967,0.6452115,0.09985885,-0.0780964,0.04768061,0.135441,0.1185592,-0.07365396,0.01765234,0.1406869,0.1046089,-0.07299554,0.002726793,0.1275884,-0.114349,0.04152632,-0.03924227,0.1278283,-0.156352,0.05356783,-0.02505606,0.1671624,-0.1780737,0.04483245,0.00260736,0.1836491,0.1000936,-0.07833757,0.04532341,0.1349434,0.1284703,-0.07096171,0.01699182,0.1477461,0.1080611,-0.07380307,0.00223908,0.1308782,-0.11431,0.04172797,-0.03931662,0.127882,-0.1562799,0.05365324,-0.0248992,0.1670989,-0.1779132,0.04512128,0.002929877,0.1835691,0.108495,-0.07549261,0.02750657,0.1350071,-0.08979837,0.9904483,0.04333269,0.09524045,169.0697,-0.09020843,0.9949711,0.04353056,-0.1432047,0.04397553,-0.02110528,0.151284,0.1500812,-0.4484465,-0.3237567,0.8194833,69.93379,0.2618747,-0.7824884,-0.5649189,0.08685418,1.130551,0.2226612,1.155537,0.9308972,-0.3110776,0.1857726,-0.04636598,185.315,0.9318995,-0.3114126,0.1859726,0.1010745,-0.05659449,0.03550858,0.1211604,0.2156611,-0.6721013,-0.6677426,-0.2364107,207.3496,0.2219527,-0.691709,-0.6872231,-0.431369,-0.2312387,-0.3570408,0.6058289,0.5232544,0.7132657,0.3906789,0.2546115,150.4989,0.5410867,0.7375736,0.4039931,0.01314582,-0.03055072,0.07733878,0.08418697,-0.28326,0.1190393,-0.6211586,0.7209408,87.73558,-0.4087464,0.1717747,-0.8963369,-0.1123127,1.207349,-0.05220988,1.213685,0.02863034,-0.1154217,-0.1812666,-0.9762175,334.9585,0.1320628,-0.5324041,-0.8361259,True,True,False,False
1772879680996,6.613332,0.1617783,1.039124,0.1962402,1.069795,-0.5429164,-0.6183608,0.4767688,0.3091332,143.986,-0.5708788,-0.6502088,0.5013243,-0.09903406,0.6278731,-0.05924967,0.6383909,0.5203736,0.2280089,-0.7632606,0.307663,144.1631,0.5469008,0.2396322,-0.8021695,0.06812743,1.127424,0.2384259,1.154372,0.09206521,1.152755,0.2421281,1.181501,0.1088445,1.142865,0.248728,1.174672,-0.01322605,0.6513649,0.03254666,0.6523116,-0.002725858,0.6431448,0.07655138,0.6476904,-0.02116188,0.6359297,0.1069136,0.6452014,0.100148,-0.07820648,0.04691653,0.1354513,0.1188702,-0.07373347,0.01762797,0.1409876,0.104741,-0.07308365,0.002700016,0.1277466,-0.1143486,0.04150281,-0.03928546,0.1278336,-0.1563939,0.05350916,-0.02506276,0.1671838,-0.1781345,0.04472883,0.002578914,0.1836824,0.1000975,-0.07832814,0.045438,0.1349793,0.1277798,-0.07116107,0.01703757,0.1472476,0.1078223,-0.07375133,0.002272234,0.1306525,-0.1143128,0.04171177,-0.03931438,0.1278785,-0.1562881,0.05364288,-0.02491096,0.167105,-0.1779291,0.04509305,0.002904634,0.1835772,0.1081445,-0.07554723,0.02764296,0.1347841,-0.08689417,0.9909447,0.0442852,0.09228712,169.4096,-0.08726657,0.9951916,0.044475,-0.1432122,0.04395522,-0.02111639,0.1512869,0.150371,-0.4485308,-0.3239891,0.8192922,69.97198,0.2622554,-0.7822628,-0.5650551,0.08672635,1.131073,0.2212797,1.155773,0.9312552,-0.3043352,0.1959782,-0.04167052,184.7765,0.9320647,-0.3045998,0.1961486,0.1011953,-0.05670368,0.03485313,0.121122,0.2291608,-0.669517,-0.6649851,-0.2388038,207.6319,0.2359885,-0.6894647,-0.6847978,-0.4303148,-0.2316877,-0.3575793,0.6055683,0.5056057,0.7220531,0.3958955,0.2574278,150.165,0.5232402,0.7472369,0.4097035,0.01327365,-0.03107262,0.0787203,0.08566553,-0.272334,0.1180989,-0.6281369,0.7192573,88.01362,-0.3919919,0.1699891,-0.9041271,-0.1121613,1.207257,-0.05183468,1.213563,0.02861685,-0.1152002,-0.1814134,-0.9762168,334.9581,0.1319986,-0.5313747,-0.8367907,True,True,False,False
1772879681009,6.627477,0.1619669,1.039045,0.1960078,1.069704,-0.5427871,-0.6173387,0.4805258,0.3055652,144.4156,-0.5700521,-0.6483484,0.5046632,-0.09922679,0.6280729,-0.05913798,0.638607,0.5207531,0.2282909,-0.7632174,0.3069182,144.2528,0.5471614,0.2398679,-0.8019214,0.06763893,1.127712,0.2371999,1.154371,0.09159029,1.153745,0.2406255,1.182124,0.108507,1.143147,0.2476602,1.17469,-0.01346234,0.6511739,0.03271876,0.6521344,-0.002915237,0.6432123,0.07679909,0.6477875,-0.02130421,0.6359171,0.1070263,0.6452124,0.1006449,-0.07814384,0.04712287,0.1358544,0.1198765,-0.07362369,0.01757874,0.1417739,0.1048565,-0.07322066,0.00267183,0.1279191,-0.1143094,0.041584,-0.03912774,0.1277766,-0.1565285,0.05339465,-0.02513627,0.1672842,-0.1781577,0.04469674,0.002460532,0.1836955,0.1001405,-0.07831368,0.04557024,0.1350474,0.1271595,-0.07135434,0.01708005,0.1468084,0.1075895,-0.07370968,0.002303596,0.1304375,-0.1143125,0.04170175,-0.03929973,0.1278705,-0.156307,0.0536234,-0.02492864,0.1671191,-0.1779471,0.04506195,0.002869779,0.1835864,0.1078487,-0.07559513,0.02777438,0.1346008,-0.08390242,0.9914755,0.04507183,0.08891202,169.798,-0.08423604,0.9954179,0.04525105,-0.1432151,0.0439362,-0.02112875,0.1512857,0.1505267,-0.4487867,-0.3237632,0.8192128,69.98786,0.2624751,-0.7825541,-0.5645493,0.08659175,1.131146,0.2207323,1.15573,0.9308494,-0.3031161,0.1999475,-0.04075667,184.6717,0.9316235,-0.3033682,0.2001138,0.1019064,-0.05640261,0.03468085,0.1215275,0.236685,-0.6725857,-0.6601812,-0.2361559,207.3195,0.2435745,-0.6921634,-0.6793978,-0.4283179,-0.2325558,-0.3587243,0.6051624,0.4950531,0.7289134,0.3994262,0.2531137,150.6763,0.5117163,0.7534484,0.4128707,0.01340825,-0.03114581,0.07926768,0.08621605,-0.2685407,0.1190357,-0.6298469,0.7190337,88.05049,-0.3864032,0.1712804,-0.9062867,-0.1120663,1.207218,-0.05146283,1.2135,0.02862394,-0.115034,-0.1813021,-0.9762568,334.9793,0.1321413,-0.53105,-0.8369741,True,True,False,False
1772879681023,6.642254,0.162095,1.039279,0.1959606,1.069942,-0.5426679,-0.6166266,0.4831341,0.3030917,144.7132,-0.5694543,-0.6470636,0.5069818,-0.09948099,0.6285766,-0.05902475,0.6391314,0.5209549,0.2287381,-0.7632461,0.3061705,144.3428,0.547235,0.240277,-0.8017488,0.06733754,1.127909,0.2364761,1.154398,0.09134047,1.153866,0.2401462,1.182125,0.108273,1.143703,0.2469786,1.175065,-0.01375742,0.6513026,0.0328913,0.6522776,-0.003050197,0.6433656,0.07681039,0.6479416,-0.02139974,0.6359987,0.1070168,0.6452944,0.1007099,-0.0780796,0.04729627,0.1359259,0.1196751,-0.07388823,0.01752839,0.1417352,0.1050199,-0.07326641,0.00264512,0.1280787,-0.1142966,0.04163451,-0.03894132,0.1277246,-0.1564442,0.05348412,-0.02516855,0.1672388,-0.1780594,0.04483866,0.002425626,0.1836343,0.1001869,-0.07829458,0.04571111,0.1351184,0.1265486,-0.07156116,0.01711664,0.1463849,0.1073798,-0.0736735,0.002331471,0.1302446,-0.1143112,0.04169626,-0.03927048,0.1278585,-0.1563182,0.05361203,-0.02494822,0.1671288,-0.1779563,0.04504372,0.002833528,0.1835903,0.1075632,-0.07564437,0.02791903,0.1344299,-0.08053724,0.9920068,0.04572066,0.08570867,170.1664,-0.08083469,0.9956706,0.04588953,-0.1432164,0.04392583,-0.02113255,0.1512845,0.1505927,-0.4491296,-0.3234439,0.8191388,70.00265,0.2625418,-0.7830079,-0.5638886,0.08606502,1.131255,0.2199849,1.155655,0.9277388,-0.3032467,0.2130058,-0.04439434,185.0889,0.9286544,-0.303546,0.213216,0.1018182,-0.05645378,0.03464072,0.1214658,0.2368626,-0.6752338,-0.6581845,-0.2339842,207.0635,0.2436255,-0.6945132,-0.6769772,-0.426956,-0.2328863,-0.3590762,0.6045355,0.4918476,0.7311482,0.4009412,0.2505087,150.9848,0.508047,0.7552291,0.4141465,0.01393498,-0.03125513,0.08001515,0.08702581,-0.259371,0.1289699,-0.6329367,0.7179728,88.22529,-0.3726213,0.1852826,-0.9092987,-0.1120397,1.207233,-0.05106954,1.213496,0.02856073,-0.1148917,-0.1809526,-0.9763403,335.0235,0.132079,-0.5313165,-0.8368151,True,True,False,False
1772879681037,6.656367,0.1620705,1.03944,0.1959231,1.070088,-0.5425522,-0.6159655,0.4855095,0.3008389,144.984,-0.5689068,-0.6458862,0.5090933,-0.1000429,0.6297577,-0.05891378,0.6403704,0.5211325,0.2293074,-0.7632686,0.3053852,144.4373,0.5472766,0.2408112,-0.80156,0.06635618,1.127888,0.2354838,1.154118,0.09089322,1.154394,0.2397823,1.182532,0.1078958,1.144209,0.2464226,1.175406,-0.01430008,0.6522973,0.03298794,0.6532874,-0.003586192,0.6444638,0.07712084,0.6490717,-0.0220844,0.637302,0.1073737,0.6466612,0.1008151,-0.07791159,0.04811954,0.1361961,0.1199523,-0.07424811,0.01740416,0.1421417,0.1052174,-0.07337713,0.002604447,0.1283031,-0.1142804,0.04158081,-0.03894643,0.1276941,-0.1566869,0.05328322,-0.02521312,0.1674085,-0.1783635,0.04435081,0.002337746,0.1838096,0.1002403,-0.07826204,0.04591573,0.1352084,0.1259882,-0.07178944,0.01714107,0.1460157,0.1071961,-0.07364832,0.002354663,0.1300793,-0.1143086,0.04168645,-0.03924295,0.1278445,-0.1563495,0.0535841,-0.02497073,0.1671525,-0.1779909,0.04498485,0.002791406,0.1836088,0.1073006,-0.07569344,0.02811074,0.1342874,-0.07643309,0.9925848,0.04604305,0.08254413,170.5304,-0.07669482,0.9959837,0.04620072,-0.1432264,0.04389558,-0.02114167,0.1512865,0.1509624,-0.449475,-0.3231173,0.8190102,70.02833,0.2631021,-0.7833593,-0.5631392,0.08578587,1.131284,0.2197454,1.155617,0.9303353,-0.3003201,0.2066264,-0.03987071,184.5701,0.9310756,-0.3005591,0.2067908,0.1019321,-0.05636878,0.03490396,0.1215972,0.2389887,-0.6845666,-0.650348,-0.2264964,206.1818,0.2453653,-0.7028317,-0.6677002,-0.4251733,-0.2328352,-0.3590765,0.6032583,0.4890679,0.7366911,0.4019331,0.2378001,152.4865,0.5035115,0.7584477,0.4138033,0.01421413,-0.03128386,0.08025466,0.08730138,-0.2624526,0.1207957,-0.6333251,0.7179322,88.23197,-0.3770258,0.1735288,-0.9098019,-0.1119669,1.207138,-0.05069451,1.213379,0.02869568,-0.114588,-0.1807456,-0.9764104,335.0606,0.1328977,-0.5306889,-0.8370834,True,True,False,False
1772879681050,6.66926,0.16204,1.039359,0.1960903,1.070036,-0.5424683,-0.615337,0.4874981,0.2990555,145.1982,-0.5684846,-0.6448479,0.510878,-0.1001854,0.6300828,-0.05903801,0.6407238,0.5213484,0.2297964,-0.7632555,0.3046813,144.522,0.5473737,0.2412676,-0.8013566,0.06637961,1.128041,0.2353335,1.154238,0.09061463,1.15442,0.2392554,1.18243,0.107619,1.14432,0.2461129,1.175424,-0.0144538,0.6524555,0.03287519,0.6534431,-0.003673006,0.6445199,0.07699738,0.6491132,-0.02216305,0.6373878,0.1072521,0.6467283,0.100998,-0.07790983,0.04779954,0.136218,0.1200329,-0.07410664,0.01743844,0.14214,0.1052865,-0.07340678,0.002597615,0.1283766,-0.1142741,0.04151754,-0.03893849,0.1276655,-0.1566962,0.05327872,-0.02522682,0.1674177,-0.1783967,0.04430204,0.002279587,0.1838294,0.100302,-0.07823335,0.04606918,0.1352898,0.1255031,-0.07197819,0.01716529,0.1456933,0.1070405,-0.07362864,0.002374452,0.1299403,-0.1143058,0.04167269,-0.03921815,0.1278299,-0.1563777,0.05355922,-0.02499159,0.1671741,-0.1780239,0.04492923,0.002749716,0.1836265,0.1070893,-0.07573134,0.02825889,0.1341712,-0.07301223,0.9930603,0.04629587,0.07973152,170.8537,-0.07324541,0.996232,0.04644373,-0.1432352,0.04386478,-0.02115201,0.1512873,0.1513524,-0.4497941,-0.3229352,0.8188349,70.06334,0.2636667,-0.7835737,-0.5625764,0.08549352,1.131124,0.2197098,1.155432,0.9315373,-0.2973481,0.2063124,-0.03546074,184.0643,0.9321236,-0.2975352,0.2064422,0.1021027,-0.05640986,0.0348905,0.1217554,0.2373326,-0.6799712,-0.6541542,-0.2310729,206.7205,0.2439344,-0.6988856,-0.6723504,-0.4242706,-0.2333858,-0.3592128,0.6029165,0.4859813,0.735468,0.4028828,0.2461598,151.4992,0.50141,0.7588173,0.4156733,0.01450648,-0.031124,0.08029017,0.08732498,-0.2604707,0.1159976,-0.6350205,0.7179475,88.22943,-0.3741872,0.1666399,-0.9122584,-0.1119384,1.207097,-0.05031027,1.21332,0.02854577,-0.1146929,-0.1804168,-0.9764633,335.0887,0.1323501,-0.531764,-0.8364874,True,True,False,False
1772879681065,6.682637,0.1617391,1.039289,0.1962496,1.06995,-0.5424534,-0.614656,0.4890606,0.2979297,145.3334,-0.5682594,-0.6438968,0.5123265,-0.1003709,0.6306016,-0.05936394,0.6412931,0.5216037,0.2302066,-0.7632064,0.3040567,144.5972,0.5475269,0.2416477,-0.8011371,0.06611299,1.127895,0.2354047,1.154094,0.09018314,1.154213,0.2391151,1.182167,0.1072038,1.144383,0.2459316,1.175409,-0.01470211,0.6527635,0.03258229,0.6537415,-0.003800068,0.6447687,0.07663234,0.6493178,-0.02224325,0.6375421,0.1068494,0.6468164,0.1008459,-0.07802284,0.04765595,0.1361196,0.1198246,-0.0741761,0.0174761,0.1420051,0.1053021,-0.07342994,0.002598435,0.1284027,-0.1142538,0.04147446,-0.03886303,0.1276103,-0.1566558,0.05331534,-0.02525986,0.1673966,-0.1783284,0.04441746,0.002245933,0.1837905,0.1003428,-0.07821757,0.04618809,0.1353514,0.1250776,-0.07214289,0.01718858,0.1454113,0.1069103,-0.07361376,0.002391237,0.1298249,-0.1143019,0.04165784,-0.03919154,0.1278134,-0.1563986,0.05354095,-0.02501169,0.1671907,-0.1780467,0.04489088,0.002711965,0.1836387,0.1069033,-0.07576836,0.02838255,0.1340698,-0.07002358,0.9934374,0.04657647,0.07752036,171.1079,-0.07023493,0.9964359,0.04671705,-0.1432394,0.04384095,-0.02115937,0.1512854,0.1515862,-0.4501276,-0.3227381,0.8186862,70.09302,0.2639765,-0.783865,-0.5620253,0.08473882,1.130537,0.2207575,1.155002,0.9351389,-0.2923988,0.197686,-0.03063276,183.5108,0.935578,-0.2925361,0.1977788,0.1019853,-0.0564538,0.034778,0.1216451,0.2396867,-0.6778781,-0.6550635,-0.2322144,206.855,0.2464228,-0.6969289,-0.6734731,-0.4237216,-0.2335696,-0.3589648,0.6024537,0.4811801,0.7363212,0.4052107,0.2492008,151.1395,0.496855,0.7603076,0.4184109,0.01526118,-0.03053701,0.0792425,0.08628317,-0.2651948,0.1055256,-0.6363036,0.7166966,88.43518,-0.3802702,0.1513161,-0.9124134,-0.1118253,1.207092,-0.04992958,1.213288,0.02829459,-0.1147372,-0.1801639,-0.9765121,335.1147,0.1313202,-0.5325153,-0.8361722,True,True,False,False
1772879681078,6.696568,0.1609662,1.038455,0.1974282,1.069241,-0.5425438,-0.6139926,0.4899935,0.2976001,145.373,-0.5682927,-0.6431326,0.5132484,-0.1005953,0.6312213,-0.05983736,0.6419815,0.5218277,0.230521,-0.7631485,0.3035794,144.6546,0.5476745,0.241939,-0.8009483,0.06569506,1.127267,0.2366627,1.153714,0.08933474,1.153747,0.2400481,1.181836,0.1064427,1.1437,0.2469569,1.174891,-0.01490929,0.6534244,0.03211582,0.6543831,-0.00398108,0.6452109,0.07614212,0.6497003,-0.02239705,0.6380375,0.1063616,0.6472297,0.1008583,-0.07808376,0.04726674,0.136028,0.1201242,-0.07418314,0.01751658,0.1422667,0.1053461,-0.0734705,0.002601869,0.128462,-0.1142806,0.04134719,-0.03899771,0.1276341,-0.1566406,0.05332526,-0.02530978,0.1673931,-0.1783488,0.04439233,0.002126954,0.1838029,0.1003828,-0.0782072,0.04627172,0.1354036,0.1246936,-0.07230107,0.01721401,0.1451629,0.106789,-0.07360265,0.002407568,0.1297191,-0.1143002,0.04163375,-0.03917651,0.1277995,-0.1564173,0.05352422,-0.02503481,0.1672064,-0.1780701,0.04485223,0.002666607,0.1836513,0.1067423,-0.07580383,0.02847451,0.1339811,-0.06708248,0.9937825,0.04688545,0.07548498,171.3418,-0.06727442,0.996626,0.0470196,-0.1432436,0.04381215,-0.02117673,0.1512835,0.1518975,-0.4504108,-0.3228149,0.8184423,70.14166,0.2643587,-0.7838839,-0.5618191,0.08455135,1.130284,0.2212442,1.154833,0.9349641,-0.2912742,0.2003954,-0.02903545,183.3277,0.9353585,-0.2913971,0.2004799,0.1021748,-0.05646906,0.03472083,0.1217948,0.239782,-0.6712915,-0.6589664,-0.2400746,207.7819,0.2470059,-0.6915152,-0.6788188,-0.4242269,-0.233575,-0.3575934,0.6019956,0.4774469,0.7351032,0.404787,0.2604141,149.8107,0.4945088,0.7613727,0.4192524,0.01544865,-0.03028405,0.0787558,0.0857803,-0.2621041,0.1053034,-0.6375617,0.716748,88.42673,-0.3758669,0.1510089,-0.9142868,-0.1117003,1.207016,-0.04960699,1.213189,0.02800944,-0.1149523,-0.179928,-0.9765385,335.1287,0.130069,-0.5338103,-0.8355417,True,True,False,False
1772879681092,6.710018,0.1606561,1.038196,0.1979421,1.069038,-0.5426198,-0.6133316,0.4905159,0.2979636,145.3293,-0.56844,-0.6425164,0.5138567,-0.1005351,0.6311318,-0.05986471,0.6418866,0.5220209,0.2307844,-0.7630964,0.3031775,144.7029,0.5478038,0.242183,-0.8007861,0.06548887,1.127045,0.2372458,1.153605,0.08919843,1.153485,0.2404642,1.181655,0.1062654,1.143604,0.2474702,1.174889,-0.01488734,0.6531842,0.03213266,0.6541435,-0.0039238,0.6450027,0.07619797,0.6494998,-0.02231493,0.6378305,0.1063455,0.6470202,0.1007813,-0.07811114,0.0473026,0.1359991,0.1200343,-0.07409056,0.01755806,0.1421476,0.1054142,-0.07350796,0.002594464,0.1285391,-0.1142827,0.04133363,-0.0389403,0.1276141,-0.1567146,0.05328139,-0.02531417,0.167449,-0.1783747,0.04435404,0.002066284,0.1838181,0.1004148,-0.07819947,0.0463547,0.1354513,0.1243185,-0.07244511,0.0172417,0.1449161,0.1066783,-0.07359502,0.002422611,0.1296239,-0.1142988,0.0416096,-0.0391575,0.1277845,-0.1564413,0.05350468,-0.02505729,0.1672259,-0.1780947,0.04481213,0.002618287,0.1836646,0.106585,-0.07583801,0.02856871,0.1338952,-0.06445863,0.9940807,0.0471328,0.07366991,171.5504,-0.06463426,0.9967892,0.04726122,-0.1432456,0.04378241,-0.02119531,0.1512793,0.1521853,-0.4507397,-0.3228021,0.8182127,70.18743,0.264709,-0.7840104,-0.5614775,0.08447194,1.129973,0.2218335,1.154636,0.9338292,-0.2953594,0.1996827,-0.0292034,183.3469,0.9342277,-0.2954854,0.1997679,0.1021012,-0.05641967,0.03474634,0.1217175,0.2428643,-0.6719508,-0.6575413,-0.2390368,207.6594,0.250115,-0.6920119,-0.6771722,-0.4241769,-0.2340164,-0.3574108,0.6020235,0.4746394,0.7364715,0.4064249,0.2591254,149.9637,0.4914247,0.7625163,0.4207978,0.01552806,-0.02997291,0.07816653,0.08514401,-0.2628664,0.1067868,-0.6343589,0.7190875,88.04163,-0.3782687,0.1536678,-0.9128522,-0.1115259,1.20696,-0.04929587,1.213104,0.02784633,-0.115025,-0.1800863,-0.9765054,335.1111,0.1292215,-0.5337763,-0.8356945,True,True,False,False
1772879681107,6.723732,0.1605198,1.037953,0.1985452,1.068894,-0.5426458,-0.6127934,0.4907335,0.2986644,145.2452,-0.5685976,-0.6421,0.5142027,-0.1004664,0.6309534,-0.05984085,0.6416982,0.5223859,0.231115,-0.7629662,0.3026244,144.7694,0.5480857,0.2424851,-0.8005018,0.06538359,1.126883,0.2379031,1.153577,0.08928289,1.153106,0.2411681,1.181435,0.1063179,1.14341,0.2481437,1.174847,-0.0148826,0.6527285,0.03225565,0.6536945,-0.00386839,0.6446072,0.07627834,0.6491162,-0.02220852,0.6373742,0.1063432,0.6465663,0.1007921,-0.07808824,0.0474518,0.1360459,0.119814,-0.0740719,0.01759367,0.1419563,0.1053981,-0.07350822,0.002602816,0.1285262,-0.1142912,0.04136518,-0.03881929,0.1275951,-0.1567371,0.05327056,-0.02533312,0.1674695,-0.1783431,0.04441129,0.002002999,0.1838006,0.1004442,-0.0781908,0.04644019,0.1354974,0.1239675,-0.07257187,0.01726913,0.1446819,0.1065786,-0.07358826,0.002436653,0.1295383,-0.1142982,0.04159055,-0.03913115,0.1277697,-0.1564643,0.05348643,-0.02507878,0.1672448,-0.178114,0.0447809,0.002570342,0.1836751,0.1064393,-0.07586739,0.0286645,0.1338165,-0.06212655,0.9943417,0.04731452,0.0720149,171.7405,-0.06228827,0.9969302,0.04743769,-0.1432452,0.04375898,-0.0212102,0.1512743,0.1523611,-0.4511229,-0.3226259,0.8180383,70.22219,0.2649004,-0.7843383,-0.5609288,0.08432499,1.129097,0.2239933,1.154185,0.931168,-0.3031979,0.2003291,-0.02941984,183.3717,0.9315712,-0.3033292,0.2004158,0.1019875,-0.05633311,0.03490477,0.1216274,0.2404759,-0.6727272,-0.6585507,-0.2364752,207.3572,0.2474955,-0.6923643,-0.6777741,-0.4240059,-0.23453,-0.3574603,0.6021322,0.4770545,0.7341579,0.4082611,0.2583684,150.0535,0.4938214,0.7599612,0.4226102,0.01567501,-0.02909684,0.07600668,0.08288153,-0.2625684,0.1106543,-0.6286041,0.7236509,87.28654,-0.3804423,0.16033,-0.9108008,-0.1113934,1.207042,-0.04892323,1.213158,0.02734872,-0.1152616,-0.179964,-0.9765141,335.1157,0.1269356,-0.534972,-0.8352798,True,True,False,False
1772879681120,6.738537,0.160691,1.037658,0.2006299,1.069022,-0.5425885,-0.6124675,0.4906776,0.299528,145.1415,-0.5686989,-0.6419406,0.51429,-0.1005021,0.6310499,-0.05965524,0.6417814,0.5228779,0.2315763,-0.7628509,0.3017116,144.8791,0.5484353,0.2428953,-0.8001378,0.06516625,1.126201,0.2399998,1.153332,0.0896518,1.151848,0.2441958,1.180857,0.106664,1.143154,0.2503704,1.175102,-0.01497827,0.6523705,0.03257127,0.6533548,-0.003889855,0.6444592,0.07652985,0.6489989,-0.02222662,0.6371651,0.1065346,0.6463923,0.1004951,-0.07809782,0.04812633,0.1360686,0.118711,-0.074711,0.01760308,0.1413644,0.1054121,-0.07351147,0.002608933,0.1285397,-0.1143016,0.04144169,-0.03863101,0.1275721,-0.1567932,0.05319203,-0.02542894,0.1675116,-0.1783594,0.04436022,0.001895413,0.1838029,0.1004483,-0.07818343,0.04657395,0.135542,0.1235505,-0.07274157,0.01729562,0.1444133,0.106486,-0.07358216,0.002450319,0.1294589,-0.1142985,0.04157874,-0.03909147,0.127754,-0.1564904,0.05346308,-0.02510656,0.1672659,-0.1781335,0.04474753,0.002516801,0.1836851,0.1062516,-0.0759099,0.02881902,0.1337246,-0.05879245,0.9946376,0.04748962,0.07059892,171.9032,-0.05893952,0.9971257,0.04760842,-0.1432474,0.04373842,-0.02122001,0.1512718,0.1524522,-0.4516272,-0.3221084,0.817947,70.24038,0.264999,-0.7850379,-0.5599028,0.08427893,1.1288,0.2246884,1.154027,0.9303463,-0.3053093,0.20116,-0.02786952,183.194,0.9307079,-0.305428,0.2012382,0.1014814,-0.05637611,0.03552284,0.1214027,0.2368706,-0.6744344,-0.660382,-0.2300572,206.6009,0.2433992,-0.6930233,-0.6785835,-0.4246814,-0.2348366,-0.3566036,0.6022197,0.4812305,0.7304245,0.4121705,0.2549762,150.4557,0.4976802,0.7553923,0.4262596,0.01572108,-0.02879989,0.07531162,0.0821488,-0.2611264,0.1108327,-0.6270008,0.7255338,86.97346,-0.3794413,0.1610503,-0.9110913,-0.1113791,1.207103,-0.04853926,1.213202,0.02746967,-0.1152475,-0.179894,-0.9765253,335.1217,0.127527,-0.5350326,-0.8351518,True,True,False,False
1772879681134,6.752557,0.1606984,1.037531,0.2013989,1.069044,-0.5425065,-0.6123089,0.4904563,0.3003616,145.0414,-0.5687692,-0.6419508,0.5141993,-0.1006948,0.6313481,-0.0595669,0.6420967,0.5233232,0.2321688,-0.762783,0.3006538,145.0063,0.5487102,0.2434316,-0.7997864,0.06511544,1.126125,0.240811,1.153424,0.08984333,1.151405,0.2453407,1.180677,0.1068228,1.14304,0.2513116,1.175206,-0.0151419,0.6523331,0.03270875,0.6533281,-0.00403731,0.6443321,0.07661803,0.648884,-0.02239413,0.6370032,0.1066362,0.6462553,0.1005581,-0.07803318,0.04834399,0.1361552,0.1183467,-0.07484987,0.01761106,0.1411333,0.1054227,-0.07352091,0.002606899,0.1285537,-0.1143034,0.04145479,-0.03860958,0.1275714,-0.1567781,0.05320363,-0.02544819,0.167504,-0.17837,0.04435107,0.001886643,0.1838109,0.1004576,-0.07817064,0.04672459,0.1355934,0.1231077,-0.072921,0.01732247,0.1441285,0.1063955,-0.07357695,0.002463646,0.1293818,-0.1142989,0.04156819,-0.03905046,0.1277384,-0.1565149,0.053441,-0.02513564,0.1672861,-0.1781536,0.04471379,0.002463169,0.1836957,0.1060585,-0.0759517,0.0289928,0.1336325,-0.05512144,0.9949476,0.04759374,0.0691068,172.0746,-0.05525354,0.997332,0.0477078,-0.1432517,0.0437186,-0.02122802,0.1512712,0.1525632,-0.452134,-0.3215997,0.8178466,70.26039,0.2651261,-0.7857237,-0.5588797,0.08404294,1.127925,0.2264261,1.153493,0.9269683,-0.3114251,0.2074305,-0.02677391,183.0684,0.9273008,-0.3115368,0.2075049,0.1013474,-0.05619642,0.03581931,0.1212945,0.2377521,-0.6741927,-0.6612021,-0.227486,206.2982,0.2441535,-0.6923451,-0.6790047,-0.4241241,-0.2353336,-0.3566675,0.6020588,0.4804786,0.729602,0.4149939,0.254168,150.5514,0.4967932,0.7543756,0.429085,0.01595706,-0.02792501,0.07357396,0.08029671,-0.2553912,0.1160361,-0.623557,0.7297176,86.27456,-0.3735162,0.1697058,-0.9119679,-0.1112745,1.207166,-0.04820199,1.213241,0.02772177,-0.1149694,-0.1795756,-0.9766095,335.1665,0.1289262,-0.5346905,-0.8351555,True,True,False,False
1772879681148,6.767,0.1607454,1.037291,0.2031392,1.069148,-0.5424023,-0.612276,0.4900987,0.3011997,144.9407,-0.5688176,-0.6420941,0.5139669,-0.1016776,0.6326033,-0.05933825,0.6434643,0.5237406,0.2329141,-0.7627593,0.299408,145.1559,0.5489224,0.2441127,-0.7994332,0.06500763,1.125753,0.2426139,1.153433,0.09007347,1.150369,0.2477261,1.180182,0.1070076,1.142794,0.2532418,1.175398,-0.01594555,0.6533862,0.03292121,0.6544094,-0.004990499,0.6451981,0.07697392,0.6497927,-0.02331861,0.6378968,0.1069101,0.6472139,0.1004807,-0.07799838,0.04867622,0.1361965,0.1174963,-0.07518186,0.01764565,0.1406025,0.1054333,-0.07352513,0.002602279,0.1285648,-0.1143307,0.04142638,-0.0388079,0.1276468,-0.1569106,0.05309797,-0.02545005,0.1675948,-0.1784635,0.04420698,0.001786426,0.1838659,0.1004595,-0.07815669,0.04688259,0.1356413,0.1226534,-0.07310404,0.01734863,0.1438368,0.1063176,-0.07357275,0.002474869,0.1293156,-0.1143015,0.04155671,-0.03903082,0.127731,-0.1565469,0.05341323,-0.02516109,0.1673111,-0.1781787,0.04467276,0.002408381,0.1837093,0.1058617,-0.07599358,0.02918126,0.1335413,-0.05123755,0.995241,0.04765481,0.06781719,172.2228,-0.05135578,0.9975376,0.04776478,-0.1432533,0.04369407,-0.02125078,0.1512689,0.1527551,-0.4525188,-0.3212242,0.8177455,70.28052,0.2653933,-0.7861963,-0.5580879,0.08403479,1.127615,0.2269443,1.153292,0.9266024,-0.3137732,0.2056088,-0.02606649,182.9873,0.9269173,-0.3138799,0.2056787,0.100819,-0.05611997,0.03641542,0.1209959,0.239056,-0.6770109,-0.6608782,-0.2185145,205.2436,0.2449762,-0.6937769,-0.6772447,-0.4241042,-0.2345487,-0.3558366,0.6012463,0.4807931,0.7286863,0.4206942,0.2467198,151.433,0.4961301,0.7519308,0.434114,0.01596522,-0.02761507,0.07305571,0.07971586,-0.2565931,0.1155168,-0.6212795,0.7313192,86.00579,-0.3762167,0.1693708,-0.9109198,-0.1112406,1.207123,-0.04786358,1.213182,0.02818756,-0.1146589,-0.1790551,-0.9767283,335.2299,0.1314224,-0.5345887,-0.8348315,True,True,False,False
1772879681162,6.779294,0.1608272,1.037153,0.2036462,1.069123,-0.5422174,-0.6123441,0.4896154,0.3021782,144.823,-0.5688084,-0.6423742,0.5136268,-0.1019031,0.6329129,-0.05923473,0.6437948,0.5242903,0.2336004,-0.7627454,0.2979432,145.3318,0.5492345,0.2447145,-0.7990347,0.06508344,1.125604,0.2432774,1.153431,0.09033749,1.149991,0.2484531,1.179987,0.1072309,1.142605,0.2539822,1.175394,-0.0160765,0.6533257,0.03303973,0.6543581,-0.005166721,0.6449906,0.07713132,0.6496067,-0.02358705,0.6378143,0.1071249,0.6471778,0.1004939,-0.07796402,0.04882269,0.136239,0.1172794,-0.07511123,0.01768719,0.1403887,0.1054246,-0.07352103,0.002605803,0.1285554,-0.1143282,0.04141682,-0.03887372,0.1276615,-0.1569586,0.05305608,-0.02546675,0.167629,-0.1785954,0.04397301,0.001731902,0.1839373,0.1004623,-0.07814066,0.04704401,0.13569,0.1222063,-0.07327104,0.0173768,0.1435443,0.1062433,-0.07356845,0.002485763,0.1292523,-0.1143037,0.04154507,-0.03901775,0.1277252,-0.1565812,0.05338351,-0.02518652,0.1673375,-0.1782134,0.04461454,0.002352098,0.183728,0.1056729,-0.07602973,0.02937283,0.1334543,-0.04758193,0.9955063,0.04766497,0.06656774,172.3663,-0.04768771,0.9977193,0.04777093,-0.1432603,0.04366244,-0.02127643,0.15127,0.1531803,-0.4528291,-0.3210433,0.8175652,70.3164,0.2660138,-0.7863855,-0.5575256,0.08429613,1.127301,0.2276232,1.153137,0.9259995,-0.3124091,0.2102039,-0.02720024,183.1173,0.9263422,-0.3125248,0.2102817,0.1007055,-0.05597681,0.03671943,0.1209269,0.2381405,-0.6759406,-0.6626398,-0.2174902,205.1233,0.2439808,-0.6925178,-0.6788908,-0.4230972,-0.2354001,-0.3560581,0.6010007,0.4810401,0.7271629,0.4223406,0.2479175,151.2914,0.4965416,0.7505956,0.4359505,0.01570387,-0.0273006,0.07237683,0.0789325,-0.253282,0.1182936,-0.6234412,0.730189,86.19551,-0.3707044,0.1731349,-0.9124708,-0.1111413,1.207068,-0.04750755,1.213105,0.02817856,-0.1143307,-0.1787402,-0.9768246,335.2815,0.1316502,-0.5341529,-0.8350741,True,True,False,False
1772879681175,6.793495,0.1611124,1.03705,0.2043156,1.069193,-0.5420194,-0.6124481,0.4890473,0.3032408,144.6953,-0.568802,-0.6427107,0.5132124,-0.1018756,0.6329536,-0.0591654,0.643824,0.5248995,0.234288,-0.7626893,0.2964708,145.5085,0.5496088,0.245317,-0.7985923,0.06515298,1.125265,0.2440569,1.15327,0.09077755,1.149594,0.2496267,1.179881,0.1076639,1.142437,0.2549043,1.17547,-0.01595271,0.6530355,0.03312724,0.6540698,-0.005114976,0.644573,0.07728091,0.6492094,-0.02361069,0.6373811,0.1073,0.6467808,0.1003537,-0.07793177,0.04924744,0.1362701,0.1169821,-0.07529023,0.01768723,0.1402365,0.105411,-0.07351215,0.00261493,0.1285393,-0.1143313,0.04138429,-0.03898287,0.127687,-0.1570325,0.05295954,-0.0255206,0.167676,-0.1787021,0.04379902,0.001709424,0.1839993,0.1004546,-0.07812569,0.04720201,0.1357305,0.1218316,-0.07341582,0.01739906,0.1433023,0.1061837,-0.07356441,0.002495025,0.1292011,-0.1143057,0.04153354,-0.03901525,0.1277224,-0.1566135,0.05335311,-0.02521048,0.1673617,-0.1782484,0.04455606,0.002306014,0.1837473,0.1055107,-0.07605961,0.02955563,0.1333833,-0.04419474,0.9957264,0.04764578,0.0656175,172.4754,-0.04429019,0.997877,0.04774869,-0.1432698,0.04363064,-0.02130145,0.1512733,0.153583,-0.4530427,-0.3208931,0.8174303,70.34324,0.2666245,-0.7864949,-0.5570796,0.08566494,1.12609,0.2298612,1.152499,0.922254,-0.3084514,0.2308037,-0.03217176,183.6872,0.9227316,-0.3086112,0.2309232,0.1005423,-0.0557878,0.03698865,0.1207858,0.2420139,-0.6781861,-0.6594138,-0.2160239,204.9512,0.2478665,-0.6945866,-0.6753604,-0.4222918,-0.2364267,-0.3564533,0.6010714,0.477832,0.7303383,0.422508,0.2444786,151.698,0.4927857,0.7531942,0.4357303,0.01433506,-0.02609015,0.07013881,0.07619477,-0.2382845,0.1316296,-0.6312221,0.7262596,86.85255,-0.3466356,0.1914833,-0.9182472,-0.1109657,1.207051,-0.04720955,1.21306,0.02816301,-0.113878,-0.1783623,-0.9769471,335.3471,0.1319224,-0.5334322,-0.8354922,True,True,False,False
1772879681189,6.808008,0.1624792,1.036487,0.2067508,1.069323,-0.5417522,-0.6125533,0.4884977,0.3043897,144.5571,-0.5687402,-0.6430684,0.5128328,-0.1015884,0.6326285,-0.05917969,0.6434604,0.5254519,0.2348681,-0.7626178,0.2952142,145.6592,0.5499631,0.2458242,-0.7981923,0.06563121,1.124098,0.2462546,1.152625,0.09223253,1.148678,0.25306,1.179834,0.109194,1.141691,0.2576378,1.175483,-0.01566593,0.6524384,0.03317851,0.6534693,-0.004777018,0.6438032,0.0772727,0.6484416,-0.02326509,0.6364157,0.1072352,0.6458062,0.1000767,-0.07777624,0.05050933,0.1364393,0.1165792,-0.07592834,0.01760964,0.1402353,0.1052862,-0.07351553,0.002639323,0.1284394,-0.1143568,0.04129263,-0.03902023,0.1276916,-0.1570315,0.05294466,-0.02558397,0.16768,-0.1786402,0.04390366,0.001719169,0.1839641,0.1004236,-0.07809706,0.04747293,0.1357856,0.1214014,-0.07362164,0.01741631,0.1430447,0.1061101,-0.07356041,0.002506845,0.1291386,-0.1143099,0.04151381,-0.03901566,0.1277199,-0.1566478,0.05331966,-0.02524107,0.1673876,-0.1782805,0.04450262,0.002257943,0.1837648,0.1053068,-0.07609546,0.0298432,0.1333066,-0.0387789,0.9960316,0.04748434,0.0645173,172.6017,-0.03885986,0.9981111,0.04758347,-0.143279,0.04359652,-0.02132972,0.1512762,0.1538305,-0.4532892,-0.3206492,0.8173428,70.36065,0.2669965,-0.7867533,-0.5565361,0.0862271,1.125636,0.2307759,1.15228,0.9239455,-0.2965033,0.2401561,-0.02712316,183.1085,0.9242855,-0.2966124,0.2402445,0.09999347,-0.05534811,0.03743131,0.1202631,0.2539972,-0.6891537,-0.6460639,-0.2077358,203.9794,0.2596618,-0.7045228,-0.6604721,-0.4233374,-0.2363453,-0.3564259,0.6017583,0.4701893,0.7411004,0.4222862,0.2266421,153.8011,0.4827514,0.7609005,0.4335685,0.0137729,-0.0256356,0.06922407,0.07509227,-0.2276031,0.1278058,-0.641503,0.7213436,87.66896,-0.328632,0.1845365,-0.9262546,-0.1106388,1.206922,-0.04693812,1.212891,0.02815747,-0.1137505,-0.1778459,-0.9770562,335.4057,0.1322061,-0.5340862,-0.8350293,True,True,False,False
1772879681204,6.821733,0.1627515,1.036191,0.2077275,1.069266,-0.5414883,-0.6126307,0.4881387,0.305278,144.4502,-0.568633,-0.6433418,0.512609,-0.1015086,0.6325163,-0.05920774,0.6433401,0.5258843,0.2352978,-0.7625495,0.294277,145.7716,0.5502492,0.2461994,-0.7978795,0.06631584,1.123916,0.2476389,1.152783,0.09265862,1.148154,0.2543182,1.179628,0.1095876,1.141323,0.258827,1.175423,-0.01560739,0.6520748,0.03323043,0.6531075,-0.004716981,0.6433908,0.07732843,0.6480383,-0.0231788,0.6359076,0.1072003,0.6452965,0.1000869,-0.07783109,0.05013365,0.1363394,0.1163748,-0.07593433,0.01761951,0.1400699,0.1052637,-0.07350513,0.002645388,0.1284152,-0.1143873,0.04124507,-0.03899692,0.1276964,-0.1570943,0.05287032,-0.0255951,0.167717,-0.1786297,0.04390034,0.001698337,0.1839529,0.1003955,-0.07807484,0.04769528,0.1358299,0.1209813,-0.07381491,0.0174333,0.1427902,0.1060394,-0.07355579,0.002518423,0.1290781,-0.1143163,0.04149135,-0.03901409,0.1277179,-0.1566851,0.0532821,-0.02527066,0.1674151,-0.1783097,0.04445229,0.002211178,0.1837804,0.1051172,-0.07612899,0.03009273,0.1332322,-0.03354425,0.9962891,0.0474323,0.06350689,172.7177,-0.0336121,0.9983043,0.04752824,-0.1432861,0.04356181,-0.02135777,0.1512769,0.1539628,-0.4535621,-0.3202848,0.8173093,70.36729,0.2672041,-0.7871621,-0.555858,0.08790521,1.124859,0.2327072,1.152036,0.9269863,-0.2714893,0.2582127,-0.01777763,182.0373,0.9271329,-0.2715322,0.2582536,0.09982391,-0.05500252,0.03738362,0.1199484,0.2697656,-0.6881877,-0.6400362,-0.2097092,204.2106,0.2759006,-0.7038384,-0.6545919,-0.423391,-0.2367004,-0.3566719,0.6020813,0.4557498,0.7499765,0.4233184,0.2250092,153.9932,0.4677443,0.7697145,0.4344594,0.01209479,-0.02485871,0.06729281,0.07274999,-0.2068284,0.1200135,-0.662237,0.7101133,89.51173,-0.293754,0.1704526,-0.9405609,-0.1103492,1.206851,-0.04665397,1.212783,0.02793282,-0.1138317,-0.1776738,-0.9770845,335.421,0.1312314,-0.5347934,-0.8347305,True,True,False,False
1772879681217,6.836694,0.1633233,1.035055,0.2097001,1.068638,-0.5411621,-0.6126499,0.4878598,0.3062623,144.3318,-0.5684791,-0.6435755,0.5124863,-0.1013757,0.6324068,-0.05925056,0.6432154,0.5263675,0.2357505,-0.7624592,0.2932831,145.8908,0.5505788,0.2465943,-0.7975301,0.06776012,1.123115,0.2502359,1.152647,0.0933197,1.147606,0.2562264,1.179559,0.1103327,1.140035,0.2609886,1.17472,-0.01551682,0.6517973,0.03330818,0.6528322,-0.004626665,0.6429534,0.07740353,0.6476124,-0.02303455,0.6355354,0.1071956,0.6449238,0.100177,-0.07791337,0.04923461,0.1361248,0.117026,-0.07568143,0.01760991,0.1404737,0.1051588,-0.07344227,0.002656609,0.1282934,-0.1144649,0.04111078,-0.03901993,0.1277296,-0.1571783,0.05278552,-0.02558575,0.1677675,-0.1786937,0.04378976,0.001573205,0.1839877,0.1003781,-0.07806201,0.04781749,0.1358527,0.1206673,-0.0739631,0.01744732,0.1426028,0.1059695,-0.07354677,0.002529394,0.1290157,-0.1143281,0.04146113,-0.03901456,0.1277188,-0.1567243,0.05324268,-0.02529567,0.167443,-0.1783402,0.04439969,0.002160527,0.1837967,0.1049818,-0.07615178,0.03023813,0.1331714,-0.02930101,0.9964749,0.04756803,0.06258278,172.8239,-0.02935856,0.998432,0.04766146,-0.1432937,0.04352172,-0.02138986,0.1512771,0.1541629,-0.4538089,-0.3201169,0.8172004,70.38896,0.2674797,-0.7873793,-0.5554176,0.08839013,1.124601,0.2333529,1.151952,0.9284405,-0.2678069,0.2569112,-0.01656559,181.8984,0.9285679,-0.2678436,0.2569465,0.0999654,-0.05439444,0.03646995,0.1195069,0.3000256,-0.6860127,-0.627084,-0.214795,204.807,0.3071958,-0.7024075,-0.6420704,-0.4245741,-0.2361844,-0.3571126,0.6029723,0.4273528,0.7672719,0.4236153,0.2218412,154.3656,0.4382733,0.7868788,0.4344403,0.01160987,-0.02460122,0.06664707,0.07198501,-0.2072304,0.1168172,-0.6645573,0.7083594,89.79684,-0.2935891,0.1654982,-0.9414966,-0.1100664,1.206771,-0.04641306,1.212669,0.02769958,-0.1140655,-0.1774979,-0.9770958,335.4271,0.1301675,-0.5360233,-0.8341088,True,True,False,False
1772879681230,6.848954,0.163709,1.03462,0.2102406,1.068382,-0.5408,-0.612584,0.487733,0.3072341,144.2148,-0.5682858,-0.6437181,0.5125216,-0.1013467,0.6323159,-0.05923124,0.6431196,0.5268278,0.2361011,-0.7623474,0.2924644,145.9889,0.5509158,0.2468962,-0.797204,0.06825587,1.12277,0.250955,1.152498,0.09383136,1.147302,0.2569105,1.179453,0.1108881,1.139391,0.2617566,1.174318,-0.01549503,0.6515188,0.03340705,0.6525587,-0.004671339,0.6426306,0.07754201,0.6473088,-0.02303353,0.6351221,0.1072442,0.6445246,0.1002712,-0.07784652,0.04924497,0.1361597,0.1171901,-0.07559259,0.01762126,0.1405641,0.1049849,-0.07342917,0.002675816,0.1281438,-0.1145004,0.04106212,-0.03904711,0.1277541,-0.1572586,0.05267066,-0.02559257,0.1678078,-0.1787104,0.04376223,0.001540951,0.183997,0.1003689,-0.0780435,0.04794015,0.1358785,0.1203685,-0.07410311,0.01746226,0.1424247,0.1058849,-0.07353667,0.002541975,0.1289407,-0.1143429,0.04142685,-0.03901735,0.1277217,-0.1567702,0.05319353,-0.02532119,0.1674742,-0.178372,0.04434491,0.002107291,0.1838137,0.1048562,-0.07616763,0.03037456,0.1331125,-0.02505992,0.9966589,0.04765687,0.06141634,172.9578,-0.02510732,0.9985438,0.047747,-0.1432999,0.04347756,-0.0214265,0.1512754,0.1542656,-0.4540851,-0.3198018,0.817151,70.3988,0.2676254,-0.7877626,-0.5548034,0.08872751,1.124503,0.2338606,1.151986,0.9287441,-0.2668908,0.2568659,-0.01495612,181.7139,0.928848,-0.2669207,0.2568946,0.1001369,-0.05428403,0.0364636,0.1195983,0.3030514,-0.6841959,-0.6265662,-0.2178319,205.1634,0.3105078,-0.7010302,-0.6419826,-0.4244357,-0.2365416,-0.3575655,0.6032832,0.4237678,0.7687293,0.4228025,0.2251982,153.9709,0.4349401,0.7889963,0.4339494,0.01127249,-0.02450311,0.06613946,0.07142758,-0.2064267,0.1151851,-0.665014,0.7084327,89.78493,-0.2924809,0.1632029,-0.9422418,-0.1099076,1.20673,-0.04616265,1.212604,0.02744684,-0.1143754,-0.1775349,-0.97706,335.4078,0.1288801,-0.5370641,-0.8336376,True,True,False,False
1772879681245,6.862221,0.1638637,1.034403,0.2105964,1.068265,-0.540425,-0.6123677,0.4878111,0.3081996,144.0985,-0.568078,-0.643702,0.512772,-0.1012851,0.6321514,-0.05916531,0.6429421,0.527229,0.2363335,-0.7622482,0.2918116,146.0671,0.5512204,0.2470878,-0.7969339,0.06862616,1.122698,0.2515371,1.152576,0.09414357,1.147046,0.2574427,1.179345,0.111246,1.138989,0.2622568,1.174075,-0.01540802,0.6512827,0.03351717,0.6523265,-0.004697192,0.6423332,0.07775347,0.6470391,-0.02300956,0.6346711,0.1073273,0.6440932,0.1003725,-0.07779763,0.04914567,0.1361705,0.1171601,-0.07553836,0.01765081,0.1405137,0.1048201,-0.07335715,0.002699271,0.127968,-0.1145302,0.04099478,-0.03915578,0.1277925,-0.1573681,0.05252818,-0.02560717,0.167868,-0.1787052,0.04376421,0.001532905,0.1839924,0.1003692,-0.07802591,0.04802637,0.1358991,0.120139,-0.07420576,0.01747575,0.1422859,0.1058087,-0.07352383,0.002553226,0.1288711,-0.1143563,0.04139594,-0.03902726,0.1277267,-0.1568129,0.05314594,-0.02534164,0.1675022,-0.1783958,0.04430338,0.002066208,0.1838264,0.1047642,-0.07617426,0.03046784,0.1330652,-0.02173306,0.9967983,0.04775811,0.06033345,173.0821,-0.02177272,0.9986174,0.04784526,-0.1433009,0.04344025,-0.02146175,0.1512707,0.1541919,-0.4543025,-0.319386,0.8172066,70.38773,0.2675341,-0.7882478,-0.5541579,0.08959272,1.124445,0.2349703,1.152221,0.9294145,-0.2685463,0.2529055,-0.01051253,181.2047,0.9294658,-0.2685611,0.2529195,0.1002166,-0.05419656,0.03638846,0.1196025,0.3052599,-0.6832827,-0.6265057,-0.2177886,205.1584,0.3127676,-0.7000877,-0.6419142,-0.4242898,-0.2370287,-0.3580155,0.6036386,0.4216346,0.7690134,0.4237621,0.2264256,153.8266,0.432877,0.7895183,0.4350613,0.01040728,-0.02444458,0.06502973,0.07024752,-0.2076266,0.1103358,-0.6625331,0.7111732,89.33911,-0.2953365,0.1569462,-0.9424141,-0.1096982,1.206711,-0.04592429,1.212557,0.02729093,-0.114803,-0.1773331,-0.9770509,335.4029,0.1281229,-0.5389663,-0.8325264,True,True,False,False
1772879681258,6.876768,0.1643654,1.034311,0.2115171,1.068435,-0.539925,-0.6119784,0.488095,0.3093973,143.9542,-0.5677845,-0.6435558,0.5132802,-0.1011798,0.6320068,-0.05919283,0.642786,0.5277072,0.236475,-0.762158,0.2910672,146.1563,0.5515895,0.2471771,-0.7966508,0.0695811,1.122852,0.2528051,1.153061,0.09498775,1.146117,0.2586557,1.178774,0.1119848,1.138714,0.2634088,1.174136,-0.01531993,0.6510381,0.03358038,0.6520836,-0.004700627,0.6422071,0.07795411,0.6469381,-0.02297055,0.6343459,0.1073503,0.6437752,0.1005029,-0.07773938,0.04882765,0.136119,0.1163059,-0.07545744,0.017747,0.1397707,0.1046398,-0.07334567,0.002722599,0.1278143,-0.1145833,0.04090313,-0.03922461,0.1278318,-0.1575772,0.05224845,-0.02571174,0.1679928,-0.1787453,0.04366687,0.001454309,0.1840076,0.1003795,-0.07800387,0.04808803,0.1359158,0.1198441,-0.07430207,0.01749662,0.1420899,0.1057188,-0.07351013,0.002566258,0.1287897,-0.1143738,0.04135802,-0.03904244,0.1277347,-0.1568717,0.05307689,-0.02537012,0.1675397,-0.1784227,0.0442544,0.002019127,0.1838401,0.1046582,-0.07617698,0.03054813,0.1330017,-0.01859555,0.9969355,0.04783693,0.059039,173.2307,-0.01862804,0.9986775,0.04792052,-0.1433,0.04339425,-0.02150672,0.151263,0.1538713,-0.4546039,-0.3185217,0.8174369,70.34196,0.2671292,-0.7892176,-0.5529714,0.08987397,1.124414,0.2352858,1.152278,0.9288635,-0.2695469,0.253932,-0.008694519,180.9963,0.9288987,-0.2695571,0.2539416,0.1001695,-0.05404036,0.03620521,0.1194366,0.305579,-0.6797135,-0.630397,-0.2172802,205.0987,0.3130582,-0.6963498,-0.6458263,-0.4248963,-0.2373391,-0.3585452,0.6045009,0.4209384,0.7661417,0.4270974,0.2311404,153.2716,0.4326545,0.7874659,0.4389848,0.01012603,-0.02441442,0.06471419,0.0699037,-0.2058476,0.1099493,-0.6617417,0.7124858,89.12495,-0.2933611,0.1566929,-0.943073,-0.1095572,1.206717,-0.04570745,1.212542,0.02729551,-0.1152556,-0.1773571,-0.9769931,335.3718,0.1279852,-0.5404192,-0.8316053,True,True,False,False
1772879681272,6.890314,0.1644174,1.034243,0.2115809,1.068391,-0.5394624,-0.611549,0.4884046,0.3105625,143.8137,-0.5675248,-0.6433613,0.5138111,-0.1011946,0.632158,-0.05922526,0.6429399,0.5280028,0.2366075,-0.7621038,0.2905649,146.2164,0.5518104,0.2472761,-0.796467,0.06991658,1.122898,0.2531916,1.15321,0.09528217,1.145829,0.2590525,1.178606,0.1122682,1.138597,0.2636629,1.174106,-0.01533792,0.6510667,0.033602,0.6521136,-0.004720058,0.6421637,0.07792506,0.6468917,-0.02296435,0.6342952,0.1072989,0.6437164,0.1005374,-0.07772588,0.0487074,0.1360937,0.1160535,-0.07550478,0.01775685,0.1395876,0.104586,-0.07332137,0.00272952,0.1277564,-0.1146074,0.04088347,-0.03923643,0.1278507,-0.1575586,0.05225709,-0.02573207,0.1679812,-0.1787273,0.04369707,0.001401037,0.1839968,0.1003927,-0.07798059,0.0481399,0.1359306,0.1195267,-0.07440279,0.01751841,0.1418777,0.1056239,-0.07349432,0.00257993,0.1287031,-0.1143934,0.04131828,-0.03905869,0.1277444,-0.1569293,0.05300823,-0.02540043,0.1675764,-0.1784482,0.04420773,0.001967364,0.1838531,0.1045484,-0.07617851,0.03062336,0.1329335,-0.01519711,0.9970683,0.04794528,0.0576622,173.3887,-0.01522244,0.9987302,0.04802519,-0.1432993,0.04334823,-0.02155438,0.1512559,0.1535463,-0.4549141,-0.3176986,0.8176456,70.3004,0.2667021,-0.7901629,-0.5518265,0.09014787,1.124252,0.2355383,1.152193,0.9291146,-0.2712793,0.2511292,-0.009369481,181.0737,0.9291555,-0.2712913,0.2511402,0.1001405,-0.05400553,0.03612158,0.1193712,0.3074237,-0.6796762,-0.6303478,-0.2149244,204.8222,0.3147799,-0.6959399,-0.6454311,-0.4248008,-0.2375042,-0.3587433,0.6046162,0.4198264,0.7657036,0.4292552,0.2306169,153.3332,0.4314564,0.786915,0.4411464,0.009852134,-0.02425218,0.06446168,0.06957399,-0.2086499,0.1096487,-0.6600643,0.7132726,88.9964,-0.297694,0.1564428,-0.9417558,-0.1093602,1.206741,-0.04548212,1.21254,0.02732383,-0.1154616,-0.1774826,-0.9769452,335.3461,0.1279863,-0.5408288,-0.8313382,True,True,False,False
1772879681287,6.904303,0.164576,1.034139,0.2115399,1.068306,-0.5389766,-0.6110861,0.4887078,0.3118378,143.66,-0.5672629,-0.6431569,0.514356,-0.1013753,0.6325102,-0.05932848,0.6433242,0.5282242,0.2370222,-0.7619953,0.2901085,146.2711,0.5519621,0.2476737,-0.7962385,0.07021564,1.122703,0.2535029,1.153107,0.09570733,1.145482,0.2593998,1.178379,0.1126796,1.138394,0.2638463,1.17399,-0.01548001,0.6513416,0.03352465,0.6523875,-0.004929591,0.6423845,0.07788523,0.6471077,-0.02311069,0.6344038,0.1071714,0.6438075,0.1004051,-0.07776158,0.04878735,0.1360451,0.115771,-0.07558004,0.01776097,0.1393941,0.104483,-0.07330779,0.00274463,0.1276647,-0.1146312,0.04085654,-0.0393032,0.127884,-0.1576122,0.05217787,-0.02574355,0.1680086,-0.1787104,0.04372468,0.001373492,0.1839868,0.1003937,-0.0779634,0.04819068,0.1359394,0.1192321,-0.07449513,0.01753744,0.1416805,0.1055344,-0.07347968,0.002592849,0.1286216,-0.114412,0.04128207,-0.03907786,0.1277552,-0.1569828,0.0529431,-0.02542734,0.16761,-0.1784688,0.04416984,0.001920784,0.1838634,0.1044412,-0.07618199,0.03069742,0.1328683,-0.01200508,0.9971725,0.04808268,0.05648728,173.5236,-0.01202428,0.9987673,0.04815958,-0.1432956,0.04330766,-0.02160103,0.1512475,0.1531584,-0.4551911,-0.3168722,0.8178849,70.25276,0.2661857,-0.7911112,-0.5507162,0.09166344,1.123327,0.2362381,1.151553,0.9330968,-0.259216,0.2491799,-0.006846982,180.7846,0.9331187,-0.259222,0.2491857,0.1000401,-0.05402922,0.03617531,0.119314,0.3055683,-0.679739,-0.6310918,-0.2151889,204.8532,0.3128988,-0.6960456,-0.6462314,-0.4246059,-0.2372226,-0.358989,0.6045145,0.4216836,0.7641538,0.4292323,0.2324042,153.1227,0.4335546,0.7856658,0.4413158,0.008336566,-0.02332747,0.06376193,0.06840507,-0.2086626,0.1015689,-0.6681634,0.7068956,90.03421,-0.2950054,0.1435972,-0.9446438,-0.1091024,1.206789,-0.04521567,1.212554,0.02754778,-0.1156362,-0.1776878,-0.976881,335.3116,0.1288582,-0.5409029,-0.8311569,True,True,False,False
1772879681300,6.918853,0.1653521,1.03328,0.2118454,1.067655,-0.5384784,-0.6105988,0.4889994,0.3131929,143.4965,-0.5670047,-0.6429458,0.5149045,-0.1023644,0.6335037,-0.05989481,0.6445097,0.52828,0.2381696,-0.7617463,0.2897209,146.3175,0.5519525,0.2488421,-0.7958806,0.0729682,1.122616,0.2549441,1.153511,0.09680273,1.144364,0.2599539,1.177504,0.113725,1.137453,0.2643878,1.1733,-0.01639797,0.6523457,0.0329592,0.6533836,-0.005861957,0.6433321,0.07742539,0.648001,-0.02416765,0.6352618,0.1067127,0.6446155,0.1005823,-0.07792294,0.04673854,0.135548,0.1154862,-0.07549652,0.01778776,0.1391158,0.1043964,-0.07329322,0.002756134,0.1275856,-0.1146731,0.04076709,-0.03943668,0.127934,-0.1577736,0.05202359,-0.02583037,0.1681255,-0.1788403,0.04347536,0.001392737,0.1840541,0.1004089,-0.07796013,0.04807336,0.1359072,0.1189294,-0.07457604,0.01755766,0.1414711,0.1054425,-0.07346462,0.002606041,0.1285378,-0.1144331,0.04124046,-0.03910685,0.1277695,-0.1570467,0.05286881,-0.02545991,0.1676514,-0.1784988,0.04411373,0.001878122,0.1838787,0.1043532,-0.07618669,0.03063021,0.1327863,-0.00939607,0.9972428,0.04851462,0.05536245,173.6527,-0.009410501,0.9987745,0.04858914,-0.1432994,0.04325653,-0.02165095,0.1512435,0.1528154,-0.4554035,-0.3159953,0.81817,70.19597,0.2657769,-0.7920386,-0.5495795,0.09243365,1.122751,0.2366121,1.15113,0.9387122,-0.2341824,0.2527281,-0.01031645,181.1822,0.9387622,-0.2341948,0.2527416,0.09977878,-0.05391689,0.03564807,0.1188849,0.3139448,-0.675827,-0.6279404,-0.2244711,205.9436,0.3221663,-0.6935253,-0.6443847,-0.4253042,-0.2343603,-0.3598064,0.604375,0.4120645,0.7689502,0.4261508,0.2394035,152.2973,0.4244061,0.7919807,0.4389143,0.007566355,-0.02275145,0.06338789,0.06777096,-0.206406,0.09564416,-0.6870948,0.6900359,92.73409,-0.2851797,0.1321462,-0.9493209,-0.1088344,1.206777,-0.04493943,1.212508,0.02772737,-0.1157047,-0.1775674,-0.9768897,335.3163,0.1297224,-0.541324,-0.830748,True,True,False,False
1772879681315,6.932187,0.1650715,1.03333,0.211711,1.067634,-0.5380817,-0.6102107,0.4892381,0.3142567,143.3681,-0.5667967,-0.6427748,0.5153465,-0.102723,0.6339758,-0.0601527,0.6450548,0.528331,0.2400655,-0.7612494,0.2893689,146.3596,0.5519445,0.2507951,-0.7952731,0.07710064,1.123267,0.256892,1.154845,0.09669103,1.144261,0.2603319,1.177478,0.1136994,1.13723,0.2644114,1.173087,-0.01675951,0.6526161,0.0327489,0.6536522,-0.006138887,0.6435593,0.07714848,0.648196,-0.02444843,0.6353015,0.1064346,0.6446193,0.09991058,-0.07817097,0.04214367,0.1336747,0.1152832,-0.07576016,0.01776731,0.1390881,0.1041205,-0.07323022,0.002788611,0.1273245,-0.1146963,0.04075903,-0.0393873,0.1279371,-0.1577994,0.05197624,-0.02588011,0.1681426,-0.1788605,0.04343885,0.001408137,0.1840652,0.1003672,-0.07797779,0.04757666,0.1357116,0.118624,-0.07467522,0.01757522,0.141269,0.1053318,-0.07344498,0.002621334,0.128436,-0.1144551,0.04120013,-0.03913034,0.1277835,-0.1571098,0.05279405,-0.0254951,0.1676922,-0.1785291,0.0440572,0.001838754,0.1838941,0.1042599,-0.07619374,0.03024735,0.1326292,-0.006523609,0.9972257,0.04963852,0.0550864,173.6844,-0.00653353,0.9987422,0.04971401,-0.1433076,0.04320626,-0.02169462,0.1512432,0.1524279,-0.4556392,-0.3150107,0.8184906,70.13203,0.2653135,-0.7930783,-0.5483025,0.09463235,1.122303,0.2364288,1.150834,0.9435858,-0.1947696,0.2673575,-0.01519172,181.7409,0.9436947,-0.1947921,0.2673884,0.09888688,-0.05381986,0.03489,0.1178665,0.3290919,-0.6751307,-0.6143528,-0.2418011,207.9857,0.3391561,-0.6957774,-0.6331407,-0.4248183,-0.2328265,-0.3610797,0.6041997,0.3946846,0.7828298,0.4143565,0.2443573,151.7123,0.4070233,0.8073029,0.4273103,0.005367652,-0.02230322,0.06357126,0.06758366,-0.1942025,0.09106883,-0.7172818,0.6629472,96.94994,-0.2593979,0.1216414,-0.9580795,-0.1085982,1.206833,-0.04477034,1.212536,0.02756473,-0.1158138,-0.1772555,-0.976938,335.3422,0.1290948,-0.5423948,-0.8301467,True,True,False,False
1772879681328,6.946532,0.1652156,1.032025,0.2124823,1.066546,-0.5377392,-0.6098294,0.4894694,0.3152213,143.2517,-0.5666269,-0.6425897,0.5157639,-0.1036766,0.6356167,-0.06047796,0.64685,0.5284244,0.2422715,-0.7607529,0.2886647,146.4439,0.5519195,0.2530435,-0.7945779,0.08096457,1.123923,0.2588112,1.156175,0.09698447,1.143921,0.2603612,1.177179,0.1138662,1.136609,0.2655201,1.172752,-0.01752858,0.6542794,0.03236811,0.655314,-0.006983173,0.644803,0.07680044,0.6493981,-0.02519615,0.6364084,0.1060363,0.6456735,0.1008372,-0.07790514,0.03811206,0.1330033,0.1163327,-0.07494229,0.01786167,0.1395302,0.1047849,-0.07348801,0.002708986,0.1280144,-0.1147334,0.040633,-0.03969088,0.1280241,-0.1578348,0.05192599,-0.02590778,0.1681647,-0.1788858,0.04341587,0.001320019,0.1840837,0.1004035,-0.07797217,0.046845,0.1354806,0.1184469,-0.07469587,0.01759737,0.141134,0.1052895,-0.07344831,0.00262811,0.1284034,-0.1144767,0.04115629,-0.03917368,0.1278019,-0.1571658,0.05272694,-0.02552701,0.1677285,-0.1785567,0.04400762,0.001798653,0.1839086,0.1042768,-0.07617496,0.02964849,0.1324964,-0.006779192,0.9971857,0.05035301,0.05513067,173.6793,-0.006789518,0.9987046,0.05042971,-0.143312,0.043157,-0.02174932,0.1512412,0.152137,-0.4557388,-0.3144097,0.8187205,70.08617,0.2649582,-0.7937041,-0.5475686,0.09520987,1.122304,0.2365013,1.150897,0.9410427,-0.2027062,0.2707203,-0.007707308,180.8832,0.9410708,-0.2027122,0.2707284,0.09940505,-0.05211557,0.0332899,0.117071,0.3569778,-0.6762848,-0.5884489,-0.2625523,210.4431,0.3699567,-0.7008731,-0.6098436,-0.4238948,-0.2294375,-0.3633394,0.6036091,0.363806,0.8065712,0.3971445,0.2436483,151.7961,0.3751104,0.8316335,0.4094848,0.004790127,-0.02230406,0.06349869,0.06747222,-0.1879599,0.09053399,-0.711527,0.6709726,95.71565,-0.2534921,0.1220987,-0.9596009,-0.1083748,1.206828,-0.04453456,1.212502,0.02731036,-0.1158188,-0.1768527,-0.9770175,335.3849,0.128122,-0.5433446,-0.8296754,True,True,False,False
1772879681342,6.960523,0.1659436,1.031412,0.2126501,1.0661,-0.5374881,-0.6093333,0.4896701,0.3162954,143.1219,-0.5665757,-0.642309,0.5161699,-0.1039479,0.6368256,-0.06033872,0.6480685,0.5284739,0.2442733,-0.7602858,0.288117,146.5095,0.5518761,0.2550904,-0.7939532,0.08119511,1.124444,0.2587344,1.156681,0.09785398,1.143764,0.2607506,1.177185,0.1147486,1.136331,0.265927,1.17266,-0.01787654,0.6551194,0.03259915,0.6561735,-0.007145714,0.6455716,0.07683519,0.6501672,-0.02524025,0.6370656,0.1060288,0.6463217,0.1020857,-0.07776428,0.0386292,0.1340186,0.1167414,-0.07500917,0.01783274,0.1399033,0.1050871,-0.07359897,0.002677716,0.1283249,-0.1147611,0.04063838,-0.03948143,0.1279858,-0.1577726,0.05197345,-0.02589213,0.1681185,-0.1788276,0.04349983,0.001254104,0.1840465,0.1005426,-0.07795499,0.04616573,0.1353406,0.1183059,-0.07472178,0.01761683,0.1410318,0.1052728,-0.07346077,0.002632211,0.1283969,-0.1145002,0.04111347,-0.03919912,0.127817,-0.157216,0.05266465,-0.02555719,0.1677606,-0.178579,0.04396564,0.001753631,0.1839199,0.1043596,-0.07615288,0.02907984,0.1324229,-0.006963932,0.9972104,0.05081182,0.05423291,173.7823,-0.006974196,0.9986802,0.05088671,-0.1433166,0.04311196,-0.02179572,0.1512394,0.151833,-0.4559368,-0.313805,0.8188986,70.05063,0.2645459,-0.7944005,-0.5467574,0.09589331,1.122148,0.2365988,1.150822,0.9392934,-0.2096633,0.2715659,-0.004620412,180.5295,0.9393035,-0.2096655,0.2715689,0.1000415,-0.05197591,0.03352189,0.117616,0.3592046,-0.6751208,-0.5929592,-0.2521578,209.2105,0.3711995,-0.697665,-0.6127598,-0.4225143,-0.2281323,-0.3645607,0.6028824,0.3631884,0.8020096,0.4091359,0.2397554,152.2558,0.3740996,0.8261044,0.4214276,0.004106693,-0.02214789,0.06340118,0.06728375,-0.1860419,0.0915434,-0.7065269,0.6766301,94.83829,-0.2526633,0.124325,-0.9595336,-0.108179,1.20678,-0.04446469,1.212435,0.02705124,-0.1161199,-0.1764454,-0.9770626,335.4092,0.1270297,-0.5452865,-0.8285686,True,True,False,False
1772879681357,6.973892,0.1667663,1.031223,0.2127127,1.066057,-0.5374025,-0.6087881,0.4897114,0.3174249,142.9855,-0.5667108,-0.6419896,0.5164188,-0.1042498,0.6385109,-0.06013782,0.6497544,0.5286111,0.2458103,-0.759892,0.2875967,146.5717,0.5519292,0.2566535,-0.7934124,0.08168412,1.124377,0.2587696,1.156658,0.09888799,1.143762,0.2611918,1.177366,0.115937,1.135793,0.2660246,1.172279,-0.01810778,0.6567413,0.03281422,0.6578099,-0.007441152,0.6470416,0.07714845,0.6516671,-0.02548778,0.6383943,0.1062299,0.6476741,0.1022659,-0.07772721,0.03921794,0.1343052,0.1168378,-0.07519893,0.01779649,0.1400809,0.1047051,-0.07341808,0.002725258,0.1279093,-0.114799,0.04056352,-0.03960622,0.1280346,-0.1579064,0.05183843,-0.02589449,0.1682028,-0.1788734,0.04341057,0.001226448,0.1840698,0.1006818,-0.07793658,0.0456043,0.1352431,0.1181873,-0.07476033,0.01763134,0.1409546,0.1052269,-0.07345732,0.00263973,0.1283575,-0.1145243,0.04106903,-0.03923202,0.1278344,-0.1572718,0.05259788,-0.02558445,0.167796,-0.1786028,0.04392079,0.00171103,0.1839319,0.1044342,-0.07612864,0.02859748,0.1323627,-0.006192077,0.9972644,0.05137555,0.05278145,173.9489,-0.006200721,0.9986565,0.05144726,-0.1433186,0.04306422,-0.0218471,0.1512351,0.1515092,-0.456093,-0.3131832,0.8191096,70.00848,0.2641203,-0.7950898,-0.5459606,0.09847926,1.12112,0.2367641,1.150072,0.9378848,-0.2169931,0.2706871,-0.00383411,180.4394,0.9378917,-0.2169947,0.2706891,0.1000767,-0.05193616,0.03388499,0.1177323,0.3583237,-0.675288,-0.5960397,-0.2456158,208.4364,0.3696469,-0.6966276,-0.614875,-0.4212334,-0.2263255,-0.3651766,0.6016766,0.3651478,0.7981516,0.4163088,0.2372939,152.5462,0.3758838,0.8216186,0.428549,0.001520738,-0.02112031,0.06323595,0.06668708,-0.1867896,0.09350074,-0.7012551,0.6816221,94.05894,-0.2552801,0.1277848,-0.9583857,-0.1079886,1.206761,-0.04439362,1.212397,0.026584,-0.1161774,-0.1763145,-0.9770923,335.4251,0.1249153,-0.5459048,-0.8284827,True,True,False,False
1772879681370,6.988829,0.1692925,1.03065,0.2129465,1.065948,-0.5374652,-0.6080986,0.4895344,0.3189096,142.806,-0.567075,-0.6415997,0.5165036,-0.1043149,0.64029,-0.05985518,0.6514871,0.5288923,0.2473494,-0.7594433,0.2869446,146.6498,0.5521101,0.2582077,-0.7927819,0.0840432,1.123699,0.2591434,1.156252,0.1018141,1.142464,0.2622053,1.17658,0.119051,1.134158,0.2662859,1.171066,-0.01798801,0.658721,0.03303823,0.6597943,-0.007609133,0.6487608,0.07776485,0.6534492,-0.02592288,0.6402237,0.1069233,0.6496084,0.1021419,-0.07775364,0.03976446,0.1343868,0.1159537,-0.07562882,0.01780979,0.1395786,0.1035941,-0.07309824,0.002857015,0.1268198,-0.1148358,0.04036638,-0.0400563,0.1281453,-0.1582432,0.05147877,-0.02592423,0.1684133,-0.1792667,0.04268756,0.001264289,0.1842834,0.100795,-0.0779224,0.04515178,0.1351673,0.1180142,-0.07482763,0.01764517,0.140847,0.1051004,-0.07342949,0.002656567,0.1282382,-0.1145485,0.04101458,-0.03929589,0.1278582,-0.1573471,0.05251116,-0.02561078,0.1678435,-0.1786543,0.04382522,0.001676413,0.1839587,0.1044552,-0.07610463,0.0281962,0.1322794,-0.003801532,0.9973512,0.05225257,0.0504549,174.2158,-0.003806381,0.9986232,0.05231921,-0.1433322,0.04298921,-0.02191173,0.151236,0.151589,-0.4559998,-0.3128347,0.8192798,69.97446,0.2643714,-0.7952645,-0.5455844,0.09938559,1.120678,0.2368535,1.149738,0.9359039,-0.2196476,0.2753844,-0.001526184,180.1749,0.935905,-0.2196479,0.2753847,0.09958796,-0.05168191,0.03432129,0.1173317,0.3554186,-0.6761445,-0.598751,-0.2408393,207.8722,0.3661976,-0.6966504,-0.6169097,-0.4200907,-0.2227764,-0.3663344,0.6002553,0.3689885,0.794118,0.4215116,0.2356953,152.7348,0.3796853,0.8171391,0.433731,0.0006144121,-0.02067816,0.06314647,0.06644879,-0.1816707,0.0954609,-0.699871,0.6841518,93.66212,-0.2490893,0.1308868,-0.9595955,-0.1078181,1.206734,-0.04438264,1.212354,0.02661877,-0.116166,-0.1758714,-0.9771726,335.4684,0.1252959,-0.5467991,-0.8278354,True,True,False,False
1772879681385,7.002113,0.1700535,1.030148,0.2127051,1.065536,-0.5375979,-0.6074399,0.4889309,0.3208611,142.57,-0.5676095,-0.6413506,0.5162258,-0.1042873,0.64048,-0.05980314,0.6516647,0.5291857,0.2486653,-0.7590896,0.2862016,146.7386,0.5522881,0.2595212,-0.7922288,0.08486196,1.123346,0.2591571,1.155972,0.1029412,1.142291,0.2625266,1.176582,0.1202945,1.133556,0.2662753,1.170608,-0.01802768,0.6585717,0.0331859,0.6596537,-0.007522646,0.6485012,0.07775642,0.6531895,-0.02579245,0.6398205,0.1068832,0.6491991,0.1022064,-0.07775927,0.04010809,0.1345411,0.116159,-0.07585114,0.01777451,0.1398651,0.1034545,-0.07299175,0.002877936,0.1266448,-0.1148591,0.04035359,-0.03992464,0.128121,-0.1581862,0.05153263,-0.02592123,0.1683757,-0.1792008,0.04279801,0.001274362,0.184245,0.1009161,-0.0779084,0.04471904,0.1351058,0.117855,-0.07491545,0.01765627,0.1407618,0.1049591,-0.07339193,0.00267556,0.1281013,-0.1145751,0.04095787,-0.03934984,0.1278805,-0.157419,0.0524272,-0.02563741,0.1678888,-0.1787012,0.04373709,0.001641918,0.183983,0.1044788,-0.07607964,0.02780313,0.1322004,-0.0004321838,0.997438,0.05327811,0.04773518,174.5279,-0.000432677,0.9985763,0.05333892,-0.143347,0.04291649,-0.02197022,0.1512378,0.1515896,-0.4559618,-0.3124512,0.8194472,69.94101,0.2644828,-0.7955302,-0.5451429,0.1016743,1.120067,0.2369885,1.14937,0.9359926,-0.2187964,0.2757575,0.001945531,179.7771,0.9359944,-0.2187968,0.275758,0.09951927,-0.05173815,0.03452372,0.1173576,0.3593616,-0.6770419,-0.5974812,-0.235563,207.2496,0.3697672,-0.696646,-0.6147816,-0.4190634,-0.2221797,-0.3675602,0.6000654,0.3669185,0.7936804,0.4266181,0.23117,153.2681,0.3771338,0.8157769,0.4384954,-0.00167425,-0.02006745,0.06301148,0.06615099,-0.1795221,0.09269166,-0.7000315,0.6849352,93.53899,-0.2463919,0.1272181,-0.9607844,-0.1075379,1.206748,-0.04437824,1.212343,0.02663345,-0.1159196,-0.1757026,-0.9772318,335.5004,0.1255261,-0.5463409,-0.8281042,True,True,False,False
1772879681398,7.01637,0.1721569,1.028807,0.2128047,1.064597,-0.5377882,-0.6068268,0.4879463,0.3231929,142.2878,-0.5682864,-0.6412401,0.5156179,-0.1045178,0.6411381,-0.05979398,0.6523476,0.5294847,0.2497893,-0.7588235,0.2853739,146.8376,0.552458,0.2606271,-0.7917472,0.0870674,1.122782,0.2593852,1.155639,0.1054807,1.142162,0.2624631,1.176668,0.1229103,1.13227,0.266728,1.169738,-0.01836775,0.6588154,0.03335612,0.6599149,-0.007680614,0.6486889,0.07767762,0.6533682,-0.02593315,0.6400895,0.1068282,0.6494609,0.1028964,-0.07760926,0.04037974,0.1350607,0.1173339,-0.07534969,0.01778437,0.1405742,0.1034856,-0.07293892,0.002876528,0.1266398,-0.114926,0.04034522,-0.03969301,0.1281064,-0.1581072,0.05160634,-0.02591889,0.1683238,-0.1791928,0.0427573,0.001172729,0.184227,0.1010686,-0.07788536,0.04438476,0.1350963,0.1178149,-0.0749489,0.01766614,0.1407472,0.1048456,-0.07335703,0.002691042,0.1279887,-0.1146021,0.04091068,-0.03937628,0.1278977,-0.1574721,0.05236397,-0.0256591,0.1679221,-0.178739,0.04366161,0.001605773,0.1840015,0.1045501,-0.07604401,0.02747413,0.1321675,0.001225889,0.9975328,0.05395776,0.04489276,174.8539,0.001227126,0.9985396,0.05401222,-0.1433658,0.04285626,-0.02200946,0.1512443,0.1517457,-0.4559909,-0.3123065,0.8194573,69.939,0.2647619,-0.7956009,-0.5449042,0.1026922,1.119572,0.2371251,1.149006,0.9371876,-0.2169205,0.2731491,-0.003809009,180.4365,0.9371944,-0.2169221,0.2731511,0.100131,-0.05148549,0.03470124,0.1178183,0.3641285,-0.6745461,-0.597478,-0.2354106,207.2317,0.3746579,-0.6940517,-0.6147551,-0.4185284,-0.2201345,-0.3692468,0.5999737,0.3632243,0.7933378,0.4298206,0.2322448,153.1415,0.373435,0.8156394,0.4419034,-0.002692215,-0.0195719,0.06287487,0.06590566,-0.18464,0.09481493,-0.7017044,0.6815639,94.06807,-0.2523236,0.1295713,-0.9589286,-0.1071581,1.206825,-0.04441734,1.212388,0.02707988,-0.1157467,-0.1756742,-0.9772451,335.5076,0.1276671,-0.5456836,-0.8282096,True,True,False,False
1772879681412,7.02893,0.1731426,1.028591,0.2124672,1.064481,-0.5379219,-0.6063364,0.4862359,0.3264519,141.8929,-0.5691008,-0.6414807,0.514419,-0.1045737,0.6412172,-0.05975185,0.6524304,0.5297742,0.2508619,-0.7585765,0.2845514,146.9359,0.5526191,0.2616795,-0.7912877,0.08801413,1.121979,0.259691,1.154999,0.1071712,1.141563,0.2631245,1.176387,0.1245684,1.131886,0.2669794,1.169598,-0.01837461,0.6587055,0.03341565,0.6598084,-0.007733088,0.6484793,0.07780957,0.6531765,-0.02596654,0.6398446,0.1068998,0.6492326,0.1022765,-0.07775287,0.04113705,0.1349009,0.1168446,-0.07557834,0.01778424,0.1402891,0.1033483,-0.07288064,0.00289318,0.1264944,-0.1149405,0.04029988,-0.03976048,0.1281261,-0.1582084,0.05149391,-0.0259321,0.1683864,-0.1792642,0.04262454,0.001109451,0.1842654,0.1011679,-0.07787447,0.04411773,0.1350769,0.1177351,-0.07500065,0.01767585,0.1407092,0.1047225,-0.07331786,0.002707661,0.1278657,-0.11463,0.04086046,-0.03940786,0.1279163,-0.1575326,0.05229243,-0.02568154,0.16796,-0.1787822,0.04357635,0.001564966,0.1840229,0.104574,-0.07601926,0.02721326,0.1321181,0.003574332,0.9975912,0.05477353,0.04241356,175.1383,0.003577552,0.9984897,0.05482286,-0.1433839,0.04278962,-0.02205563,0.1512493,0.1519376,-0.4560194,-0.3121293,0.8194734,69.93578,0.2651074,-0.7956825,-0.5446169,0.1038611,1.118871,0.237261,1.148456,0.9392535,-0.2064952,0.2733918,-0.02048313,182.3474,0.9394506,-0.2065385,0.2734492,0.09975821,-0.05148244,0.03530775,0.1176808,0.3640434,-0.6757509,-0.5939152,-0.2410355,207.8953,0.3751029,-0.6962798,-0.611958,-0.4177199,-0.2195965,-0.3704134,0.5999322,0.364724,0.7948663,0.4248591,0.2337925,152.9591,0.3751199,0.8175226,0.436969,-0.003861055,-0.01887059,0.062739,0.06562918,-0.1923435,0.1032563,-0.7110425,0.6684018,96.11234,-0.2585956,0.1388225,-0.9559586,-0.1068281,1.206937,-0.04446356,1.212471,0.02738062,-0.1155285,-0.1756638,-0.9772644,335.518,0.1291391,-0.5448834,-0.8285081,True,True,False,False
1772879681426,7.043186,0.1750001,1.027696,0.2122509,1.063877,-0.5380789,-0.606267,0.4836661,0.3301192,141.448,-0.5700355,-0.6422733,0.5123911,-0.1045822,0.6410271,-0.05964513,0.6522352,0.5299851,0.2515929,-0.758438,0.2838815,147.016,0.5527245,0.2623877,-0.7909794,0.0891927,1.120523,0.2598919,1.15372,0.1098039,1.140025,0.263907,1.175313,0.1270813,1.130892,0.2675433,1.169036,-0.01837574,0.6583637,0.03355115,0.6594741,-0.007728506,0.6480593,0.07797611,0.6527793,-0.0259191,0.6393427,0.1069843,0.64875,0.1018967,-0.07780307,0.04258057,0.1350902,0.116182,-0.07563365,0.01783174,0.1397737,0.1033623,-0.0728743,0.002892219,0.1265021,-0.114961,0.04024,-0.03977892,0.1281314,-0.1582817,0.05141691,-0.02594009,0.1684331,-0.1792771,0.04259907,0.001074649,0.1842718,0.1012212,-0.07786924,0.0440053,0.1350771,0.1176215,-0.07504695,0.01768725,0.1406403,0.104623,-0.07328542,0.002721161,0.1277659,-0.1146542,0.04081507,-0.03943501,0.1279319,-0.1575874,0.05222839,-0.02570046,0.1679944,-0.1788184,0.04350486,0.001529102,0.1840408,0.1045566,-0.07600575,0.02709906,0.1320731,0.00574617,0.9976247,0.05535717,0.04058963,175.3475,0.005750909,0.9984475,0.05540283,-0.1433968,0.04273156,-0.02209719,0.1512512,0.1520395,-0.4560654,-0.3119152,0.8195103,69.92838,0.2653097,-0.7958364,-0.5442935,0.1082569,1.116166,0.2370314,1.146181,0.9479234,-0.1802928,0.2576559,-0.05049021,185.7882,0.949134,-0.180523,0.257985,0.1000342,-0.05152745,0.03656634,0.1183174,0.3649178,-0.6819777,-0.5803902,-0.2547328,209.5155,0.3773665,-0.7052426,-0.6001896,-0.4171849,-0.2189548,-0.3714189,0.599947,0.3653228,0.8037924,0.4078246,0.2326721,153.0911,0.3756319,0.8264747,0.419333,-0.008256897,-0.01616621,0.06296861,0.06553296,-0.2192769,0.1066076,-0.7292174,0.6393706,100.5102,-0.285183,0.1386497,-0.9483919,-0.1066035,1.20702,-0.04451768,1.212536,0.02795918,-0.1152513,-0.1755653,-0.9772984,335.5364,0.1319655,-0.5439784,-0.8286569,True,True,False,False
1772879681439,7.057612,0.1811931,1.024854,0.2113949,1.062001,-0.5385601,-0.6069108,0.4784378,0.3357225,140.767,-0.5717435,-0.6443057,0.5079169,-0.1044487,0.6402337,-0.05915872,0.6513897,0.5301358,0.2521515,-0.7583876,0.2832385,147.0928,0.552772,0.2629181,-0.79077,0.09395434,1.116863,0.2593623,1.150426,0.1171475,1.135585,0.2648448,1.17193,0.1341979,1.127699,0.268011,1.166853,-0.01839779,0.6573448,0.03414912,0.6584883,-0.00753719,0.6469787,0.07841843,0.6517574,-0.02575183,0.6382539,0.1074429,0.6477462,0.1014995,-0.07769357,0.04515131,0.135562,0.1146507,-0.07585849,0.01790849,0.1386362,0.1033051,-0.07287461,0.002898604,0.1264557,-0.1150089,0.04011909,-0.0395892,0.1280777,-0.1582605,0.05143658,-0.02593651,0.1684185,-0.1792752,0.04257293,0.001084484,0.184264,0.1012441,-0.0778548,0.04409951,0.1351167,0.1173773,-0.07511366,0.01770544,0.1404741,0.1045147,-0.07325164,0.002735748,0.1276582,-0.1146833,0.04075786,-0.03944768,0.1279437,-0.1576427,0.0521633,-0.02571986,0.168029,-0.178856,0.04342825,0.001492552,0.1840589,0.1044687,-0.07599796,0.02717726,0.1320151,0.009113505,0.9976583,0.05561454,0.03875463,175.5579,0.009120358,0.9984084,0.05565635,-0.143416,0.04266581,-0.02213018,0.1512556,0.1521664,-0.4561701,-0.3117851,0.8194781,69.93484,0.2655097,-0.7959549,-0.5440227,0.109783,1.115168,0.2370808,1.145364,0.9509508,-0.1663365,0.2501118,-0.07395238,188.4821,0.9535618,-0.1667932,0.2507986,0.1004462,-0.05186843,0.03917889,0.1196443,0.3611625,-0.683457,-0.5617462,-0.2947704,214.2875,0.3779558,-0.7152363,-0.5878662,-0.4167158,-0.2151347,-0.3735628,0.59957,0.3670185,0.8171514,0.3692868,0.2473632,151.3569,0.3787902,0.8433604,0.3811313,-0.009783022,-0.01516807,0.06291921,0.0654569,-0.2362193,0.1146949,-0.7390643,0.6203464,103.3171,-0.3011741,0.1462334,-0.9422898,-0.1063452,1.207067,-0.0446203,1.212564,0.02841759,-0.1151595,-0.1753257,-0.9773391,335.5584,0.134248,-0.5440269,-0.8282589,True,True,False,False
1772879681453,7.071549,0.1830883,1.023708,0.2104181,1.061025,-0.5401588,-0.6090958,0.4696902,0.3414996,140.0635,-0.5747092,-0.6480556,0.4997332,-0.1043841,0.6400381,-0.05904547,0.6511768,0.5302263,0.2525186,-0.758365,0.2828022,147.145,0.5527922,0.2632655,-0.7906402,0.09561426,1.115017,0.2592601,1.148747,0.1200971,1.133525,0.2652745,1.17033,0.1369291,1.125935,0.2686006,1.165601,-0.01833945,0.6570724,0.03429814,0.6582225,-0.00743622,0.6466026,0.07850121,0.6513929,-0.02562918,0.6378065,0.1074947,0.6473091,0.1009367,-0.07772395,0.04631786,0.1355528,0.1140172,-0.07558628,0.01799021,0.1379741,0.1032002,-0.07285253,0.002906948,0.1263575,-0.1150451,0.04005448,-0.03958718,0.1280893,-0.1582483,0.0514374,-0.02593727,0.1684075,-0.1792353,0.0426199,0.001095578,0.1842361,0.1012186,-0.07784393,0.04428388,0.1351515,0.117098,-0.07515294,0.01772911,0.1402649,0.1044054,-0.07321847,0.002749976,0.12755,-0.1147134,0.0406994,-0.03945928,0.1279556,-0.1576931,0.05210297,-0.02573793,0.1680603,-0.1788875,0.04336107,0.001459559,0.1840735,0.1043408,-0.07599244,0.02734369,0.1319452,0.0116723,0.9976739,0.05574741,0.0374549,175.707,0.0116805,0.9983744,0.05578655,-0.1434342,0.04260359,-0.0221603,0.1512597,0.152223,-0.4562643,-0.3116929,0.8194503,69.9404,0.26559,-0.7960639,-0.543824,0.1134284,1.11412,0.2355526,1.144384,0.9480309,-0.1631941,0.2569747,-0.09256964,190.6229,0.9521191,-0.1638979,0.2580828,0.1005163,-0.05207679,0.04042345,0.1202064,0.3590187,-0.6836003,-0.5489204,-0.3201292,217.3415,0.378962,-0.7215739,-0.5794126,-0.416498,-0.2139322,-0.3742583,0.5994221,0.3711284,0.8254177,0.342978,0.2516261,150.8525,0.3834666,0.8528588,0.3543803,-0.01342838,-0.01411986,0.0644474,0.06732874,-0.2390309,0.1314864,-0.7437045,0.6103109,104.776,-0.301745,0.1659843,-0.9388288,-0.1060929,1.20713,-0.04473076,1.212609,0.02894586,-0.1151151,-0.1748879,-0.9774072,335.5953,0.1369473,-0.5446275,-0.8274218,True,True,False,False
1772879681467,7.086131,0.186259,1.022292,0.2078633,1.059708,-0.5429574,-0.6143435,0.4550816,0.3473905,139.3444,-0.5790183,-0.6551456,0.4853062,-0.1042059,0.6397754,-0.05908066,0.6508932,0.530304,0.252874,-0.7583536,0.2823692,147.1967,0.5527996,0.263601,-0.7905231,0.09896526,1.113586,0.257513,1.14725,0.1240778,1.130501,0.2644429,1.167629,0.1405835,1.123393,0.268149,1.163477,-0.01799772,0.6569189,0.0342039,0.6580549,-0.007214736,0.646157,0.0784304,0.6509395,-0.02538368,0.6372942,0.1073975,0.6467785,0.1011821,-0.07747379,0.04668942,0.13572,0.1131029,-0.07521416,0.01809645,0.1370289,0.1030738,-0.07286492,0.002910942,0.1262616,-0.1150699,0.03998348,-0.03984987,0.1281709,-0.1582338,0.05144564,-0.02593688,0.1683963,-0.1791979,0.04267271,0.00110551,0.184212,0.1012156,-0.07781412,0.04447756,0.1351958,0.1167763,-0.07515787,0.01775868,0.1400028,0.1042982,-0.07319,0.002762937,0.1274462,-0.1147421,0.04064176,-0.03949073,0.1279727,-0.1577366,0.05205004,-0.02575395,0.1680872,-0.1789125,0.04330564,0.001431052,0.1840845,0.1042138,-0.07597399,0.02752344,0.1318716,0.01320043,0.9977208,0.0555417,0.03597375,175.8768,0.01320898,0.9983671,0.05557768,-0.1434475,0.04254659,-0.02219905,0.151262,0.1522564,-0.4562263,-0.3118026,0.8194234,69.94576,0.2656306,-0.7959443,-0.5439789,0.1145169,1.114179,0.2348067,1.144397,0.9453393,-0.1687586,0.2585162,-0.1049937,192.0536,0.9505932,-0.1696965,0.259953,0.1007408,-0.05183662,0.0408357,0.1204297,0.3626797,-0.6845194,-0.5396267,-0.3296965,218.5007,0.3841592,-0.7250596,-0.5715858,-0.4155051,-0.2112279,-0.3767156,0.5993132,0.3755614,0.8325448,0.3286361,0.2404605,152.1726,0.3869138,0.8577108,0.3385701,-0.01451688,-0.01417947,0.06519336,0.06827863,-0.2439909,0.1441689,-0.7411456,0.6085945,105.0241,-0.3074941,0.1816916,-0.9340427,-0.1058226,1.207214,-0.04486954,1.212674,0.02947789,-0.1150993,-0.1747306,-0.9774213,335.603,0.1395075,-0.5447209,-0.8269328,True,True,False,False
1772879681481,7.099094,0.1867933,1.022126,0.2063527,1.059347,-0.5461631,-0.6210304,0.437844,0.3525903,138.7083,-0.5836461,-0.6636515,0.4678931,-0.1041071,0.6396427,-0.05913267,0.6507517,0.5303585,0.2531781,-0.7583537,0.2819935,147.2416,0.5527928,0.2638876,-0.7904323,0.09981927,1.11319,0.2569186,1.146806,0.1250047,1.129853,0.2643979,1.167091,0.1412059,1.122098,0.2689156,1.16248,-0.01786549,0.6567314,0.03413912,0.6578608,-0.00707962,0.6458844,0.07836558,0.6506596,-0.02524858,0.6370081,0.1073319,0.6464804,0.1013132,-0.07729962,0.04663029,0.1356981,0.1135625,-0.07460575,0.01815897,0.1370846,0.1032174,-0.07296951,0.002883665,0.1264385,-0.1150751,0.03994862,-0.03988825,0.1281766,-0.1582424,0.0514356,-0.02593793,0.1684014,-0.179208,0.04265341,0.001103923,0.1842173,0.1012238,-0.07777094,0.04465824,0.1352366,0.1165066,-0.07511153,0.01779228,0.1397573,0.1042075,-0.0731715,0.00277307,0.1273615,-0.1147701,0.04058358,-0.03952409,0.1279896,-0.1577791,0.05199847,-0.02576939,0.1681135,-0.1789373,0.0432509,0.001403596,0.1840955,0.1041133,-0.07594391,0.02768739,0.1318091,0.01274137,0.997802,0.05500394,0.03469163,176.0238,0.01274905,0.998403,0.05503707,-0.1434604,0.04248966,-0.02223824,0.151264,0.1523028,-0.4561708,-0.3119602,0.8193858,69.95329,0.2656865,-0.7957728,-0.5442029,0.1154877,1.114793,0.2336273,1.144851,0.9429834,-0.1640246,0.2668808,-0.1124844,192.9171,0.9490064,-0.1650723,0.2685854,0.1009069,-0.05130611,0.0411432,0.1204462,0.3626303,-0.67981,-0.542133,-0.3353352,219.1858,0.3849174,-0.7215909,-0.5754522,-0.4148036,-0.2109641,-0.3779075,0.5994847,0.3847919,0.8330011,0.3221193,0.2329885,153.0538,0.3956812,0.8565745,0.3312351,-0.01548768,-0.0147934,0.06637272,0.06974275,-0.2399516,0.1526379,-0.7460451,0.6021143,105.9571,-0.3005369,0.1911774,-0.9344137,-0.1054621,1.20731,-0.04495472,1.212741,0.02986053,-0.1148413,-0.1749159,-0.9774069,335.5952,0.1412738,-0.5433283,-0.8275486,True,True,False,False
1772879681495,7.112761,0.1864425,1.021648,0.2042296,1.058412,-0.5518313,-0.6280507,0.4175542,0.3559256,138.2996,-0.5905007,-0.6720611,0.4468141,-0.1039918,0.6394441,-0.05916489,0.6505409,0.5304363,0.2534207,-0.7583415,0.2816622,147.2811,0.5528179,0.2641138,-0.7903395,0.1006467,1.113459,0.2553203,1.146782,0.1247682,1.131368,0.262991,1.168215,0.1407113,1.122176,0.2685921,1.16242,-0.01774104,0.6565244,0.03412029,0.6576498,-0.006936524,0.6455473,0.07831478,0.6503174,-0.02510386,0.6366647,0.1072843,0.6461285,0.1020312,-0.07695432,0.04547627,0.1356482,0.1163434,-0.07368374,0.01816551,0.1389066,0.104969,-0.07289787,0.00267192,0.1278269,-0.1151002,0.03987692,-0.03993547,0.1281915,-0.158236,0.05144186,-0.02593754,0.1683973,-0.1792096,0.04265059,0.001099564,0.1842183,0.1012846,-0.07770944,0.04471985,0.1352671,0.1164943,-0.075004,0.01782039,0.1396928,0.1042648,-0.07315089,0.002765452,0.1273965,-0.1147949,0.04053036,-0.03955507,0.1280046,-0.1578135,0.05195655,-0.02578205,0.1681347,-0.1789578,0.04320569,0.001380698,0.1841047,0.10415,-0.07589137,0.02773786,0.1318185,0.01003034,0.9978672,0.05433983,0.03475092,176.017,0.0100364,0.9984703,0.05437267,-0.143472,0.04243997,-0.02227245,0.1512661,0.1523598,-0.4560972,-0.3122064,0.8193223,69.96597,0.2657439,-0.7955187,-0.5445462,0.1180896,1.118473,0.2271433,1.147397,0.9447469,-0.1539415,0.2664366,-0.1129916,192.9756,0.950836,-0.1549337,0.2681539,0.1016089,-0.05112283,0.04045858,0.1207262,0.372685,-0.6700463,-0.5407974,-0.3459508,220.4797,0.3972118,-0.7141428,-0.5763878,-0.4137688,-0.2111537,-0.3795593,0.5998797,0.3820221,0.8389731,0.3158449,0.2245561,154.0465,0.3920342,0.8609609,0.3241225,-0.01808958,-0.01847291,0.07285675,0.07730839,-0.2398103,0.1486875,-0.7524523,0.5951461,106.9539,-0.2984134,0.1850228,-0.9363313,-0.1048596,1.207465,-0.04510307,1.212848,0.03025196,-0.1148003,-0.1747831,-0.9774235,335.6041,0.1431777,-0.5433313,-0.82722,True,True,False,False
1772879681508,7.127057,0.1855639,1.022837,0.197164,1.058066,-0.5588648,-0.6364867,0.3915704,0.3594822,137.8632,-0.5989001,-0.6820826,0.4196213,-0.1036002,0.6390503,-0.05922261,0.6500966,0.5305048,0.2536066,-0.758337,0.2813778,147.3151,0.5528412,0.2642844,-0.7902661,0.1035888,1.117479,0.248683,1.149493,0.1246031,1.136493,0.2564306,1.171707,0.139704,1.12528,0.2635724,1.164149,-0.01739579,0.6561109,0.03410553,0.657227,-0.006517608,0.6450246,0.078229,0.6497838,-0.02466661,0.6361226,0.1071901,0.6455619,0.1045834,-0.07512074,0.04183798,0.1353929,0.1211613,-0.07175574,0.0178172,0.141938,0.1084048,-0.07246358,0.002275556,0.1304138,-0.1151341,0.03978468,-0.03992146,0.128189,-0.1582178,0.05146017,-0.02593562,0.1683855,-0.1791899,0.04268536,0.001093015,0.1842071,0.1015455,-0.07750472,0.04449196,0.1352701,0.1168634,-0.07474713,0.01782014,0.1398633,0.1045922,-0.07309654,0.002726712,0.1276326,-0.1148217,0.04047139,-0.03958405,0.128019,-0.1578454,0.0519173,-0.0257942,0.1681545,-0.1789761,0.04316454,0.001357948,0.1841127,0.1044683,-0.07572182,0.02753124,0.1319295,0.004042994,0.9979571,0.05259748,0.03603901,175.8693,0.004045622,0.9986058,0.05263167,-0.1434844,0.04238919,-0.0223052,0.1512685,0.1524005,-0.4560265,-0.3125528,0.819222,69.98602,0.2657485,-0.7951965,-0.545014,0.1194153,1.120151,0.2244236,1.148636,0.9400593,-0.1645924,0.2709135,-0.1257133,194.4439,0.9475768,-0.1659086,0.27308,0.1034459,-0.04942726,0.03812708,0.1208213,0.3857771,-0.6460939,-0.5473279,-0.3662938,222.9745,0.4145914,-0.6943518,-0.5882089,-0.4086788,-0.2122326,-0.3859235,0.600831,0.3749428,0.8431221,0.3105443,0.2283101,153.6048,0.3851143,0.8659942,0.3189687,-0.0194153,-0.02015102,0.07557641,0.08059039,-0.2426541,0.1653271,-0.7469406,0.596545,106.7543,-0.3023426,0.2059946,-0.9306746,-0.1045111,1.207652,-0.0451273,1.213005,0.03009072,-0.1149821,-0.1745431,-0.97745,335.6185,0.1424971,-0.5445073,-0.8265631,True,True,False,False
1772879681524,7.143934,0.1846354,1.023115,0.193841,1.057558,-0.5646207,-0.6441798,0.3657797,0.3639246,137.3172,-0.6061879,-0.6916043,0.3927084,-0.1035375,0.6389142,-0.05928965,0.649959,0.5306033,0.2537616,-0.7582967,0.2811607,147.341,0.5529072,0.2644286,-0.7901717,0.10463,1.119078,0.2459766,1.15056,0.1247153,1.139009,0.2547095,1.173786,0.1388176,1.125645,0.2626247,1.164182,-0.01732949,0.6559715,0.0340638,0.6570839,-0.006487448,0.6448606,0.07820542,0.6496179,-0.02459547,0.6358699,0.1071106,0.6452969,0.1060677,-0.07379448,0.04039712,0.1353806,0.1244013,-0.07034551,0.01739883,0.1439683,0.110188,-0.07209161,0.002067007,0.1316923,-0.1151597,0.03973774,-0.03995978,0.1282094,-0.158257,0.05138626,-0.02594481,0.1684012,-0.1791806,0.04270006,0.00109221,0.1842014,0.1019182,-0.07719892,0.04415445,0.135265,0.1174847,-0.07438434,0.01778541,0.1401856,0.1050535,-0.07301371,0.002672337,0.1279624,-0.1148496,0.04041092,-0.03961502,0.1280345,-0.1578794,0.05187353,-0.02580661,0.1681747,-0.178993,0.04312626,0.001336045,0.1841199,0.1049494,-0.07547083,0.02722349,0.1321035,-0.003769375,0.9980279,0.05000611,0.03775636,175.6724,-0.003772065,0.9987401,0.05004179,-0.1434952,0.0423382,-0.02233956,0.1512695,0.1523342,-0.4559694,-0.3127798,0.8191795,69.99452,0.2656047,-0.7950128,-0.5453522,0.1234792,1.124712,0.218905,1.152451,0.9276328,-0.1708215,0.3101254,-0.1189103,193.6584,0.9342613,-0.1720422,0.3123415,0.1044888,-0.04785939,0.03736964,0.1208508,0.3854429,-0.6376992,-0.5539241,-0.3714053,223.6046,0.4151372,-0.6868273,-0.5965981,-0.406563,-0.2126018,-0.3889692,0.6014898,0.387074,0.8422157,0.3067265,0.2162529,155.0219,0.3964551,0.8626277,0.3141604,-0.02347916,-0.02471185,0.08109498,0.08796784,-0.2056594,0.1844333,-0.7484103,0.6029683,105.8344,-0.2577944,0.2311875,-0.9381335,-0.1041621,1.207653,-0.04530867,1.212983,0.03019349,-0.115316,-0.1739703,-0.9775096,335.6508,0.1431709,-0.5468035,-0.8249294,True,True,False,False
1772879681537,7.155738,0.1856778,1.026471,0.1871385,1.059783,-0.568338,-0.6520869,0.338538,0.3703601,136.5244,-0.6118475,-0.7020079,0.364455,-0.1034122,0.6388002,-0.05943676,0.6498404,0.5306033,0.2537616,-0.7582967,0.2811607,147.341,0.5529072,0.2644286,-0.7901717,0.1072359,1.123937,0.2394317,1.154149,0.1273558,1.143899,0.250594,1.177931,0.1399853,1.128303,0.2590487,1.166092,-0.01724943,0.6559511,0.033943,0.6570552,-0.006377686,0.6447737,0.07807229,0.6495145,-0.02447012,0.6357523,0.1069633,0.6451519,0.1080665,-0.07141374,0.0401113,0.1355995,0.1273624,-0.06868266,0.01669943,0.1456618,0.1117159,-0.07172649,0.001862109,0.1327727,-0.1151868,0.03963712,-0.03998569,0.1282106,-0.1582702,0.05135484,-0.0259487,0.1684046,-0.1791798,0.04270257,0.001094565,0.1842013,0.1025077,-0.07664428,0.04376682,0.135269,0.1184317,-0.0738377,0.0176813,0.1406794,0.1056922,-0.0728903,0.002594658,0.1284156,-0.1148819,0.04033674,-0.03965056,0.1280511,-0.1579168,0.0518238,-0.02582023,0.1681967,-0.1790109,0.04308564,0.001312894,0.1841277,0.1056746,-0.0750457,0.02686199,0.1323652,-0.01360046,0.9981377,0.04481836,0.03908207,175.5204,-0.01361086,0.9989009,0.04485263,-0.1435074,0.04227852,-0.02237806,0.15127,0.1522158,-0.4559033,-0.3130796,0.8191238,70.00565,0.2653616,-0.7947873,-0.5457993,0.124806,1.125973,0.2178099,1.153617,0.9164186,-0.1716294,0.3389624,-0.1257963,194.4535,0.9237568,-0.1730038,0.3416767,0.1055259,-0.04564638,0.03618962,0.1205363,0.420376,-0.6311004,-0.5468678,-0.3548689,221.5708,0.4496404,-0.6750343,-0.5849379,-0.4033067,-0.2127309,-0.3964255,0.6042052,0.3747436,0.850121,0.3230619,0.1802571,159.2305,0.3809843,0.8642783,0.3284419,-0.024806,-0.0259726,0.08219013,0.08969465,-0.183231,0.206312,-0.7515243,0.5992271,106.3709,-0.2288731,0.2577034,-0.9387258,-0.1038359,1.207714,-0.04545874,1.213021,0.03012155,-0.1153425,-0.1739122,-0.977519,335.656,0.1428594,-0.5470421,-0.8248248,True,True,False,False
1772879681550,7.169032,0.1870423,1.02831,0.185244,1.061472,-0.5691368,-0.659503,0.3132867,0.378141,135.5628,-0.6147859,-0.7124001,0.3384147,-0.1033637,0.6389034,-0.05951488,0.6499412,0.5306033,0.2537616,-0.7582967,0.2811607,147.341,0.5529072,0.2644286,-0.7901717,0.1071093,1.124665,0.2384273,1.154639,0.129252,1.144238,0.2525715,1.178889,0.1412651,1.127573,0.260578,1.165881,-0.01723423,0.6560439,0.03389112,0.6571448,-0.00633077,0.6448801,0.07799636,0.6496106,-0.0244027,0.6358325,0.106859,0.6452111,0.1080137,-0.0709161,0.04249606,0.1360219,0.1278898,-0.06842203,0.01656956,0.145986,0.1117745,-0.07160243,0.001862116,0.1327551,-0.1152007,0.03961912,-0.03994851,0.1282059,-0.1582723,0.05135129,-0.0259492,0.1684056,-0.1791567,0.04273438,0.001089633,0.1841862,0.1028879,-0.07624875,0.04367908,0.1353057,0.1190847,-0.07346375,0.01760453,0.1410249,0.1061122,-0.07280137,0.002544077,0.1287102,-0.1149039,0.04028719,-0.03967113,0.1280616,-0.1579414,0.05179118,-0.02582914,0.168211,-0.179021,0.04306138,0.001297478,0.1841317,0.1061474,-0.07474888,0.02675991,0.1325548,-0.0195082,0.9981782,0.0409281,0.03980732,175.4372,-0.01952368,0.99897,0.04096056,-0.1435149,0.04223989,-0.02240218,0.1512699,0.1520989,-0.4558804,-0.3132433,0.8190956,70.01128,0.265139,-0.7946916,-0.5460463,0.1259493,1.126708,0.2174914,1.154399,0.9077907,-0.1646665,0.3646902,-0.1257061,194.4431,0.9150494,-0.1659832,0.3676063,0.1052029,-0.04422643,0.03805526,0.1202989,0.4447177,-0.6278809,-0.5344755,-0.3497537,220.9445,0.4746989,-0.6702102,-0.5705078,-0.4028815,-0.2125791,-0.3983761,0.6051503,0.3685392,0.8584386,0.323531,0.1502987,162.7115,0.3727736,0.868302,0.3272484,-0.02594932,-0.02670801,0.08250856,0.09052264,-0.1594731,0.2179894,-0.7584127,0.5931773,107.2344,-0.1980855,0.2707702,-0.9420434,-0.1035877,1.207844,-0.0455857,1.213134,0.02999176,-0.1154842,-0.1739607,-0.9774976,335.6444,0.1421772,-0.5474576,-0.8246678,True,True,False,False
1772879681564,7.182196,0.1898328,1.03089,0.1840594,1.064259,-0.5676494,-0.6672791,0.2865997,0.3877802,134.3671,-0.6158375,-0.7239249,0.3109293,-0.1033373,0.6392043,-0.05971578,0.6502513,0.5306033,0.2537616,-0.7582967,0.2811607,147.341,0.5529072,0.2644286,-0.7901717,0.1065097,1.124996,0.2376202,1.15474,0.1322839,1.144047,0.2559199,1.179762,0.1438751,1.126724,0.2632836,1.165987,-0.01725635,0.6563078,0.03372324,0.6574001,-0.006307837,0.6451911,0.07780589,0.6498963,-0.02440407,0.6361694,0.1066751,0.6455126,0.1070665,-0.07066807,0.04701447,0.1366293,0.1278367,-0.06828335,0.01660016,0.1458781,0.1116425,-0.07145044,0.001890004,0.1325624,-0.1152126,0.03960898,-0.03988083,0.1281924,-0.1582828,0.05134079,-0.02595057,0.1684125,-0.1791706,0.04268801,0.001088716,0.1841889,0.10321,-0.07581856,0.04393619,0.1353926,0.1197594,-0.07306442,0.01752711,0.1413786,0.1065385,-0.07269723,0.002493657,0.1290022,-0.1149277,0.04023491,-0.03968729,0.1280715,-0.1579677,0.05175646,-0.0258385,0.1682265,-0.1790325,0.0430326,0.001281385,0.1841361,0.1065756,-0.07443272,0.02694495,0.1327578,-0.02496313,0.998185,0.03647751,0.04090172,175.3117,-0.02498404,0.9990209,0.03650806,-0.1435247,0.04219804,-0.02242405,0.1512708,0.1520016,-0.4558759,-0.3134019,0.8190555,70.01927,0.2649431,-0.7946046,-0.5462683,0.1306591,1.129771,0.2155868,1.157555,0.8976543,-0.1651735,0.3872131,-0.130386,194.9838,0.9053834,-0.1665957,0.3905471,0.103811,-0.04337431,0.04149622,0.1199166,0.476823,-0.6149242,-0.5217756,-0.3496545,220.9324,0.5089485,-0.6563541,-0.5569297,-0.4031498,-0.2121017,-0.3994486,0.605868,0.3542568,0.8674821,0.3249491,0.1280037,165.2915,0.3571952,0.8746776,0.3276444,-0.03065906,-0.02977145,0.08441319,0.0946145,-0.1410528,0.2346956,-0.7597699,0.5897219,107.7254,-0.1746553,0.2906063,-0.9407675,-0.1032937,1.207957,-0.04574621,1.213228,0.03000334,-0.1154174,-0.1738932,-0.9775171,335.6549,0.1422931,-0.5473754,-0.8247014,False,False,False,False
1772879681578,7.195518,0.1898328,1.03089,0.1840594,1.064259,-0.5676494,-0.6672791,0.2865997,0.3877802,134.3671,-0.6158375,-0.7239249,0.3109293,-0.1033373,0.6392043,-0.05971578,0.6502513,0.5306033,0.2537616,-0.7582967,0.2811607,147.341,0.5529072,0.2644286,-0.7901717,0.1065097,1.124996,0.2376202,1.15474,0.1322839,1.144047,0.2559199,1.179762,0.1438751,1.126724,0.2632836,1.165987,-0.01725635,0.6563078,0.03372324,0.6574001,-0.006307837,0.6451911,0.07780589,0.6498963,-0.02440407,0.6361694,0.1066751,0.6455126,0.1070665,-0.07066807,0.04701447,0.1366293,0.1278367,-0.06828335,0.01660016,0.1458781,0.1116425,-0.07145044,0.001890004,0.1325624,-0.1152126,0.03960898,-0.03988083,0.1281924,-0.1582828,0.05134079,-0.02595057,0.1684125,-0.1791706,0.04268801,0.001088716,0.1841889,0.10321,-0.07581856,0.04393619,0.1353926,0.1197594,-0.07306442,0.01752711,0.1413786,0.1065385,-0.07269723,0.002493657,0.1290022,-0.1149277,0.04023491,-0.03968729,0.1280715,-0.1579677,0.05175646,-0.0258385,0.1682265,-0.1790325,0.0430326,0.001281385,0.1841361,0.1065756,-0.07443272,0.02694495,0.1327578,-0.02496313,0.998185,0.03647751,0.04090172,175.3117,-0.02498404,0.9990209,0.03650806,-0.1435247,0.04219804,-0.02242405,0.1512708,0.1520016,-0.4558759,-0.3134019,0.8190555,70.01927,0.2649431,-0.7946046,-0.5462683,0.1318258,1.130027,0.2154175,1.157905,0.8956614,-0.1504909,0.3974763,-0.1309806,195.0525,0.9034446,-0.1517987,0.4009304,0.103811,-0.04337431,0.04149622,0.1199166,0.476823,-0.6149242,-0.5217756,-0.3496545,220.9324,0.5089485,-0.6563541,-0.5569297,-0.4031498,-0.2121017,-0.3994486,0.605868,0.3542568,0.8674821,0.3249491,0.1280037,165.2915,0.3571952,0.8746776,0.3276444,-0.03182583,-0.03002667,0.08458251,0.09522965,-0.1307863,0.2350715,-0.7698095,0.5788177,109.2652,-0.160384,0.2882695,-0.9440221,-0.1030202,1.207992,-0.04590717,1.213246,0.03004232,-0.1154804,-0.173969,-0.9774951,335.643,0.1424088,-0.5474086,-0.8246608,False,False,False,False
1772879681592,7.208412,0.1898328,1.03089,0.1840594,1.064259,-0.5676494,-0.6672791,0.2865997,0.3877802,134.3671,-0.6158375,-0.7239249,0.3109293,-0.1033373,0.6392043,-0.05971578,0.6502513,0.5306033,0.2537616,-0.7582967,0.2811607,147.341,0.5529072,0.2644286,-0.7901717,0.1065097,1.124996,0.2376202,1.15474,0.1322839,1.144047,0.2559199,1.179762,0.1438751,1.126724,0.2632836,1.165987,-0.01725635,0.6563078,0.03372324,0.6574001,-0.006307837,0.6451911,0.07780589,0.6498963,-0.02440407,0.6361694,0.1066751,0.6455126,0.1070665,-0.07066807,0.04701447,0.1366293,0.1278367,-0.06828335,0.01660016,0.1458781,0.1116425,-0.07145044,0.001890004,0.1325624,-0.1152126,0.03960898,-0.03988083,0.1281924,-0.1582828,0.05134079,-0.02595057,0.1684125,-0.1791706,0.04268801,0.001088716,0.1841889,0.10321,-0.07581856,0.04393619,0.1353926,0.1197594,-0.07306442,0.01752711,0.1413786,0.1065385,-0.07269723,0.002493657,0.1290022,-0.1149277,0.04023491,-0.03968729,0.1280715,-0.1579677,0.05175646,-0.0258385,0.1682265,-0.1790325,0.0430326,0.001281385,0.1841361,0.1065756,-0.07443272,0.02694495,0.1327578,-0.02496313,0.998185,0.03647751,0.04090172,175.3117,-0.02498404,0.9990209,0.03650806,-0.1435247,0.04219804,-0.02242405,0.1512708,0.1520016,-0.4558759,-0.3134019,0.8190555,70.01927,0.2649431,-0.7946046,-0.5462683,0.1326127,1.129992,0.2156792,1.158009,0.8920771,-0.1393344,0.4082203,-0.1346876,195.4811,0.9002804,-0.1406157,0.4119741,0.103811,-0.04337431,0.04149622,0.1199166,0.476823,-0.6149242,-0.5217756,-0.3496545,220.9324,0.5089485,-0.6563541,-0.5569297,-0.4031498,-0.2121017,-0.3994486,0.605868,0.3542568,0.8674821,0.3249491,0.1280037,165.2915,0.3571952,0.8746776,0.3276444,-0.03261273,-0.02999151,0.08432086,0.09525276,-0.1216386,0.2396174,-0.7774575,0.5686367,110.6896,-0.1478729,0.2912967,-0.9451348,-0.102584,1.208121,-0.04610095,1.213345,0.02975108,-0.1156488,-0.1740021,-0.9774781,335.6338,0.1409759,-0.5480032,-0.8245113,False,False,False,False
1772879681605,7.220634,0.1898328,1.03089,0.1840594,1.064259,-0.5676494,-0.6672791,0.2865997,0.3877802,134.3671,-0.6158375,-0.7239249,0.3109293,-0.1033373,0.6392043,-0.05971578,0.6502513,0.5306033,0.2537616,-0.7582967,0.2811607,147.341,0.5529072,0.2644286,-0.7901717,0.1065097,1.124996,0.2376202,1.15474,0.1322839,1.144047,0.2559199,1.179762,0.1438751,1.126724,0.2632836,1.165987,-0.01725635,0.6563078,0.03372324,0.6574001,-0.006307837,0.6451911,0.07780589,0.6498963,-0.02440407,0.6361694,0.1066751,0.6455126,0.1070665,-0.07066807,0.04701447,0.1366293,0.1278367,-0.06828335,0.01660016,0.1458781,0.1116425,-0.07145044,0.001890004,0.1325624,-0.1152126,0.03960898,-0.03988083,0.1281924,-0.1582828,0.05134079,-0.02595057,0.1684125,-0.1791706,0.04268801,0.001088716,0.1841889,0.10321,-0.07581856,0.04393619,0.1353926,0.1197594,-0.07306442,0.01752711,0.1413786,0.1065385,-0.07269723,0.002493657,0.1290022,-0.1149277,0.04023491,-0.03968729,0.1280715,-0.1579677,0.05175646,-0.0258385,0.1682265,-0.1790325,0.0430326,0.001281385,0.1841361,0.1065756,-0.07443272,0.02694495,0.1327578,-0.02496313,0.998185,0.03647751,0.04090172,175.3117,-0.02498404,0.9990209,0.03650806,-0.1435247,0.04219804,-0.02242405,0.1512708,0.1520016,-0.4558759,-0.3134019,0.8190555,70.01927,0.2649431,-0.7946046,-0.5462683,0.1335268,1.129854,0.2160405,1.158047,0.8876659,-0.1249553,0.4195288,-0.1429377,196.4357,0.8968753,-0.1262517,0.4238814,0.103811,-0.04337431,0.04149622,0.1199166,0.476823,-0.6149242,-0.5217756,-0.3496545,220.9324,0.5089485,-0.6563541,-0.5569297,-0.4031498,-0.2121017,-0.3994486,0.605868,0.3542568,0.8674821,0.3249491,0.1280037,165.2915,0.3571952,0.8746776,0.3276444,-0.0335268,-0.02985382,0.08395955,0.09520768,-0.1136279,0.2467675,-0.7869866,0.5539376,112.7249,-0.1364804,0.2963966,-0.945263,-0.1021913,1.208222,-0.04633019,1.213421,0.02946511,-0.1161526,-0.1742363,-0.9773853,335.5835,0.1393373,-0.5492727,-0.8239444,False,False,False,False
1772879681621,7.234531,0.1898328,1.03089,0.1840594,1.064259,-0.5676494,-0.6672791,0.2865997,0.3877802,134.3671,-0.6158375,-0.7239249,0.3109293,-0.1033373,0.6392043,-0.05971578,0.6502513,0.5306033,0.2537616,-0.7582967,0.2811607,147.341,0.5529072,0.2644286,-0.7901717,0.1065097,1.124996,0.2376202,1.15474,0.1322839,1.144047,0.2559199,1.179762,0.1438751,1.126724,0.2632836,1.165987,-0.01725635,0.6563078,0.03372324,0.6574001,-0.006307837,0.6451911,0.07780589,0.6498963,-0.02440407,0.6361694,0.1066751,0.6455126,0.1070665,-0.07066807,0.04701447,0.1366293,0.1278367,-0.06828335,0.01660016,0.1458781,0.1116425,-0.07145044,0.001890004,0.1325624,-0.1152126,0.03960898,-0.03988083,0.1281924,-0.1582828,0.05134079,-0.02595057,0.1684125,-0.1791706,0.04268801,0.001088716,0.1841889,0.10321,-0.07581856,0.04393619,0.1353926,0.1197594,-0.07306442,0.01752711,0.1413786,0.1065385,-0.07269723,0.002493657,0.1290022,-0.1149277,0.04023491,-0.03968729,0.1280715,-0.1579677,0.05175646,-0.0258385,0.1682265,-0.1790325,0.0430326,0.001281385,0.1841361,0.1065756,-0.07443272,0.02694495,0.1327578,-0.02496313,0.998185,0.03647751,0.04090172,175.3117,-0.02498404,0.9990209,0.03650806,-0.1435247,0.04219804,-0.02242405,0.1512708,0.1520016,-0.4558759,-0.3134019,0.8190555,70.01927,0.2649431,-0.7946046,-0.5462683,0.1380568,1.13284,0.2136916,1.161056,0.8895822,-0.1181944,0.4101784,-0.1625647,198.7116,0.9015751,-0.1197878,0.4157082,0.103811,-0.04337431,0.04149622,0.1199166,0.476823,-0.6149242,-0.5217756,-0.3496545,220.9324,0.5089485,-0.6563541,-0.5569297,-0.4031498,-0.2121017,-0.3994486,0.605868,0.3542568,0.8674821,0.3249491,0.1280037,165.2915,0.3571952,0.8746776,0.3276444,-0.03805683,-0.03283989,0.08630843,0.09987956,-0.1305492,0.2539399,-0.7910737,0.5409934,114.4974,-0.155226,0.3019403,-0.9406046,-0.1017626,1.208251,-0.04652272,1.213421,0.02924602,-0.1167378,-0.1740979,-0.977347,335.5627,0.1381853,-0.5515775,-0.8226,False,False,False,False
1772879681634,7.249103,0.1898328,1.03089,0.1840594,1.064259,-0.5676494,-0.6672791,0.2865997,0.3877802,134.3671,-0.6158375,-0.7239249,0.3109293,-0.1033373,0.6392043,-0.05971578,0.6502513,0.5306033,0.2537616,-0.7582967,0.2811607,147.341,0.5529072,0.2644286,-0.7901717,0.1065097,1.124996,0.2376202,1.15474,0.1322839,1.144047,0.2559199,1.179762,0.1438751,1.126724,0.2632836,1.165987,-0.01725635,0.6563078,0.03372324,0.6574001,-0.006307837,0.6451911,0.07780589,0.6498963,-0.02440407,0.6361694,0.1066751,0.6455126,0.1070665,-0.07066807,0.04701447,0.1366293,0.1278367,-0.06828335,0.01660016,0.1458781,0.1116425,-0.07145044,0.001890004,0.1325624,-0.1152126,0.03960898,-0.03988083,0.1281924,-0.1582828,0.05134079,-0.02595057,0.1684125,-0.1791706,0.04268801,0.001088716,0.1841889,0.10321,-0.07581856,0.04393619,0.1353926,0.1197594,-0.07306442,0.01752711,0.1413786,0.1065385,-0.07269723,0.002493657,0.1290022,-0.1149277,0.04023491,-0.03968729,0.1280715,-0.1579677,0.05175646,-0.0258385,0.1682265,-0.1790325,0.0430326,0.001281385,0.1841361,0.1065756,-0.07443272,0.02694495,0.1327578,-0.02496313,0.998185,0.03647751,0.04090172,175.3117,-0.02498404,0.9990209,0.03650806,-0.1435247,0.04219804,-0.02242405,0.1512708,0.1520016,-0.4558759,-0.3134019,0.8190555,70.01927,0.2649431,-0.7946046,-0.5462683,0.1397,1.13338,0.2131497,1.16168,0.8867306,-0.08994885,0.4129806,-0.1872575,201.5856,0.9026983,-0.0915686,0.4204173,0.103811,-0.04337431,0.04149622,0.1199166,0.476823,-0.6149242,-0.5217756,-0.3496545,220.9324,0.5089485,-0.6563541,-0.5569297,-0.4031498,-0.2121017,-0.3994486,0.605868,0.3542568,0.8674821,0.3249491,0.1280037,165.2915,0.3571952,0.8746776,0.3276444,-0.03969999,-0.03338027,0.08685027,0.1011598,-0.1360567,0.2636211,-0.8079437,0.5091363,118.7874,-0.1580794,0.3062918,-0.9387206,-0.101457,1.208223,-0.04679194,1.213378,0.02890329,-0.1175147,-0.1741473,-0.9772552,335.513,0.1362933,-0.55414,-0.8211905,False,False,False,False
1772879681648,7.264493,0.1898328,1.03089,0.1840594,1.064259,-0.5676494,-0.6672791,0.2865997,0.3877802,134.3671,-0.6158375,-0.7239249,0.3109293,-0.1033373,0.6392043,-0.05971578,0.6502513,0.5306033,0.2537616,-0.7582967,0.2811607,147.341,0.5529072,0.2644286,-0.7901717,0.1065097,1.124996,0.2376202,1.15474,0.1322839,1.144047,0.2559199,1.179762,0.1438751,1.126724,0.2632836,1.165987,-0.01725635,0.6563078,0.03372324,0.6574001,-0.006307837,0.6451911,0.07780589,0.6498963,-0.02440407,0.6361694,0.1066751,0.6455126,0.1070665,-0.07066807,0.04701447,0.1366293,0.1278367,-0.06828335,0.01660016,0.1458781,0.1116425,-0.07145044,0.001890004,0.1325624,-0.1152126,0.03960898,-0.03988083,0.1281924,-0.1582828,0.05134079,-0.02595057,0.1684125,-0.1791706,0.04268801,0.001088716,0.1841889,0.10321,-0.07581856,0.04393619,0.1353926,0.1197594,-0.07306442,0.01752711,0.1413786,0.1065385,-0.07269723,0.002493657,0.1290022,-0.1149277,0.04023491,-0.03968729,0.1280715,-0.1579677,0.05175646,-0.0258385,0.1682265,-0.1790325,0.0430326,0.001281385,0.1841361,0.1065756,-0.07443272,0.02694495,0.1327578,-0.02496313,0.998185,0.03647751,0.04090172,175.3117,-0.02498404,0.9990209,0.03650806,-0.1435247,0.04219804,-0.02242405,0.1512708,0.1520016,-0.4558759,-0.3134019,0.8190555,70.01927,0.2649431,-0.7946046,-0.5462683,0.1439905,1.137672,0.2100673,1.16583,0.8884044,-0.07689441,0.4013501,-0.2091484,204.1449,0.9084967,-0.07863347,0.4104272,0.103811,-0.04337431,0.04149622,0.1199166,0.476823,-0.6149242,-0.5217756,-0.3496545,220.9324,0.5089485,-0.6563541,-0.5569297,-0.4031498,-0.2121017,-0.3994486,0.605868,0.3542568,0.8674821,0.3249491,0.1280037,165.2915,0.3571952,0.8746776,0.3276444,-0.04399046,-0.03767216,0.08993267,0.1069684,-0.1548879,0.2689594,-0.8145216,0.4901279,121.302,-0.177695,0.3085633,-0.9344587,-0.1011621,1.208207,-0.0470541,1.213347,0.0284308,-0.1184258,-0.1744557,-0.977104,335.4315,0.1336271,-0.5566109,-0.8199564,False,False,False,False
1772879681662,7.276843,0.1898328,1.03089,0.1840594,1.064259,-0.5676494,-0.6672791,0.2865997,0.3877802,134.3671,-0.6158375,-0.7239249,0.3109293,-0.1033373,0.6392043,-0.05971578,0.6502513,0.5306033,0.2537616,-0.7582967,0.2811607,147.341,0.5529072,0.2644286,-0.7901717,0.1065097,1.124996,0.2376202,1.15474,0.1322839,1.144047,0.2559199,1.179762,0.1438751,1.126724,0.2632836,1.165987,-0.01725635,0.6563078,0.03372324,0.6574001,-0.006307837,0.6451911,0.07780589,0.6498963,-0.02440407,0.6361694,0.1066751,0.6455126,0.1070665,-0.07066807,0.04701447,0.1366293,0.1278367,-0.06828335,0.01660016,0.1458781,0.1116425,-0.07145044,0.001890004,0.1325624,-0.1152126,0.03960898,-0.03988083,0.1281924,-0.1582828,0.05134079,-0.02595057,0.1684125,-0.1791706,0.04268801,0.001088716,0.1841889,0.10321,-0.07581856,0.04393619,0.1353926,0.1197594,-0.07306442,0.01752711,0.1413786,0.1065385,-0.07269723,0.002493657,0.1290022,-0.1149277,0.04023491,-0.03968729,0.1280715,-0.1579677,0.05175646,-0.0258385,0.1682265,-0.1790325,0.0430326,0.001281385,0.1841361,0.1065756,-0.07443272,0.02694495,0.1327578,-0.02496313,0.998185,0.03647751,0.04090172,175.3117,-0.02498404,0.9990209,0.03650806,-0.1435247,0.04219804,-0.02242405,0.1512708,0.1520016,-0.4558759,-0.3134019,0.8190555,70.01927,0.2649431,-0.7946046,-0.5462683,0.1450463,1.138531,0.2092274,1.166648,0.8790926,-0.0696327,0.4091804,-0.2343477,207.1064,0.904274,-0.07162732,0.4209013,0.103811,-0.04337431,0.04149622,0.1199166,0.476823,-0.6149242,-0.5217756,-0.3496545,220.9324,0.5089485,-0.6563541,-0.5569297,-0.4031498,-0.2121017,-0.3994486,0.605868,0.3542568,0.8674821,0.3249491,0.1280037,165.2915,0.3571952,0.8746776,0.3276444,-0.04504629,-0.03853142,0.09077261,0.1084136,-0.1573234,0.290538,-0.8177391,0.4713174,123.7603,-0.1783785,0.3294217,-0.92718,-0.1008951,1.20821,-0.04734826,1.21334,0.02818943,-0.1193414,-0.1747078,-0.9769546,335.3511,0.1320674,-0.5591138,-0.8185056,False,False,False,False
1772879681676,7.290317,0.1898328,1.03089,0.1840594,1.064259,-0.5676494,-0.6672791,0.2865997,0.3877802,134.3671,-0.6158375,-0.7239249,0.3109293,-0.1033373,0.6392043,-0.05971578,0.6502513,0.5306033,0.2537616,-0.7582967,0.2811607,147.341,0.5529072,0.2644286,-0.7901717,0.1065097,1.124996,0.2376202,1.15474,0.1322839,1.144047,0.2559199,1.179762,0.1438751,1.126724,0.2632836,1.165987,-0.01725635,0.6563078,0.03372324,0.6574001,-0.006307837,0.6451911,0.07780589,0.6498963,-0.02440407,0.6361694,0.1066751,0.6455126,0.1070665,-0.07066807,0.04701447,0.1366293,0.1278367,-0.06828335,0.01660016,0.1458781,0.1116425,-0.07145044,0.001890004,0.1325624,-0.1152126,0.03960898,-0.03988083,0.1281924,-0.1582828,0.05134079,-0.02595057,0.1684125,-0.1791706,0.04268801,0.001088716,0.1841889,0.10321,-0.07581856,0.04393619,0.1353926,0.1197594,-0.07306442,0.01752711,0.1413786,0.1065385,-0.07269723,0.002493657,0.1290022,-0.1149277,0.04023491,-0.03968729,0.1280715,-0.1579677,0.05175646,-0.0258385,0.1682265,-0.1790325,0.0430326,0.001281385,0.1841361,0.1065756,-0.07443272,0.02694495,0.1327578,-0.02496313,0.998185,0.03647751,0.04090172,175.3117,-0.02498404,0.9990209,0.03650806,-0.1435247,0.04219804,-0.02242405,0.1512708,0.1520016,-0.4558759,-0.3134019,0.8190555,70.01927,0.2649431,-0.7946046,-0.5462683,0.1454667,1.139517,0.2088646,1.167597,0.8687139,-0.07015108,0.4167398,-0.2583466,209.944,0.899241,-0.07261623,0.4313843,0.103811,-0.04337431,0.04149622,0.1199166,0.476823,-0.6149242,-0.5217756,-0.3496545,220.9324,0.5089485,-0.6563541,-0.5569297,-0.4031498,-0.2121017,-0.3994486,0.605868,0.3542568,0.8674821,0.3249491,0.1280037,165.2915,0.3571952,0.8746776,0.3276444,-0.0454667,-0.03951669,0.0911354,0.1092449,-0.1600287,0.3141976,-0.8158864,0.4582577,125.4505,-0.1800463,0.3534999,-0.9179439,-0.1005819,1.208211,-0.04767508,1.213328,0.02812194,-0.1205569,-0.1747998,-0.9767908,335.2633,0.1312909,-0.5628352,-0.8160754,False,False,False,False
1772879681690,7.304106,0.1898328,1.03089,0.1840594,1.064259,-0.5676494,-0.6672791,0.2865997,0.3877802,134.3671,-0.6158375,-0.7239249,0.3109293,-0.1033373,0.6392043,-0.05971578,0.6502513,0.5306033,0.2537616,-0.7582967,0.2811607,147.341,0.5529072,0.2644286,-0.7901717,0.1065097,1.124996,0.2376202,1.15474,0.1322839,1.144047,0.2559199,1.179762,0.1438751,1.126724,0.2632836,1.165987,-0.01725635,0.6563078,0.03372324,0.6574001,-0.006307837,0.6451911,0.07780589,0.6498963,-0.02440407,0.6361694,0.1066751,0.6455126,0.1070665,-0.07066807,0.04701447,0.1366293,0.1278367,-0.06828335,0.01660016,0.1458781,0.1116425,-0.07145044,0.001890004,0.1325624,-0.1152126,0.03960898,-0.03988083,0.1281924,-0.1582828,0.05134079,-0.02595057,0.1684125,-0.1791706,0.04268801,0.001088716,0.1841889,0.10321,-0.07581856,0.04393619,0.1353926,0.1197594,-0.07306442,0.01752711,0.1413786,0.1065385,-0.07269723,0.002493657,0.1290022,-0.1149277,0.04023491,-0.03968729,0.1280715,-0.1579677,0.05175646,-0.0258385,0.1682265,-0.1790325,0.0430326,0.001281385,0.1841361,0.1065756,-0.07443272,0.02694495,0.1327578,-0.02496313,0.998185,0.03647751,0.04090172,175.3117,-0.02498404,0.9990209,0.03650806,-0.1435247,0.04219804,-0.02242405,0.1512708,0.1520016,-0.4558759,-0.3134019,0.8190555,70.01927,0.2649431,-0.7946046,-0.5462683,0.1438802,1.144899,0.2045278,1.171891,0.8641956,-0.07054511,0.4121211,-0.2799027,212.5088,0.9001772,-0.07348231,0.4292801,0.103811,-0.04337431,0.04149622,0.1199166,0.476823,-0.6149242,-0.5217756,-0.3496545,220.9324,0.5089485,-0.6563541,-0.5569297,-0.4031498,-0.2121017,-0.3994486,0.605868,0.3542568,0.8674821,0.3249491,0.1280037,165.2915,0.3571952,0.8746776,0.3276444,-0.04388025,-0.04489946,0.09547222,0.1142645,-0.1729051,0.3288945,-0.8135223,0.447341,126.8536,-0.1933276,0.3677414,-0.9096102,-0.1001724,1.208238,-0.04798713,1.213333,0.02803553,-0.1217993,-0.174937,-0.9766146,335.1693,0.1303993,-0.5665147,-0.8136697,False,False,False,False
1772879681704,7.318747,0.1898328,1.03089,0.1840594,1.064259,-0.5676494,-0.6672791,0.2865997,0.3877802,134.3671,-0.6158375,-0.7239249,0.3109293,-0.1033373,0.6392043,-0.05971578,0.6502513,0.5306033,0.2537616,-0.7582967,0.2811607,147.341,0.5529072,0.2644286,-0.7901717,0.1065097,1.124996,0.2376202,1.15474,0.1322839,1.144047,0.2559199,1.179762,0.1438751,1.126724,0.2632836,1.165987,-0.01725635,0.6563078,0.03372324,0.6574001,-0.006307837,0.6451911,0.07780589,0.6498963,-0.02440407,0.6361694,0.1066751,0.6455126,0.1070665,-0.07066807,0.04701447,0.1366293,0.1278367,-0.06828335,0.01660016,0.1458781,0.1116425,-0.07145044,0.001890004,0.1325624,-0.1152126,0.03960898,-0.03988083,0.1281924,-0.1582828,0.05134079,-0.02595057,0.1684125,-0.1791706,0.04268801,0.001088716,0.1841889,0.10321,-0.07581856,0.04393619,0.1353926,0.1197594,-0.07306442,0.01752711,0.1413786,0.1065385,-0.07269723,0.002493657,0.1290022,-0.1149277,0.04023491,-0.03968729,0.1280715,-0.1579677,0.05175646,-0.0258385,0.1682265,-0.1790325,0.0430326,0.001281385,0.1841361,0.1065756,-0.07443272,0.02694495,0.1327578,-0.02496313,0.998185,0.03647751,0.04090172,175.3117,-0.02498404,0.9990209,0.03650806,-0.1435247,0.04219804,-0.02242405,0.1512708,0.1520016,-0.4558759,-0.3134019,0.8190555,70.01927,0.2649431,-0.7946046,-0.5462683,0.1438657,1.145316,0.2044785,1.172288,0.8498473,-0.08755428,0.4125033,-0.3161251,216.8575,0.8957853,-0.09228699,0.4348009,0.103811,-0.04337431,0.04149622,0.1199166,0.476823,-0.6149242,-0.5217756,-0.3496545,220.9324,0.5089485,-0.6563541,-0.5569297,-0.4031498,-0.2121017,-0.3994486,0.605868,0.3542568,0.8674821,0.3249491,0.1280037,165.2915,0.3571952,0.8746776,0.3276444,-0.04386573,-0.04531646,0.09552149,0.1144646,-0.1880946,0.3649714,-0.799174,0.4390188,127.9174,-0.209348,0.4062107,-0.8894752,-0.09983126,1.208372,-0.04827553,1.21345,0.02762828,-0.1231908,-0.1753242,-0.9763822,335.0457,0.1278788,-0.5701945,-0.8114965,False,False,False,False
1772879681718,7.332213,0.1898328,1.03089,0.1840594,1.064259,-0.5676494,-0.6672791,0.2865997,0.3877802,134.3671,-0.6158375,-0.7239249,0.3109293,-0.1033373,0.6392043,-0.05971578,0.6502513,0.5306033,0.2537616,-0.7582967,0.2811607,147.341,0.5529072,0.2644286,-0.7901717,0.1065097,1.124996,0.2376202,1.15474,0.1322839,1.144047,0.2559199,1.179762,0.1438751,1.126724,0.2632836,1.165987,-0.01725635,0.6563078,0.03372324,0.6574001,-0.006307837,0.6451911,0.07780589,0.6498963,-0.02440407,0.6361694,0.1066751,0.6455126,0.1070665,-0.07066807,0.04701447,0.1366293,0.1278367,-0.06828335,0.01660016,0.1458781,0.1116425,-0.07145044,0.001890004,0.1325624,-0.1152126,0.03960898,-0.03988083,0.1281924,-0.1582828,0.05134079,-0.02595057,0.1684125,-0.1791706,0.04268801,0.001088716,0.1841889,0.10321,-0.07581856,0.04393619,0.1353926,0.1197594,-0.07306442,0.01752711,0.1413786,0.1065385,-0.07269723,0.002493657,0.1290022,-0.1149277,0.04023491,-0.03968729,0.1280715,-0.1579677,0.05175646,-0.0258385,0.1682265,-0.1790325,0.0430326,0.001281385,0.1841361,0.1065756,-0.07443272,0.02694495,0.1327578,-0.02496313,0.998185,0.03647751,0.04090172,175.3117,-0.02498404,0.9990209,0.03650806,-0.1435247,0.04219804,-0.02242405,0.1512708,0.1520016,-0.4558759,-0.3134019,0.8190555,70.01927,0.2649431,-0.7946046,-0.5462683,0.1451848,1.143893,0.2053731,1.171217,0.8341427,-0.1061773,0.3952688,-0.3697227,223.397,0.8977558,-0.1142746,0.4254127,0.103811,-0.04337431,0.04149622,0.1199166,0.476823,-0.6149242,-0.5217756,-0.3496545,220.9324,0.5089485,-0.6563541,-0.5569297,-0.4031498,-0.2121017,-0.3994486,0.605868,0.3542568,0.8674821,0.3249491,0.1280037,165.2915,0.3571952,0.8746776,0.3276444,-0.04518475,-0.04389334,0.0946269,0.1136773,-0.2252146,0.4059413,-0.7786647,0.4221036,130.065,-0.2484311,0.4477882,-0.8589342,-0.09959216,1.208422,-0.04858585,1.213492,0.02730923,-0.124277,-0.1759644,-0.9761383,334.9166,0.1257622,-0.5723099,-0.8103365,False,False,False,False
1772879681730,7.346571,0.1898328,1.03089,0.1840594,1.064259,-0.5676494,-0.6672791,0.2865997,0.3877802,134.3671,-0.6158375,-0.7239249,0.3109293,-0.1033373,0.6392043,-0.05971578,0.6502513,0.5306033,0.2537616,-0.7582967,0.2811607,147.341,0.5529072,0.2644286,-0.7901717,0.1065097,1.124996,0.2376202,1.15474,0.1322839,1.144047,0.2559199,1.179762,0.1438751,1.126724,0.2632836,1.165987,-0.01725635,0.6563078,0.03372324,0.6574001,-0.006307837,0.6451911,0.07780589,0.6498963,-0.02440407,0.6361694,0.1066751,0.6455126,0.1070665,-0.07066807,0.04701447,0.1366293,0.1278367,-0.06828335,0.01660016,0.1458781,0.1116425,-0.07145044,0.001890004,0.1325624,-0.1152126,0.03960898,-0.03988083,0.1281924,-0.1582828,0.05134079,-0.02595057,0.1684125,-0.1791706,0.04268801,0.001088716,0.1841889,0.10321,-0.07581856,0.04393619,0.1353926,0.1197594,-0.07306442,0.01752711,0.1413786,0.1065385,-0.07269723,0.002493657,0.1290022,-0.1149277,0.04023491,-0.03968729,0.1280715,-0.1579677,0.05175646,-0.0258385,0.1682265,-0.1790325,0.0430326,0.001281385,0.1841361,0.1065756,-0.07443272,0.02694495,0.1327578,-0.02496313,0.998185,0.03647751,0.04090172,175.3117,-0.02498404,0.9990209,0.03650806,-0.1435247,0.04219804,-0.02242405,0.1512708,0.1520016,-0.4558759,-0.3134019,0.8190555,70.01927,0.2649431,-0.7946046,-0.5462683,0.1454581,1.141819,0.2067699,1.169471,0.8239824,-0.1039449,0.3733334,-0.413365,228.8328,0.904913,-0.1141543,0.4100018,0.103811,-0.04337431,0.04149622,0.1199166,0.476823,-0.6149242,-0.5217756,-0.3496545,220.9324,0.5089485,-0.6563541,-0.5569297,-0.4031498,-0.2121017,-0.3994486,0.605868,0.3542568,0.8674821,0.3249491,0.1280037,165.2915,0.3571952,0.8746776,0.3276444,-0.0454581,-0.04181921,0.09323007,0.1118353,-0.2599785,0.4282213,-0.7698522,0.3954307,133.4143,-0.2830481,0.4662201,-0.8381661,-0.09937756,1.208392,-0.04896868,1.21346,0.02693454,-0.125185,-0.1764661,-0.9759422,334.8134,0.1235362,-0.5741654,-0.809368,False,False,False,False
1772879681745,7.359745,0.1898328,1.03089,0.1840594,1.064259,-0.5676494,-0.6672791,0.2865997,0.3877802,134.3671,-0.6158375,-0.7239249,0.3109293,-0.1033373,0.6392043,-0.05971578,0.6502513,0.5306033,0.2537616,-0.7582967,0.2811607,147.341,0.5529072,0.2644286,-0.7901717,0.1065097,1.124996,0.2376202,1.15474,0.1322839,1.144047,0.2559199,1.179762,0.1438751,1.126724,0.2632836,1.165987,-0.01725635,0.6563078,0.03372324,0.6574001,-0.006307837,0.6451911,0.07780589,0.6498963,-0.02440407,0.6361694,0.1066751,0.6455126,0.1070665,-0.07066807,0.04701447,0.1366293,0.1278367,-0.06828335,0.01660016,0.1458781,0.1116425,-0.07145044,0.001890004,0.1325624,-0.1152126,0.03960898,-0.03988083,0.1281924,-0.1582828,0.05134079,-0.02595057,0.1684125,-0.1791706,0.04268801,0.001088716,0.1841889,0.10321,-0.07581856,0.04393619,0.1353926,0.1197594,-0.07306442,0.01752711,0.1413786,0.1065385,-0.07269723,0.002493657,0.1290022,-0.1149277,0.04023491,-0.03968729,0.1280715,-0.1579677,0.05175646,-0.0258385,0.1682265,-0.1790325,0.0430326,0.001281385,0.1841361,0.1065756,-0.07443272,0.02694495,0.1327578,-0.02496313,0.998185,0.03647751,0.04090172,175.3117,-0.02498404,0.9990209,0.03650806,-0.1435247,0.04219804,-0.02242405,0.1512708,0.1520016,-0.4558759,-0.3134019,0.8190555,70.01927,0.2649431,-0.7946046,-0.5462683,0.1459929,1.139621,0.2071041,1.167452,0.815833,-0.1019995,0.3694217,-0.4330595,231.3238,0.905108,-0.1131611,0.4098468,0.103811,-0.04337431,0.04149622,0.1199166,0.476823,-0.6149242,-0.5217756,-0.3496545,220.9324,0.5089485,-0.6563541,-0.5569297,-0.4031498,-0.2121017,-0.3994486,0.605868,0.3542568,0.8674821,0.3249491,0.1280037,165.2915,0.3571952,0.8746776,0.3276444,-0.04599293,-0.03962147,0.09289595,0.1109724,-0.2696484,0.4414879,-0.7659554,0.3816948,135.1226,-0.2917362,0.4776516,-0.8286972,-0.09931721,1.208369,-0.04941494,1.21345,0.02653892,-0.1265185,-0.1766773,-0.9757428,334.7087,0.1212264,-0.5779205,-0.8070399,False,False,False,False
1772879681760,7.374323,0.1898328,1.03089,0.1840594,1.064259,-0.5676494,-0.6672791,0.2865997,0.3877802,134.3671,-0.6158375,-0.7239249,0.3109293,-0.1033373,0.6392043,-0.05971578,0.6502513,0.5306033,0.2537616,-0.7582967,0.2811607,147.341,0.5529072,0.2644286,-0.7901717,0.1065097,1.124996,0.2376202,1.15474,0.1322839,1.144047,0.2559199,1.179762,0.1438751,1.126724,0.2632836,1.165987,-0.01725635,0.6563078,0.03372324,0.6574001,-0.006307837,0.6451911,0.07780589,0.6498963,-0.02440407,0.6361694,0.1066751,0.6455126,0.1070665,-0.07066807,0.04701447,0.1366293,0.1278367,-0.06828335,0.01660016,0.1458781,0.1116425,-0.07145044,0.001890004,0.1325624,-0.1152126,0.03960898,-0.03988083,0.1281924,-0.1582828,0.05134079,-0.02595057,0.1684125,-0.1791706,0.04268801,0.001088716,0.1841889,0.10321,-0.07581856,0.04393619,0.1353926,0.1197594,-0.07306442,0.01752711,0.1413786,0.1065385,-0.07269723,0.002493657,0.1290022,-0.1149277,0.04023491,-0.03968729,0.1280715,-0.1579677,0.05175646,-0.0258385,0.1682265,-0.1790325,0.0430326,0.001281385,0.1841361,0.1065756,-0.07443272,0.02694495,0.1327578,-0.02496313,0.998185,0.03647751,0.04090172,175.3117,-0.02498404,0.9990209,0.03650806,-0.1435247,0.04219804,-0.02242405,0.1512708,0.1520016,-0.4558759,-0.3134019,0.8190555,70.01927,0.2649431,-0.7946046,-0.5462683,0.1453925,1.137434,0.2068938,1.165204,0.8104414,-0.09607237,0.3760205,-0.4388205,232.0573,0.9019188,-0.1069164,0.4184632,0.103811,-0.04337431,0.04149622,0.1199166,0.476823,-0.6149242,-0.5217756,-0.3496545,220.9324,0.5089485,-0.6563541,-0.5569297,-0.4031498,-0.2121017,-0.3994486,0.605868,0.3542568,0.8674821,0.3249491,0.1280037,165.2915,0.3571952,0.8746776,0.3276444,-0.04539254,-0.03743422,0.09310618,0.1101388,-0.2647266,0.4477127,-0.768256,0.3731703,136.1775,-0.2853387,0.4825723,-0.8280737,-0.09921724,1.208396,-0.04980502,1.213485,0.0263442,-0.1276081,-0.1769759,-0.975552,334.6091,0.1198723,-0.580647,-0.805282,False,False,False,False
1772879681773,7.388448,0.1898328,1.03089,0.1840594,1.064259,-0.5676494,-0.6672791,0.2865997,0.3877802,134.3671,-0.6158375,-0.7239249,0.3109293,-0.1033373,0.6392043,-0.05971578,0.6502513,0.5306033,0.2537616,-0.7582967,0.2811607,147.341,0.5529072,0.2644286,-0.7901717,0.1065097,1.124996,0.2376202,1.15474,0.1322839,1.144047,0.2559199,1.179762,0.1438751,1.126724,0.2632836,1.165987,-0.01725635,0.6563078,0.03372324,0.6574001,-0.006307837,0.6451911,0.07780589,0.6498963,-0.02440407,0.6361694,0.1066751,0.6455126,0.1070665,-0.07066807,0.04701447,0.1366293,0.1278367,-0.06828335,0.01660016,0.1458781,0.1116425,-0.07145044,0.001890004,0.1325624,-0.1152126,0.03960898,-0.03988083,0.1281924,-0.1582828,0.05134079,-0.02595057,0.1684125,-0.1791706,0.04268801,0.001088716,0.1841889,0.10321,-0.07581856,0.04393619,0.1353926,0.1197594,-0.07306442,0.01752711,0.1413786,0.1065385,-0.07269723,0.002493657,0.1290022,-0.1149277,0.04023491,-0.03968729,0.1280715,-0.1579677,0.05175646,-0.0258385,0.1682265,-0.1790325,0.0430326,0.001281385,0.1841361,0.1065756,-0.07443272,0.02694495,0.1327578,-0.02496313,0.998185,0.03647751,0.04090172,175.3117,-0.02498404,0.9990209,0.03650806,-0.1435247,0.04219804,-0.02242405,0.1512708,0.1520016,-0.4558759,-0.3134019,0.8190555,70.01927,0.2649431,-0.7946046,-0.5462683,0.1450645,1.136621,0.2070702,1.1644,0.8039178,-0.1080083,0.365815,-0.456322,234.3,0.9034666,-0.1213829,0.4111137,0.103811,-0.04337431,0.04149622,0.1199166,0.476823,-0.6149242,-0.5217756,-0.3496545,220.9324,0.5089485,-0.6563541,-0.5569297,-0.4031498,-0.2121017,-0.3994486,0.605868,0.3542568,0.8674821,0.3249491,0.1280037,165.2915,0.3571952,0.8746776,0.3276444,-0.04506449,-0.0366205,0.0929298,0.1095802,-0.2805915,0.4611777,-0.7557486,0.3707125,136.4809,-0.3021181,0.4965585,-0.8137286,-0.09920149,1.208477,-0.05016476,1.21358,0.02623726,-0.1283496,-0.1770878,-0.9754373,334.5494,0.1191101,-0.5826726,-0.8039312,False,False,False,False
1772879681786,7.401813,0.1898328,1.03089,0.1840594,1.064259,-0.5676494,-0.6672791,0.2865997,0.3877802,134.3671,-0.6158375,-0.7239249,0.3109293,-0.1033373,0.6392043,-0.05971578,0.6502513,0.5306033,0.2537616,-0.7582967,0.2811607,147.341,0.5529072,0.2644286,-0.7901717,0.1065097,1.124996,0.2376202,1.15474,0.1322839,1.144047,0.2559199,1.179762,0.1438751,1.126724,0.2632836,1.165987,-0.01725635,0.6563078,0.03372324,0.6574001,-0.006307837,0.6451911,0.07780589,0.6498963,-0.02440407,0.6361694,0.1066751,0.6455126,0.1070665,-0.07066807,0.04701447,0.1366293,0.1278367,-0.06828335,0.01660016,0.1458781,0.1116425,-0.07145044,0.001890004,0.1325624,-0.1152126,0.03960898,-0.03988083,0.1281924,-0.1582828,0.05134079,-0.02595057,0.1684125,-0.1791706,0.04268801,0.001088716,0.1841889,0.10321,-0.07581856,0.04393619,0.1353926,0.1197594,-0.07306442,0.01752711,0.1413786,0.1065385,-0.07269723,0.002493657,0.1290022,-0.1149277,0.04023491,-0.03968729,0.1280715,-0.1579677,0.05175646,-0.0258385,0.1682265,-0.1790325,0.0430326,0.001281385,0.1841361,0.1065756,-0.07443272,0.02694495,0.1327578,-0.02496313,0.998185,0.03647751,0.04090172,175.3117,-0.02498404,0.9990209,0.03650806,-0.1435247,0.04219804,-0.02242405,0.1512708,0.1520016,-0.4558759,-0.3134019,0.8190555,70.01927,0.2649431,-0.7946046,-0.5462683,0.1437439,1.133983,0.2075309,1.161744,0.8124368,-0.09992337,0.3407817,-0.462417,235.0864,0.9162864,-0.1126961,0.3843421,0.103811,-0.04337431,0.04149622,0.1199166,0.476823,-0.6149242,-0.5217756,-0.3496545,220.9324,0.5089485,-0.6563541,-0.5569297,-0.4031498,-0.2121017,-0.3994486,0.605868,0.3542568,0.8674821,0.3249491,0.1280037,165.2915,0.3571952,0.8746776,0.3276444,-0.04374386,-0.03398311,0.09246914,0.1077911,-0.3047572,0.4486493,-0.7576063,0.3631386,137.4138,-0.3270856,0.4815203,-0.8131133,-0.09914691,1.208581,-0.05056676,1.213695,0.02635634,-0.1291703,-0.1768228,-0.9753738,334.5164,0.1194983,-0.5856517,-0.801706,False,False,False,False
1772879681800,7.416286,0.1898328,1.03089,0.1840594,1.064259,-0.5676494,-0.6672791,0.2865997,0.3877802,134.3671,-0.6158375,-0.7239249,0.3109293,-0.1033373,0.6392043,-0.05971578,0.6502513,0.5306033,0.2537616,-0.7582967,0.2811607,147.341,0.5529072,0.2644286,-0.7901717,0.1065097,1.124996,0.2376202,1.15474,0.1322839,1.144047,0.2559199,1.179762,0.1438751,1.126724,0.2632836,1.165987,-0.01725635,0.6563078,0.03372324,0.6574001,-0.006307837,0.6451911,0.07780589,0.6498963,-0.02440407,0.6361694,0.1066751,0.6455126,0.1070665,-0.07066807,0.04701447,0.1366293,0.1278367,-0.06828335,0.01660016,0.1458781,0.1116425,-0.07145044,0.001890004,0.1325624,-0.1152126,0.03960898,-0.03988083,0.1281924,-0.1582828,0.05134079,-0.02595057,0.1684125,-0.1791706,0.04268801,0.001088716,0.1841889,0.10321,-0.07581856,0.04393619,0.1353926,0.1197594,-0.07306442,0.01752711,0.1413786,0.1065385,-0.07269723,0.002493657,0.1290022,-0.1149277,0.04023491,-0.03968729,0.1280715,-0.1579677,0.05175646,-0.0258385,0.1682265,-0.1790325,0.0430326,0.001281385,0.1841361,0.1065756,-0.07443272,0.02694495,0.1327578,-0.02496313,0.998185,0.03647751,0.04090172,175.3117,-0.02498404,0.9990209,0.03650806,-0.1435247,0.04219804,-0.02242405,0.1512708,0.1520016,-0.4558759,-0.3134019,0.8190555,70.01927,0.2649431,-0.7946046,-0.5462683,0.1434462,1.132899,0.2080199,1.160737,0.8024798,-0.1183409,0.3373388,-0.4777281,237.0743,0.9134578,-0.1347068,0.3839907,0.103811,-0.04337431,0.04149622,0.1199166,0.476823,-0.6149242,-0.5217756,-0.3496545,220.9324,0.5089485,-0.6563541,-0.5569297,-0.4031498,-0.2121017,-0.3994486,0.605868,0.3542568,0.8674821,0.3249491,0.1280037,165.2915,0.3571952,0.8746776,0.3276444,-0.04344624,-0.03289902,0.09198007,0.1069124,-0.3139834,0.4668911,-0.7414605,0.3656004,137.1109,-0.3373365,0.501617,-0.7966081,-0.09904981,1.208711,-0.0509796,1.213834,0.02668135,-0.130012,-0.1768783,-0.9752431,334.4485,0.1206561,-0.5879292,-0.799864,False,False,False,False
1772879681815,7.429477,0.1898328,1.03089,0.1840594,1.064259,-0.5676494,-0.6672791,0.2865997,0.3877802,134.3671,-0.6158375,-0.7239249,0.3109293,-0.1033373,0.6392043,-0.05971578,0.6502513,0.5306033,0.2537616,-0.7582967,0.2811607,147.341,0.5529072,0.2644286,-0.7901717,0.1065097,1.124996,0.2376202,1.15474,0.1322839,1.144047,0.2559199,1.179762,0.1438751,1.126724,0.2632836,1.165987,-0.01725635,0.6563078,0.03372324,0.6574001,-0.006307837,0.6451911,0.07780589,0.6498963,-0.02440407,0.6361694,0.1066751,0.6455126,0.1070665,-0.07066807,0.04701447,0.1366293,0.1278367,-0.06828335,0.01660016,0.1458781,0.1116425,-0.07145044,0.001890004,0.1325624,-0.1152126,0.03960898,-0.03988083,0.1281924,-0.1582828,0.05134079,-0.02595057,0.1684125,-0.1791706,0.04268801,0.001088716,0.1841889,0.10321,-0.07581856,0.04393619,0.1353926,0.1197594,-0.07306442,0.01752711,0.1413786,0.1065385,-0.07269723,0.002493657,0.1290022,-0.1149277,0.04023491,-0.03968729,0.1280715,-0.1579677,0.05175646,-0.0258385,0.1682265,-0.1790325,0.0430326,0.001281385,0.1841361,0.1065756,-0.07443272,0.02694495,0.1327578,-0.02496313,0.998185,0.03647751,0.04090172,175.3117,-0.02498404,0.9990209,0.03650806,-0.1435247,0.04219804,-0.02242405,0.1512708,0.1520016,-0.4558759,-0.3134019,0.8190555,70.01927,0.2649431,-0.7946046,-0.5462683,0.1432494,1.131394,0.2084916,1.159328,0.7997391,-0.1172472,0.3261228,-0.4902188,238.7099,0.9175535,-0.1345197,0.3741659,0.103811,-0.04337431,0.04149622,0.1199166,0.476823,-0.6149242,-0.5217756,-0.3496545,220.9324,0.5089485,-0.6563541,-0.5569297,-0.4031498,-0.2121017,-0.3994486,0.605868,0.3542568,0.8674821,0.3249491,0.1280037,165.2915,0.3571952,0.8746776,0.3276444,-0.04324944,-0.03139365,0.09150843,0.1059711,-0.3276635,0.4705364,-0.7374083,0.3570173,138.1657,-0.3507808,0.5037335,-0.7894337,-0.09890095,1.208844,-0.05149578,1.213975,0.02707251,-0.1311865,-0.1771533,-0.9750251,334.3358,0.1218962,-0.590678,-0.7976469,False,False,False,False
1772879681829,7.44322,0.1898328,1.03089,0.1840594,1.064259,-0.5676494,-0.6672791,0.2865997,0.3877802,134.3671,-0.6158375,-0.7239249,0.3109293,-0.1033373,0.6392043,-0.05971578,0.6502513,0.5306033,0.2537616,-0.7582967,0.2811607,147.341,0.5529072,0.2644286,-0.7901717,0.1065097,1.124996,0.2376202,1.15474,0.1322839,1.144047,0.2559199,1.179762,0.1438751,1.126724,0.2632836,1.165987,-0.01725635,0.6563078,0.03372324,0.6574001,-0.006307837,0.6451911,0.07780589,0.6498963,-0.02440407,0.6361694,0.1066751,0.6455126,0.1070665,-0.07066807,0.04701447,0.1366293,0.1278367,-0.06828335,0.01660016,0.1458781,0.1116425,-0.07145044,0.001890004,0.1325624,-0.1152126,0.03960898,-0.03988083,0.1281924,-0.1582828,0.05134079,-0.02595057,0.1684125,-0.1791706,0.04268801,0.001088716,0.1841889,0.10321,-0.07581856,0.04393619,0.1353926,0.1197594,-0.07306442,0.01752711,0.1413786,0.1065385,-0.07269723,0.002493657,0.1290022,-0.1149277,0.04023491,-0.03968729,0.1280715,-0.1579677,0.05175646,-0.0258385,0.1682265,-0.1790325,0.0430326,0.001281385,0.1841361,0.1065756,-0.07443272,0.02694495,0.1327578,-0.02496313,0.998185,0.03647751,0.04090172,175.3117,-0.02498404,0.9990209,0.03650806,-0.1435247,0.04219804,-0.02242405,0.1512708,0.1520016,-0.4558759,-0.3134019,0.8190555,70.01927,0.2649431,-0.7946046,-0.5462683,0.1429195,1.127799,0.2092005,1.155907,0.8031839,-0.1095786,0.3164439,-0.4926982,239.0362,0.9229873,-0.1259234,0.363645,0.103811,-0.04337431,0.04149622,0.1199166,0.476823,-0.6149242,-0.5217756,-0.3496545,220.9324,0.5089485,-0.6563541,-0.5569297,-0.4031498,-0.2121017,-0.3994486,0.605868,0.3542568,0.8674821,0.3249491,0.1280037,165.2915,0.3571952,0.8746776,0.3276444,-0.04291948,-0.02779853,0.09079951,0.1042084,-0.3364916,0.4640257,-0.7405888,0.3506878,138.9412,-0.3593105,0.4954933,-0.7908114,-0.09886105,1.208922,-0.05200051,1.214072,0.02740445,-0.1327881,-0.1775837,-0.9747207,334.1792,0.122655,-0.5943242,-0.7948172,False,False,False,False
1772879681843,7.457649,0.1898328,1.03089,0.1840594,1.064259,-0.5676494,-0.6672791,0.2865997,0.3877802,134.3671,-0.6158375,-0.7239249,0.3109293,-0.1033373,0.6392043,-0.05971578,0.6502513,0.5306033,0.2537616,-0.7582967,0.2811607,147.341,0.5529072,0.2644286,-0.7901717,0.1065097,1.124996,0.2376202,1.15474,0.1322839,1.144047,0.2559199,1.179762,0.1438751,1.126724,0.2632836,1.165987,-0.01725635,0.6563078,0.03372324,0.6574001,-0.006307837,0.6451911,0.07780589,0.6498963,-0.02440407,0.6361694,0.1066751,0.6455126,0.1070665,-0.07066807,0.04701447,0.1366293,0.1278367,-0.06828335,0.01660016,0.1458781,0.1116425,-0.07145044,0.001890004,0.1325624,-0.1152126,0.03960898,-0.03988083,0.1281924,-0.1582828,0.05134079,-0.02595057,0.1684125,-0.1791706,0.04268801,0.001088716,0.1841889,0.10321,-0.07581856,0.04393619,0.1353926,0.1197594,-0.07306442,0.01752711,0.1413786,0.1065385,-0.07269723,0.002493657,0.1290022,-0.1149277,0.04023491,-0.03968729,0.1280715,-0.1579677,0.05175646,-0.0258385,0.1682265,-0.1790325,0.0430326,0.001281385,0.1841361,0.1065756,-0.07443272,0.02694495,0.1327578,-0.02496313,0.998185,0.03647751,0.04090172,175.3117,-0.02498404,0.9990209,0.03650806,-0.1435247,0.04219804,-0.02242405,0.1512708,0.1520016,-0.4558759,-0.3134019,0.8190555,70.01927,0.2649431,-0.7946046,-0.5462683,0.1430708,1.126735,0.2097857,1.154994,0.808115,-0.1195261,0.3025295,-0.4910597,238.8205,0.9276673,-0.1372088,0.3472856,0.103811,-0.04337431,0.04149622,0.1199166,0.476823,-0.6149242,-0.5217756,-0.3496545,220.9324,0.5089485,-0.6563541,-0.5569297,-0.4031498,-0.2121017,-0.3994486,0.605868,0.3542568,0.8674821,0.3249491,0.1280037,165.2915,0.3571952,0.8746776,0.3276444,-0.04307083,-0.02673531,0.09021436,0.1034819,-0.3494419,0.4587641,-0.733655,0.3594112,137.8719,-0.3744638,0.491614,-0.7861887,-0.09884363,1.209126,-0.05245264,1.214293,0.02743969,-0.1344374,-0.1783017,-0.9743625,333.9962,0.1219629,-0.5975421,-0.7925087,False,False,False,False
1772879681857,7.471489,0.1898328,1.03089,0.1840594,1.064259,-0.5676494,-0.6672791,0.2865997,0.3877802,134.3671,-0.6158375,-0.7239249,0.3109293,-0.1033373,0.6392043,-0.05971578,0.6502513,0.5306033,0.2537616,-0.7582967,0.2811607,147.341,0.5529072,0.2644286,-0.7901717,0.1065097,1.124996,0.2376202,1.15474,0.1322839,1.144047,0.2559199,1.179762,0.1438751,1.126724,0.2632836,1.165987,-0.01725635,0.6563078,0.03372324,0.6574001,-0.006307837,0.6451911,0.07780589,0.6498963,-0.02440407,0.6361694,0.1066751,0.6455126,0.1070665,-0.07066807,0.04701447,0.1366293,0.1278367,-0.06828335,0.01660016,0.1458781,0.1116425,-0.07145044,0.001890004,0.1325624,-0.1152126,0.03960898,-0.03988083,0.1281924,-0.1582828,0.05134079,-0.02595057,0.1684125,-0.1791706,0.04268801,0.001088716,0.1841889,0.10321,-0.07581856,0.04393619,0.1353926,0.1197594,-0.07306442,0.01752711,0.1413786,0.1065385,-0.07269723,0.002493657,0.1290022,-0.1149277,0.04023491,-0.03968729,0.1280715,-0.1579677,0.05175646,-0.0258385,0.1682265,-0.1790325,0.0430326,0.001281385,0.1841361,0.1065756,-0.07443272,0.02694495,0.1327578,-0.02496313,0.998185,0.03647751,0.04090172,175.3117,-0.02498404,0.9990209,0.03650806,-0.1435247,0.04219804,-0.02242405,0.1512708,0.1520016,-0.4558759,-0.3134019,0.8190555,70.01927,0.2649431,-0.7946046,-0.5462683,0.143397,1.124232,0.2098702,1.152608,0.801925,-0.1118237,0.3081348,-0.4994645,239.9291,0.925653,-0.1290769,0.3556766,0.103811,-0.04337431,0.04149622,0.1199166,0.476823,-0.6149242,-0.5217756,-0.3496545,220.9324,0.5089485,-0.6563541,-0.5569297,-0.4031498,-0.2121017,-0.3994486,0.605868,0.3542568,0.8674821,0.3249491,0.1280037,165.2915,0.3571952,0.8746776,0.3276444,-0.04339705,-0.02423167,0.09012984,0.1029265,-0.346073,0.4659086,-0.7362536,0.347985,139.2718,-0.3691444,0.496969,-0.7853369,-0.09889556,1.209185,-0.05290909,1.214376,0.02798577,-0.135959,-0.1788607,-0.9740333,333.829,0.1236094,-0.6005127,-0.790004,False,False,False,False
1772879681871,7.485725,0.1898328,1.03089,0.1840594,1.064259,-0.5676494,-0.6672791,0.2865997,0.3877802,134.3671,-0.6158375,-0.7239249,0.3109293,-0.1033373,0.6392043,-0.05971578,0.6502513,0.5306033,0.2537616,-0.7582967,0.2811607,147.341,0.5529072,0.2644286,-0.7901717,0.1065097,1.124996,0.2376202,1.15474,0.1322839,1.144047,0.2559199,1.179762,0.1438751,1.126724,0.2632836,1.165987,-0.01725635,0.6563078,0.03372324,0.6574001,-0.006307837,0.6451911,0.07780589,0.6498963,-0.02440407,0.6361694,0.1066751,0.6455126,0.1070665,-0.07066807,0.04701447,0.1366293,0.1278367,-0.06828335,0.01660016,0.1458781,0.1116425,-0.07145044,0.001890004,0.1325624,-0.1152126,0.03960898,-0.03988083,0.1281924,-0.1582828,0.05134079,-0.02595057,0.1684125,-0.1791706,0.04268801,0.001088716,0.1841889,0.10321,-0.07581856,0.04393619,0.1353926,0.1197594,-0.07306442,0.01752711,0.1413786,0.1065385,-0.07269723,0.002493657,0.1290022,-0.1149277,0.04023491,-0.03968729,0.1280715,-0.1579677,0.05175646,-0.0258385,0.1682265,-0.1790325,0.0430326,0.001281385,0.1841361,0.1065756,-0.07443272,0.02694495,0.1327578,-0.02496313,0.998185,0.03647751,0.04090172,175.3117,-0.02498404,0.9990209,0.03650806,-0.1435247,0.04219804,-0.02242405,0.1512708,0.1520016,-0.4558759,-0.3134019,0.8190555,70.01927,0.2649431,-0.7946046,-0.5462683,0.1436162,1.123214,0.2098816,1.151645,0.8069836,-0.1207588,0.2959526,-0.4965953,239.55,0.9297237,-0.1391259,0.3409662,0.103811,-0.04337431,0.04149622,0.1199166,0.476823,-0.6149242,-0.5217756,-0.3496545,220.9324,0.5089485,-0.6563541,-0.5569297,-0.4031498,-0.2121017,-0.3994486,0.605868,0.3542568,0.8674821,0.3249491,0.1280037,165.2915,0.3571952,0.8746776,0.3276444,-0.04361624,-0.02321398,0.09011841,0.1027745,-0.3569903,0.460201,-0.7304261,0.3567224,138.2019,-0.3821304,0.4926095,-0.7818646,-0.09890118,1.209331,-0.05334031,1.21454,0.02810383,-0.1370938,-0.1796197,-0.9737311,333.6765,0.1234243,-0.6020781,-0.7888403,False,False,False,False
1772879681884,7.49913,0.1898328,1.03089,0.1840594,1.064259,-0.5676494,-0.6672791,0.2865997,0.3877802,134.3671,-0.6158375,-0.7239249,0.3109293,-0.1033373,0.6392043,-0.05971578,0.6502513,0.5306033,0.2537616,-0.7582967,0.2811607,147.341,0.5529072,0.2644286,-0.7901717,0.1065097,1.124996,0.2376202,1.15474,0.1322839,1.144047,0.2559199,1.179762,0.1438751,1.126724,0.2632836,1.165987,-0.01725635,0.6563078,0.03372324,0.6574001,-0.006307837,0.6451911,0.07780589,0.6498963,-0.02440407,0.6361694,0.1066751,0.6455126,0.1070665,-0.07066807,0.04701447,0.1366293,0.1278367,-0.06828335,0.01660016,0.1458781,0.1116425,-0.07145044,0.001890004,0.1325624,-0.1152126,0.03960898,-0.03988083,0.1281924,-0.1582828,0.05134079,-0.02595057,0.1684125,-0.1791706,0.04268801,0.001088716,0.1841889,0.10321,-0.07581856,0.04393619,0.1353926,0.1197594,-0.07306442,0.01752711,0.1413786,0.1065385,-0.07269723,0.002493657,0.1290022,-0.1149277,0.04023491,-0.03968729,0.1280715,-0.1579677,0.05175646,-0.0258385,0.1682265,-0.1790325,0.0430326,0.001281385,0.1841361,0.1065756,-0.07443272,0.02694495,0.1327578,-0.02496313,0.998185,0.03647751,0.04090172,175.3117,-0.02498404,0.9990209,0.03650806,-0.1435247,0.04219804,-0.02242405,0.1512708,0.1520016,-0.4558759,-0.3134019,0.8190555,70.01927,0.2649431,-0.7946046,-0.5462683,0.1438828,1.12217,0.209598,1.150608,0.8078978,-0.132359,0.2730005,-0.5052257,240.6927,0.9361643,-0.1533731,0.3163436,0.103811,-0.04337431,0.04149622,0.1199166,0.476823,-0.6149242,-0.5217756,-0.3496545,220.9324,0.5089485,-0.6563541,-0.5569297,-0.4031498,-0.2121017,-0.3994486,0.605868,0.3542568,0.8674821,0.3249491,0.1280037,165.2915,0.3571952,0.8746776,0.3276444,-0.04388278,-0.02216995,0.09040202,0.1029064,-0.3807311,0.4592539,-0.7175894,0.3594375,137.8687,-0.4079979,0.4921443,-0.768981,-0.09891468,1.209439,-0.05372673,1.214666,0.02841321,-0.1381064,-0.1804955,-0.973417,333.5189,0.1240536,-0.6029799,-0.7880529,False,False,False,False
1772879681899,7.512936,0.1898328,1.03089,0.1840594,1.064259,-0.5676494,-0.6672791,0.2865997,0.3877802,134.3671,-0.6158375,-0.7239249,0.3109293,-0.1033373,0.6392043,-0.05971578,0.6502513,0.5306033,0.2537616,-0.7582967,0.2811607,147.341,0.5529072,0.2644286,-0.7901717,0.1065097,1.124996,0.2376202,1.15474,0.1322839,1.144047,0.2559199,1.179762,0.1438751,1.126724,0.2632836,1.165987,-0.01725635,0.6563078,0.03372324,0.6574001,-0.006307837,0.6451911,0.07780589,0.6498963,-0.02440407,0.6361694,0.1066751,0.6455126,0.1070665,-0.07066807,0.04701447,0.1366293,0.1278367,-0.06828335,0.01660016,0.1458781,0.1116425,-0.07145044,0.001890004,0.1325624,-0.1152126,0.03960898,-0.03988083,0.1281924,-0.1582828,0.05134079,-0.02595057,0.1684125,-0.1791706,0.04268801,0.001088716,0.1841889,0.10321,-0.07581856,0.04393619,0.1353926,0.1197594,-0.07306442,0.01752711,0.1413786,0.1065385,-0.07269723,0.002493657,0.1290022,-0.1149277,0.04023491,-0.03968729,0.1280715,-0.1579677,0.05175646,-0.0258385,0.1682265,-0.1790325,0.0430326,0.001281385,0.1841361,0.1065756,-0.07443272,0.02694495,0.1327578,-0.02496313,0.998185,0.03647751,0.04090172,175.3117,-0.02498404,0.9990209,0.03650806,-0.1435247,0.04219804,-0.02242405,0.1512708,0.1520016,-0.4558759,-0.3134019,0.8190555,70.01927,0.2649431,-0.7946046,-0.5462683,0.1453158,1.118737,0.2075297,1.147064,0.8001502,-0.1327641,0.2537438,-0.5270175,243.6083,0.9415144,-0.1562198,0.2985733,0.103811,-0.04337431,0.04149622,0.1199166,0.476823,-0.6149242,-0.5217756,-0.3496545,220.9324,0.5089485,-0.6563541,-0.5569297,-0.4031498,-0.2121017,-0.3994486,0.605868,0.3542568,0.8674821,0.3249491,0.1280037,165.2915,0.3571952,0.8746776,0.3276444,-0.04531582,-0.0187366,0.09247032,0.1046678,-0.4035518,0.467074,-0.7072113,0.3447318,139.6691,-0.4299044,0.4975747,-0.7533934,-0.09877647,1.209581,-0.05408397,1.214812,0.02836371,-0.1392283,-0.1803527,-0.9732851,333.453,0.1235355,-0.606396,-0.7855092,False,False,False,False
1772879681912,7.527343,0.1898328,1.03089,0.1840594,1.064259,-0.5676494,-0.6672791,0.2865997,0.3877802,134.3671,-0.6158375,-0.7239249,0.3109293,-0.1033373,0.6392043,-0.05971578,0.6502513,0.5306033,0.2537616,-0.7582967,0.2811607,147.341,0.5529072,0.2644286,-0.7901717,0.1065097,1.124996,0.2376202,1.15474,0.1322839,1.144047,0.2559199,1.179762,0.1438751,1.126724,0.2632836,1.165987,-0.01725635,0.6563078,0.03372324,0.6574001,-0.006307837,0.6451911,0.07780589,0.6498963,-0.02440407,0.6361694,0.1066751,0.6455126,0.1070665,-0.07066807,0.04701447,0.1366293,0.1278367,-0.06828335,0.01660016,0.1458781,0.1116425,-0.07145044,0.001890004,0.1325624,-0.1152126,0.03960898,-0.03988083,0.1281924,-0.1582828,0.05134079,-0.02595057,0.1684125,-0.1791706,0.04268801,0.001088716,0.1841889,0.10321,-0.07581856,0.04393619,0.1353926,0.1197594,-0.07306442,0.01752711,0.1413786,0.1065385,-0.07269723,0.002493657,0.1290022,-0.1149277,0.04023491,-0.03968729,0.1280715,-0.1579677,0.05175646,-0.0258385,0.1682265,-0.1790325,0.0430326,0.001281385,0.1841361,0.1065756,-0.07443272,0.02694495,0.1327578,-0.02496313,0.998185,0.03647751,0.04090172,175.3117,-0.02498404,0.9990209,0.03650806,-0.1435247,0.04219804,-0.02242405,0.1512708,0.1520016,-0.4558759,-0.3134019,0.8190555,70.01927,0.2649431,-0.7946046,-0.5462683,0.1457781,1.117533,0.2066461,1.145789,0.8011828,-0.139923,0.240602,-0.5297531,243.9776,0.9446219,-0.164974,0.283678,0.103811,-0.04337431,0.04149622,0.1199166,0.476823,-0.6149242,-0.5217756,-0.3496545,220.9324,0.5089485,-0.6563541,-0.5569297,-0.4031498,-0.2121017,-0.3994486,0.605868,0.3542568,0.8674821,0.3249491,0.1280037,165.2915,0.3571952,0.8746776,0.3276444,-0.04577806,-0.01753259,0.09335387,0.1054418,-0.4162806,0.4649919,-0.6996718,0.3477824,139.2965,-0.4439969,0.4959515,-0.7462566,-0.09873255,1.209694,-0.05442555,1.214936,0.02809091,-0.1403714,-0.1805917,-0.9730845,333.353,0.1218966,-0.6091226,-0.7836528,False,False,False,False
1772879681926,7.540714,0.1898328,1.03089,0.1840594,1.064259,-0.5676494,-0.6672791,0.2865997,0.3877802,134.3671,-0.6158375,-0.7239249,0.3109293,-0.1033373,0.6392043,-0.05971578,0.6502513,0.5306033,0.2537616,-0.7582967,0.2811607,147.341,0.5529072,0.2644286,-0.7901717,0.1065097,1.124996,0.2376202,1.15474,0.1322839,1.144047,0.2559199,1.179762,0.1438751,1.126724,0.2632836,1.165987,-0.01725635,0.6563078,0.03372324,0.6574001,-0.006307837,0.6451911,0.07780589,0.6498963,-0.02440407,0.6361694,0.1066751,0.6455126,0.1070665,-0.07066807,0.04701447,0.1366293,0.1278367,-0.06828335,0.01660016,0.1458781,0.1116425,-0.07145044,0.001890004,0.1325624,-0.1152126,0.03960898,-0.03988083,0.1281924,-0.1582828,0.05134079,-0.02595057,0.1684125,-0.1791706,0.04268801,0.001088716,0.1841889,0.10321,-0.07581856,0.04393619,0.1353926,0.1197594,-0.07306442,0.01752711,0.1413786,0.1065385,-0.07269723,0.002493657,0.1290022,-0.1149277,0.04023491,-0.03968729,0.1280715,-0.1579677,0.05175646,-0.0258385,0.1682265,-0.1790325,0.0430326,0.001281385,0.1841361,0.1065756,-0.07443272,0.02694495,0.1327578,-0.02496313,0.998185,0.03647751,0.04090172,175.3117,-0.02498404,0.9990209,0.03650806,-0.1435247,0.04219804,-0.02242405,0.1512708,0.1520016,-0.4558759,-0.3134019,0.8190555,70.01927,0.2649431,-0.7946046,-0.5462683,0.1467248,1.116378,0.2054112,1.144562,0.794221,-0.1502083,0.2106099,-0.5498126,246.7083,0.9508349,-0.1798282,0.2521404,0.103811,-0.04337431,0.04149622,0.1199166,0.476823,-0.6149242,-0.5217756,-0.3496545,220.9324,0.5089485,-0.6563541,-0.5569297,-0.4031498,-0.2121017,-0.3994486,0.605868,0.3542568,0.8674821,0.3249491,0.1280037,165.2915,0.3571952,0.8746776,0.3276444,-0.04672477,-0.0163784,0.09458877,0.1067637,-0.4480061,0.4696656,-0.6804665,0.3401032,140.2337,-0.4764055,0.499438,-0.7236018,-0.09881722,1.209734,-0.05478892,1.214999,0.02750541,-0.1416261,-0.1808448,-0.9728724,333.2478,0.1188949,-0.6121927,-0.7817196,False,False,False,False
1772879681940,7.554952,0.1898328,1.03089,0.1840594,1.064259,-0.5676494,-0.6672791,0.2865997,0.3877802,134.3671,-0.6158375,-0.7239249,0.3109293,-0.1033373,0.6392043,-0.05971578,0.6502513,0.5306033,0.2537616,-0.7582967,0.2811607,147.341,0.5529072,0.2644286,-0.7901717,0.1065097,1.124996,0.2376202,1.15474,0.1322839,1.144047,0.2559199,1.179762,0.1438751,1.126724,0.2632836,1.165987,-0.01725635,0.6563078,0.03372324,0.6574001,-0.006307837,0.6451911,0.07780589,0.6498963,-0.02440407,0.6361694,0.1066751,0.6455126,0.1070665,-0.07066807,0.04701447,0.1366293,0.1278367,-0.06828335,0.01660016,0.1458781,0.1116425,-0.07145044,0.001890004,0.1325624,-0.1152126,0.03960898,-0.03988083,0.1281924,-0.1582828,0.05134079,-0.02595057,0.1684125,-0.1791706,0.04268801,0.001088716,0.1841889,0.10321,-0.07581856,0.04393619,0.1353926,0.1197594,-0.07306442,0.01752711,0.1413786,0.1065385,-0.07269723,0.002493657,0.1290022,-0.1149277,0.04023491,-0.03968729,0.1280715,-0.1579677,0.05175646,-0.0258385,0.1682265,-0.1790325,0.0430326,0.001281385,0.1841361,0.1065756,-0.07443272,0.02694495,0.1327578,-0.02496313,0.998185,0.03647751,0.04090172,175.3117,-0.02498404,0.9990209,0.03650806,-0.1435247,0.04219804,-0.02242405,0.1512708,0.1520016,-0.4558759,-0.3134019,0.8190555,70.01927,0.2649431,-0.7946046,-0.5462683,0.1509504,1.116513,0.2000211,1.144288,0.7613459,-0.1698194,0.2313296,-0.5813781,251.095,0.9357356,-0.2087173,0.2843167,0.103811,-0.04337431,0.04149622,0.1199166,0.476823,-0.6149242,-0.5217756,-0.3496545,220.9324,0.5089485,-0.6563541,-0.5569297,-0.4031498,-0.2121017,-0.3994486,0.605868,0.3542568,0.8674821,0.3249491,0.1280037,165.2915,0.3571952,0.8746776,0.3276444,-0.05095039,-0.01651263,0.09997889,0.1134213,-0.4387174,0.5162508,-0.6579188,0.3288697,141.5996,-0.4645583,0.5466585,-0.6966709,-0.09889717,1.209709,-0.05512017,1.214996,0.02697878,-0.142846,-0.1811231,-0.972657,333.1413,0.1161645,-0.6150625,-0.7798753,False,False,False,False
1772879681954,7.57063,0.1898328,1.03089,0.1840594,1.064259,-0.5676494,-0.6672791,0.2865997,0.3877802,134.3671,-0.6158375,-0.7239249,0.3109293,-0.1033373,0.6392043,-0.05971578,0.6502513,0.5306033,0.2537616,-0.7582967,0.2811607,147.341,0.5529072,0.2644286,-0.7901717,0.1065097,1.124996,0.2376202,1.15474,0.1322839,1.144047,0.2559199,1.179762,0.1438751,1.126724,0.2632836,1.165987,-0.01725635,0.6563078,0.03372324,0.6574001,-0.006307837,0.6451911,0.07780589,0.6498963,-0.02440407,0.6361694,0.1066751,0.6455126,0.1070665,-0.07066807,0.04701447,0.1366293,0.1278367,-0.06828335,0.01660016,0.1458781,0.1116425,-0.07145044,0.001890004,0.1325624,-0.1152126,0.03960898,-0.03988083,0.1281924,-0.1582828,0.05134079,-0.02595057,0.1684125,-0.1791706,0.04268801,0.001088716,0.1841889,0.10321,-0.07581856,0.04393619,0.1353926,0.1197594,-0.07306442,0.01752711,0.1413786,0.1065385,-0.07269723,0.002493657,0.1290022,-0.1149277,0.04023491,-0.03968729,0.1280715,-0.1579677,0.05175646,-0.0258385,0.1682265,-0.1790325,0.0430326,0.001281385,0.1841361,0.1065756,-0.07443272,0.02694495,0.1327578,-0.02496313,0.998185,0.03647751,0.04090172,175.3117,-0.02498404,0.9990209,0.03650806,-0.1435247,0.04219804,-0.02242405,0.1512708,0.1520016,-0.4558759,-0.3134019,0.8190555,70.01927,0.2649431,-0.7946046,-0.5462683,0.1526869,1.116424,0.1988648,1.144231,0.7505316,-0.1622443,0.2438278,-0.5923911,252.6537,0.9315845,-0.201383,0.3026472,0.103811,-0.04337431,0.04149622,0.1199166,0.476823,-0.6149242,-0.5217756,-0.3496545,220.9324,0.5089485,-0.6563541,-0.5569297,-0.4031498,-0.2121017,-0.3994486,0.605868,0.3542568,0.8674821,0.3249491,0.1280037,165.2915,0.3571952,0.8746776,0.3276444,-0.05268689,-0.01642442,0.1011353,0.1152129,-0.4297282,0.529599,-0.6599617,0.315134,143.2622,-0.4527996,0.5580322,-0.6953939,-0.09908338,1.209631,-0.05536056,1.214944,0.02567428,-0.1442412,-0.1812037,-0.9724714,333.0498,0.1101794,-0.6190013,-0.7776231,False,False,False,False
1772879681969,7.584111,0.1898328,1.03089,0.1840594,1.064259,-0.5676494,-0.6672791,0.2865997,0.3877802,134.3671,-0.6158375,-0.7239249,0.3109293,-0.1033373,0.6392043,-0.05971578,0.6502513,0.5306033,0.2537616,-0.7582967,0.2811607,147.341,0.5529072,0.2644286,-0.7901717,0.1065097,1.124996,0.2376202,1.15474,0.1322839,1.144047,0.2559199,1.179762,0.1438751,1.126724,0.2632836,1.165987,-0.01725635,0.6563078,0.03372324,0.6574001,-0.006307837,0.6451911,0.07780589,0.6498963,-0.02440407,0.6361694,0.1066751,0.6455126,0.1070665,-0.07066807,0.04701447,0.1366293,0.1278367,-0.06828335,0.01660016,0.1458781,0.1116425,-0.07145044,0.001890004,0.1325624,-0.1152126,0.03960898,-0.03988083,0.1281924,-0.1582828,0.05134079,-0.02595057,0.1684125,-0.1791706,0.04268801,0.001088716,0.1841889,0.10321,-0.07581856,0.04393619,0.1353926,0.1197594,-0.07306442,0.01752711,0.1413786,0.1065385,-0.07269723,0.002493657,0.1290022,-0.1149277,0.04023491,-0.03968729,0.1280715,-0.1579677,0.05175646,-0.0258385,0.1682265,-0.1790325,0.0430326,0.001281385,0.1841361,0.1065756,-0.07443272,0.02694495,0.1327578,-0.02496313,0.998185,0.03647751,0.04090172,175.3117,-0.02498404,0.9990209,0.03650806,-0.1435247,0.04219804,-0.02242405,0.1512708,0.1520016,-0.4558759,-0.3134019,0.8190555,70.01927,0.2649431,-0.7946046,-0.5462683,0.1581098,1.117915,0.196086,1.145941,0.7151828,-0.1336265,0.2912616,-0.6211476,256.8,0.9125795,-0.1705086,0.3716524,0.103811,-0.04337431,0.04149622,0.1199166,0.476823,-0.6149242,-0.5217756,-0.3496545,220.9324,0.5089485,-0.6563541,-0.5569297,-0.4031498,-0.2121017,-0.3994486,0.605868,0.3542568,0.8674821,0.3249491,0.1280037,165.2915,0.3571952,0.8746776,0.3276444,-0.05810977,-0.01791465,0.103914,0.1203985,-0.391118,0.5696602,-0.6701232,0.2710148,148.5507,-0.4063245,0.5918085,-0.6961775,-0.09912293,1.209434,-0.05568436,1.214766,0.02483968,-0.1451553,-0.1815365,-0.9722949,332.9632,0.1062626,-0.6209651,-0.7766017,False,False,False,False
1772879681981,7.59715,0.1898328,1.03089,0.1840594,1.064259,-0.5676494,-0.6672791,0.2865997,0.3877802,134.3671,-0.6158375,-0.7239249,0.3109293,-0.1033373,0.6392043,-0.05971578,0.6502513,0.5306033,0.2537616,-0.7582967,0.2811607,147.341,0.5529072,0.2644286,-0.7901717,0.1065097,1.124996,0.2376202,1.15474,0.1322839,1.144047,0.2559199,1.179762,0.1438751,1.126724,0.2632836,1.165987,-0.01725635,0.6563078,0.03372324,0.6574001,-0.006307837,0.6451911,0.07780589,0.6498963,-0.02440407,0.6361694,0.1066751,0.6455126,0.1070665,-0.07066807,0.04701447,0.1366293,0.1278367,-0.06828335,0.01660016,0.1458781,0.1116425,-0.07145044,0.001890004,0.1325624,-0.1152126,0.03960898,-0.03988083,0.1281924,-0.1582828,0.05134079,-0.02595057,0.1684125,-0.1791706,0.04268801,0.001088716,0.1841889,0.10321,-0.07581856,0.04393619,0.1353926,0.1197594,-0.07306442,0.01752711,0.1413786,0.1065385,-0.07269723,0.002493657,0.1290022,-0.1149277,0.04023491,-0.03968729,0.1280715,-0.1579677,0.05175646,-0.0258385,0.1682265,-0.1790325,0.0430326,0.001281385,0.1841361,0.1065756,-0.07443272,0.02694495,0.1327578,-0.02496313,0.998185,0.03647751,0.04090172,175.3117,-0.02498404,0.9990209,0.03650806,-0.1435247,0.04219804,-0.02242405,0.1512708,0.1520016,-0.4558759,-0.3134019,0.8190555,70.01927,0.2649431,-0.7946046,-0.5462683,0.1598792,1.117703,0.1959426,1.145956,0.6974915,-0.08445857,0.2946264,-0.6477405,260.743,0.9155102,-0.1108583,0.3867194,0.103811,-0.04337431,0.04149622,0.1199166,0.476823,-0.6149242,-0.5217756,-0.3496545,220.9324,0.5089485,-0.6563541,-0.5569297,-0.4031498,-0.2121017,-0.3994486,0.605868,0.3542568,0.8674821,0.3249491,0.1280037,165.2915,0.3571952,0.8746776,0.3276444,-0.05987919,-0.01770329,0.1040575,0.1213544,-0.3885668,0.5751368,-0.6870009,0.2150897,155.1584,-0.3978794,0.5889209,-0.7034659,-0.09916319,1.20939,-0.05588638,1.214735,0.02375208,-0.1459707,-0.1821486,-0.9720855,332.8607,0.1012334,-0.6221401,-0.7763336,False,False,False,False
1772879681995,7.609962,0.1898328,1.03089,0.1840594,1.064259,-0.5676494,-0.6672791,0.2865997,0.3877802,134.3671,-0.6158375,-0.7239249,0.3109293,-0.1033373,0.6392043,-0.05971578,0.6502513,0.5306033,0.2537616,-0.7582967,0.2811607,147.341,0.5529072,0.2644286,-0.7901717,0.1065097,1.124996,0.2376202,1.15474,0.1322839,1.144047,0.2559199,1.179762,0.1438751,1.126724,0.2632836,1.165987,-0.01725635,0.6563078,0.03372324,0.6574001,-0.006307837,0.6451911,0.07780589,0.6498963,-0.02440407,0.6361694,0.1066751,0.6455126,0.1070665,-0.07066807,0.04701447,0.1366293,0.1278367,-0.06828335,0.01660016,0.1458781,0.1116425,-0.07145044,0.001890004,0.1325624,-0.1152126,0.03960898,-0.03988083,0.1281924,-0.1582828,0.05134079,-0.02595057,0.1684125,-0.1791706,0.04268801,0.001088716,0.1841889,0.10321,-0.07581856,0.04393619,0.1353926,0.1197594,-0.07306442,0.01752711,0.1413786,0.1065385,-0.07269723,0.002493657,0.1290022,-0.1149277,0.04023491,-0.03968729,0.1280715,-0.1579677,0.05175646,-0.0258385,0.1682265,-0.1790325,0.0430326,0.001281385,0.1841361,0.1065756,-0.07443272,0.02694495,0.1327578,-0.02496313,0.998185,0.03647751,0.04090172,175.3117,-0.02498404,0.9990209,0.03650806,-0.1435247,0.04219804,-0.02242405,0.1512708,0.1520016,-0.4558759,-0.3134019,0.8190555,70.01927,0.2649431,-0.7946046,-0.5462683,0.1617724,1.117059,0.1954071,1.145502,0.6849642,-0.06080138,0.3098166,-0.6566133,262.0842,0.9081666,-0.08061412,0.4107735,0.103811,-0.04337431,0.04149622,0.1199166,0.476823,-0.6149242,-0.5217756,-0.3496545,220.9324,0.5089485,-0.6563541,-0.5569297,-0.4031498,-0.2121017,-0.3994486,0.605868,0.3542568,0.8674821,0.3249491,0.1280037,165.2915,0.3571952,0.8746776,0.3276444,-0.06177241,-0.01705885,0.1045929,0.1226642,-0.3735383,0.5823351,-0.6967327,0.1895225,158.1502,-0.3804331,0.5930838,-0.709593,-0.09916726,1.209378,-0.05608954,1.214732,0.02284846,-0.1471004,-0.1820692,-0.9719518,332.7955,0.09715302,-0.6254795,-0.7741691,False,False,False,False
1772879682010,7.623669,0.1898328,1.03089,0.1840594,1.064259,-0.5676494,-0.6672791,0.2865997,0.3877802,134.3671,-0.6158375,-0.7239249,0.3109293,-0.1033373,0.6392043,-0.05971578,0.6502513,0.5306033,0.2537616,-0.7582967,0.2811607,147.341,0.5529072,0.2644286,-0.7901717,0.1065097,1.124996,0.2376202,1.15474,0.1322839,1.144047,0.2559199,1.179762,0.1438751,1.126724,0.2632836,1.165987,-0.01725635,0.6563078,0.03372324,0.6574001,-0.006307837,0.6451911,0.07780589,0.6498963,-0.02440407,0.6361694,0.1066751,0.6455126,0.1070665,-0.07066807,0.04701447,0.1366293,0.1278367,-0.06828335,0.01660016,0.1458781,0.1116425,-0.07145044,0.001890004,0.1325624,-0.1152126,0.03960898,-0.03988083,0.1281924,-0.1582828,0.05134079,-0.02595057,0.1684125,-0.1791706,0.04268801,0.001088716,0.1841889,0.10321,-0.07581856,0.04393619,0.1353926,0.1197594,-0.07306442,0.01752711,0.1413786,0.1065385,-0.07269723,0.002493657,0.1290022,-0.1149277,0.04023491,-0.03968729,0.1280715,-0.1579677,0.05175646,-0.0258385,0.1682265,-0.1790325,0.0430326,0.001281385,0.1841361,0.1065756,-0.07443272,0.02694495,0.1327578,-0.02496313,0.998185,0.03647751,0.04090172,175.3117,-0.02498404,0.9990209,0.03650806,-0.1435247,0.04219804,-0.02242405,0.1512708,0.1520016,-0.4558759,-0.3134019,0.8190555,70.01927,0.2649431,-0.7946046,-0.5462683,0.164956,1.117238,0.19623,1.146271,0.6793483,0.03433397,0.2841833,-0.6756826,265.0144,0.9215343,0.04657394,0.3854939,0.103811,-0.04337431,0.04149622,0.1199166,0.476823,-0.6149242,-0.5217756,-0.3496545,220.9324,0.5089485,-0.6563541,-0.5569297,-0.4031498,-0.2121017,-0.3994486,0.605868,0.3542568,0.8674821,0.3249491,0.1280037,165.2915,0.3571952,0.8746776,0.3276444,-0.06495597,-0.01723766,0.10377,0.123631,-0.3872156,0.5479662,-0.7341692,0.1038884,168.0738,-0.3893222,0.5509474,-0.7381634,-0.0992616,1.209264,-0.05632397,1.214638,0.02223587,-0.1484801,-0.1827616,-0.9716262,332.6373,0.09401201,-0.6277653,-0.7727059,False,False,False,False
1772879682022,7.638041,0.1898328,1.03089,0.1840594,1.064259,-0.5676494,-0.6672791,0.2865997,0.3877802,134.3671,-0.6158375,-0.7239249,0.3109293,-0.1033373,0.6392043,-0.05971578,0.6502513,0.5306033,0.2537616,-0.7582967,0.2811607,147.341,0.5529072,0.2644286,-0.7901717,0.1065097,1.124996,0.2376202,1.15474,0.1322839,1.144047,0.2559199,1.179762,0.1438751,1.126724,0.2632836,1.165987,-0.01725635,0.6563078,0.03372324,0.6574001,-0.006307837,0.6451911,0.07780589,0.6498963,-0.02440407,0.6361694,0.1066751,0.6455126,0.1070665,-0.07066807,0.04701447,0.1366293,0.1278367,-0.06828335,0.01660016,0.1458781,0.1116425,-0.07145044,0.001890004,0.1325624,-0.1152126,0.03960898,-0.03988083,0.1281924,-0.1582828,0.05134079,-0.02595057,0.1684125,-0.1791706,0.04268801,0.001088716,0.1841889,0.10321,-0.07581856,0.04393619,0.1353926,0.1197594,-0.07306442,0.01752711,0.1413786,0.1065385,-0.07269723,0.002493657,0.1290022,-0.1149277,0.04023491,-0.03968729,0.1280715,-0.1579677,0.05175646,-0.0258385,0.1682265,-0.1790325,0.0430326,0.001281385,0.1841361,0.1065756,-0.07443272,0.02694495,0.1327578,-0.02496313,0.998185,0.03647751,0.04090172,175.3117,-0.02498404,0.9990209,0.03650806,-0.1435247,0.04219804,-0.02242405,0.1512708,0.1520016,-0.4558759,-0.3134019,0.8190555,70.01927,0.2649431,-0.7946046,-0.5462683,0.1649949,1.117256,0.1962762,1.146302,0.6798762,0.03811624,0.2839775,-0.6750351,264.9138,0.9215091,0.05166303,0.3849052,0.103811,-0.04337431,0.04149622,0.1199166,0.476823,-0.6149242,-0.5217756,-0.3496545,220.9324,0.5089485,-0.6563541,-0.5569297,-0.4031498,-0.2121017,-0.3994486,0.605868,0.3542568,0.8674821,0.3249491,0.1280037,165.2915,0.3571952,0.8746776,0.3276444,-0.06499488,-0.01725626,0.1037238,0.1236153,-0.3867112,0.5458502,-0.7363394,0.1015211,168.3465,-0.3887195,0.548685,-0.7401636,-0.09911597,1.209185,-0.05659881,1.21456,0.02119081,-0.1499021,-0.1835915,-0.9712747,332.4675,0.08905158,-0.6299438,-0.771519,False,False,False,False
1772879682037,7.65168,0.1898328,1.03089,0.1840594,1.064259,-0.5676494,-0.6672791,0.2865997,0.3877802,134.3671,-0.6158375,-0.7239249,0.3109293,-0.1033373,0.6392043,-0.05971578,0.6502513,0.5306033,0.2537616,-0.7582967,0.2811607,147.341,0.5529072,0.2644286,-0.7901717,0.1065097,1.124996,0.2376202,1.15474,0.1322839,1.144047,0.2559199,1.179762,0.1438751,1.126724,0.2632836,1.165987,-0.01725635,0.6563078,0.03372324,0.6574001,-0.006307837,0.6451911,0.07780589,0.6498963,-0.02440407,0.6361694,0.1066751,0.6455126,0.1070665,-0.07066807,0.04701447,0.1366293,0.1278367,-0.06828335,0.01660016,0.1458781,0.1116425,-0.07145044,0.001890004,0.1325624,-0.1152126,0.03960898,-0.03988083,0.1281924,-0.1582828,0.05134079,-0.02595057,0.1684125,-0.1791706,0.04268801,0.001088716,0.1841889,0.10321,-0.07581856,0.04393619,0.1353926,0.1197594,-0.07306442,0.01752711,0.1413786,0.1065385,-0.07269723,0.002493657,0.1290022,-0.1149277,0.04023491,-0.03968729,0.1280715,-0.1579677,0.05175646,-0.0258385,0.1682265,-0.1790325,0.0430326,0.001281385,0.1841361,0.1065756,-0.07443272,0.02694495,0.1327578,-0.02496313,0.998185,0.03647751,0.04090172,175.3117,-0.02498404,0.9990209,0.03650806,-0.1435247,0.04219804,-0.02242405,0.1512708,0.1520016,-0.4558759,-0.3134019,0.8190555,70.01927,0.2649431,-0.7946046,-0.5462683,0.1649949,1.117256,0.1962762,1.146302,0.6798762,0.03811624,0.2839775,-0.6750351,264.9138,0.9215091,0.05166303,0.3849052,0.103811,-0.04337431,0.04149622,0.1199166,0.476823,-0.6149242,-0.5217756,-0.3496545,220.9324,0.5089485,-0.6563541,-0.5569297,-0.4031498,-0.2121017,-0.3994486,0.605868,0.3542568,0.8674821,0.3249491,0.1280037,165.2915,0.3571952,0.8746776,0.3276444,-0.06499488,-0.01725626,0.1037238,0.1236153,-0.3867112,0.5458502,-0.7363394,0.1015211,168.3465,-0.3887195,0.548685,-0.7401636,-0.09898737,1.208904,-0.05700447,1.214288,0.01987571,-0.1521028,-0.1841424,-0.970856,332.2666,0.08293164,-0.6346506,-0.7683364,False,False,False,False
1772879682051,7.666113,0.1898328,1.03089,0.1840594,1.064259,-0.5676494,-0.6672791,0.2865997,0.3877802,134.3671,-0.6158375,-0.7239249,0.3109293,-0.1033373,0.6392043,-0.05971578,0.6502513,0.5306033,0.2537616,-0.7582967,0.2811607,147.341,0.5529072,0.2644286,-0.7901717,0.1065097,1.124996,0.2376202,1.15474,0.1322839,1.144047,0.2559199,1.179762,0.1438751,1.126724,0.2632836,1.165987,-0.01725635,0.6563078,0.03372324,0.6574001,-0.006307837,0.6451911,0.07780589,0.6498963,-0.02440407,0.6361694,0.1066751,0.6455126,0.1070665,-0.07066807,0.04701447,0.1366293,0.1278367,-0.06828335,0.01660016,0.1458781,0.1116425,-0.07145044,0.001890004,0.1325624,-0.1152126,0.03960898,-0.03988083,0.1281924,-0.1582828,0.05134079,-0.02595057,0.1684125,-0.1791706,0.04268801,0.001088716,0.1841889,0.10321,-0.07581856,0.04393619,0.1353926,0.1197594,-0.07306442,0.01752711,0.1413786,0.1065385,-0.07269723,0.002493657,0.1290022,-0.1149277,0.04023491,-0.03968729,0.1280715,-0.1579677,0.05175646,-0.0258385,0.1682265,-0.1790325,0.0430326,0.001281385,0.1841361,0.1065756,-0.07443272,0.02694495,0.1327578,-0.02496313,0.998185,0.03647751,0.04090172,175.3117,-0.02498404,0.9990209,0.03650806,-0.1435247,0.04219804,-0.02242405,0.1512708,0.1520016,-0.4558759,-0.3134019,0.8190555,70.01927,0.2649431,-0.7946046,-0.5462683,0.1649949,1.117256,0.1962762,1.146302,0.6798762,0.03811624,0.2839775,-0.6750351,264.9138,0.9215091,0.05166303,0.3849052,0.103811,-0.04337431,0.04149622,0.1199166,0.476823,-0.6149242,-0.5217756,-0.3496545,220.9324,0.5089485,-0.6563541,-0.5569297,-0.4031498,-0.2121017,-0.3994486,0.605868,0.3542568,0.8674821,0.3249491,0.1280037,165.2915,0.3571952,0.8746776,0.3276444,-0.06499488,-0.01725626,0.1037238,0.1236153,-0.3867112,0.5458502,-0.7363394,0.1015211,168.3465,-0.3887195,0.548685,-0.7401636,-0.09881979,1.208622,-0.05744547,1.214015,0.01824641,-0.1545379,-0.1846887,-0.9703995,332.0492,0.07555284,-0.6398944,-0.7647395,False,False,False,False
1772879682065,7.679478,0.1898328,1.03089,0.1840594,1.064259,-0.5676494,-0.6672791,0.2865997,0.3877802,134.3671,-0.6158375,-0.7239249,0.3109293,-0.1033373,0.6392043,-0.05971578,0.6502513,0.5306033,0.2537616,-0.7582967,0.2811607,147.341,0.5529072,0.2644286,-0.7901717,0.1065097,1.124996,0.2376202,1.15474,0.1322839,1.144047,0.2559199,1.179762,0.1438751,1.126724,0.2632836,1.165987,-0.01725635,0.6563078,0.03372324,0.6574001,-0.006307837,0.6451911,0.07780589,0.6498963,-0.02440407,0.6361694,0.1066751,0.6455126,0.1070665,-0.07066807,0.04701447,0.1366293,0.1278367,-0.06828335,0.01660016,0.1458781,0.1116425,-0.07145044,0.001890004,0.1325624,-0.1152126,0.03960898,-0.03988083,0.1281924,-0.1582828,0.05134079,-0.02595057,0.1684125,-0.1791706,0.04268801,0.001088716,0.1841889,0.10321,-0.07581856,0.04393619,0.1353926,0.1197594,-0.07306442,0.01752711,0.1413786,0.1065385,-0.07269723,0.002493657,0.1290022,-0.1149277,0.04023491,-0.03968729,0.1280715,-0.1579677,0.05175646,-0.0258385,0.1682265,-0.1790325,0.0430326,0.001281385,0.1841361,0.1065756,-0.07443272,0.02694495,0.1327578,-0.02496313,0.998185,0.03647751,0.04090172,175.3117,-0.02498404,0.9990209,0.03650806,-0.1435247,0.04219804,-0.02242405,0.1512708,0.1520016,-0.4558759,-0.3134019,0.8190555,70.01927,0.2649431,-0.7946046,-0.5462683,0.1649949,1.117256,0.1962762,1.146302,0.6798762,0.03811624,0.2839775,-0.6750351,264.9138,0.9215091,0.05166303,0.3849052,0.103811,-0.04337431,0.04149622,0.1199166,0.476823,-0.6149242,-0.5217756,-0.3496545,220.9324,0.5089485,-0.6563541,-0.5569297,-0.4031498,-0.2121017,-0.3994486,0.605868,0.3542568,0.8674821,0.3249491,0.1280037,165.2915,0.3571952,0.8746776,0.3276444,-0.06499488,-0.01725626,0.1037238,0.1236153,-0.3867112,0.5458502,-0.7363394,0.1015211,168.3465,-0.3887195,0.548685,-0.7401636,-0.0986863,1.208444,-0.05786771,1.213847,0.01637481,-0.15706,-0.1848125,-0.9700043,331.8623,0.06736174,-0.6461045,-0.7602711,False,False,False,False
1772879682079,7.693455,0.1898328,1.03089,0.1840594,1.064259,-0.5676494,-0.6672791,0.2865997,0.3877802,134.3671,-0.6158375,-0.7239249,0.3109293,-0.1033373,0.6392043,-0.05971578,0.6502513,0.5306033,0.2537616,-0.7582967,0.2811607,147.341,0.5529072,0.2644286,-0.7901717,0.1065097,1.124996,0.2376202,1.15474,0.1322839,1.144047,0.2559199,1.179762,0.1438751,1.126724,0.2632836,1.165987,-0.01725635,0.6563078,0.03372324,0.6574001,-0.006307837,0.6451911,0.07780589,0.6498963,-0.02440407,0.6361694,0.1066751,0.6455126,0.1070665,-0.07066807,0.04701447,0.1366293,0.1278367,-0.06828335,0.01660016,0.1458781,0.1116425,-0.07145044,0.001890004,0.1325624,-0.1152126,0.03960898,-0.03988083,0.1281924,-0.1582828,0.05134079,-0.02595057,0.1684125,-0.1791706,0.04268801,0.001088716,0.1841889,0.10321,-0.07581856,0.04393619,0.1353926,0.1197594,-0.07306442,0.01752711,0.1413786,0.1065385,-0.07269723,0.002493657,0.1290022,-0.1149277,0.04023491,-0.03968729,0.1280715,-0.1579677,0.05175646,-0.0258385,0.1682265,-0.1790325,0.0430326,0.001281385,0.1841361,0.1065756,-0.07443272,0.02694495,0.1327578,-0.02496313,0.998185,0.03647751,0.04090172,175.3117,-0.02498404,0.9990209,0.03650806,-0.1435247,0.04219804,-0.02242405,0.1512708,0.1520016,-0.4558759,-0.3134019,0.8190555,70.01927,0.2649431,-0.7946046,-0.5462683,0.1649949,1.117256,0.1962762,1.146302,0.6798762,0.03811624,0.2839775,-0.6750351,264.9138,0.9215091,0.05166303,0.3849052,0.103811,-0.04337431,0.04149622,0.1199166,0.476823,-0.6149242,-0.5217756,-0.3496545,220.9324,0.5089485,-0.6563541,-0.5569297,-0.4031498,-0.2121017,-0.3994486,0.605868,0.3542568,0.8674821,0.3249491,0.1280037,165.2915,0.3571952,0.8746776,0.3276444,-0.06499488,-0.01725626,0.1037238,0.1236153,-0.3867112,0.5458502,-0.7363394,0.1015211,168.3465,-0.3887195,0.548685,-0.7401636,-0.09853762,1.208346,-0.0582682,1.213757,0.0148045,-0.159567,-0.18496,-0.9695922,331.6687,0.06049414,-0.6520225,-0.7557833,False,False,False,False
1772879682093,7.707986,0.1898328,1.03089,0.1840594,1.064259,-0.5676494,-0.6672791,0.2865997,0.3877802,134.3671,-0.6158375,-0.7239249,0.3109293,-0.1033373,0.6392043,-0.05971578,0.6502513,0.5306033,0.2537616,-0.7582967,0.2811607,147.341,0.5529072,0.2644286,-0.7901717,0.1065097,1.124996,0.2376202,1.15474,0.1322839,1.144047,0.2559199,1.179762,0.1438751,1.126724,0.2632836,1.165987,-0.01725635,0.6563078,0.03372324,0.6574001,-0.006307837,0.6451911,0.07780589,0.6498963,-0.02440407,0.6361694,0.1066751,0.6455126,0.1070665,-0.07066807,0.04701447,0.1366293,0.1278367,-0.06828335,0.01660016,0.1458781,0.1116425,-0.07145044,0.001890004,0.1325624,-0.1152126,0.03960898,-0.03988083,0.1281924,-0.1582828,0.05134079,-0.02595057,0.1684125,-0.1791706,0.04268801,0.001088716,0.1841889,0.10321,-0.07581856,0.04393619,0.1353926,0.1197594,-0.07306442,0.01752711,0.1413786,0.1065385,-0.07269723,0.002493657,0.1290022,-0.1149277,0.04023491,-0.03968729,0.1280715,-0.1579677,0.05175646,-0.0258385,0.1682265,-0.1790325,0.0430326,0.001281385,0.1841361,0.1065756,-0.07443272,0.02694495,0.1327578,-0.02496313,0.998185,0.03647751,0.04090172,175.3117,-0.02498404,0.9990209,0.03650806,-0.1435247,0.04219804,-0.02242405,0.1512708,0.1520016,-0.4558759,-0.3134019,0.8190555,70.01927,0.2649431,-0.7946046,-0.5462683,0.1649949,1.117256,0.1962762,1.146302,0.6798762,0.03811624,0.2839775,-0.6750351,264.9138,0.9215091,0.05166303,0.3849052,0.103811,-0.04337431,0.04149622,0.1199166,0.476823,-0.6149242,-0.5217756,-0.3496545,220.9324,0.5089485,-0.6563541,-0.5569297,-0.4031498,-0.2121017,-0.3994486,0.605868,0.3542568,0.8674821,0.3249491,0.1280037,165.2915,0.3571952,0.8746776,0.3276444,-0.06499488,-0.01725626,0.1037238,0.1236153,-0.3867112,0.5458502,-0.7363394,0.1015211,168.3465,-0.3887195,0.548685,-0.7401636,-0.09840405,1.208276,-0.05864,1.213694,0.01359821,-0.1616095,-0.1860579,-0.9690614,331.4212,0.05509366,-0.654767,-0.7538205,False,False,False,False
1772879682107,7.722413,0.1898328,1.03089,0.1840594,1.064259,-0.5676494,-0.6672791,0.2865997,0.3877802,134.3671,-0.6158375,-0.7239249,0.3109293,-0.1033373,0.6392043,-0.05971578,0.6502513,0.5306033,0.2537616,-0.7582967,0.2811607,147.341,0.5529072,0.2644286,-0.7901717,0.1065097,1.124996,0.2376202,1.15474,0.1322839,1.144047,0.2559199,1.179762,0.1438751,1.126724,0.2632836,1.165987,-0.01725635,0.6563078,0.03372324,0.6574001,-0.006307837,0.6451911,0.07780589,0.6498963,-0.02440407,0.6361694,0.1066751,0.6455126,0.1070665,-0.07066807,0.04701447,0.1366293,0.1278367,-0.06828335,0.01660016,0.1458781,0.1116425,-0.07145044,0.001890004,0.1325624,-0.1152126,0.03960898,-0.03988083,0.1281924,-0.1582828,0.05134079,-0.02595057,0.1684125,-0.1791706,0.04268801,0.001088716,0.1841889,0.10321,-0.07581856,0.04393619,0.1353926,0.1197594,-0.07306442,0.01752711,0.1413786,0.1065385,-0.07269723,0.002493657,0.1290022,-0.1149277,0.04023491,-0.03968729,0.1280715,-0.1579677,0.05175646,-0.0258385,0.1682265,-0.1790325,0.0430326,0.001281385,0.1841361,0.1065756,-0.07443272,0.02694495,0.1327578,-0.02496313,0.998185,0.03647751,0.04090172,175.3117,-0.02498404,0.9990209,0.03650806,-0.1435247,0.04219804,-0.02242405,0.1512708,0.1520016,-0.4558759,-0.3134019,0.8190555,70.01927,0.2649431,-0.7946046,-0.5462683,0.1649949,1.117256,0.1962762,1.146302,0.6798762,0.03811624,0.2839775,-0.6750351,264.9138,0.9215091,0.05166303,0.3849052,0.103811,-0.04337431,0.04149622,0.1199166,0.476823,-0.6149242,-0.5217756,-0.3496545,220.9324,0.5089485,-0.6563541,-0.5569297,-0.4031498,-0.2121017,-0.3994486,0.605868,0.3542568,0.8674821,0.3249491,0.1280037,165.2915,0.3571952,0.8746776,0.3276444,-0.06499488,-0.01725626,0.1037238,0.1236153,-0.3867112,0.5458502,-0.7363394,0.1015211,168.3465,-0.3887195,0.548685,-0.7401636,-0.09820119,1.208322,-0.05900227,1.21374,0.0127588,-0.1635537,-0.1866677,-0.9686292,331.2213,0.05134115,-0.6581364,-0.7511466,False,False,False,False
1772879682121,7.736664,0.1898328,1.03089,0.1840594,1.064259,-0.5676494,-0.6672791,0.2865997,0.3877802,134.3671,-0.6158375,-0.7239249,0.3109293,-0.1033373,0.6392043,-0.05971578,0.6502513,0.5306033,0.2537616,-0.7582967,0.2811607,147.341,0.5529072,0.2644286,-0.7901717,0.1065097,1.124996,0.2376202,1.15474,0.1322839,1.144047,0.2559199,1.179762,0.1438751,1.126724,0.2632836,1.165987,-0.01725635,0.6563078,0.03372324,0.6574001,-0.006307837,0.6451911,0.07780589,0.6498963,-0.02440407,0.6361694,0.1066751,0.6455126,0.1070665,-0.07066807,0.04701447,0.1366293,0.1278367,-0.06828335,0.01660016,0.1458781,0.1116425,-0.07145044,0.001890004,0.1325624,-0.1152126,0.03960898,-0.03988083,0.1281924,-0.1582828,0.05134079,-0.02595057,0.1684125,-0.1791706,0.04268801,0.001088716,0.1841889,0.10321,-0.07581856,0.04393619,0.1353926,0.1197594,-0.07306442,0.01752711,0.1413786,0.1065385,-0.07269723,0.002493657,0.1290022,-0.1149277,0.04023491,-0.03968729,0.1280715,-0.1579677,0.05175646,-0.0258385,0.1682265,-0.1790325,0.0430326,0.001281385,0.1841361,0.1065756,-0.07443272,0.02694495,0.1327578,-0.02496313,0.998185,0.03647751,0.04090172,175.3117,-0.02498404,0.9990209,0.03650806,-0.1435247,0.04219804,-0.02242405,0.1512708,0.1520016,-0.4558759,-0.3134019,0.8190555,70.01927,0.2649431,-0.7946046,-0.5462683,0.1649949,1.117256,0.1962762,1.146302,0.6798762,0.03811624,0.2839775,-0.6750351,264.9138,0.9215091,0.05166303,0.3849052,0.103811,-0.04337431,0.04149622,0.1199166,0.476823,-0.6149242,-0.5217756,-0.3496545,220.9324,0.5089485,-0.6563541,-0.5569297,-0.4031498,-0.2121017,-0.3994486,0.605868,0.3542568,0.8674821,0.3249491,0.1280037,165.2915,0.3571952,0.8746776,0.3276444,-0.06499488,-0.01725626,0.1037238,0.1236153,-0.3867112,0.5458502,-0.7363394,0.1015211,168.3465,-0.3887195,0.548685,-0.7401636,-0.09801273,1.208319,-0.05953737,1.213749,0.01221044,-0.1654948,-0.1870564,-0.9682316,331.0384,0.04883095,-0.6618329,-0.7480601,False,False,False,False
1772879682135,7.749504,0.1898328,1.03089,0.1840594,1.064259,-0.5676494,-0.6672791,0.2865997,0.3877802,134.3671,-0.6158375,-0.7239249,0.3109293,-0.1033373,0.6392043,-0.05971578,0.6502513,0.5306033,0.2537616,-0.7582967,0.2811607,147.341,0.5529072,0.2644286,-0.7901717,0.1065097,1.124996,0.2376202,1.15474,0.1322839,1.144047,0.2559199,1.179762,0.1438751,1.126724,0.2632836,1.165987,-0.01725635,0.6563078,0.03372324,0.6574001,-0.006307837,0.6451911,0.07780589,0.6498963,-0.02440407,0.6361694,0.1066751,0.6455126,0.1070665,-0.07066807,0.04701447,0.1366293,0.1278367,-0.06828335,0.01660016,0.1458781,0.1116425,-0.07145044,0.001890004,0.1325624,-0.1152126,0.03960898,-0.03988083,0.1281924,-0.1582828,0.05134079,-0.02595057,0.1684125,-0.1791706,0.04268801,0.001088716,0.1841889,0.10321,-0.07581856,0.04393619,0.1353926,0.1197594,-0.07306442,0.01752711,0.1413786,0.1065385,-0.07269723,0.002493657,0.1290022,-0.1149277,0.04023491,-0.03968729,0.1280715,-0.1579677,0.05175646,-0.0258385,0.1682265,-0.1790325,0.0430326,0.001281385,0.1841361,0.1065756,-0.07443272,0.02694495,0.1327578,-0.02496313,0.998185,0.03647751,0.04090172,175.3117,-0.02498404,0.9990209,0.03650806,-0.1435247,0.04219804,-0.02242405,0.1512708,0.1520016,-0.4558759,-0.3134019,0.8190555,70.01927,0.2649431,-0.7946046,-0.5462683,0.1649949,1.117256,0.1962762,1.146302,0.6798762,0.03811624,0.2839775,-0.6750351,264.9138,0.9215091,0.05166303,0.3849052,0.103811,-0.04337431,0.04149622,0.1199166,0.476823,-0.6149242,-0.5217756,-0.3496545,220.9324,0.5089485,-0.6563541,-0.5569297,-0.4031498,-0.2121017,-0.3994486,0.605868,0.3542568,0.8674821,0.3249491,0.1280037,165.2915,0.3571952,0.8746776,0.3276444,-0.06499488,-0.01725626,0.1037238,0.1236153,-0.3867112,0.5458502,-0.7363394,0.1015211,168.3465,-0.3887195,0.548685,-0.7401636,-0.09787475,1.208375,-0.06008243,1.21382,0.01180348,-0.167594,-0.1878263,-0.9677263,330.8078,0.04683858,-0.6650465,-0.7453325,False,False,False,False
1772879682149,7.762832,0.1898328,1.03089,0.1840594,1.064259,-0.5676494,-0.6672791,0.2865997,0.3877802,134.3671,-0.6158375,-0.7239249,0.3109293,-0.1033373,0.6392043,-0.05971578,0.6502513,0.5306033,0.2537616,-0.7582967,0.2811607,147.341,0.5529072,0.2644286,-0.7901717,0.1065097,1.124996,0.2376202,1.15474,0.1322839,1.144047,0.2559199,1.179762,0.1438751,1.126724,0.2632836,1.165987,-0.01725635,0.6563078,0.03372324,0.6574001,-0.006307837,0.6451911,0.07780589,0.6498963,-0.02440407,0.6361694,0.1066751,0.6455126,0.1070665,-0.07066807,0.04701447,0.1366293,0.1278367,-0.06828335,0.01660016,0.1458781,0.1116425,-0.07145044,0.001890004,0.1325624,-0.1152126,0.03960898,-0.03988083,0.1281924,-0.1582828,0.05134079,-0.02595057,0.1684125,-0.1791706,0.04268801,0.001088716,0.1841889,0.10321,-0.07581856,0.04393619,0.1353926,0.1197594,-0.07306442,0.01752711,0.1413786,0.1065385,-0.07269723,0.002493657,0.1290022,-0.1149277,0.04023491,-0.03968729,0.1280715,-0.1579677,0.05175646,-0.0258385,0.1682265,-0.1790325,0.0430326,0.001281385,0.1841361,0.1065756,-0.07443272,0.02694495,0.1327578,-0.02496313,0.998185,0.03647751,0.04090172,175.3117,-0.02498404,0.9990209,0.03650806,-0.1435247,0.04219804,-0.02242405,0.1512708,0.1520016,-0.4558759,-0.3134019,0.8190555,70.01927,0.2649431,-0.7946046,-0.5462683,0.1649949,1.117256,0.1962762,1.146302,0.6798762,0.03811624,0.2839775,-0.6750351,264.9138,0.9215091,0.05166303,0.3849052,0.103811,-0.04337431,0.04149622,0.1199166,0.476823,-0.6149242,-0.5217756,-0.3496545,220.9324,0.5089485,-0.6563541,-0.5569297,-0.4031498,-0.2121017,-0.3994486,0.605868,0.3542568,0.8674821,0.3249491,0.1280037,165.2915,0.3571952,0.8746776,0.3276444,-0.06499488,-0.01725626,0.1037238,0.1236153,-0.3867112,0.5458502,-0.7363394,0.1015211,168.3465,-0.3887195,0.548685,-0.7401636,-0.09773912,1.208413,-0.06077662,1.213882,0.01165576,-0.1695151,-0.1888373,-0.9671966,330.5679,0.04588358,-0.6673062,-0.7433696,False,False,False,False
1772879682162,7.778283,0.1898328,1.03089,0.1840594,1.064259,-0.5676494,-0.6672791,0.2865997,0.3877802,134.3671,-0.6158375,-0.7239249,0.3109293,-0.1033373,0.6392043,-0.05971578,0.6502513,0.5306033,0.2537616,-0.7582967,0.2811607,147.341,0.5529072,0.2644286,-0.7901717,0.1065097,1.124996,0.2376202,1.15474,0.1322839,1.144047,0.2559199,1.179762,0.1438751,1.126724,0.2632836,1.165987,-0.01725635,0.6563078,0.03372324,0.6574001,-0.006307837,0.6451911,0.07780589,0.6498963,-0.02440407,0.6361694,0.1066751,0.6455126,0.1070665,-0.07066807,0.04701447,0.1366293,0.1278367,-0.06828335,0.01660016,0.1458781,0.1116425,-0.07145044,0.001890004,0.1325624,-0.1152126,0.03960898,-0.03988083,0.1281924,-0.1582828,0.05134079,-0.02595057,0.1684125,-0.1791706,0.04268801,0.001088716,0.1841889,0.10321,-0.07581856,0.04393619,0.1353926,0.1197594,-0.07306442,0.01752711,0.1413786,0.1065385,-0.07269723,0.002493657,0.1290022,-0.1149277,0.04023491,-0.03968729,0.1280715,-0.1579677,0.05175646,-0.0258385,0.1682265,-0.1790325,0.0430326,0.001281385,0.1841361,0.1065756,-0.07443272,0.02694495,0.1327578,-0.02496313,0.998185,0.03647751,0.04090172,175.3117,-0.02498404,0.9990209,0.03650806,-0.1435247,0.04219804,-0.02242405,0.1512708,0.1520016,-0.4558759,-0.3134019,0.8190555,70.01927,0.2649431,-0.7946046,-0.5462683,0.1649949,1.117256,0.1962762,1.146302,0.6798762,0.03811624,0.2839775,-0.6750351,264.9138,0.9215091,0.05166303,0.3849052,0.103811,-0.04337431,0.04149622,0.1199166,0.476823,-0.6149242,-0.5217756,-0.3496545,220.9324,0.5089485,-0.6563541,-0.5569297,-0.4031498,-0.2121017,-0.3994486,0.605868,0.3542568,0.8674821,0.3249491,0.1280037,165.2915,0.3571952,0.8746776,0.3276444,-0.06499488,-0.01725626,0.1037238,0.1236153,-0.3867112,0.5458502,-0.7363394,0.1015211,168.3465,-0.3887195,0.548685,-0.7401636,-0.09766284,1.208431,-0.06148696,1.213929,0.01106086,-0.171561,-0.1899789,-0.9666191,330.3085,0.0431698,-0.6695911,-0.7414751,False,False,False,False
1772879682176,7.791263,0.1898328,1.03089,0.1840594,1.064259,-0.5676494,-0.6672791,0.2865997,0.3877802,134.3671,-0.6158375,-0.7239249,0.3109293,-0.1033373,0.6392043,-0.05971578,0.6502513,0.5306033,0.2537616,-0.7582967,0.2811607,147.341,0.5529072,0.2644286,-0.7901717,0.1065097,1.124996,0.2376202,1.15474,0.1322839,1.144047,0.2559199,1.179762,0.1438751,1.126724,0.2632836,1.165987,-0.01725635,0.6563078,0.03372324,0.6574001,-0.006307837,0.6451911,0.07780589,0.6498963,-0.02440407,0.6361694,0.1066751,0.6455126,0.1070665,-0.07066807,0.04701447,0.1366293,0.1278367,-0.06828335,0.01660016,0.1458781,0.1116425,-0.07145044,0.001890004,0.1325624,-0.1152126,0.03960898,-0.03988083,0.1281924,-0.1582828,0.05134079,-0.02595057,0.1684125,-0.1791706,0.04268801,0.001088716,0.1841889,0.10321,-0.07581856,0.04393619,0.1353926,0.1197594,-0.07306442,0.01752711,0.1413786,0.1065385,-0.07269723,0.002493657,0.1290022,-0.1149277,0.04023491,-0.03968729,0.1280715,-0.1579677,0.05175646,-0.0258385,0.1682265,-0.1790325,0.0430326,0.001281385,0.1841361,0.1065756,-0.07443272,0.02694495,0.1327578,-0.02496313,0.998185,0.03647751,0.04090172,175.3117,-0.02498404,0.9990209,0.03650806,-0.1435247,0.04219804,-0.02242405,0.1512708,0.1520016,-0.4558759,-0.3134019,0.8190555,70.01927,0.2649431,-0.7946046,-0.5462683,0.1649949,1.117256,0.1962762,1.146302,0.6798762,0.03811624,0.2839775,-0.6750351,264.9138,0.9215091,0.05166303,0.3849052,0.103811,-0.04337431,0.04149622,0.1199166,0.476823,-0.6149242,-0.5217756,-0.3496545,220.9324,0.5089485,-0.6563541,-0.5569297,-0.4031498,-0.2121017,-0.3994486,0.605868,0.3542568,0.8674821,0.3249491,0.1280037,165.2915,0.3571952,0.8746776,0.3276444,-0.06499488,-0.01725626,0.1037238,0.1236153,-0.3867112,0.5458502,-0.7363394,0.1015211,168.3465,-0.3887195,0.548685,-0.7401636,-0.09752355,1.208421,-0.06226524,1.213947,0.01057274,-0.1731145,-0.1907232,-0.9662009,330.1221,0.04101298,-0.6715329,-0.7398393,False,False,False,False
1772879682190,7.805243,0.1898328,1.03089,0.1840594,1.064259,-0.5676494,-0.6672791,0.2865997,0.3877802,134.3671,-0.6158375,-0.7239249,0.3109293,-0.1033373,0.6392043,-0.05971578,0.6502513,0.5306033,0.2537616,-0.7582967,0.2811607,147.341,0.5529072,0.2644286,-0.7901717,0.1065097,1.124996,0.2376202,1.15474,0.1322839,1.144047,0.2559199,1.179762,0.1438751,1.126724,0.2632836,1.165987,-0.01725635,0.6563078,0.03372324,0.6574001,-0.006307837,0.6451911,0.07780589,0.6498963,-0.02440407,0.6361694,0.1066751,0.6455126,0.1070665,-0.07066807,0.04701447,0.1366293,0.1278367,-0.06828335,0.01660016,0.1458781,0.1116425,-0.07145044,0.001890004,0.1325624,-0.1152126,0.03960898,-0.03988083,0.1281924,-0.1582828,0.05134079,-0.02595057,0.1684125,-0.1791706,0.04268801,0.001088716,0.1841889,0.10321,-0.07581856,0.04393619,0.1353926,0.1197594,-0.07306442,0.01752711,0.1413786,0.1065385,-0.07269723,0.002493657,0.1290022,-0.1149277,0.04023491,-0.03968729,0.1280715,-0.1579677,0.05175646,-0.0258385,0.1682265,-0.1790325,0.0430326,0.001281385,0.1841361,0.1065756,-0.07443272,0.02694495,0.1327578,-0.02496313,0.998185,0.03647751,0.04090172,175.3117,-0.02498404,0.9990209,0.03650806,-0.1435247,0.04219804,-0.02242405,0.1512708,0.1520016,-0.4558759,-0.3134019,0.8190555,70.01927,0.2649431,-0.7946046,-0.5462683,0.1649949,1.117256,0.1962762,1.146302,0.6798762,0.03811624,0.2839775,-0.6750351,264.9138,0.9215091,0.05166303,0.3849052,0.103811,-0.04337431,0.04149622,0.1199166,0.476823,-0.6149242,-0.5217756,-0.3496545,220.9324,0.5089485,-0.6563541,-0.5569297,-0.4031498,-0.2121017,-0.3994486,0.605868,0.3542568,0.8674821,0.3249491,0.1280037,165.2915,0.3571952,0.8746776,0.3276444,-0.06499488,-0.01725626,0.1037238,0.1236153,-0.3867112,0.5458502,-0.7363394,0.1015211,168.3465,-0.3887195,0.548685,-0.7401636,-0.09751517,1.208562,-0.06291027,1.214121,0.009975288,-0.1749984,-0.1909462,-0.9658238,329.9549,0.03848499,-0.6751497,-0.7366769,False,False,False,False
1772879682204,7.818417,0.1898328,1.03089,0.1840594,1.064259,-0.5676494,-0.6672791,0.2865997,0.3877802,134.3671,-0.6158375,-0.7239249,0.3109293,-0.1033373,0.6392043,-0.05971578,0.6502513,0.5306033,0.2537616,-0.7582967,0.2811607,147.341,0.5529072,0.2644286,-0.7901717,0.1065097,1.124996,0.2376202,1.15474,0.1322839,1.144047,0.2559199,1.179762,0.1438751,1.126724,0.2632836,1.165987,-0.01725635,0.6563078,0.03372324,0.6574001,-0.006307837,0.6451911,0.07780589,0.6498963,-0.02440407,0.6361694,0.1066751,0.6455126,0.1070665,-0.07066807,0.04701447,0.1366293,0.1278367,-0.06828335,0.01660016,0.1458781,0.1116425,-0.07145044,0.001890004,0.1325624,-0.1152126,0.03960898,-0.03988083,0.1281924,-0.1582828,0.05134079,-0.02595057,0.1684125,-0.1791706,0.04268801,0.001088716,0.1841889,0.10321,-0.07581856,0.04393619,0.1353926,0.1197594,-0.07306442,0.01752711,0.1413786,0.1065385,-0.07269723,0.002493657,0.1290022,-0.1149277,0.04023491,-0.03968729,0.1280715,-0.1579677,0.05175646,-0.0258385,0.1682265,-0.1790325,0.0430326,0.001281385,0.1841361,0.1065756,-0.07443272,0.02694495,0.1327578,-0.02496313,0.998185,0.03647751,0.04090172,175.3117,-0.02498404,0.9990209,0.03650806,-0.1435247,0.04219804,-0.02242405,0.1512708,0.1520016,-0.4558759,-0.3134019,0.8190555,70.01927,0.2649431,-0.7946046,-0.5462683,0.1649949,1.117256,0.1962762,1.146302,0.6798762,0.03811624,0.2839775,-0.6750351,264.9138,0.9215091,0.05166303,0.3849052,0.103811,-0.04337431,0.04149622,0.1199166,0.476823,-0.6149242,-0.5217756,-0.3496545,220.9324,0.5089485,-0.6563541,-0.5569297,-0.4031498,-0.2121017,-0.3994486,0.605868,0.3542568,0.8674821,0.3249491,0.1280037,165.2915,0.3571952,0.8746776,0.3276444,-0.06499488,-0.01725626,0.1037238,0.1236153,-0.3867112,0.5458502,-0.7363394,0.1015211,168.3465,-0.3887195,0.548685,-0.7401636,-0.09739246,1.208632,-0.06361493,1.214217,0.009979614,-0.176311,-0.1911486,-0.9655449,329.8318,0.03834826,-0.6775034,-0.7345191,False,False,False,False
1772879682218,7.83271,0.1898328,1.03089,0.1840594,1.064259,-0.5676494,-0.6672791,0.2865997,0.3877802,134.3671,-0.6158375,-0.7239249,0.3109293,-0.1033373,0.6392043,-0.05971578,0.6502513,0.5306033,0.2537616,-0.7582967,0.2811607,147.341,0.5529072,0.2644286,-0.7901717,0.1065097,1.124996,0.2376202,1.15474,0.1322839,1.144047,0.2559199,1.179762,0.1438751,1.126724,0.2632836,1.165987,-0.01725635,0.6563078,0.03372324,0.6574001,-0.006307837,0.6451911,0.07780589,0.6498963,-0.02440407,0.6361694,0.1066751,0.6455126,0.1070665,-0.07066807,0.04701447,0.1366293,0.1278367,-0.06828335,0.01660016,0.1458781,0.1116425,-0.07145044,0.001890004,0.1325624,-0.1152126,0.03960898,-0.03988083,0.1281924,-0.1582828,0.05134079,-0.02595057,0.1684125,-0.1791706,0.04268801,0.001088716,0.1841889,0.10321,-0.07581856,0.04393619,0.1353926,0.1197594,-0.07306442,0.01752711,0.1413786,0.1065385,-0.07269723,0.002493657,0.1290022,-0.1149277,0.04023491,-0.03968729,0.1280715,-0.1579677,0.05175646,-0.0258385,0.1682265,-0.1790325,0.0430326,0.001281385,0.1841361,0.1065756,-0.07443272,0.02694495,0.1327578,-0.02496313,0.998185,0.03647751,0.04090172,175.3117,-0.02498404,0.9990209,0.03650806,-0.1435247,0.04219804,-0.02242405,0.1512708,0.1520016,-0.4558759,-0.3134019,0.8190555,70.01927,0.2649431,-0.7946046,-0.5462683,0.1649949,1.117256,0.1962762,1.146302,0.6798762,0.03811624,0.2839775,-0.6750351,264.9138,0.9215091,0.05166303,0.3849052,0.103811,-0.04337431,0.04149622,0.1199166,0.476823,-0.6149242,-0.5217756,-0.3496545,220.9324,0.5089485,-0.6563541,-0.5569297,-0.4031498,-0.2121017,-0.3994486,0.605868,0.3542568,0.8674821,0.3249491,0.1280037,165.2915,0.3571952,0.8746776,0.3276444,-0.06499488,-0.01725626,0.1037238,0.1236153,-0.3867112,0.5458502,-0.7363394,0.1015211,168.3465,-0.3887195,0.548685,-0.7401636,-0.09748329,1.208701,-0.06440265,1.214335,0.009847197,-0.1774358,-0.1914972,-0.9652712,329.7115,0.03769262,-0.6791801,-0.7330036,False,False,False,False
1772879682232,7.846838,0.1898328,1.03089,0.1840594,1.064259,-0.5676494,-0.6672791,0.2865997,0.3877802,134.3671,-0.6158375,-0.7239249,0.3109293,-0.1033373,0.6392043,-0.05971578,0.6502513,0.5306033,0.2537616,-0.7582967,0.2811607,147.341,0.5529072,0.2644286,-0.7901717,0.1065097,1.124996,0.2376202,1.15474,0.1322839,1.144047,0.2559199,1.179762,0.1438751,1.126724,0.2632836,1.165987,-0.01725635,0.6563078,0.03372324,0.6574001,-0.006307837,0.6451911,0.07780589,0.6498963,-0.02440407,0.6361694,0.1066751,0.6455126,0.1070665,-0.07066807,0.04701447,0.1366293,0.1278367,-0.06828335,0.01660016,0.1458781,0.1116425,-0.07145044,0.001890004,0.1325624,-0.1152126,0.03960898,-0.03988083,0.1281924,-0.1582828,0.05134079,-0.02595057,0.1684125,-0.1791706,0.04268801,0.001088716,0.1841889,0.10321,-0.07581856,0.04393619,0.1353926,0.1197594,-0.07306442,0.01752711,0.1413786,0.1065385,-0.07269723,0.002493657,0.1290022,-0.1149277,0.04023491,-0.03968729,0.1280715,-0.1579677,0.05175646,-0.0258385,0.1682265,-0.1790325,0.0430326,0.001281385,0.1841361,0.1065756,-0.07443272,0.02694495,0.1327578,-0.02496313,0.998185,0.03647751,0.04090172,175.3117,-0.02498404,0.9990209,0.03650806,-0.1435247,0.04219804,-0.02242405,0.1512708,0.1520016,-0.4558759,-0.3134019,0.8190555,70.01927,0.2649431,-0.7946046,-0.5462683,0.1649949,1.117256,0.1962762,1.146302,0.6798762,0.03811624,0.2839775,-0.6750351,264.9138,0.9215091,0.05166303,0.3849052,0.103811,-0.04337431,0.04149622,0.1199166,0.476823,-0.6149242,-0.5217756,-0.3496545,220.9324,0.5089485,-0.6563541,-0.5569297,-0.4031498,-0.2121017,-0.3994486,0.605868,0.3542568,0.8674821,0.3249491,0.1280037,165.2915,0.3571952,0.8746776,0.3276444,-0.06499488,-0.01725626,0.1037238,0.1236153,-0.3867112,0.5458502,-0.7363394,0.1015211,168.3465,-0.3887195,0.548685,-0.7401636,-0.09758056,1.208759,-0.06521294,1.214444,0.009856587,-0.1781512,-0.1913821,-0.9651622,329.6637,0.03767053,-0.6808696,-0.7314361,False,False,False,False
1772879682245,7.860153,0.1898328,1.03089,0.1840594,1.064259,-0.5676494,-0.6672791,0.2865997,0.3877802,134.3671,-0.6158375,-0.7239249,0.3109293,-0.1033373,0.6392043,-0.05971578,0.6502513,0.5306033,0.2537616,-0.7582967,0.2811607,147.341,0.5529072,0.2644286,-0.7901717,0.1065097,1.124996,0.2376202,1.15474,0.1322839,1.144047,0.2559199,1.179762,0.1438751,1.126724,0.2632836,1.165987,-0.01725635,0.6563078,0.03372324,0.6574001,-0.006307837,0.6451911,0.07780589,0.6498963,-0.02440407,0.6361694,0.1066751,0.6455126,0.1070665,-0.07066807,0.04701447,0.1366293,0.1278367,-0.06828335,0.01660016,0.1458781,0.1116425,-0.07145044,0.001890004,0.1325624,-0.1152126,0.03960898,-0.03988083,0.1281924,-0.1582828,0.05134079,-0.02595057,0.1684125,-0.1791706,0.04268801,0.001088716,0.1841889,0.10321,-0.07581856,0.04393619,0.1353926,0.1197594,-0.07306442,0.01752711,0.1413786,0.1065385,-0.07269723,0.002493657,0.1290022,-0.1149277,0.04023491,-0.03968729,0.1280715,-0.1579677,0.05175646,-0.0258385,0.1682265,-0.1790325,0.0430326,0.001281385,0.1841361,0.1065756,-0.07443272,0.02694495,0.1327578,-0.02496313,0.998185,0.03647751,0.04090172,175.3117,-0.02498404,0.9990209,0.03650806,-0.1435247,0.04219804,-0.02242405,0.1512708,0.1520016,-0.4558759,-0.3134019,0.8190555,70.01927,0.2649431,-0.7946046,-0.5462683,0.1649949,1.117256,0.1962762,1.146302,0.6798762,0.03811624,0.2839775,-0.6750351,264.9138,0.9215091,0.05166303,0.3849052,0.103811,-0.04337431,0.04149622,0.1199166,0.476823,-0.6149242,-0.5217756,-0.3496545,220.9324,0.5089485,-0.6563541,-0.5569297,-0.4031498,-0.2121017,-0.3994486,0.605868,0.3542568,0.8674821,0.3249491,0.1280037,165.2915,0.3571952,0.8746776,0.3276444,-0.06499488,-0.01725626,0.1037238,0.1236153,-0.3867112,0.5458502,-0.7363394,0.1015211,168.3465,-0.3887195,0.548685,-0.7401636,-0.09774484,1.208698,-0.06604804,1.214442,0.01021356,-0.1786405,-0.1914957,-0.9650455,329.6127,0.03897077,-0.681619,-0.7306696,False,False,False,False
1772879682260,7.874174,0.1898328,1.03089,0.1840594,1.064259,-0.5676494,-0.6672791,0.2865997,0.3877802,134.3671,-0.6158375,-0.7239249,0.3109293,-0.1033373,0.6392043,-0.05971578,0.6502513,0.5306033,0.2537616,-0.7582967,0.2811607,147.341,0.5529072,0.2644286,-0.7901717,0.1065097,1.124996,0.2376202,1.15474,0.1322839,1.144047,0.2559199,1.179762,0.1438751,1.126724,0.2632836,1.165987,-0.01725635,0.6563078,0.03372324,0.6574001,-0.006307837,0.6451911,0.07780589,0.6498963,-0.02440407,0.6361694,0.1066751,0.6455126,0.1070665,-0.07066807,0.04701447,0.1366293,0.1278367,-0.06828335,0.01660016,0.1458781,0.1116425,-0.07145044,0.001890004,0.1325624,-0.1152126,0.03960898,-0.03988083,0.1281924,-0.1582828,0.05134079,-0.02595057,0.1684125,-0.1791706,0.04268801,0.001088716,0.1841889,0.10321,-0.07581856,0.04393619,0.1353926,0.1197594,-0.07306442,0.01752711,0.1413786,0.1065385,-0.07269723,0.002493657,0.1290022,-0.1149277,0.04023491,-0.03968729,0.1280715,-0.1579677,0.05175646,-0.0258385,0.1682265,-0.1790325,0.0430326,0.001281385,0.1841361,0.1065756,-0.07443272,0.02694495,0.1327578,-0.02496313,0.998185,0.03647751,0.04090172,175.3117,-0.02498404,0.9990209,0.03650806,-0.1435247,0.04219804,-0.02242405,0.1512708,0.1520016,-0.4558759,-0.3134019,0.8190555,70.01927,0.2649431,-0.7946046,-0.5462683,0.1649949,1.117256,0.1962762,1.146302,0.6798762,0.03811624,0.2839775,-0.6750351,264.9138,0.9215091,0.05166303,0.3849052,0.103811,-0.04337431,0.04149622,0.1199166,0.476823,-0.6149242,-0.5217756,-0.3496545,220.9324,0.5089485,-0.6563541,-0.5569297,-0.4031498,-0.2121017,-0.3994486,0.605868,0.3542568,0.8674821,0.3249491,0.1280037,165.2915,0.3571952,0.8746776,0.3276444,-0.06499488,-0.01725626,0.1037238,0.1236153,-0.3867112,0.5458502,-0.7363394,0.1015211,168.3465,-0.3887195,0.548685,-0.7401636,-0.09792406,1.208697,-0.06684225,1.214498,0.01066801,-0.1786421,-0.1912764,-0.9650837,329.6294,0.04072668,-0.6819921,-0.7302251,False,False,False,False
1772879682273,7.888562,0.1898328,1.03089,0.1840594,1.064259,-0.5676494,-0.6672791,0.2865997,0.3877802,134.3671,-0.6158375,-0.7239249,0.3109293,-0.1033373,0.6392043,-0.05971578,0.6502513,0.5306033,0.2537616,-0.7582967,0.2811607,147.341,0.5529072,0.2644286,-0.7901717,0.1065097,1.124996,0.2376202,1.15474,0.1322839,1.144047,0.2559199,1.179762,0.1438751,1.126724,0.2632836,1.165987,-0.01725635,0.6563078,0.03372324,0.6574001,-0.006307837,0.6451911,0.07780589,0.6498963,-0.02440407,0.6361694,0.1066751,0.6455126,0.1070665,-0.07066807,0.04701447,0.1366293,0.1278367,-0.06828335,0.01660016,0.1458781,0.1116425,-0.07145044,0.001890004,0.1325624,-0.1152126,0.03960898,-0.03988083,0.1281924,-0.1582828,0.05134079,-0.02595057,0.1684125,-0.1791706,0.04268801,0.001088716,0.1841889,0.10321,-0.07581856,0.04393619,0.1353926,0.1197594,-0.07306442,0.01752711,0.1413786,0.1065385,-0.07269723,0.002493657,0.1290022,-0.1149277,0.04023491,-0.03968729,0.1280715,-0.1579677,0.05175646,-0.0258385,0.1682265,-0.1790325,0.0430326,0.001281385,0.1841361,0.1065756,-0.07443272,0.02694495,0.1327578,-0.02496313,0.998185,0.03647751,0.04090172,175.3117,-0.02498404,0.9990209,0.03650806,-0.1435247,0.04219804,-0.02242405,0.1512708,0.1520016,-0.4558759,-0.3134019,0.8190555,70.01927,0.2649431,-0.7946046,-0.5462683,0.1649949,1.117256,0.1962762,1.146302,0.6798762,0.03811624,0.2839775,-0.6750351,264.9138,0.9215091,0.05166303,0.3849052,0.103811,-0.04337431,0.04149622,0.1199166,0.476823,-0.6149242,-0.5217756,-0.3496545,220.9324,0.5089485,-0.6563541,-0.5569297,-0.4031498,-0.2121017,-0.3994486,0.605868,0.3542568,0.8674821,0.3249491,0.1280037,165.2915,0.3571952,0.8746776,0.3276444,-0.06499488,-0.01725626,0.1037238,0.1236153,-0.3867112,0.5458502,-0.7363394,0.1015211,168.3465,-0.3887195,0.548685,-0.7401636,-0.09826867,1.208788,-0.06757263,1.214657,0.01122029,-0.1787166,-0.1910025,-0.9651179,329.6443,0.04285567,-0.6826046,-0.7295303,False,False,False,False
1772879682287,7.90211,0.1898328,1.03089,0.1840594,1.064259,-0.5676494,-0.6672791,0.2865997,0.3877802,134.3671,-0.6158375,-0.7239249,0.3109293,-0.1033373,0.6392043,-0.05971578,0.6502513,0.5306033,0.2537616,-0.7582967,0.2811607,147.341,0.5529072,0.2644286,-0.7901717,0.1065097,1.124996,0.2376202,1.15474,0.1322839,1.144047,0.2559199,1.179762,0.1438751,1.126724,0.2632836,1.165987,-0.01725635,0.6563078,0.03372324,0.6574001,-0.006307837,0.6451911,0.07780589,0.6498963,-0.02440407,0.6361694,0.1066751,0.6455126,0.1070665,-0.07066807,0.04701447,0.1366293,0.1278367,-0.06828335,0.01660016,0.1458781,0.1116425,-0.07145044,0.001890004,0.1325624,-0.1152126,0.03960898,-0.03988083,0.1281924,-0.1582828,0.05134079,-0.02595057,0.1684125,-0.1791706,0.04268801,0.001088716,0.1841889,0.10321,-0.07581856,0.04393619,0.1353926,0.1197594,-0.07306442,0.01752711,0.1413786,0.1065385,-0.07269723,0.002493657,0.1290022,-0.1149277,0.04023491,-0.03968729,0.1280715,-0.1579677,0.05175646,-0.0258385,0.1682265,-0.1790325,0.0430326,0.001281385,0.1841361,0.1065756,-0.07443272,0.02694495,0.1327578,-0.02496313,0.998185,0.03647751,0.04090172,175.3117,-0.02498404,0.9990209,0.03650806,-0.1435247,0.04219804,-0.02242405,0.1512708,0.1520016,-0.4558759,-0.3134019,0.8190555,70.01927,0.2649431,-0.7946046,-0.5462683,0.1649949,1.117256,0.1962762,1.146302,0.6798762,0.03811624,0.2839775,-0.6750351,264.9138,0.9215091,0.05166303,0.3849052,0.103811,-0.04337431,0.04149622,0.1199166,0.476823,-0.6149242,-0.5217756,-0.3496545,220.9324,0.5089485,-0.6563541,-0.5569297,-0.4031498,-0.2121017,-0.3994486,0.605868,0.3542568,0.8674821,0.3249491,0.1280037,165.2915,0.3571952,0.8746776,0.3276444,-0.06499488,-0.01725626,0.1037238,0.1236153,-0.3867112,0.5458502,-0.7363394,0.1015211,168.3465,-0.3887195,0.548685,-0.7401636,-0.09857202,1.208948,-0.06819139,1.214875,0.01170687,-0.178373,-0.1903048,-0.9653135,329.7301,0.04483783,-0.6831765,-0.7288758,False,False,False,False
1772879682301,7.916433,0.1898328,1.03089,0.1840594,1.064259,-0.5676494,-0.6672791,0.2865997,0.3877802,134.3671,-0.6158375,-0.7239249,0.3109293,-0.1033373,0.6392043,-0.05971578,0.6502513,0.5306033,0.2537616,-0.7582967,0.2811607,147.341,0.5529072,0.2644286,-0.7901717,0.1065097,1.124996,0.2376202,1.15474,0.1322839,1.144047,0.2559199,1.179762,0.1438751,1.126724,0.2632836,1.165987,-0.01725635,0.6563078,0.03372324,0.6574001,-0.006307837,0.6451911,0.07780589,0.6498963,-0.02440407,0.6361694,0.1066751,0.6455126,0.1070665,-0.07066807,0.04701447,0.1366293,0.1278367,-0.06828335,0.01660016,0.1458781,0.1116425,-0.07145044,0.001890004,0.1325624,-0.1152126,0.03960898,-0.03988083,0.1281924,-0.1582828,0.05134079,-0.02595057,0.1684125,-0.1791706,0.04268801,0.001088716,0.1841889,0.10321,-0.07581856,0.04393619,0.1353926,0.1197594,-0.07306442,0.01752711,0.1413786,0.1065385,-0.07269723,0.002493657,0.1290022,-0.1149277,0.04023491,-0.03968729,0.1280715,-0.1579677,0.05175646,-0.0258385,0.1682265,-0.1790325,0.0430326,0.001281385,0.1841361,0.1065756,-0.07443272,0.02694495,0.1327578,-0.02496313,0.998185,0.03647751,0.04090172,175.3117,-0.02498404,0.9990209,0.03650806,-0.1435247,0.04219804,-0.02242405,0.1512708,0.1520016,-0.4558759,-0.3134019,0.8190555,70.01927,0.2649431,-0.7946046,-0.5462683,0.1649166,1.117297,0.1963075,1.146336,0.6796325,0.0366247,0.2823868,-0.6760296,265.0683,0.922318,0.04970276,0.3832224,0.103811,-0.04337431,0.04149622,0.1199166,0.476823,-0.6149242,-0.5217756,-0.3496545,220.9324,0.5089485,-0.6563541,-0.5569297,-0.4031498,-0.2121017,-0.3994486,0.605868,0.3542568,0.8674821,0.3249491,0.1280037,165.2915,0.3571952,0.8746776,0.3276444,-0.06491657,-0.01729691,0.1036925,0.1235536,-0.3885387,0.5463901,-0.7349206,0.1019195,168.3006,-0.3905725,0.5492501,-0.7387675,-0.09884863,1.209084,-0.06876857,1.215066,0.01264684,-0.1774151,-0.1897062,-0.965596,329.8543,0.04863289,-0.6822424,-0.7295074,False,False,False,False
1772879682315,7.930272,0.1898328,1.03089,0.1840594,1.064259,-0.5676494,-0.6672791,0.2865997,0.3877802,134.3671,-0.6158375,-0.7239249,0.3109293,-0.1033373,0.6392043,-0.05971578,0.6502513,0.5306033,0.2537616,-0.7582967,0.2811607,147.341,0.5529072,0.2644286,-0.7901717,0.1065097,1.124996,0.2376202,1.15474,0.1322839,1.144047,0.2559199,1.179762,0.1438751,1.126724,0.2632836,1.165987,-0.01725635,0.6563078,0.03372324,0.6574001,-0.006307837,0.6451911,0.07780589,0.6498963,-0.02440407,0.6361694,0.1066751,0.6455126,0.1070665,-0.07066807,0.04701447,0.1366293,0.1278367,-0.06828335,0.01660016,0.1458781,0.1116425,-0.07145044,0.001890004,0.1325624,-0.1152126,0.03960898,-0.03988083,0.1281924,-0.1582828,0.05134079,-0.02595057,0.1684125,-0.1791706,0.04268801,0.001088716,0.1841889,0.10321,-0.07581856,0.04393619,0.1353926,0.1197594,-0.07306442,0.01752711,0.1413786,0.1065385,-0.07269723,0.002493657,0.1290022,-0.1149277,0.04023491,-0.03968729,0.1280715,-0.1579677,0.05175646,-0.0258385,0.1682265,-0.1790325,0.0430326,0.001281385,0.1841361,0.1065756,-0.07443272,0.02694495,0.1327578,-0.02496313,0.998185,0.03647751,0.04090172,175.3117,-0.02498404,0.9990209,0.03650806,-0.1435247,0.04219804,-0.02242405,0.1512708,0.1520016,-0.4558759,-0.3134019,0.8190555,70.01927,0.2649431,-0.7946046,-0.5462683,0.1647166,1.117395,0.196695,1.146469,0.6780446,0.03562383,0.2807933,-0.6783375,265.4277,0.9228229,0.04848425,0.3821614,0.103811,-0.04337431,0.04149622,0.1199166,0.476823,-0.6149242,-0.5217756,-0.3496545,220.9324,0.5089485,-0.6563541,-0.5569297,-0.4031498,-0.2121017,-0.3994486,0.605868,0.3542568,0.8674821,0.3249491,0.1280037,165.2915,0.3571952,0.8746776,0.3276444,-0.06471661,-0.01739466,0.1033051,0.1231371,-0.3904592,0.5479212,-0.7329208,0.1007543,168.4348,-0.3924563,0.5507236,-0.7366694,-0.09912077,1.209173,-0.06934407,1.215209,0.01337206,-0.176635,-0.189706,-0.9657292,329.9131,0.05151985,-0.6805392,-0.7308992,False,False,False,False
1772879682330,7.943843,0.1898328,1.03089,0.1840594,1.064259,-0.5676494,-0.6672791,0.2865997,0.3877802,134.3671,-0.6158375,-0.7239249,0.3109293,-0.1033373,0.6392043,-0.05971578,0.6502513,0.5306033,0.2537616,-0.7582967,0.2811607,147.341,0.5529072,0.2644286,-0.7901717,0.1065097,1.124996,0.2376202,1.15474,0.1322839,1.144047,0.2559199,1.179762,0.1438751,1.126724,0.2632836,1.165987,-0.01725635,0.6563078,0.03372324,0.6574001,-0.006307837,0.6451911,0.07780589,0.6498963,-0.02440407,0.6361694,0.1066751,0.6455126,0.1070665,-0.07066807,0.04701447,0.1366293,0.1278367,-0.06828335,0.01660016,0.1458781,0.1116425,-0.07145044,0.001890004,0.1325624,-0.1152126,0.03960898,-0.03988083,0.1281924,-0.1582828,0.05134079,-0.02595057,0.1684125,-0.1791706,0.04268801,0.001088716,0.1841889,0.10321,-0.07581856,0.04393619,0.1353926,0.1197594,-0.07306442,0.01752711,0.1413786,0.1065385,-0.07269723,0.002493657,0.1290022,-0.1149277,0.04023491,-0.03968729,0.1280715,-0.1579677,0.05175646,-0.0258385,0.1682265,-0.1790325,0.0430326,0.001281385,0.1841361,0.1065756,-0.07443272,0.02694495,0.1327578,-0.02496313,0.998185,0.03647751,0.04090172,175.3117,-0.02498404,0.9990209,0.03650806,-0.1435247,0.04219804,-0.02242405,0.1512708,0.1520016,-0.4558759,-0.3134019,0.8190555,70.01927,0.2649431,-0.7946046,-0.5462683,0.1642387,1.11684,0.1987214,1.14621,0.6761184,0.03475975,0.2792601,-0.6809328,265.8332,0.9232228,0.04746357,0.3813227,0.103811,-0.04337431,0.04149622,0.1199166,0.476823,-0.6149242,-0.5217756,-0.3496545,220.9324,0.5089485,-0.6563541,-0.5569297,-0.4031498,-0.2121017,-0.3994486,0.605868,0.3542568,0.8674821,0.3249491,0.1280037,165.2915,0.3571952,0.8746776,0.3276444,-0.06423867,-0.01684022,0.1012786,0.1211097,-0.392333,0.5496953,-0.730799,0.09921078,168.6125,-0.3942782,0.5524207,-0.7344223,-0.09933376,1.209301,-0.06993549,1.215388,0.01390036,-0.175728,-0.1895872,-0.9659106,329.9933,0.05369507,-0.6788116,-0.7323474,False,False,False,False
1772879682343,7.958215,0.1898328,1.03089,0.1840594,1.064259,-0.5676494,-0.6672791,0.2865997,0.3877802,134.3671,-0.6158375,-0.7239249,0.3109293,-0.1033373,0.6392043,-0.05971578,0.6502513,0.5306033,0.2537616,-0.7582967,0.2811607,147.341,0.5529072,0.2644286,-0.7901717,0.1065097,1.124996,0.2376202,1.15474,0.1322839,1.144047,0.2559199,1.179762,0.1438751,1.126724,0.2632836,1.165987,-0.01725635,0.6563078,0.03372324,0.6574001,-0.006307837,0.6451911,0.07780589,0.6498963,-0.02440407,0.6361694,0.1066751,0.6455126,0.1070665,-0.07066807,0.04701447,0.1366293,0.1278367,-0.06828335,0.01660016,0.1458781,0.1116425,-0.07145044,0.001890004,0.1325624,-0.1152126,0.03960898,-0.03988083,0.1281924,-0.1582828,0.05134079,-0.02595057,0.1684125,-0.1791706,0.04268801,0.001088716,0.1841889,0.10321,-0.07581856,0.04393619,0.1353926,0.1197594,-0.07306442,0.01752711,0.1413786,0.1065385,-0.07269723,0.002493657,0.1290022,-0.1149277,0.04023491,-0.03968729,0.1280715,-0.1579677,0.05175646,-0.0258385,0.1682265,-0.1790325,0.0430326,0.001281385,0.1841361,0.1065756,-0.07443272,0.02694495,0.1327578,-0.02496313,0.998185,0.03647751,0.04090172,175.3117,-0.02498404,0.9990209,0.03650806,-0.1435247,0.04219804,-0.02242405,0.1512708,0.1520016,-0.4558759,-0.3134019,0.8190555,70.01927,0.2649431,-0.7946046,-0.5462683,0.163844,1.117259,0.1993143,1.146664,0.6693205,0.03097118,0.2733051,-0.690185,267.2895,0.9249447,0.04279957,0.3776848,0.103811,-0.04337431,0.04149622,0.1199166,0.476823,-0.6149242,-0.5217756,-0.3496545,220.9324,0.5089485,-0.6563541,-0.5569297,-0.4031498,-0.2121017,-0.3994486,0.605868,0.3542568,0.8674821,0.3249491,0.1280037,165.2915,0.3571952,0.8746776,0.3276444,-0.06384396,-0.01725912,0.1006858,0.1204639,-0.3995081,0.5560304,-0.7227366,0.09420983,169.1883,-0.4012929,0.5585144,-0.7259654,-0.0996214,1.209404,-0.07048471,1.215546,0.0145005,-0.1749976,-0.1891301,-0.9661239,330.0879,0.05618639,-0.6780788,-0.7328391,False,False,False,False
1772879682358,7.97165,0.1898328,1.03089,0.1840594,1.064259,-0.5676494,-0.6672791,0.2865997,0.3877802,134.3671,-0.6158375,-0.7239249,0.3109293,-0.1033373,0.6392043,-0.05971578,0.6502513,0.5306033,0.2537616,-0.7582967,0.2811607,147.341,0.5529072,0.2644286,-0.7901717,0.1065097,1.124996,0.2376202,1.15474,0.1322839,1.144047,0.2559199,1.179762,0.1438751,1.126724,0.2632836,1.165987,-0.01725635,0.6563078,0.03372324,0.6574001,-0.006307837,0.6451911,0.07780589,0.6498963,-0.02440407,0.6361694,0.1066751,0.6455126,0.1070665,-0.07066807,0.04701447,0.1366293,0.1278367,-0.06828335,0.01660016,0.1458781,0.1116425,-0.07145044,0.001890004,0.1325624,-0.1152126,0.03960898,-0.03988083,0.1281924,-0.1582828,0.05134079,-0.02595057,0.1684125,-0.1791706,0.04268801,0.001088716,0.1841889,0.10321,-0.07581856,0.04393619,0.1353926,0.1197594,-0.07306442,0.01752711,0.1413786,0.1065385,-0.07269723,0.002493657,0.1290022,-0.1149277,0.04023491,-0.03968729,0.1280715,-0.1579677,0.05175646,-0.0258385,0.1682265,-0.1790325,0.0430326,0.001281385,0.1841361,0.1065756,-0.07443272,0.02694495,0.1327578,-0.02496313,0.998185,0.03647751,0.04090172,175.3117,-0.02498404,0.9990209,0.03650806,-0.1435247,0.04219804,-0.02242405,0.1512708,0.1520016,-0.4558759,-0.3134019,0.8190555,70.01927,0.2649431,-0.7946046,-0.5462683,0.163172,1.117445,0.200687,1.146989,0.6662373,0.02399914,0.2682585,-0.695406,268.1192,0.9271103,0.03339629,0.3732983,0.103811,-0.04337431,0.04149622,0.1199166,0.476823,-0.6149242,-0.5217756,-0.3496545,220.9324,0.5089485,-0.6563541,-0.5569297,-0.4031498,-0.2121017,-0.3994486,0.605868,0.3542568,0.8674821,0.3249491,0.1280037,165.2915,0.3571952,0.8746776,0.3276444,-0.06317203,-0.01744497,0.09931299,0.1189878,-0.4057959,0.5604846,-0.7156298,0.09518973,169.0755,-0.4076469,0.5630412,-0.7188941,-0.09982716,1.209511,-0.0709697,1.215696,0.01488472,-0.1742061,-0.1886641,-0.9663522,330.1894,0.05786708,-0.677258,-0.7334661,False,False,False,False
1772879682371,7.986183,0.1898328,1.03089,0.1840594,1.064259,-0.5676494,-0.6672791,0.2865997,0.3877802,134.3671,-0.6158375,-0.7239249,0.3109293,-0.1033373,0.6392043,-0.05971578,0.6502513,0.5306033,0.2537616,-0.7582967,0.2811607,147.341,0.5529072,0.2644286,-0.7901717,0.1065097,1.124996,0.2376202,1.15474,0.1322839,1.144047,0.2559199,1.179762,0.1438751,1.126724,0.2632836,1.165987,-0.01725635,0.6563078,0.03372324,0.6574001,-0.006307837,0.6451911,0.07780589,0.6498963,-0.02440407,0.6361694,0.1066751,0.6455126,0.1070665,-0.07066807,0.04701447,0.1366293,0.1278367,-0.06828335,0.01660016,0.1458781,0.1116425,-0.07145044,0.001890004,0.1325624,-0.1152126,0.03960898,-0.03988083,0.1281924,-0.1582828,0.05134079,-0.02595057,0.1684125,-0.1791706,0.04268801,0.001088716,0.1841889,0.10321,-0.07581856,0.04393619,0.1353926,0.1197594,-0.07306442,0.01752711,0.1413786,0.1065385,-0.07269723,0.002493657,0.1290022,-0.1149277,0.04023491,-0.03968729,0.1280715,-0.1579677,0.05175646,-0.0258385,0.1682265,-0.1790325,0.0430326,0.001281385,0.1841361,0.1065756,-0.07443272,0.02694495,0.1327578,-0.02496313,0.998185,0.03647751,0.04090172,175.3117,-0.02498404,0.9990209,0.03650806,-0.1435247,0.04219804,-0.02242405,0.1512708,0.1520016,-0.4558759,-0.3134019,0.8190555,70.01927,0.2649431,-0.7946046,-0.5462683,0.163099,1.117431,0.200796,1.146984,0.6673676,0.02315608,0.26804,-0.6944343,267.9643,0.9274712,0.03218106,0.3725074,0.103811,-0.04337431,0.04149622,0.1199166,0.476823,-0.6149242,-0.5217756,-0.3496545,220.9324,0.5089485,-0.6563541,-0.5569297,-0.4031498,-0.2121017,-0.3994486,0.605868,0.3542568,0.8674821,0.3249491,0.1280037,165.2915,0.3571952,0.8746776,0.3276444,-0.06309902,-0.01743114,0.09920397,0.118856,-0.406013,0.5598028,-0.7158313,0.09674781,168.8961,-0.4079266,0.5624412,-0.7192051,-0.09991735,1.209543,-0.07148878,1.215767,0.01512972,-0.1734959,-0.1885956,-0.9664896,330.2506,0.05893794,-0.6758548,-0.7346755,False,False,False,False
1772879682385,8.000093,0.1898328,1.03089,0.1840594,1.064259,-0.5676494,-0.6672791,0.2865997,0.3877802,134.3671,-0.6158375,-0.7239249,0.3109293,-0.1033373,0.6392043,-0.05971578,0.6502513,0.5306033,0.2537616,-0.7582967,0.2811607,147.341,0.5529072,0.2644286,-0.7901717,0.1065097,1.124996,0.2376202,1.15474,0.1322839,1.144047,0.2559199,1.179762,0.1438751,1.126724,0.2632836,1.165987,-0.01725635,0.6563078,0.03372324,0.6574001,-0.006307837,0.6451911,0.07780589,0.6498963,-0.02440407,0.6361694,0.1066751,0.6455126,0.1070665,-0.07066807,0.04701447,0.1366293,0.1278367,-0.06828335,0.01660016,0.1458781,0.1116425,-0.07145044,0.001890004,0.1325624,-0.1152126,0.03960898,-0.03988083,0.1281924,-0.1582828,0.05134079,-0.02595057,0.1684125,-0.1791706,0.04268801,0.001088716,0.1841889,0.10321,-0.07581856,0.04393619,0.1353926,0.1197594,-0.07306442,0.01752711,0.1413786,0.1065385,-0.07269723,0.002493657,0.1290022,-0.1149277,0.04023491,-0.03968729,0.1280715,-0.1579677,0.05175646,-0.0258385,0.1682265,-0.1790325,0.0430326,0.001281385,0.1841361,0.1065756,-0.07443272,0.02694495,0.1327578,-0.02496313,0.998185,0.03647751,0.04090172,175.3117,-0.02498404,0.9990209,0.03650806,-0.1435247,0.04219804,-0.02242405,0.1512708,0.1520016,-0.4558759,-0.3134019,0.8190555,70.01927,0.2649431,-0.7946046,-0.5462683,0.163099,1.117431,0.200796,1.146984,0.6673676,0.02315608,0.26804,-0.6944342,267.9643,0.927471,0.03218105,0.3725073,0.103811,-0.04337431,0.04149622,0.1199166,0.476823,-0.6149242,-0.5217756,-0.3496545,220.9324,0.5089485,-0.6563541,-0.5569297,-0.4031498,-0.2121017,-0.3994486,0.605868,0.3542568,0.8674821,0.3249491,0.1280037,165.2915,0.3571952,0.8746776,0.3276444,-0.06309902,-0.01743114,0.09920397,0.118856,-0.406013,0.5598027,-0.7158313,0.09674784,168.8961,-0.4079266,0.5624411,-0.7192051,-0.1000187,1.2097,-0.07196514,1.215959,0.01486788,-0.1734291,-0.1886533,-0.9664943,330.2527,0.05792201,-0.6756417,-0.7349521,False,False,False,False
1772879682398,8.013605,0.1898328,1.03089,0.1840594,1.064259,-0.5676494,-0.6672791,0.2865997,0.3877802,134.3671,-0.6158375,-0.7239249,0.3109293,-0.1033373,0.6392043,-0.05971578,0.6502513,0.5306033,0.2537616,-0.7582967,0.2811607,147.341,0.5529072,0.2644286,-0.7901717,0.1065097,1.124996,0.2376202,1.15474,0.1322839,1.144047,0.2559199,1.179762,0.1438751,1.126724,0.2632836,1.165987,-0.01725635,0.6563078,0.03372324,0.6574001,-0.006307837,0.6451911,0.07780589,0.6498963,-0.02440407,0.6361694,0.1066751,0.6455126,0.1070665,-0.07066807,0.04701447,0.1366293,0.1278367,-0.06828335,0.01660016,0.1458781,0.1116425,-0.07145044,0.001890004,0.1325624,-0.1152126,0.03960898,-0.03988083,0.1281924,-0.1582828,0.05134079,-0.02595057,0.1684125,-0.1791706,0.04268801,0.001088716,0.1841889,0.10321,-0.07581856,0.04393619,0.1353926,0.1197594,-0.07306442,0.01752711,0.1413786,0.1065385,-0.07269723,0.002493657,0.1290022,-0.1149277,0.04023491,-0.03968729,0.1280715,-0.1579677,0.05175646,-0.0258385,0.1682265,-0.1790325,0.0430326,0.001281385,0.1841361,0.1065756,-0.07443272,0.02694495,0.1327578,-0.02496313,0.998185,0.03647751,0.04090172,175.3117,-0.02498404,0.9990209,0.03650806,-0.1435247,0.04219804,-0.02242405,0.1512708,0.1520016,-0.4558759,-0.3134019,0.8190555,70.01927,0.2649431,-0.7946046,-0.5462683,0.163099,1.117431,0.200796,1.146984,0.6673676,0.02315608,0.26804,-0.6944342,267.9643,0.927471,0.03218105,0.3725073,0.103811,-0.04337431,0.04149622,0.1199166,0.476823,-0.6149242,-0.5217756,-0.3496545,220.9324,0.5089485,-0.6563541,-0.5569297,-0.4031498,-0.2121017,-0.3994486,0.605868,0.3542568,0.8674821,0.3249491,0.1280037,165.2915,0.3571952,0.8746776,0.3276444,-0.06309902,-0.01743114,0.09920397,0.118856,-0.406013,0.5598027,-0.7158313,0.09674784,168.8961,-0.4079266,0.5624411,-0.7192051,-0.1000471,1.209789,-0.07247432,1.21608,0.01471394,-0.1735732,-0.1882026,-0.9665587,330.2815,0.05737648,-0.6768423,-0.7338892,False,False,False,False
1772879682412,8.027574,0.1898328,1.03089,0.1840594,1.064259,-0.5676494,-0.6672791,0.2865997,0.3877802,134.3671,-0.6158375,-0.7239249,0.3109293,-0.1033373,0.6392043,-0.05971578,0.6502513,0.5306033,0.2537616,-0.7582967,0.2811607,147.341,0.5529072,0.2644286,-0.7901717,0.1065097,1.124996,0.2376202,1.15474,0.1322839,1.144047,0.2559199,1.179762,0.1438751,1.126724,0.2632836,1.165987,-0.01725635,0.6563078,0.03372324,0.6574001,-0.006307837,0.6451911,0.07780589,0.6498963,-0.02440407,0.6361694,0.1066751,0.6455126,0.1070665,-0.07066807,0.04701447,0.1366293,0.1278367,-0.06828335,0.01660016,0.1458781,0.1116425,-0.07145044,0.001890004,0.1325624,-0.1152126,0.03960898,-0.03988083,0.1281924,-0.1582828,0.05134079,-0.02595057,0.1684125,-0.1791706,0.04268801,0.001088716,0.1841889,0.10321,-0.07581856,0.04393619,0.1353926,0.1197594,-0.07306442,0.01752711,0.1413786,0.1065385,-0.07269723,0.002493657,0.1290022,-0.1149277,0.04023491,-0.03968729,0.1280715,-0.1579677,0.05175646,-0.0258385,0.1682265,-0.1790325,0.0430326,0.001281385,0.1841361,0.1065756,-0.07443272,0.02694495,0.1327578,-0.02496313,0.998185,0.03647751,0.04090172,175.3117,-0.02498404,0.9990209,0.03650806,-0.1435247,0.04219804,-0.02242405,0.1512708,0.1520016,-0.4558759,-0.3134019,0.8190555,70.01927,0.2649431,-0.7946046,-0.5462683,0.163099,1.117431,0.200796,1.146984,0.6673676,0.02315608,0.26804,-0.6944342,267.9643,0.927471,0.03218105,0.3725073,0.103811,-0.04337431,0.04149622,0.1199166,0.476823,-0.6149242,-0.5217756,-0.3496545,220.9324,0.5089485,-0.6563541,-0.5569297,-0.4031498,-0.2121017,-0.3994486,0.605868,0.3542568,0.8674821,0.3249491,0.1280037,165.2915,0.3571952,0.8746776,0.3276444,-0.06309902,-0.01743114,0.09920397,0.118856,-0.406013,0.5598027,-0.7158313,0.09674784,168.8961,-0.4079266,0.5624411,-0.7192051,-0.1001382,1.209758,-0.07283061,1.216078,0.0144479,-0.1740858,-0.1878579,-0.9665375,330.2721,0.05632155,-0.6786302,-0.7323176,False,False,False,False
1772879682426,8.040911,0.1898328,1.03089,0.1840594,1.064259,-0.5676494,-0.6672791,0.2865997,0.3877802,134.3671,-0.6158375,-0.7239249,0.3109293,-0.1033373,0.6392043,-0.05971578,0.6502513,0.5306033,0.2537616,-0.7582967,0.2811607,147.341,0.5529072,0.2644286,-0.7901717,0.1065097,1.124996,0.2376202,1.15474,0.1322839,1.144047,0.2559199,1.179762,0.1438751,1.126724,0.2632836,1.165987,-0.01725635,0.6563078,0.03372324,0.6574001,-0.006307837,0.6451911,0.07780589,0.6498963,-0.02440407,0.6361694,0.1066751,0.6455126,0.1070665,-0.07066807,0.04701447,0.1366293,0.1278367,-0.06828335,0.01660016,0.1458781,0.1116425,-0.07145044,0.001890004,0.1325624,-0.1152126,0.03960898,-0.03988083,0.1281924,-0.1582828,0.05134079,-0.02595057,0.1684125,-0.1791706,0.04268801,0.001088716,0.1841889,0.10321,-0.07581856,0.04393619,0.1353926,0.1197594,-0.07306442,0.01752711,0.1413786,0.1065385,-0.07269723,0.002493657,0.1290022,-0.1149277,0.04023491,-0.03968729,0.1280715,-0.1579677,0.05175646,-0.0258385,0.1682265,-0.1790325,0.0430326,0.001281385,0.1841361,0.1065756,-0.07443272,0.02694495,0.1327578,-0.02496313,0.998185,0.03647751,0.04090172,175.3117,-0.02498404,0.9990209,0.03650806,-0.1435247,0.04219804,-0.02242405,0.1512708,0.1520016,-0.4558759,-0.3134019,0.8190555,70.01927,0.2649431,-0.7946046,-0.5462683,0.163099,1.117431,0.200796,1.146984,0.6673676,0.02315608,0.26804,-0.6944342,267.9643,0.927471,0.03218105,0.3725073,0.103811,-0.04337431,0.04149622,0.1199166,0.476823,-0.6149242,-0.5217756,-0.3496545,220.9324,0.5089485,-0.6563541,-0.5569297,-0.4031498,-0.2121017,-0.3994486,0.605868,0.3542568,0.8674821,0.3249491,0.1280037,165.2915,0.3571952,0.8746776,0.3276444,-0.06309902,-0.01743114,0.09920397,0.118856,-0.406013,0.5598027,-0.7158313,0.09674784,168.8961,-0.4079266,0.5624411,-0.7192051,-0.1001813,1.209787,-0.07318208,1.216132,0.01393591,-0.1745558,-0.1873631,-0.9665564,330.2805,0.05434072,-0.6806508,-0.7305908,False,False,False,False
1772879682441,8.054719,0.1898328,1.03089,0.1840594,1.064259,-0.5676494,-0.6672791,0.2865997,0.3877802,134.3671,-0.6158375,-0.7239249,0.3109293,-0.1033373,0.6392043,-0.05971578,0.6502513,0.5306033,0.2537616,-0.7582967,0.2811607,147.341,0.5529072,0.2644286,-0.7901717,0.1065097,1.124996,0.2376202,1.15474,0.1322839,1.144047,0.2559199,1.179762,0.1438751,1.126724,0.2632836,1.165987,-0.01725635,0.6563078,0.03372324,0.6574001,-0.006307837,0.6451911,0.07780589,0.6498963,-0.02440407,0.6361694,0.1066751,0.6455126,0.1070665,-0.07066807,0.04701447,0.1366293,0.1278367,-0.06828335,0.01660016,0.1458781,0.1116425,-0.07145044,0.001890004,0.1325624,-0.1152126,0.03960898,-0.03988083,0.1281924,-0.1582828,0.05134079,-0.02595057,0.1684125,-0.1791706,0.04268801,0.001088716,0.1841889,0.10321,-0.07581856,0.04393619,0.1353926,0.1197594,-0.07306442,0.01752711,0.1413786,0.1065385,-0.07269723,0.002493657,0.1290022,-0.1149277,0.04023491,-0.03968729,0.1280715,-0.1579677,0.05175646,-0.0258385,0.1682265,-0.1790325,0.0430326,0.001281385,0.1841361,0.1065756,-0.07443272,0.02694495,0.1327578,-0.02496313,0.998185,0.03647751,0.04090172,175.3117,-0.02498404,0.9990209,0.03650806,-0.1435247,0.04219804,-0.02242405,0.1512708,0.1520016,-0.4558759,-0.3134019,0.8190555,70.01927,0.2649431,-0.7946046,-0.5462683,0.163099,1.117431,0.200796,1.146984,0.6673676,0.02315608,0.26804,-0.6944342,267.9643,0.927471,0.03218105,0.3725073,0.103811,-0.04337431,0.04149622,0.1199166,0.476823,-0.6149242,-0.5217756,-0.3496545,220.9324,0.5089485,-0.6563541,-0.5569297,-0.4031498,-0.2121017,-0.3994486,0.605868,0.3542568,0.8674821,0.3249491,0.1280037,165.2915,0.3571952,0.8746776,0.3276444,-0.06309902,-0.01743114,0.09920397,0.118856,-0.406013,0.5598027,-0.7158313,0.09674784,168.8961,-0.4079266,0.5624411,-0.7192051,-0.1001831,1.209732,-0.07343376,1.216093,0.01339418,-0.1746961,-0.1872721,-0.9665563,330.2804,0.0522283,-0.6811975,-0.7302354,False,False,False,False
1772879682453,8.069361,0.1898328,1.03089,0.1840594,1.064259,-0.5676494,-0.6672791,0.2865997,0.3877802,134.3671,-0.6158375,-0.7239249,0.3109293,-0.1033373,0.6392043,-0.05971578,0.6502513,0.5306033,0.2537616,-0.7582967,0.2811607,147.341,0.5529072,0.2644286,-0.7901717,0.1065097,1.124996,0.2376202,1.15474,0.1322839,1.144047,0.2559199,1.179762,0.1438751,1.126724,0.2632836,1.165987,-0.01725635,0.6563078,0.03372324,0.6574001,-0.006307837,0.6451911,0.07780589,0.6498963,-0.02440407,0.6361694,0.1066751,0.6455126,0.1070665,-0.07066807,0.04701447,0.1366293,0.1278367,-0.06828335,0.01660016,0.1458781,0.1116425,-0.07145044,0.001890004,0.1325624,-0.1152126,0.03960898,-0.03988083,0.1281924,-0.1582828,0.05134079,-0.02595057,0.1684125,-0.1791706,0.04268801,0.001088716,0.1841889,0.10321,-0.07581856,0.04393619,0.1353926,0.1197594,-0.07306442,0.01752711,0.1413786,0.1065385,-0.07269723,0.002493657,0.1290022,-0.1149277,0.04023491,-0.03968729,0.1280715,-0.1579677,0.05175646,-0.0258385,0.1682265,-0.1790325,0.0430326,0.001281385,0.1841361,0.1065756,-0.07443272,0.02694495,0.1327578,-0.02496313,0.998185,0.03647751,0.04090172,175.3117,-0.02498404,0.9990209,0.03650806,-0.1435247,0.04219804,-0.02242405,0.1512708,0.1520016,-0.4558759,-0.3134019,0.8190555,70.01927,0.2649431,-0.7946046,-0.5462683,0.163099,1.117431,0.200796,1.146984,0.6673676,0.02315608,0.26804,-0.6944342,267.9643,0.927471,0.03218105,0.3725073,0.103811,-0.04337431,0.04149622,0.1199166,0.476823,-0.6149242,-0.5217756,-0.3496545,220.9324,0.5089485,-0.6563541,-0.5569297,-0.4031498,-0.2121017,-0.3994486,0.605868,0.3542568,0.8674821,0.3249491,0.1280037,165.2915,0.3571952,0.8746776,0.3276444,-0.06309902,-0.01743114,0.09920397,0.118856,-0.406013,0.5598027,-0.7158313,0.09674784,168.8961,-0.4079266,0.5624411,-0.7192051,-0.1002496,1.209665,-0.07364155,1.216044,0.01297174,-0.1747415,-0.1869237,-0.9666213,330.3095,0.05062944,-0.682026,-0.7295735,False,False,False,False
1772879682468,8.082752,0.1898328,1.03089,0.1840594,1.064259,-0.5676494,-0.6672791,0.2865997,0.3877802,134.3671,-0.6158375,-0.7239249,0.3109293,-0.1033373,0.6392043,-0.05971578,0.6502513,0.5306033,0.2537616,-0.7582967,0.2811607,147.341,0.5529072,0.2644286,-0.7901717,0.1065097,1.124996,0.2376202,1.15474,0.1322839,1.144047,0.2559199,1.179762,0.1438751,1.126724,0.2632836,1.165987,-0.01725635,0.6563078,0.03372324,0.6574001,-0.006307837,0.6451911,0.07780589,0.6498963,-0.02440407,0.6361694,0.1066751,0.6455126,0.1070665,-0.07066807,0.04701447,0.1366293,0.1278367,-0.06828335,0.01660016,0.1458781,0.1116425,-0.07145044,0.001890004,0.1325624,-0.1152126,0.03960898,-0.03988083,0.1281924,-0.1582828,0.05134079,-0.02595057,0.1684125,-0.1791706,0.04268801,0.001088716,0.1841889,0.10321,-0.07581856,0.04393619,0.1353926,0.1197594,-0.07306442,0.01752711,0.1413786,0.1065385,-0.07269723,0.002493657,0.1290022,-0.1149277,0.04023491,-0.03968729,0.1280715,-0.1579677,0.05175646,-0.0258385,0.1682265,-0.1790325,0.0430326,0.001281385,0.1841361,0.1065756,-0.07443272,0.02694495,0.1327578,-0.02496313,0.998185,0.03647751,0.04090172,175.3117,-0.02498404,0.9990209,0.03650806,-0.1435247,0.04219804,-0.02242405,0.1512708,0.1520016,-0.4558759,-0.3134019,0.8190555,70.01927,0.2649431,-0.7946046,-0.5462683,0.163099,1.117431,0.200796,1.146984,0.6673676,0.02315608,0.26804,-0.6944342,267.9643,0.927471,0.03218105,0.3725073,0.103811,-0.04337431,0.04149622,0.1199166,0.476823,-0.6149242,-0.5217756,-0.3496545,220.9324,0.5089485,-0.6563541,-0.5569297,-0.4031498,-0.2121017,-0.3994486,0.605868,0.3542568,0.8674821,0.3249491,0.1280037,165.2915,0.3571952,0.8746776,0.3276444,-0.06309902,-0.01743114,0.09920397,0.118856,-0.406013,0.5598027,-0.7158313,0.09674784,168.8961,-0.4079266,0.5624411,-0.7192051,-0.1002246,1.209662,-0.07381619,1.216049,0.01226004,-0.1745905,-0.1866671,-0.9667074,330.348,0.04791246,-0.6823024,-0.7294982,False,False,False,False
1772879682482,8.096898,0.1898328,1.03089,0.1840594,1.064259,-0.5676494,-0.6672791,0.2865997,0.3877802,134.3671,-0.6158375,-0.7239249,0.3109293,-0.1033373,0.6392043,-0.05971578,0.6502513,0.5306033,0.2537616,-0.7582967,0.2811607,147.341,0.5529072,0.2644286,-0.7901717,0.1065097,1.124996,0.2376202,1.15474,0.1322839,1.144047,0.2559199,1.179762,0.1438751,1.126724,0.2632836,1.165987,-0.01725635,0.6563078,0.03372324,0.6574001,-0.006307837,0.6451911,0.07780589,0.6498963,-0.02440407,0.6361694,0.1066751,0.6455126,0.1070665,-0.07066807,0.04701447,0.1366293,0.1278367,-0.06828335,0.01660016,0.1458781,0.1116425,-0.07145044,0.001890004,0.1325624,-0.1152126,0.03960898,-0.03988083,0.1281924,-0.1582828,0.05134079,-0.02595057,0.1684125,-0.1791706,0.04268801,0.001088716,0.1841889,0.10321,-0.07581856,0.04393619,0.1353926,0.1197594,-0.07306442,0.01752711,0.1413786,0.1065385,-0.07269723,0.002493657,0.1290022,-0.1149277,0.04023491,-0.03968729,0.1280715,-0.1579677,0.05175646,-0.0258385,0.1682265,-0.1790325,0.0430326,0.001281385,0.1841361,0.1065756,-0.07443272,0.02694495,0.1327578,-0.02496313,0.998185,0.03647751,0.04090172,175.3117,-0.02498404,0.9990209,0.03650806,-0.1435247,0.04219804,-0.02242405,0.1512708,0.1520016,-0.4558759,-0.3134019,0.8190555,70.01927,0.2649431,-0.7946046,-0.5462683,0.163099,1.117431,0.200796,1.146984,0.6673676,0.02315608,0.26804,-0.6944342,267.9643,0.927471,0.03218105,0.3725073,0.103811,-0.04337431,0.04149622,0.1199166,0.476823,-0.6149242,-0.5217756,-0.3496545,220.9324,0.5089485,-0.6563541,-0.5569297,-0.4031498,-0.2121017,-0.3994486,0.605868,0.3542568,0.8674821,0.3249491,0.1280037,165.2915,0.3571952,0.8746776,0.3276444,-0.06309902,-0.01743114,0.09920397,0.118856,-0.406013,0.5598027,-0.7158313,0.09674784,168.8961,-0.4079266,0.5624411,-0.7192051,-0.1001249,1.209579,-0.07385902,1.215961,0.01168132,-0.1743691,-0.1874066,-0.9666115,330.3051,0.04558628,-0.6804743,-0.731353,False,False,False,False
1772879682496,8.110352,0.1898328,1.03089,0.1840594,1.064259,-0.5676494,-0.6672791,0.2865997,0.3877802,134.3671,-0.6158375,-0.7239249,0.3109293,-0.1033373,0.6392043,-0.05971578,0.6502513,0.5306033,0.2537616,-0.7582967,0.2811607,147.341,0.5529072,0.2644286,-0.7901717,0.1065097,1.124996,0.2376202,1.15474,0.1322839,1.144047,0.2559199,1.179762,0.1438751,1.126724,0.2632836,1.165987,-0.01725635,0.6563078,0.03372324,0.6574001,-0.006307837,0.6451911,0.07780589,0.6498963,-0.02440407,0.6361694,0.1066751,0.6455126,0.1070665,-0.07066807,0.04701447,0.1366293,0.1278367,-0.06828335,0.01660016,0.1458781,0.1116425,-0.07145044,0.001890004,0.1325624,-0.1152126,0.03960898,-0.03988083,0.1281924,-0.1582828,0.05134079,-0.02595057,0.1684125,-0.1791706,0.04268801,0.001088716,0.1841889,0.10321,-0.07581856,0.04393619,0.1353926,0.1197594,-0.07306442,0.01752711,0.1413786,0.1065385,-0.07269723,0.002493657,0.1290022,-0.1149277,0.04023491,-0.03968729,0.1280715,-0.1579677,0.05175646,-0.0258385,0.1682265,-0.1790325,0.0430326,0.001281385,0.1841361,0.1065756,-0.07443272,0.02694495,0.1327578,-0.02496313,0.998185,0.03647751,0.04090172,175.3117,-0.02498404,0.9990209,0.03650806,-0.1435247,0.04219804,-0.02242405,0.1512708,0.1520016,-0.4558759,-0.3134019,0.8190555,70.01927,0.2649431,-0.7946046,-0.5462683,0.163099,1.117431,0.200796,1.146984,0.6673676,0.02315608,0.26804,-0.6944342,267.9643,0.927471,0.03218105,0.3725073,0.103811,-0.04337431,0.04149622,0.1199166,0.476823,-0.6149242,-0.5217756,-0.3496545,220.9324,0.5089485,-0.6563541,-0.5569297,-0.4031498,-0.2121017,-0.3994486,0.605868,0.3542568,0.8674821,0.3249491,0.1280037,165.2915,0.3571952,0.8746776,0.3276444,-0.06309902,-0.01743114,0.09920397,0.118856,-0.406013,0.5598027,-0.7158313,0.09674784,168.8961,-0.4079266,0.5624411,-0.7192051,-0.1002205,1.209641,-0.07403195,1.216041,0.01071919,-0.174288,-0.1885424,-0.9664164,330.218,0.04171193,-0.6782127,-0.733681,False,False,False,False
1772879682510,8.124415,0.1898328,1.03089,0.1840594,1.064259,-0.5676494,-0.6672791,0.2865997,0.3877802,134.3671,-0.6158375,-0.7239249,0.3109293,-0.1033373,0.6392043,-0.05971578,0.6502513,0.5306033,0.2537616,-0.7582967,0.2811607,147.341,0.5529072,0.2644286,-0.7901717,0.1065097,1.124996,0.2376202,1.15474,0.1322839,1.144047,0.2559199,1.179762,0.1438751,1.126724,0.2632836,1.165987,-0.01725635,0.6563078,0.03372324,0.6574001,-0.006307837,0.6451911,0.07780589,0.6498963,-0.02440407,0.6361694,0.1066751,0.6455126,0.1070665,-0.07066807,0.04701447,0.1366293,0.1278367,-0.06828335,0.01660016,0.1458781,0.1116425,-0.07145044,0.001890004,0.1325624,-0.1152126,0.03960898,-0.03988083,0.1281924,-0.1582828,0.05134079,-0.02595057,0.1684125,-0.1791706,0.04268801,0.001088716,0.1841889,0.10321,-0.07581856,0.04393619,0.1353926,0.1197594,-0.07306442,0.01752711,0.1413786,0.1065385,-0.07269723,0.002493657,0.1290022,-0.1149277,0.04023491,-0.03968729,0.1280715,-0.1579677,0.05175646,-0.0258385,0.1682265,-0.1790325,0.0430326,0.001281385,0.1841361,0.1065756,-0.07443272,0.02694495,0.1327578,-0.02496313,0.998185,0.03647751,0.04090172,175.3117,-0.02498404,0.9990209,0.03650806,-0.1435247,0.04219804,-0.02242405,0.1512708,0.1520016,-0.4558759,-0.3134019,0.8190555,70.01927,0.2649431,-0.7946046,-0.5462683,0.163099,1.117431,0.200796,1.146984,0.6673676,0.02315608,0.26804,-0.6944342,267.9643,0.927471,0.03218105,0.3725073,0.103811,-0.04337431,0.04149622,0.1199166,0.476823,-0.6149242,-0.5217756,-0.3496545,220.9324,0.5089485,-0.6563541,-0.5569297,-0.4031498,-0.2121017,-0.3994486,0.605868,0.3542568,0.8674821,0.3249491,0.1280037,165.2915,0.3571952,0.8746776,0.3276444,-0.06309902,-0.01743114,0.09920397,0.118856,-0.406013,0.5598027,-0.7158313,0.09674784,168.8961,-0.4079266,0.5624411,-0.7192051,-0.1000606,1.209502,-0.07401867,1.215889,0.009499867,-0.1742907,-0.1891355,-0.9663128,330.1718,0.03691123,-0.6771972,-0.734876,False,False,False,False
1772879682524,8.138704,0.1898328,1.03089,0.1840594,1.064259,-0.5676494,-0.6672791,0.2865997,0.3877802,134.3671,-0.6158375,-0.7239249,0.3109293,-0.1033373,0.6392043,-0.05971578,0.6502513,0.5306033,0.2537616,-0.7582967,0.2811607,147.341,0.5529072,0.2644286,-0.7901717,0.1065097,1.124996,0.2376202,1.15474,0.1322839,1.144047,0.2559199,1.179762,0.1438751,1.126724,0.2632836,1.165987,-0.01725635,0.6563078,0.03372324,0.6574001,-0.006307837,0.6451911,0.07780589,0.6498963,-0.02440407,0.6361694,0.1066751,0.6455126,0.1070665,-0.07066807,0.04701447,0.1366293,0.1278367,-0.06828335,0.01660016,0.1458781,0.1116425,-0.07145044,0.001890004,0.1325624,-0.1152126,0.03960898,-0.03988083,0.1281924,-0.1582828,0.05134079,-0.02595057,0.1684125,-0.1791706,0.04268801,0.001088716,0.1841889,0.10321,-0.07581856,0.04393619,0.1353926,0.1197594,-0.07306442,0.01752711,0.1413786,0.1065385,-0.07269723,0.002493657,0.1290022,-0.1149277,0.04023491,-0.03968729,0.1280715,-0.1579677,0.05175646,-0.0258385,0.1682265,-0.1790325,0.0430326,0.001281385,0.1841361,0.1065756,-0.07443272,0.02694495,0.1327578,-0.02496313,0.998185,0.03647751,0.04090172,175.3117,-0.02498404,0.9990209,0.03650806,-0.1435247,0.04219804,-0.02242405,0.1512708,0.1520016,-0.4558759,-0.3134019,0.8190555,70.01927,0.2649431,-0.7946046,-0.5462683,0.163099,1.117431,0.200796,1.146984,0.6673676,0.02315608,0.26804,-0.6944342,267.9643,0.927471,0.03218105,0.3725073,0.103811,-0.04337431,0.04149622,0.1199166,0.476823,-0.6149242,-0.5217756,-0.3496545,220.9324,0.5089485,-0.6563541,-0.5569297,-0.4031498,-0.2121017,-0.3994486,0.605868,0.3542568,0.8674821,0.3249491,0.1280037,165.2915,0.3571952,0.8746776,0.3276444,-0.06309902,-0.01743114,0.09920397,0.118856,-0.406013,0.5598027,-0.7158313,0.09674784,168.8961,-0.4079266,0.5624411,-0.7192051,-0.09978903,1.209238,-0.0742018,1.215615,0.007996304,-0.1747115,-0.1887694,-0.9663219,330.1759,0.03107338,-0.6789234,-0.7335519,False,False,False,False
1772879682538,8.152296,0.1898328,1.03089,0.1840594,1.064259,-0.5676494,-0.6672791,0.2865997,0.3877802,134.3671,-0.6158375,-0.7239249,0.3109293,-0.1033373,0.6392043,-0.05971578,0.6502513,0.5306033,0.2537616,-0.7582967,0.2811607,147.341,0.5529072,0.2644286,-0.7901717,0.1065097,1.124996,0.2376202,1.15474,0.1322839,1.144047,0.2559199,1.179762,0.1438751,1.126724,0.2632836,1.165987,-0.01725635,0.6563078,0.03372324,0.6574001,-0.006307837,0.6451911,0.07780589,0.6498963,-0.02440407,0.6361694,0.1066751,0.6455126,0.1070665,-0.07066807,0.04701447,0.1366293,0.1278367,-0.06828335,0.01660016,0.1458781,0.1116425,-0.07145044,0.001890004,0.1325624,-0.1152126,0.03960898,-0.03988083,0.1281924,-0.1582828,0.05134079,-0.02595057,0.1684125,-0.1791706,0.04268801,0.001088716,0.1841889,0.10321,-0.07581856,0.04393619,0.1353926,0.1197594,-0.07306442,0.01752711,0.1413786,0.1065385,-0.07269723,0.002493657,0.1290022,-0.1149277,0.04023491,-0.03968729,0.1280715,-0.1579677,0.05175646,-0.0258385,0.1682265,-0.1790325,0.0430326,0.001281385,0.1841361,0.1065756,-0.07443272,0.02694495,0.1327578,-0.02496313,0.998185,0.03647751,0.04090172,175.3117,-0.02498404,0.9990209,0.03650806,-0.1435247,0.04219804,-0.02242405,0.1512708,0.1520016,-0.4558759,-0.3134019,0.8190555,70.01927,0.2649431,-0.7946046,-0.5462683,0.163099,1.117431,0.200796,1.146984,0.6673676,0.02315608,0.26804,-0.6944342,267.9643,0.927471,0.03218105,0.3725073,0.103811,-0.04337431,0.04149622,0.1199166,0.476823,-0.6149242,-0.5217756,-0.3496545,220.9324,0.5089485,-0.6563541,-0.5569297,-0.4031498,-0.2121017,-0.3994486,0.605868,0.3542568,0.8674821,0.3249491,0.1280037,165.2915,0.3571952,0.8746776,0.3276444,-0.06309902,-0.01743114,0.09920397,0.118856,-0.406013,0.5598027,-0.7158313,0.09674784,168.8961,-0.4079266,0.5624411,-0.7192051,-0.09914077,1.208649,-0.074447,1.214991,0.006113592,-0.1758008,-0.1878765,-0.9663122,330.1715,0.02375383,-0.6830588,-0.729978,False,False,False,False
1772879682552,8.166637,0.1898328,1.03089,0.1840594,1.064259,-0.5676494,-0.6672791,0.2865997,0.3877802,134.3671,-0.6158375,-0.7239249,0.3109293,-0.1033373,0.6392043,-0.05971578,0.6502513,0.5306033,0.2537616,-0.7582967,0.2811607,147.341,0.5529072,0.2644286,-0.7901717,0.1065097,1.124996,0.2376202,1.15474,0.1322839,1.144047,0.2559199,1.179762,0.1438751,1.126724,0.2632836,1.165987,-0.01725635,0.6563078,0.03372324,0.6574001,-0.006307837,0.6451911,0.07780589,0.6498963,-0.02440407,0.6361694,0.1066751,0.6455126,0.1070665,-0.07066807,0.04701447,0.1366293,0.1278367,-0.06828335,0.01660016,0.1458781,0.1116425,-0.07145044,0.001890004,0.1325624,-0.1152126,0.03960898,-0.03988083,0.1281924,-0.1582828,0.05134079,-0.02595057,0.1684125,-0.1791706,0.04268801,0.001088716,0.1841889,0.10321,-0.07581856,0.04393619,0.1353926,0.1197594,-0.07306442,0.01752711,0.1413786,0.1065385,-0.07269723,0.002493657,0.1290022,-0.1149277,0.04023491,-0.03968729,0.1280715,-0.1579677,0.05175646,-0.0258385,0.1682265,-0.1790325,0.0430326,0.001281385,0.1841361,0.1065756,-0.07443272,0.02694495,0.1327578,-0.02496313,0.998185,0.03647751,0.04090172,175.3117,-0.02498404,0.9990209,0.03650806,-0.1435247,0.04219804,-0.02242405,0.1512708,0.1520016,-0.4558759,-0.3134019,0.8190555,70.01927,0.2649431,-0.7946046,-0.5462683,0.163099,1.117431,0.200796,1.146984,0.6673676,0.02315608,0.26804,-0.6944342,267.9643,0.927471,0.03218105,0.3725073,0.103811,-0.04337431,0.04149622,0.1199166,0.476823,-0.6149242,-0.5217756,-0.3496545,220.9324,0.5089485,-0.6563541,-0.5569297,-0.4031498,-0.2121017,-0.3994486,0.605868,0.3542568,0.8674821,0.3249491,0.1280037,165.2915,0.3571952,0.8746776,0.3276444,-0.06309902,-0.01743114,0.09920397,0.118856,-0.406013,0.5598027,-0.7158313,0.09674784,168.8961,-0.4079266,0.5624411,-0.7192051,-0.09881558,1.208365,-0.07475471,1.214701,0.004286236,-0.1768047,-0.1870842,-0.9662926,330.1628,0.01664903,-0.6867629,-0.7266914,False,False,False,False
1772879682565,8.180081,0.1898328,1.03089,0.1840594,1.064259,-0.5676494,-0.6672791,0.2865997,0.3877802,134.3671,-0.6158375,-0.7239249,0.3109293,-0.1033373,0.6392043,-0.05971578,0.6502513,0.5306033,0.2537616,-0.7582967,0.2811607,147.341,0.5529072,0.2644286,-0.7901717,0.1065097,1.124996,0.2376202,1.15474,0.1322839,1.144047,0.2559199,1.179762,0.1438751,1.126724,0.2632836,1.165987,-0.01725635,0.6563078,0.03372324,0.6574001,-0.006307837,0.6451911,0.07780589,0.6498963,-0.02440407,0.6361694,0.1066751,0.6455126,0.1070665,-0.07066807,0.04701447,0.1366293,0.1278367,-0.06828335,0.01660016,0.1458781,0.1116425,-0.07145044,0.001890004,0.1325624,-0.1152126,0.03960898,-0.03988083,0.1281924,-0.1582828,0.05134079,-0.02595057,0.1684125,-0.1791706,0.04268801,0.001088716,0.1841889,0.10321,-0.07581856,0.04393619,0.1353926,0.1197594,-0.07306442,0.01752711,0.1413786,0.1065385,-0.07269723,0.002493657,0.1290022,-0.1149277,0.04023491,-0.03968729,0.1280715,-0.1579677,0.05175646,-0.0258385,0.1682265,-0.1790325,0.0430326,0.001281385,0.1841361,0.1065756,-0.07443272,0.02694495,0.1327578,-0.02496313,0.998185,0.03647751,0.04090172,175.3117,-0.02498404,0.9990209,0.03650806,-0.1435247,0.04219804,-0.02242405,0.1512708,0.1520016,-0.4558759,-0.3134019,0.8190555,70.01927,0.2649431,-0.7946046,-0.5462683,0.163099,1.117431,0.200796,1.146984,0.6673676,0.02315608,0.26804,-0.6944342,267.9643,0.927471,0.03218105,0.3725073,0.103811,-0.04337431,0.04149622,0.1199166,0.476823,-0.6149242,-0.5217756,-0.3496545,220.9324,0.5089485,-0.6563541,-0.5569297,-0.4031498,-0.2121017,-0.3994486,0.605868,0.3542568,0.8674821,0.3249491,0.1280037,165.2915,0.3571952,0.8746776,0.3276444,-0.06309902,-0.01743114,0.09920397,0.118856,-0.406013,0.5598027,-0.7158313,0.09674784,168.8961,-0.4079266,0.5624411,-0.7192051,-0.09847766,1.208067,-0.07503124,1.214394,0.002539627,-0.1773981,-0.1865698,-0.9662894,330.1614,0.009864228,-0.6890361,-0.72466,False,False,False,False
1772879682580,8.19349,0.1898328,1.03089,0.1840594,1.064259,-0.5676494,-0.6672791,0.2865997,0.3877802,134.3671,-0.6158375,-0.7239249,0.3109293,-0.1033373,0.6392043,-0.05971578,0.6502513,0.5306033,0.2537616,-0.7582967,0.2811607,147.341,0.5529072,0.2644286,-0.7901717,0.1065097,1.124996,0.2376202,1.15474,0.1322839,1.144047,0.2559199,1.179762,0.1438751,1.126724,0.2632836,1.165987,-0.01725635,0.6563078,0.03372324,0.6574001,-0.006307837,0.6451911,0.07780589,0.6498963,-0.02440407,0.6361694,0.1066751,0.6455126,0.1070665,-0.07066807,0.04701447,0.1366293,0.1278367,-0.06828335,0.01660016,0.1458781,0.1116425,-0.07145044,0.001890004,0.1325624,-0.1152126,0.03960898,-0.03988083,0.1281924,-0.1582828,0.05134079,-0.02595057,0.1684125,-0.1791706,0.04268801,0.001088716,0.1841889,0.10321,-0.07581856,0.04393619,0.1353926,0.1197594,-0.07306442,0.01752711,0.1413786,0.1065385,-0.07269723,0.002493657,0.1290022,-0.1149277,0.04023491,-0.03968729,0.1280715,-0.1579677,0.05175646,-0.0258385,0.1682265,-0.1790325,0.0430326,0.001281385,0.1841361,0.1065756,-0.07443272,0.02694495,0.1327578,-0.02496313,0.998185,0.03647751,0.04090172,175.3117,-0.02498404,0.9990209,0.03650806,-0.1435247,0.04219804,-0.02242405,0.1512708,0.1520016,-0.4558759,-0.3134019,0.8190555,70.01927,0.2649431,-0.7946046,-0.5462683,0.163099,1.117431,0.200796,1.146984,0.6673676,0.02315608,0.26804,-0.6944342,267.9643,0.927471,0.03218105,0.3725073,0.103811,-0.04337431,0.04149622,0.1199166,0.476823,-0.6149242,-0.5217756,-0.3496545,220.9324,0.5089485,-0.6563541,-0.5569297,-0.4031498,-0.2121017,-0.3994486,0.605868,0.3542568,0.8674821,0.3249491,0.1280037,165.2915,0.3571952,0.8746776,0.3276444,-0.06309902,-0.01743114,0.09920397,0.118856,-0.406013,0.5598027,-0.7158313,0.09674784,168.8961,-0.4079266,0.5624411,-0.7192051,-0.0981111,1.207857,-0.07534094,1.214175,0.0008420063,-0.1777954,-0.1863801,-0.966256,330.1465,0.003268864,-0.6902429,-0.7235711,False,False,False,False
1772879682593,8.208425,0.1898328,1.03089,0.1840594,1.064259,-0.5676494,-0.6672791,0.2865997,0.3877802,134.3671,-0.6158375,-0.7239249,0.3109293,-0.1033373,0.6392043,-0.05971578,0.6502513,0.5306033,0.2537616,-0.7582967,0.2811607,147.341,0.5529072,0.2644286,-0.7901717,0.1065097,1.124996,0.2376202,1.15474,0.1322839,1.144047,0.2559199,1.179762,0.1438751,1.126724,0.2632836,1.165987,-0.01725635,0.6563078,0.03372324,0.6574001,-0.006307837,0.6451911,0.07780589,0.6498963,-0.02440407,0.6361694,0.1066751,0.6455126,0.1070665,-0.07066807,0.04701447,0.1366293,0.1278367,-0.06828335,0.01660016,0.1458781,0.1116425,-0.07145044,0.001890004,0.1325624,-0.1152126,0.03960898,-0.03988083,0.1281924,-0.1582828,0.05134079,-0.02595057,0.1684125,-0.1791706,0.04268801,0.001088716,0.1841889,0.10321,-0.07581856,0.04393619,0.1353926,0.1197594,-0.07306442,0.01752711,0.1413786,0.1065385,-0.07269723,0.002493657,0.1290022,-0.1149277,0.04023491,-0.03968729,0.1280715,-0.1579677,0.05175646,-0.0258385,0.1682265,-0.1790325,0.0430326,0.001281385,0.1841361,0.1065756,-0.07443272,0.02694495,0.1327578,-0.02496313,0.998185,0.03647751,0.04090172,175.3117,-0.02498404,0.9990209,0.03650806,-0.1435247,0.04219804,-0.02242405,0.1512708,0.1520016,-0.4558759,-0.3134019,0.8190555,70.01927,0.2649431,-0.7946046,-0.5462683,0.163099,1.117431,0.200796,1.146984,0.6673676,0.02315608,0.26804,-0.6944342,267.9643,0.927471,0.03218105,0.3725073,0.103811,-0.04337431,0.04149622,0.1199166,0.476823,-0.6149242,-0.5217756,-0.3496545,220.9324,0.5089485,-0.6563541,-0.5569297,-0.4031498,-0.2121017,-0.3994486,0.605868,0.3542568,0.8674821,0.3249491,0.1280037,165.2915,0.3571952,0.8746776,0.3276444,-0.06309902,-0.01743114,0.09920397,0.118856,-0.406013,0.5598027,-0.7158313,0.09674784,168.8961,-0.4079266,0.5624411,-0.7192051,-0.0977476,1.20761,-0.0755818,1.213914,-0.0002162982,-0.1779828,-0.1861286,-0.9662703,330.1529,-0.0008398945,-0.6911145,-0.7227446,False,False,False,False
1772879682608,8.221578,0.1898328,1.03089,0.1840594,1.064259,-0.5676494,-0.6672791,0.2865997,0.3877802,134.3671,-0.6158375,-0.7239249,0.3109293,-0.1033373,0.6392043,-0.05971578,0.6502513,0.5306033,0.2537616,-0.7582967,0.2811607,147.341,0.5529072,0.2644286,-0.7901717,0.1065097,1.124996,0.2376202,1.15474,0.1322839,1.144047,0.2559199,1.179762,0.1438751,1.126724,0.2632836,1.165987,-0.01725635,0.6563078,0.03372324,0.6574001,-0.006307837,0.6451911,0.07780589,0.6498963,-0.02440407,0.6361694,0.1066751,0.6455126,0.1070665,-0.07066807,0.04701447,0.1366293,0.1278367,-0.06828335,0.01660016,0.1458781,0.1116425,-0.07145044,0.001890004,0.1325624,-0.1152126,0.03960898,-0.03988083,0.1281924,-0.1582828,0.05134079,-0.02595057,0.1684125,-0.1791706,0.04268801,0.001088716,0.1841889,0.10321,-0.07581856,0.04393619,0.1353926,0.1197594,-0.07306442,0.01752711,0.1413786,0.1065385,-0.07269723,0.002493657,0.1290022,-0.1149277,0.04023491,-0.03968729,0.1280715,-0.1579677,0.05175646,-0.0258385,0.1682265,-0.1790325,0.0430326,0.001281385,0.1841361,0.1065756,-0.07443272,0.02694495,0.1327578,-0.02496313,0.998185,0.03647751,0.04090172,175.3117,-0.02498404,0.9990209,0.03650806,-0.1435247,0.04219804,-0.02242405,0.1512708,0.1520016,-0.4558759,-0.3134019,0.8190555,70.01927,0.2649431,-0.7946046,-0.5462683,0.163099,1.117431,0.200796,1.146984,0.6673676,0.02315608,0.26804,-0.6944342,267.9643,0.927471,0.03218105,0.3725073,0.103811,-0.04337431,0.04149622,0.1199166,0.476823,-0.6149242,-0.5217756,-0.3496545,220.9324,0.5089485,-0.6563541,-0.5569297,-0.4031498,-0.2121017,-0.3994486,0.605868,0.3542568,0.8674821,0.3249491,0.1280037,165.2915,0.3571952,0.8746776,0.3276444,-0.06309902,-0.01743114,0.09920397,0.118856,-0.406013,0.5598027,-0.7158313,0.09674784,168.8961,-0.4079266,0.5624411,-0.7192051,-0.0974085,1.207492,-0.0758452,1.213787,-0.001130652,-0.1785026,-0.1852624,-0.9663402,330.184,-0.004394851,-0.6938407,-0.7201159,False,False,False,False
1772879682621,8.236104,0.1898328,1.03089,0.1840594,1.064259,-0.5676494,-0.6672791,0.2865997,0.3877802,134.3671,-0.6158375,-0.7239249,0.3109293,-0.1033373,0.6392043,-0.05971578,0.6502513,0.5306033,0.2537616,-0.7582967,0.2811607,147.341,0.5529072,0.2644286,-0.7901717,0.1065097,1.124996,0.2376202,1.15474,0.1322839,1.144047,0.2559199,1.179762,0.1438751,1.126724,0.2632836,1.165987,-0.01725635,0.6563078,0.03372324,0.6574001,-0.006307837,0.6451911,0.07780589,0.6498963,-0.02440407,0.6361694,0.1066751,0.6455126,0.1070665,-0.07066807,0.04701447,0.1366293,0.1278367,-0.06828335,0.01660016,0.1458781,0.1116425,-0.07145044,0.001890004,0.1325624,-0.1152126,0.03960898,-0.03988083,0.1281924,-0.1582828,0.05134079,-0.02595057,0.1684125,-0.1791706,0.04268801,0.001088716,0.1841889,0.10321,-0.07581856,0.04393619,0.1353926,0.1197594,-0.07306442,0.01752711,0.1413786,0.1065385,-0.07269723,0.002493657,0.1290022,-0.1149277,0.04023491,-0.03968729,0.1280715,-0.1579677,0.05175646,-0.0258385,0.1682265,-0.1790325,0.0430326,0.001281385,0.1841361,0.1065756,-0.07443272,0.02694495,0.1327578,-0.02496313,0.998185,0.03647751,0.04090172,175.3117,-0.02498404,0.9990209,0.03650806,-0.1435247,0.04219804,-0.02242405,0.1512708,0.1520016,-0.4558759,-0.3134019,0.8190555,70.01927,0.2649431,-0.7946046,-0.5462683,0.163099,1.117431,0.200796,1.146984,0.6673676,0.02315608,0.26804,-0.6944342,267.9643,0.927471,0.03218105,0.3725073,0.103811,-0.04337431,0.04149622,0.1199166,0.476823,-0.6149242,-0.5217756,-0.3496545,220.9324,0.5089485,-0.6563541,-0.5569297,-0.4031498,-0.2121017,-0.3994486,0.605868,0.3542568,0.8674821,0.3249491,0.1280037,165.2915,0.3571952,0.8746776,0.3276444,-0.06309902,-0.01743114,0.09920397,0.118856,-0.406013,0.5598027,-0.7158313,0.09674784,168.8961,-0.4079266,0.5624411,-0.7192051,-0.09709723,1.207365,-0.07620425,1.213658,-0.001911064,-0.179229,-0.184196,-0.9664084,330.2144,-0.007435724,-0.6973586,-0.7166845,False,False,False,False
1772879682634,8.249573,0.1898328,1.03089,0.1840594,1.064259,-0.5676494,-0.6672791,0.2865997,0.3877802,134.3671,-0.6158375,-0.7239249,0.3109293,-0.1033373,0.6392043,-0.05971578,0.6502513,0.5306033,0.2537616,-0.7582967,0.2811607,147.341,0.5529072,0.2644286,-0.7901717,0.1065097,1.124996,0.2376202,1.15474,0.1322839,1.144047,0.2559199,1.179762,0.1438751,1.126724,0.2632836,1.165987,-0.01725635,0.6563078,0.03372324,0.6574001,-0.006307837,0.6451911,0.07780589,0.6498963,-0.02440407,0.6361694,0.1066751,0.6455126,0.1070665,-0.07066807,0.04701447,0.1366293,0.1278367,-0.06828335,0.01660016,0.1458781,0.1116425,-0.07145044,0.001890004,0.1325624,-0.1152126,0.03960898,-0.03988083,0.1281924,-0.1582828,0.05134079,-0.02595057,0.1684125,-0.1791706,0.04268801,0.001088716,0.1841889,0.10321,-0.07581856,0.04393619,0.1353926,0.1197594,-0.07306442,0.01752711,0.1413786,0.1065385,-0.07269723,0.002493657,0.1290022,-0.1149277,0.04023491,-0.03968729,0.1280715,-0.1579677,0.05175646,-0.0258385,0.1682265,-0.1790325,0.0430326,0.001281385,0.1841361,0.1065756,-0.07443272,0.02694495,0.1327578,-0.02496313,0.998185,0.03647751,0.04090172,175.3117,-0.02498404,0.9990209,0.03650806,-0.1435247,0.04219804,-0.02242405,0.1512708,0.1520016,-0.4558759,-0.3134019,0.8190555,70.01927,0.2649431,-0.7946046,-0.5462683,0.163099,1.117431,0.200796,1.146984,0.6673676,0.02315608,0.26804,-0.6944342,267.9643,0.927471,0.03218105,0.3725073,0.103811,-0.04337431,0.04149622,0.1199166,0.476823,-0.6149242,-0.5217756,-0.3496545,220.9324,0.5089485,-0.6563541,-0.5569297,-0.4031498,-0.2121017,-0.3994486,0.605868,0.3542568,0.8674821,0.3249491,0.1280037,165.2915,0.3571952,0.8746776,0.3276444,-0.06309902,-0.01743114,0.09920397,0.118856,-0.406013,0.5598027,-0.7158313,0.09674784,168.8961,-0.4079266,0.5624411,-0.7192051,-0.09684762,1.207163,-0.07658847,1.213461,-0.003001975,-0.1799632,-0.1830825,-0.9664807,330.2467,-0.01169271,-0.7009575,-0.7131071,False,False,False,False
1772879682649,8.263288,0.1898328,1.03089,0.1840594,1.064259,-0.5676494,-0.6672791,0.2865997,0.3877802,134.3671,-0.6158375,-0.7239249,0.3109293,-0.1033373,0.6392043,-0.05971578,0.6502513,0.5306033,0.2537616,-0.7582967,0.2811607,147.341,0.5529072,0.2644286,-0.7901717,0.1065097,1.124996,0.2376202,1.15474,0.1322839,1.144047,0.2559199,1.179762,0.1438751,1.126724,0.2632836,1.165987,-0.01725635,0.6563078,0.03372324,0.6574001,-0.006307837,0.6451911,0.07780589,0.6498963,-0.02440407,0.6361694,0.1066751,0.6455126,0.1070665,-0.07066807,0.04701447,0.1366293,0.1278367,-0.06828335,0.01660016,0.1458781,0.1116425,-0.07145044,0.001890004,0.1325624,-0.1152126,0.03960898,-0.03988083,0.1281924,-0.1582828,0.05134079,-0.02595057,0.1684125,-0.1791706,0.04268801,0.001088716,0.1841889,0.10321,-0.07581856,0.04393619,0.1353926,0.1197594,-0.07306442,0.01752711,0.1413786,0.1065385,-0.07269723,0.002493657,0.1290022,-0.1149277,0.04023491,-0.03968729,0.1280715,-0.1579677,0.05175646,-0.0258385,0.1682265,-0.1790325,0.0430326,0.001281385,0.1841361,0.1065756,-0.07443272,0.02694495,0.1327578,-0.02496313,0.998185,0.03647751,0.04090172,175.3117,-0.02498404,0.9990209,0.03650806,-0.1435247,0.04219804,-0.02242405,0.1512708,0.1520016,-0.4558759,-0.3134019,0.8190555,70.01927,0.2649431,-0.7946046,-0.5462683,0.163099,1.117431,0.200796,1.146984,0.6673676,0.02315608,0.26804,-0.6944342,267.9643,0.927471,0.03218105,0.3725073,0.103811,-0.04337431,0.04149622,0.1199166,0.476823,-0.6149242,-0.5217756,-0.3496545,220.9324,0.5089485,-0.6563541,-0.5569297,-0.4031498,-0.2121017,-0.3994486,0.605868,0.3542568,0.8674821,0.3249491,0.1280037,165.2915,0.3571952,0.8746776,0.3276444,-0.06309902,-0.01743114,0.09920397,0.118856,-0.406013,0.5598027,-0.7158313,0.09674784,168.8961,-0.4079266,0.5624411,-0.7192051,-0.09668936,1.206978,-0.07702307,1.213292,-0.004351938,-0.1806745,-0.1820458,-0.9665387,330.2726,-0.01696525,-0.7043272,-0.7096728,False,False,False,False
1772879682662,8.277645,0.1898328,1.03089,0.1840594,1.064259,-0.5676494,-0.6672791,0.2865997,0.3877802,134.3671,-0.6158375,-0.7239249,0.3109293,-0.1033373,0.6392043,-0.05971578,0.6502513,0.5306033,0.2537616,-0.7582967,0.2811607,147.341,0.5529072,0.2644286,-0.7901717,0.1065097,1.124996,0.2376202,1.15474,0.1322839,1.144047,0.2559199,1.179762,0.1438751,1.126724,0.2632836,1.165987,-0.01725635,0.6563078,0.03372324,0.6574001,-0.006307837,0.6451911,0.07780589,0.6498963,-0.02440407,0.6361694,0.1066751,0.6455126,0.1070665,-0.07066807,0.04701447,0.1366293,0.1278367,-0.06828335,0.01660016,0.1458781,0.1116425,-0.07145044,0.001890004,0.1325624,-0.1152126,0.03960898,-0.03988083,0.1281924,-0.1582828,0.05134079,-0.02595057,0.1684125,-0.1791706,0.04268801,0.001088716,0.1841889,0.10321,-0.07581856,0.04393619,0.1353926,0.1197594,-0.07306442,0.01752711,0.1413786,0.1065385,-0.07269723,0.002493657,0.1290022,-0.1149277,0.04023491,-0.03968729,0.1280715,-0.1579677,0.05175646,-0.0258385,0.1682265,-0.1790325,0.0430326,0.001281385,0.1841361,0.1065756,-0.07443272,0.02694495,0.1327578,-0.02496313,0.998185,0.03647751,0.04090172,175.3117,-0.02498404,0.9990209,0.03650806,-0.1435247,0.04219804,-0.02242405,0.1512708,0.1520016,-0.4558759,-0.3134019,0.8190555,70.01927,0.2649431,-0.7946046,-0.5462683,0.163099,1.117431,0.200796,1.146984,0.6673676,0.02315608,0.26804,-0.6944342,267.9643,0.927471,0.03218105,0.3725073,0.103811,-0.04337431,0.04149622,0.1199166,0.476823,-0.6149242,-0.5217756,-0.3496545,220.9324,0.5089485,-0.6563541,-0.5569297,-0.4031498,-0.2121017,-0.3994486,0.605868,0.3542568,0.8674821,0.3249491,0.1280037,165.2915,0.3571952,0.8746776,0.3276444,-0.06309902,-0.01743114,0.09920397,0.118856,-0.406013,0.5598027,-0.7158313,0.09674784,168.8961,-0.4079266,0.5624411,-0.7192051,-0.09660298,1.2069,-0.07735907,1.213229,-0.00560162,-0.1807732,-0.1813341,-0.9666476,330.3213,-0.02187193,-0.7058421,-0.7080321,False,False,False,False
1772879682677,8.291209,0.1898328,1.03089,0.1840594,1.064259,-0.5676494,-0.6672791,0.2865997,0.3877802,134.3671,-0.6158375,-0.7239249,0.3109293,-0.1033373,0.6392043,-0.05971578,0.6502513,0.5306033,0.2537616,-0.7582967,0.2811607,147.341,0.5529072,0.2644286,-0.7901717,0.1065097,1.124996,0.2376202,1.15474,0.1322839,1.144047,0.2559199,1.179762,0.1438751,1.126724,0.2632836,1.165987,-0.01725635,0.6563078,0.03372324,0.6574001,-0.006307837,0.6451911,0.07780589,0.6498963,-0.02440407,0.6361694,0.1066751,0.6455126,0.1070665,-0.07066807,0.04701447,0.1366293,0.1278367,-0.06828335,0.01660016,0.1458781,0.1116425,-0.07145044,0.001890004,0.1325624,-0.1152126,0.03960898,-0.03988083,0.1281924,-0.1582828,0.05134079,-0.02595057,0.1684125,-0.1791706,0.04268801,0.001088716,0.1841889,0.10321,-0.07581856,0.04393619,0.1353926,0.1197594,-0.07306442,0.01752711,0.1413786,0.1065385,-0.07269723,0.002493657,0.1290022,-0.1149277,0.04023491,-0.03968729,0.1280715,-0.1579677,0.05175646,-0.0258385,0.1682265,-0.1790325,0.0430326,0.001281385,0.1841361,0.1065756,-0.07443272,0.02694495,0.1327578,-0.02496313,0.998185,0.03647751,0.04090172,175.3117,-0.02498404,0.9990209,0.03650806,-0.1435247,0.04219804,-0.02242405,0.1512708,0.1520016,-0.4558759,-0.3134019,0.8190555,70.01927,0.2649431,-0.7946046,-0.5462683,0.163099,1.117431,0.200796,1.146984,0.6673676,0.02315608,0.26804,-0.6944342,267.9643,0.927471,0.03218105,0.3725073,0.103811,-0.04337431,0.04149622,0.1199166,0.476823,-0.6149242,-0.5217756,-0.3496545,220.9324,0.5089485,-0.6563541,-0.5569297,-0.4031498,-0.2121017,-0.3994486,0.605868,0.3542568,0.8674821,0.3249491,0.1280037,165.2915,0.3571952,0.8746776,0.3276444,-0.06309902,-0.01743114,0.09920397,0.118856,-0.406013,0.5598027,-0.7158313,0.09674784,168.8961,-0.4079266,0.5624411,-0.7192051,-0.09657282,1.206868,-0.07771158,1.213217,-0.006462749,-0.180809,-0.1808078,-0.9667341,330.36,-0.02526649,-0.7068833,-0.7068786,False,False,False,False
1772879682690,8.305317,0.1898328,1.03089,0.1840594,1.064259,-0.5676494,-0.6672791,0.2865997,0.3877802,134.3671,-0.6158375,-0.7239249,0.3109293,-0.1033373,0.6392043,-0.05971578,0.6502513,0.5306033,0.2537616,-0.7582967,0.2811607,147.341,0.5529072,0.2644286,-0.7901717,0.1065097,1.124996,0.2376202,1.15474,0.1322839,1.144047,0.2559199,1.179762,0.1438751,1.126724,0.2632836,1.165987,-0.01725635,0.6563078,0.03372324,0.6574001,-0.006307837,0.6451911,0.07780589,0.6498963,-0.02440407,0.6361694,0.1066751,0.6455126,0.1070665,-0.07066807,0.04701447,0.1366293,0.1278367,-0.06828335,0.01660016,0.1458781,0.1116425,-0.07145044,0.001890004,0.1325624,-0.1152126,0.03960898,-0.03988083,0.1281924,-0.1582828,0.05134079,-0.02595057,0.1684125,-0.1791706,0.04268801,0.001088716,0.1841889,0.10321,-0.07581856,0.04393619,0.1353926,0.1197594,-0.07306442,0.01752711,0.1413786,0.1065385,-0.07269723,0.002493657,0.1290022,-0.1149277,0.04023491,-0.03968729,0.1280715,-0.1579677,0.05175646,-0.0258385,0.1682265,-0.1790325,0.0430326,0.001281385,0.1841361,0.1065756,-0.07443272,0.02694495,0.1327578,-0.02496313,0.998185,0.03647751,0.04090172,175.3117,-0.02498404,0.9990209,0.03650806,-0.1435247,0.04219804,-0.02242405,0.1512708,0.1520016,-0.4558759,-0.3134019,0.8190555,70.01927,0.2649431,-0.7946046,-0.5462683,0.163099,1.117431,0.200796,1.146984,0.6673676,0.02315608,0.26804,-0.6944342,267.9643,0.927471,0.03218105,0.3725073,0.103811,-0.04337431,0.04149622,0.1199166,0.476823,-0.6149242,-0.5217756,-0.3496545,220.9324,0.5089485,-0.6563541,-0.5569297,-0.4031498,-0.2121017,-0.3994486,0.605868,0.3542568,0.8674821,0.3249491,0.1280037,165.2915,0.3571952,0.8746776,0.3276444,-0.06309902,-0.01743114,0.09920397,0.118856,-0.406013,0.5598027,-0.7158313,0.09674784,168.8961,-0.4079266,0.5624411,-0.7192051,-0.09654883,1.206955,-0.07787315,1.213312,-0.006845128,-0.1807699,-0.1804515,-0.9668054,330.3919,-0.02678966,-0.7074762,-0.7062298,False,False,False,False
1772879682704,8.31888,0.1898328,1.03089,0.1840594,1.064259,-0.5676494,-0.6672791,0.2865997,0.3877802,134.3671,-0.6158375,-0.7239249,0.3109293,-0.1033373,0.6392043,-0.05971578,0.6502513,0.5306033,0.2537616,-0.7582967,0.2811607,147.341,0.5529072,0.2644286,-0.7901717,0.1065097,1.124996,0.2376202,1.15474,0.1322839,1.144047,0.2559199,1.179762,0.1438751,1.126724,0.2632836,1.165987,-0.01725635,0.6563078,0.03372324,0.6574001,-0.006307837,0.6451911,0.07780589,0.6498963,-0.02440407,0.6361694,0.1066751,0.6455126,0.1070665,-0.07066807,0.04701447,0.1366293,0.1278367,-0.06828335,0.01660016,0.1458781,0.1116425,-0.07145044,0.001890004,0.1325624,-0.1152126,0.03960898,-0.03988083,0.1281924,-0.1582828,0.05134079,-0.02595057,0.1684125,-0.1791706,0.04268801,0.001088716,0.1841889,0.10321,-0.07581856,0.04393619,0.1353926,0.1197594,-0.07306442,0.01752711,0.1413786,0.1065385,-0.07269723,0.002493657,0.1290022,-0.1149277,0.04023491,-0.03968729,0.1280715,-0.1579677,0.05175646,-0.0258385,0.1682265,-0.1790325,0.0430326,0.001281385,0.1841361,0.1065756,-0.07443272,0.02694495,0.1327578,-0.02496313,0.998185,0.03647751,0.04090172,175.3117,-0.02498404,0.9990209,0.03650806,-0.1435247,0.04219804,-0.02242405,0.1512708,0.1520016,-0.4558759,-0.3134019,0.8190555,70.01927,0.2649431,-0.7946046,-0.5462683,0.163099,1.117431,0.200796,1.146984,0.6673676,0.02315608,0.26804,-0.6944342,267.9643,0.927471,0.03218105,0.3725073,0.103811,-0.04337431,0.04149622,0.1199166,0.476823,-0.6149242,-0.5217756,-0.3496545,220.9324,0.5089485,-0.6563541,-0.5569297,-0.4031498,-0.2121017,-0.3994486,0.605868,0.3542568,0.8674821,0.3249491,0.1280037,165.2915,0.3571952,0.8746776,0.3276444,-0.06309902,-0.01743114,0.09920397,0.118856,-0.406013,0.5598027,-0.7158313,0.09674784,168.8961,-0.4079266,0.5624411,-0.7192051,-0.09658796,1.206982,-0.07808203,1.213356,-0.00681682,-0.1807294,-0.1799296,-0.9669104,330.4391,-0.02672046,-0.7084202,-0.7052853,False,False,False,False
1772879682719,8.33275,0.1898328,1.03089,0.1840594,1.064259,-0.5676494,-0.6672791,0.2865997,0.3877802,134.3671,-0.6158375,-0.7239249,0.3109293,-0.1033373,0.6392043,-0.05971578,0.6502513,0.5306033,0.2537616,-0.7582967,0.2811607,147.341,0.5529072,0.2644286,-0.7901717,0.1065097,1.124996,0.2376202,1.15474,0.1322839,1.144047,0.2559199,1.179762,0.1438751,1.126724,0.2632836,1.165987,-0.01725635,0.6563078,0.03372324,0.6574001,-0.006307837,0.6451911,0.07780589,0.6498963,-0.02440407,0.6361694,0.1066751,0.6455126,0.1070665,-0.07066807,0.04701447,0.1366293,0.1278367,-0.06828335,0.01660016,0.1458781,0.1116425,-0.07145044,0.001890004,0.1325624,-0.1152126,0.03960898,-0.03988083,0.1281924,-0.1582828,0.05134079,-0.02595057,0.1684125,-0.1791706,0.04268801,0.001088716,0.1841889,0.10321,-0.07581856,0.04393619,0.1353926,0.1197594,-0.07306442,0.01752711,0.1413786,0.1065385,-0.07269723,0.002493657,0.1290022,-0.1149277,0.04023491,-0.03968729,0.1280715,-0.1579677,0.05175646,-0.0258385,0.1682265,-0.1790325,0.0430326,0.001281385,0.1841361,0.1065756,-0.07443272,0.02694495,0.1327578,-0.02496313,0.998185,0.03647751,0.04090172,175.3117,-0.02498404,0.9990209,0.03650806,-0.1435247,0.04219804,-0.02242405,0.1512708,0.1520016,-0.4558759,-0.3134019,0.8190555,70.01927,0.2649431,-0.7946046,-0.5462683,0.163099,1.117431,0.200796,1.146984,0.6673676,0.02315608,0.26804,-0.6944342,267.9643,0.927471,0.03218105,0.3725073,0.103811,-0.04337431,0.04149622,0.1199166,0.476823,-0.6149242,-0.5217756,-0.3496545,220.9324,0.5089485,-0.6563541,-0.5569297,-0.4031498,-0.2121017,-0.3994486,0.605868,0.3542568,0.8674821,0.3249491,0.1280037,165.2915,0.3571952,0.8746776,0.3276444,-0.06309902,-0.01743114,0.09920397,0.118856,-0.406013,0.5598027,-0.7158313,0.09674784,168.8961,-0.4079266,0.5624411,-0.7192051,-0.09663814,1.207054,-0.07831965,1.213446,-0.006843169,-0.1804018,-0.179557,-0.9670407,330.4977,-0.02687582,-0.7085087,-0.7051908,False,False,False,False
1772879682731,8.346883,0.1898328,1.03089,0.1840594,1.064259,-0.5676494,-0.6672791,0.2865997,0.3877802,134.3671,-0.6158375,-0.7239249,0.3109293,-0.1033373,0.6392043,-0.05971578,0.6502513,0.5306033,0.2537616,-0.7582967,0.2811607,147.341,0.5529072,0.2644286,-0.7901717,0.1065097,1.124996,0.2376202,1.15474,0.1322839,1.144047,0.2559199,1.179762,0.1438751,1.126724,0.2632836,1.165987,-0.01725635,0.6563078,0.03372324,0.6574001,-0.006307837,0.6451911,0.07780589,0.6498963,-0.02440407,0.6361694,0.1066751,0.6455126,0.1070665,-0.07066807,0.04701447,0.1366293,0.1278367,-0.06828335,0.01660016,0.1458781,0.1116425,-0.07145044,0.001890004,0.1325624,-0.1152126,0.03960898,-0.03988083,0.1281924,-0.1582828,0.05134079,-0.02595057,0.1684125,-0.1791706,0.04268801,0.001088716,0.1841889,0.10321,-0.07581856,0.04393619,0.1353926,0.1197594,-0.07306442,0.01752711,0.1413786,0.1065385,-0.07269723,0.002493657,0.1290022,-0.1149277,0.04023491,-0.03968729,0.1280715,-0.1579677,0.05175646,-0.0258385,0.1682265,-0.1790325,0.0430326,0.001281385,0.1841361,0.1065756,-0.07443272,0.02694495,0.1327578,-0.02496313,0.998185,0.03647751,0.04090172,175.3117,-0.02498404,0.9990209,0.03650806,-0.1435247,0.04219804,-0.02242405,0.1512708,0.1520016,-0.4558759,-0.3134019,0.8190555,70.01927,0.2649431,-0.7946046,-0.5462683,0.163099,1.117431,0.200796,1.146984,0.6673676,0.02315608,0.26804,-0.6944342,267.9643,0.927471,0.03218105,0.3725073,0.103811,-0.04337431,0.04149622,0.1199166,0.476823,-0.6149242,-0.5217756,-0.3496545,220.9324,0.5089485,-0.6563541,-0.5569297,-0.4031498,-0.2121017,-0.3994486,0.605868,0.3542568,0.8674821,0.3249491,0.1280037,165.2915,0.3571952,0.8746776,0.3276444,-0.06309902,-0.01743114,0.09920397,0.118856,-0.406013,0.5598027,-0.7158313,0.09674784,168.8961,-0.4079266,0.5624411,-0.7192051,-0.09683441,1.207134,-0.07859222,1.213559,-0.006555315,-0.180116,-0.1795678,-0.9670939,330.5216,-0.02576577,-0.7079489,-0.7057944,False,False,False,False
1772879682746,8.36031,0.1898328,1.03089,0.1840594,1.064259,-0.5676494,-0.6672791,0.2865997,0.3877802,134.3671,-0.6158375,-0.7239249,0.3109293,-0.1033373,0.6392043,-0.05971578,0.6502513,0.5306033,0.2537616,-0.7582967,0.2811607,147.341,0.5529072,0.2644286,-0.7901717,0.1065097,1.124996,0.2376202,1.15474,0.1322839,1.144047,0.2559199,1.179762,0.1438751,1.126724,0.2632836,1.165987,-0.01725635,0.6563078,0.03372324,0.6574001,-0.006307837,0.6451911,0.07780589,0.6498963,-0.02440407,0.6361694,0.1066751,0.6455126,0.1070665,-0.07066807,0.04701447,0.1366293,0.1278367,-0.06828335,0.01660016,0.1458781,0.1116425,-0.07145044,0.001890004,0.1325624,-0.1152126,0.03960898,-0.03988083,0.1281924,-0.1582828,0.05134079,-0.02595057,0.1684125,-0.1791706,0.04268801,0.001088716,0.1841889,0.10321,-0.07581856,0.04393619,0.1353926,0.1197594,-0.07306442,0.01752711,0.1413786,0.1065385,-0.07269723,0.002493657,0.1290022,-0.1149277,0.04023491,-0.03968729,0.1280715,-0.1579677,0.05175646,-0.0258385,0.1682265,-0.1790325,0.0430326,0.001281385,0.1841361,0.1065756,-0.07443272,0.02694495,0.1327578,-0.02496313,0.998185,0.03647751,0.04090172,175.3117,-0.02498404,0.9990209,0.03650806,-0.1435247,0.04219804,-0.02242405,0.1512708,0.1520016,-0.4558759,-0.3134019,0.8190555,70.01927,0.2649431,-0.7946046,-0.5462683,0.163099,1.117431,0.200796,1.146984,0.6673676,0.02315608,0.26804,-0.6944342,267.9643,0.927471,0.03218105,0.3725073,0.103811,-0.04337431,0.04149622,0.1199166,0.476823,-0.6149242,-0.5217756,-0.3496545,220.9324,0.5089485,-0.6563541,-0.5569297,-0.4031498,-0.2121017,-0.3994486,0.605868,0.3542568,0.8674821,0.3249491,0.1280037,165.2915,0.3571952,0.8746776,0.3276444,-0.06309902,-0.01743114,0.09920397,0.118856,-0.406013,0.5598027,-0.7158313,0.09674784,168.8961,-0.4079266,0.5624411,-0.7192051,-0.09729947,1.20725,-0.07910047,1.213745,-0.006381188,-0.1798924,-0.1789727,-0.967247,330.5906,-0.02513892,-0.7086927,-0.7050694,False,False,False,False
1772879682761,8.374188,0.1898328,1.03089,0.1840594,1.064259,-0.5676494,-0.6672791,0.2865997,0.3877802,134.3671,-0.6158375,-0.7239249,0.3109293,-0.1033373,0.6392043,-0.05971578,0.6502513,0.5306033,0.2537616,-0.7582967,0.2811607,147.341,0.5529072,0.2644286,-0.7901717,0.1065097,1.124996,0.2376202,1.15474,0.1322839,1.144047,0.2559199,1.179762,0.1438751,1.126724,0.2632836,1.165987,-0.01725635,0.6563078,0.03372324,0.6574001,-0.006307837,0.6451911,0.07780589,0.6498963,-0.02440407,0.6361694,0.1066751,0.6455126,0.1070665,-0.07066807,0.04701447,0.1366293,0.1278367,-0.06828335,0.01660016,0.1458781,0.1116425,-0.07145044,0.001890004,0.1325624,-0.1152126,0.03960898,-0.03988083,0.1281924,-0.1582828,0.05134079,-0.02595057,0.1684125,-0.1791706,0.04268801,0.001088716,0.1841889,0.10321,-0.07581856,0.04393619,0.1353926,0.1197594,-0.07306442,0.01752711,0.1413786,0.1065385,-0.07269723,0.002493657,0.1290022,-0.1149277,0.04023491,-0.03968729,0.1280715,-0.1579677,0.05175646,-0.0258385,0.1682265,-0.1790325,0.0430326,0.001281385,0.1841361,0.1065756,-0.07443272,0.02694495,0.1327578,-0.02496313,0.998185,0.03647751,0.04090172,175.3117,-0.02498404,0.9990209,0.03650806,-0.1435247,0.04219804,-0.02242405,0.1512708,0.1520016,-0.4558759,-0.3134019,0.8190555,70.01927,0.2649431,-0.7946046,-0.5462683,0.1630728,1.117466,0.2008675,1.147027,0.6682253,0.01960758,0.266862,-0.6941724,267.9226,0.9283372,0.02723999,0.3707401,0.103811,-0.04337431,0.04149622,0.1199166,0.476823,-0.6149242,-0.5217756,-0.3496545,220.9324,0.5089485,-0.6563541,-0.5569297,-0.4031498,-0.2121017,-0.3994486,0.605868,0.3542568,0.8674821,0.3249491,0.1280037,165.2915,0.3571952,0.8746776,0.3276444,-0.06307278,-0.01746607,0.09913249,0.1187876,-0.4075936,0.5602383,-0.7141708,0.09980375,168.5443,-0.4096388,0.5630494,-0.7177544,-0.09736669,1.207186,-0.07909642,1.213686,-0.005744587,-0.1794337,-0.1795934,-0.9672211,330.579,-0.02262222,-0.7066112,-0.70724,False,False,False,False
1772879682774,8.389342,0.1898328,1.03089,0.1840594,1.064259,-0.5676494,-0.6672791,0.2865997,0.3877802,134.3671,-0.6158375,-0.7239249,0.3109293,-0.1033373,0.6392043,-0.05971578,0.6502513,0.5306033,0.2537616,-0.7582967,0.2811607,147.341,0.5529072,0.2644286,-0.7901717,0.1065097,1.124996,0.2376202,1.15474,0.1322839,1.144047,0.2559199,1.179762,0.1438751,1.126724,0.2632836,1.165987,-0.01725635,0.6563078,0.03372324,0.6574001,-0.006307837,0.6451911,0.07780589,0.6498963,-0.02440407,0.6361694,0.1066751,0.6455126,0.1070665,-0.07066807,0.04701447,0.1366293,0.1278367,-0.06828335,0.01660016,0.1458781,0.1116425,-0.07145044,0.001890004,0.1325624,-0.1152126,0.03960898,-0.03988083,0.1281924,-0.1582828,0.05134079,-0.02595057,0.1684125,-0.1791706,0.04268801,0.001088716,0.1841889,0.10321,-0.07581856,0.04393619,0.1353926,0.1197594,-0.07306442,0.01752711,0.1413786,0.1065385,-0.07269723,0.002493657,0.1290022,-0.1149277,0.04023491,-0.03968729,0.1280715,-0.1579677,0.05175646,-0.0258385,0.1682265,-0.1790325,0.0430326,0.001281385,0.1841361,0.1065756,-0.07443272,0.02694495,0.1327578,-0.02496313,0.998185,0.03647751,0.04090172,175.3117,-0.02498404,0.9990209,0.03650806,-0.1435247,0.04219804,-0.02242405,0.1512708,0.1520016,-0.4558759,-0.3134019,0.8190555,70.01927,0.2649431,-0.7946046,-0.5462683,0.163655,1.117014,0.2012052,1.146729,0.6833876,0.06031793,0.2614652,-0.6789545,265.524,0.9308171,0.08215684,0.3561321,0.103811,-0.04337431,0.04149622,0.1199166,0.476823,-0.6149242,-0.5217756,-0.3496545,220.9324,0.5089485,-0.6563541,-0.5569297,-0.4031498,-0.2121017,-0.3994486,0.605868,0.3542568,0.8674821,0.3249491,0.1280037,165.2915,0.3571952,0.8746776,0.3276444,-0.063655,-0.01701403,0.09879482,0.1187512,-0.4039629,0.528271,-0.7423183,0.08189941,170.6045,-0.4053245,0.5300515,-0.7448204,-0.09769769,1.207135,-0.07933611,1.213678,-0.005581051,-0.1791474,-0.1797957,-0.9672376,330.5864,-0.02198364,-0.7056578,-0.7082115,False,False,False,False
1772879682787,8.402001,0.1898328,1.03089,0.1840594,1.064259,-0.5676494,-0.6672791,0.2865997,0.3877802,134.3671,-0.6158375,-0.7239249,0.3109293,-0.1033373,0.6392043,-0.05971578,0.6502513,0.5306033,0.2537616,-0.7582967,0.2811607,147.341,0.5529072,0.2644286,-0.7901717,0.1065097,1.124996,0.2376202,1.15474,0.1322839,1.144047,0.2559199,1.179762,0.1438751,1.126724,0.2632836,1.165987,-0.01725635,0.6563078,0.03372324,0.6574001,-0.006307837,0.6451911,0.07780589,0.6498963,-0.02440407,0.6361694,0.1066751,0.6455126,0.1070665,-0.07066807,0.04701447,0.1366293,0.1278367,-0.06828335,0.01660016,0.1458781,0.1116425,-0.07145044,0.001890004,0.1325624,-0.1152126,0.03960898,-0.03988083,0.1281924,-0.1582828,0.05134079,-0.02595057,0.1684125,-0.1791706,0.04268801,0.001088716,0.1841889,0.10321,-0.07581856,0.04393619,0.1353926,0.1197594,-0.07306442,0.01752711,0.1413786,0.1065385,-0.07269723,0.002493657,0.1290022,-0.1149277,0.04023491,-0.03968729,0.1280715,-0.1579677,0.05175646,-0.0258385,0.1682265,-0.1790325,0.0430326,0.001281385,0.1841361,0.1065756,-0.07443272,0.02694495,0.1327578,-0.02496313,0.998185,0.03647751,0.04090172,175.3117,-0.02498404,0.9990209,0.03650806,-0.1435247,0.04219804,-0.02242405,0.1512708,0.1520016,-0.4558759,-0.3134019,0.8190555,70.01927,0.2649431,-0.7946046,-0.5462683,0.1646828,1.116339,0.2023018,1.146411,0.7052419,0.1160237,0.2508571,-0.652873,261.5172,0.9310524,0.1531732,0.3311787,0.103811,-0.04337431,0.04149622,0.1199166,0.476823,-0.6149242,-0.5217756,-0.3496545,220.9324,0.5089485,-0.6563541,-0.5569297,-0.4031498,-0.2121017,-0.3994486,0.605868,0.3542568,0.8674821,0.3249491,0.1280037,165.2915,0.3571952,0.8746776,0.3276444,-0.0646828,-0.01633883,0.09769821,0.1183037,-0.3991555,0.4787475,-0.7797001,0.05952897,173.1745,-0.3998645,0.479598,-0.7810852,-0.09795564,1.207138,-0.07946173,1.21371,-0.005576672,-0.1786225,-0.1799534,-0.9673054,330.617,-0.02198877,-0.7043069,-0.7095548,False,False,False,False
1772879682801,8.417097,0.1898328,1.03089,0.1840594,1.064259,-0.5676494,-0.6672791,0.2865997,0.3877802,134.3671,-0.6158375,-0.7239249,0.3109293,-0.1033373,0.6392043,-0.05971578,0.6502513,0.5306033,0.2537616,-0.7582967,0.2811607,147.341,0.5529072,0.2644286,-0.7901717,0.1065097,1.124996,0.2376202,1.15474,0.1322839,1.144047,0.2559199,1.179762,0.1438751,1.126724,0.2632836,1.165987,-0.01725635,0.6563078,0.03372324,0.6574001,-0.006307837,0.6451911,0.07780589,0.6498963,-0.02440407,0.6361694,0.1066751,0.6455126,0.1070665,-0.07066807,0.04701447,0.1366293,0.1278367,-0.06828335,0.01660016,0.1458781,0.1116425,-0.07145044,0.001890004,0.1325624,-0.1152126,0.03960898,-0.03988083,0.1281924,-0.1582828,0.05134079,-0.02595057,0.1684125,-0.1791706,0.04268801,0.001088716,0.1841889,0.10321,-0.07581856,0.04393619,0.1353926,0.1197594,-0.07306442,0.01752711,0.1413786,0.1065385,-0.07269723,0.002493657,0.1290022,-0.1149277,0.04023491,-0.03968729,0.1280715,-0.1579677,0.05175646,-0.0258385,0.1682265,-0.1790325,0.0430326,0.001281385,0.1841361,0.1065756,-0.07443272,0.02694495,0.1327578,-0.02496313,0.998185,0.03647751,0.04090172,175.3117,-0.02498404,0.9990209,0.03650806,-0.1435247,0.04219804,-0.02242405,0.1512708,0.1520016,-0.4558759,-0.3134019,0.8190555,70.01927,0.2649431,-0.7946046,-0.5462683,0.1650036,1.116153,0.202398,1.146294,0.7079546,0.1383838,0.2500689,-0.6458451,260.4581,0.9272872,0.1812567,0.3275431,0.103811,-0.04337431,0.04149622,0.1199166,0.476823,-0.6149242,-0.5217756,-0.3496545,220.9324,0.5089485,-0.6563541,-0.5569297,-0.4031498,-0.2121017,-0.3994486,0.605868,0.3542568,0.8674821,0.3249491,0.1280037,165.2915,0.3571952,0.8746776,0.3276444,-0.06500355,-0.0161531,0.09760201,0.1183746,-0.3940514,0.4640974,-0.7919374,0.0466093,174.657,-0.39448,0.4646022,-0.7927988,-0.0983735,1.207085,-0.07968361,1.213705,-0.005334514,-0.1784707,-0.180202,-0.9672885,330.6094,-0.02102861,-0.7035299,-0.7103547,False,False,False,False
1772879682814,8.429613,0.1898328,1.03089,0.1840594,1.064259,-0.5676494,-0.6672791,0.2865997,0.3877802,134.3671,-0.6158375,-0.7239249,0.3109293,-0.1033373,0.6392043,-0.05971578,0.6502513,0.5306033,0.2537616,-0.7582967,0.2811607,147.341,0.5529072,0.2644286,-0.7901717,0.1065097,1.124996,0.2376202,1.15474,0.1322839,1.144047,0.2559199,1.179762,0.1438751,1.126724,0.2632836,1.165987,-0.01725635,0.6563078,0.03372324,0.6574001,-0.006307837,0.6451911,0.07780589,0.6498963,-0.02440407,0.6361694,0.1066751,0.6455126,0.1070665,-0.07066807,0.04701447,0.1366293,0.1278367,-0.06828335,0.01660016,0.1458781,0.1116425,-0.07145044,0.001890004,0.1325624,-0.1152126,0.03960898,-0.03988083,0.1281924,-0.1582828,0.05134079,-0.02595057,0.1684125,-0.1791706,0.04268801,0.001088716,0.1841889,0.10321,-0.07581856,0.04393619,0.1353926,0.1197594,-0.07306442,0.01752711,0.1413786,0.1065385,-0.07269723,0.002493657,0.1290022,-0.1149277,0.04023491,-0.03968729,0.1280715,-0.1579677,0.05175646,-0.0258385,0.1682265,-0.1790325,0.0430326,0.001281385,0.1841361,0.1065756,-0.07443272,0.02694495,0.1327578,-0.02496313,0.998185,0.03647751,0.04090172,175.3117,-0.02498404,0.9990209,0.03650806,-0.1435247,0.04219804,-0.02242405,0.1512708,0.1520016,-0.4558759,-0.3134019,0.8190555,70.01927,0.2649431,-0.7946046,-0.5462683,0.1651574,1.116098,0.2025394,1.146287,0.7105381,0.1478645,0.2487528,-0.6413998,259.7926,0.9261364,0.1927309,0.3242317,0.103811,-0.04337431,0.04149622,0.1199166,0.476823,-0.6149242,-0.5217756,-0.3496545,220.9324,0.5089485,-0.6563541,-0.5569297,-0.4031498,-0.2121017,-0.3994486,0.605868,0.3542568,0.8674821,0.3249491,0.1280037,165.2915,0.3571952,0.8746776,0.3276444,-0.06515736,-0.01609755,0.09746064,0.1183351,-0.3924257,0.4560742,-0.7976278,0.04229013,175.1525,-0.392777,0.4564825,-0.7983419,-0.09868024,1.207041,-0.07976677,1.213692,-0.004987887,-0.178024,-0.1806454,-0.96729,330.61,-0.01966265,-0.7017849,-0.7121185,False,False,False,False
1772879682828,8.443221,0.1898328,1.03089,0.1840594,1.064259,-0.5676494,-0.6672791,0.2865997,0.3877802,134.3671,-0.6158375,-0.7239249,0.3109293,-0.1033373,0.6392043,-0.05971578,0.6502513,0.5306033,0.2537616,-0.7582967,0.2811607,147.341,0.5529072,0.2644286,-0.7901717,0.1065097,1.124996,0.2376202,1.15474,0.1322839,1.144047,0.2559199,1.179762,0.1438751,1.126724,0.2632836,1.165987,-0.01725635,0.6563078,0.03372324,0.6574001,-0.006307837,0.6451911,0.07780589,0.6498963,-0.02440407,0.6361694,0.1066751,0.6455126,0.1070665,-0.07066807,0.04701447,0.1366293,0.1278367,-0.06828335,0.01660016,0.1458781,0.1116425,-0.07145044,0.001890004,0.1325624,-0.1152126,0.03960898,-0.03988083,0.1281924,-0.1582828,0.05134079,-0.02595057,0.1684125,-0.1791706,0.04268801,0.001088716,0.1841889,0.10321,-0.07581856,0.04393619,0.1353926,0.1197594,-0.07306442,0.01752711,0.1413786,0.1065385,-0.07269723,0.002493657,0.1290022,-0.1149277,0.04023491,-0.03968729,0.1280715,-0.1579677,0.05175646,-0.0258385,0.1682265,-0.1790325,0.0430326,0.001281385,0.1841361,0.1065756,-0.07443272,0.02694495,0.1327578,-0.02496313,0.998185,0.03647751,0.04090172,175.3117,-0.02498404,0.9990209,0.03650806,-0.1435247,0.04219804,-0.02242405,0.1512708,0.1520016,-0.4558759,-0.3134019,0.8190555,70.01927,0.2649431,-0.7946046,-0.5462683,0.1654872,1.116123,0.2028191,1.146409,0.710919,0.1649622,0.2491243,-0.6366466,259.0844,0.9218877,0.2139156,0.3230532,0.103811,-0.04337431,0.04149622,0.1199166,0.476823,-0.6149242,-0.5217756,-0.3496545,220.9324,0.5089485,-0.6563541,-0.5569297,-0.4031498,-0.2121017,-0.3994486,0.605868,0.3542568,0.8674821,0.3249491,0.1280037,165.2915,0.3571952,0.8746776,0.3276444,-0.06548723,-0.01612341,0.0971809,0.1182906,-0.3874574,0.4460779,-0.8061656,0.03144091,176.3965,-0.3876491,0.4462986,-0.8065644,-0.09908571,1.207093,-0.07989401,1.213785,-0.004838045,-0.1775989,-0.1810105,-0.9673006,330.6148,-0.019075,-0.7002206,-0.7136716,False,False,False,False
1772879682842,8.457534,0.1898328,1.03089,0.1840594,1.064259,-0.5676494,-0.6672791,0.2865997,0.3877802,134.3671,-0.6158375,-0.7239249,0.3109293,-0.1033373,0.6392043,-0.05971578,0.6502513,0.5306033,0.2537616,-0.7582967,0.2811607,147.341,0.5529072,0.2644286,-0.7901717,0.1065097,1.124996,0.2376202,1.15474,0.1322839,1.144047,0.2559199,1.179762,0.1438751,1.126724,0.2632836,1.165987,-0.01725635,0.6563078,0.03372324,0.6574001,-0.006307837,0.6451911,0.07780589,0.6498963,-0.02440407,0.6361694,0.1066751,0.6455126,0.1070665,-0.07066807,0.04701447,0.1366293,0.1278367,-0.06828335,0.01660016,0.1458781,0.1116425,-0.07145044,0.001890004,0.1325624,-0.1152126,0.03960898,-0.03988083,0.1281924,-0.1582828,0.05134079,-0.02595057,0.1684125,-0.1791706,0.04268801,0.001088716,0.1841889,0.10321,-0.07581856,0.04393619,0.1353926,0.1197594,-0.07306442,0.01752711,0.1413786,0.1065385,-0.07269723,0.002493657,0.1290022,-0.1149277,0.04023491,-0.03968729,0.1280715,-0.1579677,0.05175646,-0.0258385,0.1682265,-0.1790325,0.0430326,0.001281385,0.1841361,0.1065756,-0.07443272,0.02694495,0.1327578,-0.02496313,0.998185,0.03647751,0.04090172,175.3117,-0.02498404,0.9990209,0.03650806,-0.1435247,0.04219804,-0.02242405,0.1512708,0.1520016,-0.4558759,-0.3134019,0.8190555,70.01927,0.2649431,-0.7946046,-0.5462683,0.1656245,1.116094,0.2029067,1.146416,0.711477,0.1733079,0.2489897,-0.6338525,258.6699,0.9198699,0.2240701,0.3219193,0.103811,-0.04337431,0.04149622,0.1199166,0.476823,-0.6149242,-0.5217756,-0.3496545,220.9324,0.5089485,-0.6563541,-0.5569297,-0.4031498,-0.2121017,-0.3994486,0.605868,0.3542568,0.8674821,0.3249491,0.1280037,165.2915,0.3571952,0.8746776,0.3276444,-0.06562445,-0.01609409,0.09709336,0.1182908,-0.3851702,0.4406264,-0.8104269,0.0264733,176.966,-0.3853052,0.4407808,-0.8107109,-0.09940424,1.207035,-0.08001849,1.213761,-0.004576301,-0.1770104,-0.1812912,-0.9673572,330.6404,-0.01805839,-0.6984948,-0.7153873,False,False,False,False
1772879682856,8.471026,0.1898328,1.03089,0.1840594,1.064259,-0.5676494,-0.6672791,0.2865997,0.3877802,134.3671,-0.6158375,-0.7239249,0.3109293,-0.1033373,0.6392043,-0.05971578,0.6502513,0.5306033,0.2537616,-0.7582967,0.2811607,147.341,0.5529072,0.2644286,-0.7901717,0.1065097,1.124996,0.2376202,1.15474,0.1322839,1.144047,0.2559199,1.179762,0.1438751,1.126724,0.2632836,1.165987,-0.01725635,0.6563078,0.03372324,0.6574001,-0.006307837,0.6451911,0.07780589,0.6498963,-0.02440407,0.6361694,0.1066751,0.6455126,0.1070665,-0.07066807,0.04701447,0.1366293,0.1278367,-0.06828335,0.01660016,0.1458781,0.1116425,-0.07145044,0.001890004,0.1325624,-0.1152126,0.03960898,-0.03988083,0.1281924,-0.1582828,0.05134079,-0.02595057,0.1684125,-0.1791706,0.04268801,0.001088716,0.1841889,0.10321,-0.07581856,0.04393619,0.1353926,0.1197594,-0.07306442,0.01752711,0.1413786,0.1065385,-0.07269723,0.002493657,0.1290022,-0.1149277,0.04023491,-0.03968729,0.1280715,-0.1579677,0.05175646,-0.0258385,0.1682265,-0.1790325,0.0430326,0.001281385,0.1841361,0.1065756,-0.07443272,0.02694495,0.1327578,-0.02496313,0.998185,0.03647751,0.04090172,175.3117,-0.02498404,0.9990209,0.03650806,-0.1435247,0.04219804,-0.02242405,0.1512708,0.1520016,-0.4558759,-0.3134019,0.8190555,70.01927,0.2649431,-0.7946046,-0.5462683,0.1656937,1.116127,0.2029428,1.146464,0.7101681,0.1764159,0.2499642,-0.6340794,258.7035,0.9183985,0.2281433,0.3232569,0.103811,-0.04337431,0.04149622,0.1199166,0.476823,-0.6149242,-0.5217756,-0.3496545,220.9324,0.5089485,-0.6563541,-0.5569297,-0.4031498,-0.2121017,-0.3994486,0.605868,0.3542568,0.8674821,0.3249491,0.1280037,165.2915,0.3571952,0.8746776,0.3276444,-0.06569367,-0.01612663,0.09705722,0.118304,-0.3836144,0.4402917,-0.8114377,0.02350354,177.3065,-0.3837203,0.4404133,-0.8116618,-0.09972,1.206981,-0.08015909,1.213743,-0.004434,-0.176367,-0.1819613,-0.9673495,330.637,-0.01749486,-0.6958764,-0.7179495,False,False,False,False
1772879682870,8.4861,0.1898328,1.03089,0.1840594,1.064259,-0.5676494,-0.6672791,0.2865997,0.3877802,134.3671,-0.6158375,-0.7239249,0.3109293,-0.1033373,0.6392043,-0.05971578,0.6502513,0.5306033,0.2537616,-0.7582967,0.2811607,147.341,0.5529072,0.2644286,-0.7901717,0.1065097,1.124996,0.2376202,1.15474,0.1322839,1.144047,0.2559199,1.179762,0.1438751,1.126724,0.2632836,1.165987,-0.01725635,0.6563078,0.03372324,0.6574001,-0.006307837,0.6451911,0.07780589,0.6498963,-0.02440407,0.6361694,0.1066751,0.6455126,0.1070665,-0.07066807,0.04701447,0.1366293,0.1278367,-0.06828335,0.01660016,0.1458781,0.1116425,-0.07145044,0.001890004,0.1325624,-0.1152126,0.03960898,-0.03988083,0.1281924,-0.1582828,0.05134079,-0.02595057,0.1684125,-0.1791706,0.04268801,0.001088716,0.1841889,0.10321,-0.07581856,0.04393619,0.1353926,0.1197594,-0.07306442,0.01752711,0.1413786,0.1065385,-0.07269723,0.002493657,0.1290022,-0.1149277,0.04023491,-0.03968729,0.1280715,-0.1579677,0.05175646,-0.0258385,0.1682265,-0.1790325,0.0430326,0.001281385,0.1841361,0.1065756,-0.07443272,0.02694495,0.1327578,-0.02496313,0.998185,0.03647751,0.04090172,175.3117,-0.02498404,0.9990209,0.03650806,-0.1435247,0.04219804,-0.02242405,0.1512708,0.1520016,-0.4558759,-0.3134019,0.8190555,70.01927,0.2649431,-0.7946046,-0.5462683,0.165499,1.116278,0.2023084,1.146471,0.7164814,0.1978371,0.2561094,-0.6179991,256.3403,0.9113466,0.2516439,0.3257648,0.103811,-0.04337431,0.04149622,0.1199166,0.476823,-0.6149242,-0.5217756,-0.3496545,220.9324,0.5089485,-0.6563541,-0.5569297,-0.4031498,-0.2121017,-0.3994486,0.605868,0.3542568,0.8674821,0.3249491,0.1280037,165.2915,0.3571952,0.8746776,0.3276444,-0.065499,-0.01627815,0.09769166,0.1187382,-0.3701371,0.4222164,-0.8272987,0.01757571,177.9859,-0.3701943,0.4222816,-0.8274265,-0.1000334,1.206907,-0.08030534,1.213705,-0.004413913,-0.1758982,-0.1825151,-0.9673306,330.6284,-0.01741064,-0.6938288,-0.7199292,False,False,False,False
1772879682884,8.500272,0.1898328,1.03089,0.1840594,1.064259,-0.5676494,-0.6672791,0.2865997,0.3877802,134.3671,-0.6158375,-0.7239249,0.3109293,-0.1033373,0.6392043,-0.05971578,0.6502513,0.5306033,0.2537616,-0.7582967,0.2811607,147.341,0.5529072,0.2644286,-0.7901717,0.1065097,1.124996,0.2376202,1.15474,0.1322839,1.144047,0.2559199,1.179762,0.1438751,1.126724,0.2632836,1.165987,-0.01725635,0.6563078,0.03372324,0.6574001,-0.006307837,0.6451911,0.07780589,0.6498963,-0.02440407,0.6361694,0.1066751,0.6455126,0.1070665,-0.07066807,0.04701447,0.1366293,0.1278367,-0.06828335,0.01660016,0.1458781,0.1116425,-0.07145044,0.001890004,0.1325624,-0.1152126,0.03960898,-0.03988083,0.1281924,-0.1582828,0.05134079,-0.02595057,0.1684125,-0.1791706,0.04268801,0.001088716,0.1841889,0.10321,-0.07581856,0.04393619,0.1353926,0.1197594,-0.07306442,0.01752711,0.1413786,0.1065385,-0.07269723,0.002493657,0.1290022,-0.1149277,0.04023491,-0.03968729,0.1280715,-0.1579677,0.05175646,-0.0258385,0.1682265,-0.1790325,0.0430326,0.001281385,0.1841361,0.1065756,-0.07443272,0.02694495,0.1327578,-0.02496313,0.998185,0.03647751,0.04090172,175.3117,-0.02498404,0.9990209,0.03650806,-0.1435247,0.04219804,-0.02242405,0.1512708,0.1520016,-0.4558759,-0.3134019,0.8190555,70.01927,0.2649431,-0.7946046,-0.5462683,0.1655626,1.116217,0.2021381,1.14639,0.7189381,0.2016295,0.2586626,-0.6128355,255.5896,0.9098058,0.2551592,0.3273337,0.103811,-0.04337431,0.04149622,0.1199166,0.476823,-0.6149242,-0.5217756,-0.3496545,220.9324,0.5089485,-0.6563541,-0.5569297,-0.4031498,-0.2121017,-0.3994486,0.605868,0.3542568,0.8674821,0.3249491,0.1280037,165.2915,0.3571952,0.8746776,0.3276444,-0.0655626,-0.01621652,0.0978619,0.1189049,-0.3659679,0.4178306,-0.8313545,0.0183052,177.9023,-0.3660292,0.4179005,-0.8314937,-0.1002867,1.206965,-0.0803392,1.213786,-0.004326307,-0.1756233,-0.1824431,-0.9673946,330.6573,-0.01708153,-0.6934121,-0.7203386,False,False,False,False
1772879682897,8.512486,0.1898328,1.03089,0.1840594,1.064259,-0.5676494,-0.6672791,0.2865997,0.3877802,134.3671,-0.6158375,-0.7239249,0.3109293,-0.1033373,0.6392043,-0.05971578,0.6502513,0.5306033,0.2537616,-0.7582967,0.2811607,147.341,0.5529072,0.2644286,-0.7901717,0.1065097,1.124996,0.2376202,1.15474,0.1322839,1.144047,0.2559199,1.179762,0.1438751,1.126724,0.2632836,1.165987,-0.01725635,0.6563078,0.03372324,0.6574001,-0.006307837,0.6451911,0.07780589,0.6498963,-0.02440407,0.6361694,0.1066751,0.6455126,0.1070665,-0.07066807,0.04701447,0.1366293,0.1278367,-0.06828335,0.01660016,0.1458781,0.1116425,-0.07145044,0.001890004,0.1325624,-0.1152126,0.03960898,-0.03988083,0.1281924,-0.1582828,0.05134079,-0.02595057,0.1684125,-0.1791706,0.04268801,0.001088716,0.1841889,0.10321,-0.07581856,0.04393619,0.1353926,0.1197594,-0.07306442,0.01752711,0.1413786,0.1065385,-0.07269723,0.002493657,0.1290022,-0.1149277,0.04023491,-0.03968729,0.1280715,-0.1579677,0.05175646,-0.0258385,0.1682265,-0.1790325,0.0430326,0.001281385,0.1841361,0.1065756,-0.07443272,0.02694495,0.1327578,-0.02496313,0.998185,0.03647751,0.04090172,175.3117,-0.02498404,0.9990209,0.03650806,-0.1435247,0.04219804,-0.02242405,0.1512708,0.1520016,-0.4558759,-0.3134019,0.8190555,70.01927,0.2649431,-0.7946046,-0.5462683,0.1654961,1.116344,0.2012929,1.146356,0.7273456,0.2147051,0.2704838,-0.5930502,252.7475,0.9033493,0.2666596,0.3359356,0.103811,-0.04337431,0.04149622,0.1199166,0.476823,-0.6149242,-0.5217756,-0.3496545,220.9324,0.5089485,-0.6563541,-0.5569297,-0.4031498,-0.2121017,-0.3994486,0.605868,0.3542568,0.8674821,0.3249491,0.1280037,165.2915,0.3571952,0.8746776,0.3276444,-0.06549606,-0.01634419,0.09870712,0.1195825,-0.3482719,0.4027696,-0.8461684,0.02196893,177.4823,-0.3483559,0.4028667,-0.8463725,-0.1005864,1.207009,-0.08031438,1.213853,-0.00418929,-0.1754297,-0.1822283,-0.9674708,330.6918,-0.0165596,-0.6934459,-0.7203195,False,False,False,False
1772879682910,8.526467,0.1898328,1.03089,0.1840594,1.064259,-0.5676494,-0.6672791,0.2865997,0.3877802,134.3671,-0.6158375,-0.7239249,0.3109293,-0.1033373,0.6392043,-0.05971578,0.6502513,0.5306033,0.2537616,-0.7582967,0.2811607,147.341,0.5529072,0.2644286,-0.7901717,0.1065097,1.124996,0.2376202,1.15474,0.1322839,1.144047,0.2559199,1.179762,0.1438751,1.126724,0.2632836,1.165987,-0.01725635,0.6563078,0.03372324,0.6574001,-0.006307837,0.6451911,0.07780589,0.6498963,-0.02440407,0.6361694,0.1066751,0.6455126,0.1070665,-0.07066807,0.04701447,0.1366293,0.1278367,-0.06828335,0.01660016,0.1458781,0.1116425,-0.07145044,0.001890004,0.1325624,-0.1152126,0.03960898,-0.03988083,0.1281924,-0.1582828,0.05134079,-0.02595057,0.1684125,-0.1791706,0.04268801,0.001088716,0.1841889,0.10321,-0.07581856,0.04393619,0.1353926,0.1197594,-0.07306442,0.01752711,0.1413786,0.1065385,-0.07269723,0.002493657,0.1290022,-0.1149277,0.04023491,-0.03968729,0.1280715,-0.1579677,0.05175646,-0.0258385,0.1682265,-0.1790325,0.0430326,0.001281385,0.1841361,0.1065756,-0.07443272,0.02694495,0.1327578,-0.02496313,0.998185,0.03647751,0.04090172,175.3117,-0.02498404,0.9990209,0.03650806,-0.1435247,0.04219804,-0.02242405,0.1512708,0.1520016,-0.4558759,-0.3134019,0.8190555,70.01927,0.2649431,-0.7946046,-0.5462683,0.1657192,1.116247,0.2010989,1.14626,0.7297936,0.2145946,0.2765488,-0.5872574,251.9252,0.9016474,0.2651279,0.3416713,0.103811,-0.04337431,0.04149622,0.1199166,0.476823,-0.6149242,-0.5217756,-0.3496545,220.9324,0.5089485,-0.6563541,-0.5569297,-0.4031498,-0.2121017,-0.3994486,0.605868,0.3542568,0.8674821,0.3249491,0.1280037,165.2915,0.3571952,0.8746776,0.3276444,-0.06571916,-0.01624727,0.09890115,0.1198517,-0.34167,0.4012054,-0.8494706,0.02637476,176.9773,-0.341789,0.401345,-0.8497663,-0.1008033,1.207076,-0.08027929,1.213936,-0.004145788,-0.1751561,-0.1821344,-0.9675382,330.7224,-0.01640436,-0.6930709,-0.7206829,False,False,False,False
1772879682926,8.539952,0.1898328,1.03089,0.1840594,1.064259,-0.5676494,-0.6672791,0.2865997,0.3877802,134.3671,-0.6158375,-0.7239249,0.3109293,-0.1033373,0.6392043,-0.05971578,0.6502513,0.5306033,0.2537616,-0.7582967,0.2811607,147.341,0.5529072,0.2644286,-0.7901717,0.1065097,1.124996,0.2376202,1.15474,0.1322839,1.144047,0.2559199,1.179762,0.1438751,1.126724,0.2632836,1.165987,-0.01725635,0.6563078,0.03372324,0.6574001,-0.006307837,0.6451911,0.07780589,0.6498963,-0.02440407,0.6361694,0.1066751,0.6455126,0.1070665,-0.07066807,0.04701447,0.1366293,0.1278367,-0.06828335,0.01660016,0.1458781,0.1116425,-0.07145044,0.001890004,0.1325624,-0.1152126,0.03960898,-0.03988083,0.1281924,-0.1582828,0.05134079,-0.02595057,0.1684125,-0.1791706,0.04268801,0.001088716,0.1841889,0.10321,-0.07581856,0.04393619,0.1353926,0.1197594,-0.07306442,0.01752711,0.1413786,0.1065385,-0.07269723,0.002493657,0.1290022,-0.1149277,0.04023491,-0.03968729,0.1280715,-0.1579677,0.05175646,-0.0258385,0.1682265,-0.1790325,0.0430326,0.001281385,0.1841361,0.1065756,-0.07443272,0.02694495,0.1327578,-0.02496313,0.998185,0.03647751,0.04090172,175.3117,-0.02498404,0.9990209,0.03650806,-0.1435247,0.04219804,-0.02242405,0.1512708,0.1520016,-0.4558759,-0.3134019,0.8190555,70.01927,0.2649431,-0.7946046,-0.5462683,0.1663683,1.11608,0.2009552,1.146165,0.7323534,0.2115118,0.2808166,-0.5831494,251.3447,0.9015079,0.2603655,0.3456779,0.103811,-0.04337431,0.04149622,0.1199166,0.476823,-0.6149242,-0.5217756,-0.3496545,220.9324,0.5089485,-0.6563541,-0.5569297,-0.4031498,-0.2121017,-0.3994486,0.605868,0.3542568,0.8674821,0.3249491,0.1280037,165.2915,0.3571952,0.8746776,0.3276444,-0.06636826,-0.01607955,0.0990448,0.1203045,-0.3377495,0.4011134,-0.8508804,0.03218671,176.311,-0.3379246,0.4013214,-0.8513216,-0.1010426,1.207136,-0.08033779,1.214018,-0.004190986,-0.1751828,-0.1820225,-0.9675543,330.7297,-0.01658724,-0.6933451,-0.7204155,False,False,False,False
1772879682940,8.55393,0.1898328,1.03089,0.1840594,1.064259,-0.5676494,-0.6672791,0.2865997,0.3877802,134.3671,-0.6158375,-0.7239249,0.3109293,-0.1033373,0.6392043,-0.05971578,0.6502513,0.5306033,0.2537616,-0.7582967,0.2811607,147.341,0.5529072,0.2644286,-0.7901717,0.1065097,1.124996,0.2376202,1.15474,0.1322839,1.144047,0.2559199,1.179762,0.1438751,1.126724,0.2632836,1.165987,-0.01725635,0.6563078,0.03372324,0.6574001,-0.006307837,0.6451911,0.07780589,0.6498963,-0.02440407,0.6361694,0.1066751,0.6455126,0.1070665,-0.07066807,0.04701447,0.1366293,0.1278367,-0.06828335,0.01660016,0.1458781,0.1116425,-0.07145044,0.001890004,0.1325624,-0.1152126,0.03960898,-0.03988083,0.1281924,-0.1582828,0.05134079,-0.02595057,0.1684125,-0.1791706,0.04268801,0.001088716,0.1841889,0.10321,-0.07581856,0.04393619,0.1353926,0.1197594,-0.07306442,0.01752711,0.1413786,0.1065385,-0.07269723,0.002493657,0.1290022,-0.1149277,0.04023491,-0.03968729,0.1280715,-0.1579677,0.05175646,-0.0258385,0.1682265,-0.1790325,0.0430326,0.001281385,0.1841361,0.1065756,-0.07443272,0.02694495,0.1327578,-0.02496313,0.998185,0.03647751,0.04090172,175.3117,-0.02498404,0.9990209,0.03650806,-0.1435247,0.04219804,-0.02242405,0.1512708,0.1520016,-0.4558759,-0.3134019,0.8190555,70.01927,0.2649431,-0.7946046,-0.5462683,0.169709,1.114433,0.2008021,1.145025,0.7367207,0.1949707,0.279733,-0.5839336,251.4554,0.9075135,0.2401704,0.3445831,0.103811,-0.04337431,0.04149622,0.1199166,0.476823,-0.6149242,-0.5217756,-0.3496545,220.9324,0.5089485,-0.6563541,-0.5569297,-0.4031498,-0.2121017,-0.3994486,0.605868,0.3542568,0.8674821,0.3249491,0.1280037,165.2915,0.3571952,0.8746776,0.3276444,-0.06970897,-0.01443291,0.09919795,0.1220978,-0.342958,0.4068682,-0.8453867,0.04647108,174.6729,-0.3433289,0.4073082,-0.8463008,-0.1012241,1.207139,-0.08045434,1.214045,-0.00420224,-0.1752953,-0.1818871,-0.9675593,330.732,-0.01663305,-0.6938434,-0.7199345,False,False,False,False
1772879682954,8.568586,0.1898328,1.03089,0.1840594,1.064259,-0.5676494,-0.6672791,0.2865997,0.3877802,134.3671,-0.6158375,-0.7239249,0.3109293,-0.1033373,0.6392043,-0.05971578,0.6502513,0.5306033,0.2537616,-0.7582967,0.2811607,147.341,0.5529072,0.2644286,-0.7901717,0.1065097,1.124996,0.2376202,1.15474,0.1322839,1.144047,0.2559199,1.179762,0.1438751,1.126724,0.2632836,1.165987,-0.01725635,0.6563078,0.03372324,0.6574001,-0.006307837,0.6451911,0.07780589,0.6498963,-0.02440407,0.6361694,0.1066751,0.6455126,0.1070665,-0.07066807,0.04701447,0.1366293,0.1278367,-0.06828335,0.01660016,0.1458781,0.1116425,-0.07145044,0.001890004,0.1325624,-0.1152126,0.03960898,-0.03988083,0.1281924,-0.1582828,0.05134079,-0.02595057,0.1684125,-0.1791706,0.04268801,0.001088716,0.1841889,0.10321,-0.07581856,0.04393619,0.1353926,0.1197594,-0.07306442,0.01752711,0.1413786,0.1065385,-0.07269723,0.002493657,0.1290022,-0.1149277,0.04023491,-0.03968729,0.1280715,-0.1579677,0.05175646,-0.0258385,0.1682265,-0.1790325,0.0430326,0.001281385,0.1841361,0.1065756,-0.07443272,0.02694495,0.1327578,-0.02496313,0.998185,0.03647751,0.04090172,175.3117,-0.02498404,0.9990209,0.03650806,-0.1435247,0.04219804,-0.02242405,0.1512708,0.1520016,-0.4558759,-0.3134019,0.8190555,70.01927,0.2649431,-0.7946046,-0.5462683,0.1709475,1.113923,0.2009249,1.144735,0.7338042,0.1828651,0.2791943,-0.5917282,252.5595,0.9102717,0.2268411,0.3463357,0.103811,-0.04337431,0.04149622,0.1199166,0.476823,-0.6149242,-0.5217756,-0.3496545,220.9324,0.5089485,-0.6563541,-0.5569297,-0.4031498,-0.2121017,-0.3994486,0.605868,0.3542568,0.8674821,0.3249491,0.1280037,165.2915,0.3571952,0.8746776,0.3276444,-0.07094748,-0.01392293,0.09907512,0.122651,-0.3479438,0.4175208,-0.837857,0.05106074,174.1463,-0.3483983,0.4180662,-0.8389514,-0.1015662,1.207128,-0.08052335,1.214067,-0.004018188,-0.1753992,-0.1820777,-0.9675054,330.7075,-0.01589156,-0.6936879,-0.7201005,False,False,False,False
1772879682967,8.582031,0.1898328,1.03089,0.1840594,1.064259,-0.5676494,-0.6672791,0.2865997,0.3877802,134.3671,-0.6158375,-0.7239249,0.3109293,-0.1033373,0.6392043,-0.05971578,0.6502513,0.5306033,0.2537616,-0.7582967,0.2811607,147.341,0.5529072,0.2644286,-0.7901717,0.1065097,1.124996,0.2376202,1.15474,0.1322839,1.144047,0.2559199,1.179762,0.1438751,1.126724,0.2632836,1.165987,-0.01725635,0.6563078,0.03372324,0.6574001,-0.006307837,0.6451911,0.07780589,0.6498963,-0.02440407,0.6361694,0.1066751,0.6455126,0.1070665,-0.07066807,0.04701447,0.1366293,0.1278367,-0.06828335,0.01660016,0.1458781,0.1116425,-0.07145044,0.001890004,0.1325624,-0.1152126,0.03960898,-0.03988083,0.1281924,-0.1582828,0.05134079,-0.02595057,0.1684125,-0.1791706,0.04268801,0.001088716,0.1841889,0.10321,-0.07581856,0.04393619,0.1353926,0.1197594,-0.07306442,0.01752711,0.1413786,0.1065385,-0.07269723,0.002493657,0.1290022,-0.1149277,0.04023491,-0.03968729,0.1280715,-0.1579677,0.05175646,-0.0258385,0.1682265,-0.1790325,0.0430326,0.001281385,0.1841361,0.1065756,-0.07443272,0.02694495,0.1327578,-0.02496313,0.998185,0.03647751,0.04090172,175.3117,-0.02498404,0.9990209,0.03650806,-0.1435247,0.04219804,-0.02242405,0.1512708,0.1520016,-0.4558759,-0.3134019,0.8190555,70.01927,0.2649431,-0.7946046,-0.5462683,0.1745509,1.112242,0.2015043,1.143746,0.7284723,0.1543082,0.2683511,-0.6111504,255.3454,0.9203524,0.1949531,0.3390349,0.103811,-0.04337431,0.04149622,0.1199166,0.476823,-0.6149242,-0.5217756,-0.3496545,220.9324,0.5089485,-0.6563541,-0.5569297,-0.4031498,-0.2121017,-0.3994486,0.605868,0.3542568,0.8674821,0.3249491,0.1280037,165.2915,0.3571952,0.8746776,0.3276444,-0.07455093,-0.0122422,0.09849572,0.1241335,-0.3680596,0.4383032,-0.8177458,0.06094568,173.0118,-0.3687451,0.4391195,-0.8192688,-0.1017918,1.207184,-0.08053175,1.214142,-0.0034558,-0.1754291,-0.1825715,-0.9674091,330.6639,-0.01364751,-0.6927975,-0.7210038,False,False,False,False
1772879682981,8.596082,0.1898328,1.03089,0.1840594,1.064259,-0.5676494,-0.6672791,0.2865997,0.3877802,134.3671,-0.6158375,-0.7239249,0.3109293,-0.1033373,0.6392043,-0.05971578,0.6502513,0.5306033,0.2537616,-0.7582967,0.2811607,147.341,0.5529072,0.2644286,-0.7901717,0.1065097,1.124996,0.2376202,1.15474,0.1322839,1.144047,0.2559199,1.179762,0.1438751,1.126724,0.2632836,1.165987,-0.01725635,0.6563078,0.03372324,0.6574001,-0.006307837,0.6451911,0.07780589,0.6498963,-0.02440407,0.6361694,0.1066751,0.6455126,0.1070665,-0.07066807,0.04701447,0.1366293,0.1278367,-0.06828335,0.01660016,0.1458781,0.1116425,-0.07145044,0.001890004,0.1325624,-0.1152126,0.03960898,-0.03988083,0.1281924,-0.1582828,0.05134079,-0.02595057,0.1684125,-0.1791706,0.04268801,0.001088716,0.1841889,0.10321,-0.07581856,0.04393619,0.1353926,0.1197594,-0.07306442,0.01752711,0.1413786,0.1065385,-0.07269723,0.002493657,0.1290022,-0.1149277,0.04023491,-0.03968729,0.1280715,-0.1579677,0.05175646,-0.0258385,0.1682265,-0.1790325,0.0430326,0.001281385,0.1841361,0.1065756,-0.07443272,0.02694495,0.1327578,-0.02496313,0.998185,0.03647751,0.04090172,175.3117,-0.02498404,0.9990209,0.03650806,-0.1435247,0.04219804,-0.02242405,0.1512708,0.1520016,-0.4558759,-0.3134019,0.8190555,70.01927,0.2649431,-0.7946046,-0.5462683,0.1758931,1.111764,0.2017754,1.143534,0.7238494,0.1265959,0.2660813,-0.623872,257.1989,0.9261994,0.1619854,0.3404636,0.103811,-0.04337431,0.04149622,0.1199166,0.476823,-0.6149242,-0.5217756,-0.3496545,220.9324,0.5089485,-0.6563541,-0.5569297,-0.4031498,-0.2121017,-0.3994486,0.605868,0.3542568,0.8674821,0.3249491,0.1280037,165.2915,0.3571952,0.8746776,0.3276444,-0.07589307,-0.01176381,0.0982246,0.1246845,-0.3784138,0.4580008,-0.8009462,0.07432116,171.4756,-0.3794632,0.459271,-0.8031673,-0.1020444,1.207241,-0.08048713,1.214217,-0.002859385,-0.1751476,-0.1831693,-0.9673491,330.6367,-0.01128195,-0.6910597,-0.7227101,False,False,False,False
1772879682995,8.609258,0.1898328,1.03089,0.1840594,1.064259,-0.5676494,-0.6672791,0.2865997,0.3877802,134.3671,-0.6158375,-0.7239249,0.3109293,-0.1033373,0.6392043,-0.05971578,0.6502513,0.5306033,0.2537616,-0.7582967,0.2811607,147.341,0.5529072,0.2644286,-0.7901717,0.1065097,1.124996,0.2376202,1.15474,0.1322839,1.144047,0.2559199,1.179762,0.1438751,1.126724,0.2632836,1.165987,-0.01725635,0.6563078,0.03372324,0.6574001,-0.006307837,0.6451911,0.07780589,0.6498963,-0.02440407,0.6361694,0.1066751,0.6455126,0.1070665,-0.07066807,0.04701447,0.1366293,0.1278367,-0.06828335,0.01660016,0.1458781,0.1116425,-0.07145044,0.001890004,0.1325624,-0.1152126,0.03960898,-0.03988083,0.1281924,-0.1582828,0.05134079,-0.02595057,0.1684125,-0.1791706,0.04268801,0.001088716,0.1841889,0.10321,-0.07581856,0.04393619,0.1353926,0.1197594,-0.07306442,0.01752711,0.1413786,0.1065385,-0.07269723,0.002493657,0.1290022,-0.1149277,0.04023491,-0.03968729,0.1280715,-0.1579677,0.05175646,-0.0258385,0.1682265,-0.1790325,0.0430326,0.001281385,0.1841361,0.1065756,-0.07443272,0.02694495,0.1327578,-0.02496313,0.998185,0.03647751,0.04090172,175.3117,-0.02498404,0.9990209,0.03650806,-0.1435247,0.04219804,-0.02242405,0.1512708,0.1520016,-0.4558759,-0.3134019,0.8190555,70.01927,0.2649431,-0.7946046,-0.5462683,0.1771916,1.110999,0.2020871,1.143046,0.7121771,0.09291184,0.2710815,-0.6408479,259.7102,0.9277151,0.1210313,0.3531235,0.103811,-0.04337431,0.04149622,0.1199166,0.476823,-0.6149242,-0.5217756,-0.3496545,220.9324,0.5089485,-0.6563541,-0.5569297,-0.4031498,-0.2121017,-0.3994486,0.605868,0.3542568,0.8674821,0.3249491,0.1280037,165.2915,0.3571952,0.8746776,0.3276444,-0.0771916,-0.01099861,0.09791291,0.1251657,-0.3835977,0.4879151,-0.779135,0.0879804,169.9051,-0.385091,0.4898144,-0.782168,-0.102291,1.207259,-0.0804055,1.21425,-0.002400615,-0.1747855,-0.1836428,-0.967326,330.6263,-0.009468551,-0.6893923,-0.7243273,True,True,False,False
1772879683009,8.624283,0.1505023,1.18092,0.06701075,1.192356,0.2616617,-0.7289082,0.3201848,0.5456259,113.8651,0.3122347,-0.8697889,0.382069,-0.1058192,0.6424906,-0.06046652,0.653948,0.5234478,0.2588425,-0.7648486,0.2720475,148.4277,0.543964,0.2689877,-0.7948264,0.1625018,1.096735,0.1703742,1.121723,0.1507358,1.11644,0.2110644,1.146171,0.1685582,1.129327,0.2112921,1.161221,-0.01364928,0.651197,0.02745159,0.6519182,-0.004680533,0.6446417,0.07416978,0.6489114,-0.02128384,0.6344185,0.1029655,0.6430721,0.09902382,-0.08289849,0.03517272,0.1338469,0.1407254,-0.06870709,0.01961617,0.1578261,0.1357614,-0.07329425,-0.00131391,0.1542885,-0.1120616,0.04731011,-0.03878967,0.1276742,-0.157824,0.05298686,-0.02538878,0.1684061,-0.1784054,0.04571773,0.001684137,0.1841777,0.1028899,-0.07635986,0.04326617,0.1352373,0.1213624,-0.07273127,0.01768683,0.1425885,0.1087728,-0.07274287,0.002202546,0.1308736,-0.1147086,0.04077585,-0.03961867,0.1280249,-0.1579567,0.05185053,-0.02580412,0.1682399,-0.1789846,0.04323789,0.001312178,0.1841378,0.1073769,-0.07470279,0.02667947,0.1334994,-0.0433675,0.9955879,0.04045646,0.07271396,171.6602,-0.04348261,0.9982304,0.04056384,-0.1433341,0.04256392,-0.0223979,0.1511887,0.1504745,-0.4570878,-0.3057775,0.8215403,69.52144,0.2639207,-0.8016968,-0.5363102,0.1791173,1.109122,0.2029243,1.141671,0.6933151,0.04786465,0.2628172,-0.6692909,264.0247,0.9331288,0.06442075,0.3537242,0.1251739,-0.08999623,0.008890716,0.1544243,0.7836102,-0.5735208,-0.1903243,-0.1442418,196.5867,0.7918914,-0.5795818,-0.1923357,-0.401252,-0.1710964,-0.4221997,0.6070665,0.3879655,0.8777598,-0.2806974,0.01515964,178.2628,0.38801,0.8778605,-0.2807296,-0.07911728,-0.009121895,0.09707576,0.1255645,-0.4035258,0.5250403,-0.7425914,0.1002883,168.4885,-0.4055705,0.5277008,-0.7463542,-0.1025247,1.207247,-0.08034623,1.214254,-0.002140349,-0.1744252,-0.1838786,-0.9673468,330.6357,-0.008444646,-0.6881866,-0.7254845,True,True,False,False
1772879683023,8.641583,0.1511449,1.180072,0.06714818,1.191605,0.2646974,-0.7253948,0.3185074,0.5498098,113.2921,0.3168929,-0.8684347,0.3813136,-0.1059133,0.6427907,-0.06024639,0.6542379,0.5237061,0.2593249,-0.7647811,0.2712797,148.5191,0.5441098,0.2694283,-0.7945772,0.1646416,1.095545,0.170225,1.120849,0.1525018,1.115472,0.2148809,1.146171,0.1719348,1.127429,0.2149067,1.160536,-0.01352383,0.6512878,0.02736873,0.6520029,-0.004702103,0.6446971,0.07434796,0.648987,-0.02148419,0.6345515,0.1033073,0.6432648,0.09901053,-0.08307073,0.03532722,0.1339845,0.1445864,-0.06870249,0.01935817,0.1612452,0.1392463,-0.07511993,-0.001876846,0.1582278,-0.1118406,0.04746952,-0.03902245,0.1276104,-0.1578225,0.05297462,-0.02547013,0.1684131,-0.1785342,0.04548221,0.001697965,0.1842443,0.1025553,-0.07693876,0.04258133,0.1350938,0.1233658,-0.07238373,0.01783101,0.1441404,0.1114015,-0.07294793,0.001850643,0.1331733,-0.1144612,0.04135327,-0.03956724,0.1279728,-0.1579451,0.0519475,-0.02577531,0.1682545,-0.1789457,0.0434315,0.001345457,0.1841458,0.1083307,-0.07504601,0.02646941,0.1344176,-0.06428988,0.9910859,0.04099848,0.1092466,167.4562,-0.064677,0.9970536,0.04124535,-0.1431295,0.04294537,-0.02238125,0.1511002,0.1490622,-0.4582738,-0.2977305,0.8240888,69.00758,0.2631466,-0.8090124,-0.5255978,0.1799878,1.10803,0.2034654,1.140843,0.6746101,0.02099945,0.2572894,-0.6915653,267.5083,0.9339568,0.02907247,0.3562016,0.1264528,-0.09037194,0.009700248,0.155729,0.7642425,-0.6104426,-0.1579232,-0.1354755,195.5722,0.7713538,-0.6161228,-0.1593927,-0.4014013,-0.1688927,-0.4222777,0.6066022,0.433833,0.8544217,-0.2858372,-0.007056852,180.8087,0.4338438,0.8544429,-0.2858443,-0.07998779,-0.008029699,0.09653462,0.1256243,-0.4157355,0.5519301,-0.7156798,0.1016858,168.3275,-0.4179015,0.5548058,-0.7194087,-0.1027342,1.207272,-0.08028385,1.214292,-0.002013616,-0.1739283,-0.1838511,-0.9674419,330.6787,-0.007956024,-0.6872104,-0.7264166,True,True,False,False
1772879683036,8.655352,0.1516017,1.179604,0.06712636,1.191199,0.2668114,-0.7226398,0.3170779,0.5532315,112.822,0.3202913,-0.8674861,0.3806332,-0.1059986,0.64314,-0.06021985,0.6545923,0.5238978,0.2596925,-0.764742,0.2706669,148.5921,0.5442116,0.2697619,-0.7943943,0.1665185,1.095334,0.1702112,1.120918,0.1537189,1.115243,0.2160818,1.146337,0.1738345,1.126808,0.2173068,1.160662,-0.01358071,0.6514841,0.02729593,0.6521971,-0.004794647,0.6449155,0.07444409,0.6492156,-0.02158578,0.6346872,0.103357,0.6434101,0.09913511,-0.08312063,0.03483743,0.1339793,0.146023,-0.06810242,0.01933658,0.1622793,0.1418694,-0.07552334,-0.002286553,0.1607355,-0.1117577,0.04746941,-0.03907148,0.1275527,-0.1579091,0.0528619,-0.02549729,0.1684629,-0.1785766,0.0454075,0.001701958,0.1842671,0.1022199,-0.07754488,0.04182206,0.1349489,0.1255872,-0.07196396,0.01797862,0.1458568,0.1143888,-0.07320044,0.001445003,0.1358131,-0.1141961,0.04195294,-0.03951863,0.1279161,-0.1579416,0.05203715,-0.02574805,0.1682747,-0.1789095,0.04362524,0.001380411,0.1841567,0.1093606,-0.07541443,0.02627272,0.1354154,-0.08705896,0.9841907,0.03885826,0.1492632,162.8315,-0.08804529,0.995341,0.0392985,-0.1429076,0.04333886,-0.02237096,0.151001,0.147433,-0.459568,-0.288994,0.8267668,68.46394,0.2620822,-0.8169447,-0.5137262,0.1803138,1.107701,0.2035946,1.140599,0.6686537,0.009664481,0.254201,-0.6987065,268.6466,0.9346461,0.01350904,0.3553229,0.1276027,-0.09012683,0.01056902,0.156579,0.7503191,-0.6333913,-0.1314823,-0.1361963,195.6556,0.7573763,-0.6393487,-0.132719,-0.4014095,-0.1678106,-0.4220791,0.6061689,0.4620289,0.8359742,-0.2950397,-0.02506367,182.8724,0.462174,0.8362368,-0.2951324,-0.08031384,-0.007701278,0.09640539,0.1257125,-0.4210407,0.5609115,-0.705182,0.1040265,168.0578,-0.4233375,0.5639713,-0.7090287,-0.1029728,1.207307,-0.08021121,1.214342,-0.001671649,-0.1736403,-0.1840387,-0.9674585,330.6863,-0.006606537,-0.6862451,-0.7273405,True,True,False,False
1772879683050,8.66859,0.1514095,1.179711,0.06705435,1.191276,0.2683154,-0.7201393,0.3156052,0.5565966,112.3585,0.3229668,-0.86682,0.3798888,-0.1059873,0.6433278,-0.06024555,0.6547774,0.5240635,0.2600587,-0.764716,0.2700675,148.6634,0.5442886,0.2700951,-0.7942284,0.1673222,1.095455,0.1700047,1.121124,0.1543297,1.115591,0.2167819,1.146889,0.1747872,1.12702,0.2180221,1.161145,-0.01356279,0.6515278,0.02725816,0.6522388,-0.004753668,0.6448361,0.07436047,0.6491269,-0.02155238,0.6345724,0.1032945,0.6432856,0.09916367,-0.0831266,0.03475076,0.1339816,0.1469495,-0.06760679,0.01932281,0.1629055,0.142916,-0.07538672,-0.002445698,0.1615986,-0.111754,0.0474391,-0.03907675,0.1275399,-0.1578691,0.05288772,-0.02548569,0.1684319,-0.1785618,0.04543031,0.001734123,0.1842586,0.1019766,-0.0779893,0.04125904,0.1348476,0.1272881,-0.07161704,0.01808565,0.1471678,0.1166601,-0.07337452,0.001135224,0.1378213,-0.1140017,0.04238975,-0.03948345,0.1278758,-0.1579358,0.05210487,-0.02572716,0.1682871,-0.1788818,0.04376896,0.001408574,0.1841641,0.1101088,-0.07567792,0.02614005,0.1361411,-0.1033424,0.9778299,0.036042,0.1785219,159.4326,-0.1050296,0.9937942,0.03663043,-0.1427443,0.04362759,-0.02236247,0.1509285,0.1462013,-0.460508,-0.282607,0.8286681,68.07568,0.2611949,-0.8227174,-0.5048897,0.1806354,1.107406,0.203697,1.140381,0.6632428,-0.0003992912,0.2519673,-0.7047137,269.6129,0.934814,-0.0005627848,0.3551377,0.1282785,-0.08990364,0.01122541,0.1570479,0.7457544,-0.6406114,-0.1221142,-0.1362202,195.6584,0.7527711,-0.6466389,-0.1232632,-0.4010434,-0.1677838,-0.4221795,0.6059891,0.4732504,0.8288624,-0.2968362,-0.03015906,183.4565,0.4734658,0.8292395,-0.2969713,-0.08063542,-0.007405996,0.09630302,0.1258221,-0.4251492,0.5689121,-0.6959169,0.1062405,167.8027,-0.427569,0.5721502,-0.6998778,-0.1031703,1.207348,-0.08013954,1.214395,-0.001342195,-0.1729625,-0.1842036,-0.9675491,330.7274,-0.005311774,-0.6845039,-0.7289908,True,True,False,False
1772879683064,8.682569,0.1512792,1.179935,0.06701249,1.191479,0.2689109,-0.7179961,0.3140524,0.5599462,111.8959,0.3245642,-0.8665914,0.3790482,-0.1059056,0.6436551,-0.06027923,0.6550888,0.5241928,0.2604223,-0.7647063,0.2694932,148.7318,0.5443318,0.2704275,-0.7940856,0.1679188,1.095648,0.1698326,1.121376,0.1549657,1.116094,0.2172621,1.147555,0.1756592,1.127344,0.2186402,1.161707,-0.01353743,0.6516017,0.027222,0.6523106,-0.004628551,0.644897,0.07425654,0.6491745,-0.02145429,0.6345693,0.1032164,0.6432667,0.09914704,-0.08315291,0.0347634,0.1339889,0.1475479,-0.06724612,0.01928172,0.1632918,0.143777,-0.07531746,-0.00256595,0.1623303,-0.111728,0.04744605,-0.03895152,0.1274813,-0.1578238,0.05292698,-0.02547193,0.1683997,-0.178534,0.04547248,0.001803696,0.1842427,0.1017593,-0.07838581,0.04076025,0.1347616,0.1288439,-0.0712814,0.01817749,0.1483651,0.1187424,-0.07352372,0.0008510139,0.1396647,-0.1138271,0.04277802,-0.0394426,0.1278369,-0.1579272,0.052168,-0.02570756,0.1682955,-0.1788551,0.04389977,0.001438915,0.1841695,0.1107605,-0.07591049,0.02603271,0.1367772,-0.1175613,0.9712833,0.03262481,0.2042645,156.4271,-0.1200933,0.9922031,0.0333275,-0.1425995,0.04388654,-0.02234658,0.1508642,0.1450402,-0.4613833,-0.2768463,0.8303282,67.73506,0.260267,-0.827928,-0.4967861,0.1811225,1.106744,0.2037582,1.139826,0.6553664,-0.003054386,0.2419973,-0.7154878,271.3664,0.9380801,-0.004371996,0.3463908,0.1287883,-0.08987173,0.01189399,0.1574955,0.7416716,-0.6467416,-0.1136932,-0.136831,195.729,0.7487137,-0.6528823,-0.1147727,-0.4006619,-0.1677099,-0.4221346,0.6056849,0.4828327,0.8226809,-0.298063,-0.03503343,184.0154,0.4831293,0.8231863,-0.2982461,-0.08112254,-0.00674355,0.09624177,0.1260509,-0.4355668,0.574054,-0.6862981,0.09868523,168.6731,-0.4377033,0.5768698,-0.6896645,-0.1033603,1.207429,-0.08004227,1.214485,-0.0004538298,-0.1722796,-0.1848204,-0.9675542,330.7296,-0.001796181,-0.6818535,-0.7314876,True,True,False,False
1772879683077,8.695997,0.1517096,1.179957,0.06707215,1.191559,0.2678802,-0.7169366,0.312826,0.5624785,111.5452,0.3239917,-0.8671097,0.3783521,-0.1058319,0.6440753,-0.0602394,0.6554862,0.5242949,0.2606691,-0.7646759,0.2691419,148.7736,0.5443823,0.2706562,-0.793973,0.1685924,1.095776,0.1699333,1.121618,0.1554031,1.116653,0.2182006,1.148336,0.1765307,1.127438,0.219622,1.162116,-0.01343138,0.6518371,0.02725022,0.6525447,-0.004551609,0.6451984,0.07431486,0.6494801,-0.02145009,0.6348063,0.1032963,0.6435132,0.0991322,-0.08319023,0.03469826,0.1339842,0.1484291,-0.06679268,0.01919059,0.1638925,0.1447399,-0.07542644,-0.002639294,0.1632353,-0.1117162,0.04752016,-0.0389085,0.1274854,-0.1578514,0.05289705,-0.02546857,0.1684156,-0.1785591,0.04542232,0.001895629,0.1842556,0.1015472,-0.07877371,0.04027081,0.1346806,0.1304252,-0.07091898,0.01825929,0.1495782,0.1208414,-0.07367734,0.0005692106,0.1415321,-0.1136567,0.04316089,-0.03939947,0.1278007,-0.1579211,0.05222686,-0.02568826,0.1683051,-0.1788312,0.0440227,0.001475789,0.184176,0.111391,-0.07613767,0.02593433,0.1373954,-0.1315639,0.9640696,0.02822604,0.2290502,153.5177,-0.1351571,0.9903998,0.02899694,-0.142461,0.04413999,-0.02232542,0.1508042,0.1438562,-0.4622371,-0.271041,0.831973,67.3961,0.2592863,-0.8331356,-0.488524,0.1812668,1.106474,0.2037987,1.139595,0.6515549,-0.004434977,0.2364352,-0.7208016,272.2414,0.9400027,-0.006398372,0.3411068,0.1289256,-0.0901449,0.01266644,0.1578238,0.7328358,-0.6548668,-0.1090964,-0.1489939,197.1373,0.741108,-0.6622589,-0.1103279,-0.4003237,-0.1669542,-0.4218611,0.6050617,0.4907675,0.8137044,-0.3095495,-0.03480816,183.9895,0.4910651,0.8141978,-0.3097372,-0.08126675,-0.006473899,0.09620127,0.1260987,-0.4412299,0.5762759,-0.681326,0.0949599,169.102,-0.4432327,0.5788919,-0.6844188,-0.1035454,1.207566,-0.07992456,1.21463,0.0001881954,-0.1715204,-0.18531,-0.9675955,330.7484,0.0007453118,-0.6792737,-0.7338851,True,True,False,False
1772879683091,8.709277,0.1518492,1.179977,0.06712627,1.191599,0.2652412,-0.7165157,0.3114945,0.5649988,111.1956,0.3214688,-0.8684072,0.3775271,-0.1058594,0.644083,-0.0602477,0.6554989,0.5243813,0.2608311,-0.7646464,0.2689007,148.8023,0.5444339,0.2708054,-0.7938868,0.1685147,1.095918,0.1701219,1.121773,0.1553638,1.117154,0.2187912,1.148931,0.1768098,1.12766,0.2200758,1.16246,-0.01352668,0.6515641,0.02727154,0.6522748,-0.004570876,0.6450953,0.07427499,0.6493732,-0.0215313,0.6347821,0.1033452,0.6434999,0.09909326,-0.08322482,0.03472569,0.133984,0.1488484,-0.06660767,0.01920387,0.1641987,0.1450692,-0.07550738,-0.00267005,0.1635651,-0.1116928,0.04761736,-0.03870696,0.1274399,-0.1578246,0.05290972,-0.02546977,0.1683946,-0.1786146,0.04531654,0.001902044,0.1842835,0.1013563,-0.07912006,0.03983933,0.1346115,0.1318587,-0.07058351,0.01833279,0.1506812,0.1227266,-0.07381973,0.0003171591,0.1432176,-0.1135038,0.04350766,-0.03934559,0.1277659,-0.1579136,0.05228,-0.02567126,0.168312,-0.1788144,0.04412338,0.001508957,0.184184,0.111936,-0.07634103,0.02584495,0.1379332,-0.143632,0.9571633,0.02364,0.2502987,151.0096,-0.1483544,0.9886328,0.02441723,-0.1423433,0.04436611,-0.02229572,0.150755,0.1428989,-0.4630588,-0.2658059,0.8333689,67.10725,0.258539,-0.8377861,-0.4809076,0.1814658,1.106238,0.203854,1.139408,0.649425,-0.01048452,0.2318486,-0.7241433,272.7953,0.9416739,-0.01520267,0.3361832,0.1288119,-0.09047714,0.0129914,0.1579474,0.7273421,-0.6592148,-0.1075616,-0.1576068,198.136,0.7365475,-0.667558,-0.1089229,-0.4001456,-0.1668494,-0.4219151,0.6049526,0.4948999,0.8090062,-0.3153093,-0.03410697,183.9091,0.4951879,0.809477,-0.3154928,-0.08146585,-0.006238222,0.09614599,0.1261731,-0.4464414,0.57906,-0.6753255,0.09651567,168.9229,-0.4485354,0.581776,-0.678493,-0.1037012,1.207752,-0.07972388,1.214814,0.001385517,-0.1706691,-0.1858299,-0.9676453,330.771,0.005491229,-0.6764144,-0.736501,True,True,False,False
1772879683106,8.72325,0.1524442,1.179995,0.06765096,1.191723,0.2602548,-0.716863,0.3097143,0.5678484,110.7993,0.3161758,-0.8708956,0.3762626,-0.1059332,0.6440843,-0.06031305,0.6555182,0.5243813,0.2608311,-0.7646464,0.2689007,148.8023,0.5444339,0.2708054,-0.7938868,0.1683714,1.096067,0.170905,1.122017,0.1562128,1.117331,0.2187234,1.149205,0.1773787,1.127772,0.2204941,1.162735,-0.0136526,0.6513758,0.02720621,0.6520867,-0.004632812,0.6450616,0.07416299,0.6493273,-0.02163352,0.6348464,0.1033216,0.643563,0.09900601,-0.08333316,0.03481868,0.134011,0.1478611,-0.06731547,0.01922388,0.1635965,0.144716,-0.07589743,-0.002607435,0.1634318,-0.1116508,0.04771804,-0.03854344,0.1273912,-0.1577795,0.05294854,-0.02546843,0.1683643,-0.178654,0.04524687,0.001890987,0.1843043,0.1011753,-0.07944454,0.03945266,0.1345525,0.1330911,-0.07033182,0.01840142,0.1516523,0.1244202,-0.07397975,9.191807E-05,0.1447529,-0.1133611,0.04383193,-0.03928381,0.127731,-0.1579033,0.05233148,-0.02565564,0.1683159,-0.178802,0.0442099,0.001538379,0.184193,0.1123826,-0.07655201,0.02575813,0.1383964,-0.1537003,0.9507162,0.01900169,0.2686148,148.8363,-0.1595647,0.9869904,0.01972669,-0.1422385,0.04457527,-0.02226032,0.1507126,0.1421257,-0.4638636,-0.2609919,0.8345742,66.85695,0.2579902,-0.8420173,-0.4737593,0.1825988,1.105521,0.2040008,1.138919,0.6540299,-0.03050644,0.2287982,-0.7203927,272.1738,0.9429954,-0.04398489,0.3298865,0.1280492,-0.09087531,0.0133675,0.1575868,0.7201933,-0.6658617,-0.1068877,-0.1628649,198.7465,0.7299391,-0.6748723,-0.1083341,-0.40031,-0.1665061,-0.4218964,0.6049537,0.5019016,0.8042173,-0.3164812,-0.03419322,183.919,0.5021952,0.8046877,-0.3166663,-0.08259875,-0.005521297,0.0959992,0.1267631,-0.4513871,0.5816787,-0.6668374,0.1150114,166.7914,-0.4544024,0.5855644,-0.6712919,-0.1038355,1.207957,-0.07948864,1.215015,0.002549568,-0.1699598,-0.1860692,-0.9677218,330.8058,0.0101165,-0.6743879,-0.738309,True,True,False,False
1772879683120,8.738005,0.1545034,1.180245,0.06894503,1.19231,0.2527335,-0.7185763,0.3069887,0.570554,110.4223,0.3077387,-0.874968,0.3738021,-0.1060294,0.6442313,-0.06029107,0.6556762,0.5243813,0.2608311,-0.7646464,0.2689007,148.8023,0.5444339,0.2708054,-0.7938868,0.1687908,1.095971,0.1725187,1.122232,0.1581029,1.117587,0.2195396,1.149868,0.1796392,1.127195,0.2206659,1.162554,-0.01373596,0.651227,0.02715447,0.6519376,-0.004750681,0.6452325,0.07416527,0.6494983,-0.02170252,0.6349974,0.1033227,0.6437144,0.09892721,-0.08364402,0.03536869,0.1342902,0.1468644,-0.06842176,0.0191582,0.1631494,0.1430751,-0.07739091,-0.00234963,0.1626817,-0.1115445,0.04794822,-0.03837356,0.1273332,-0.1577576,0.05291875,-0.02547649,0.1683356,-0.178643,0.0452651,0.001863822,0.184298,0.1009938,-0.07978348,0.03912304,0.1345205,0.1342028,-0.07017765,0.0184625,0.1525653,0.1259258,-0.07425507,-0.0001051435,0.1461887,-0.1132145,0.04416416,-0.03921034,0.1276928,-0.1578915,0.05237889,-0.02564118,0.1683174,-0.1787892,0.04429507,0.001564646,0.1842012,0.1127614,-0.07681392,0.02568334,0.138835,-0.1629694,0.9447069,0.0134777,0.284233,146.974,-0.1699801,0.9853473,0.0140575,-0.1421312,0.04478817,-0.0222201,0.1506684,0.1412899,-0.4647718,-0.2559015,0.8357863,66.60439,0.2573329,-0.8464943,-0.4660765,0.1823259,1.105512,0.2039962,1.138866,0.6557451,-0.04149023,0.2222849,-0.7203237,272.1624,0.9453708,-0.05981538,0.3204624,0.1264494,-0.09177624,0.0141698,0.1568856,0.7102706,-0.6780176,-0.1105662,-0.1535679,197.6675,0.7187968,-0.6861566,-0.1118935,-0.4006841,-0.1650577,-0.4220821,0.604934,0.5172785,0.7997767,-0.3027333,-0.03365977,183.8579,0.5175717,0.80023,-0.3029049,-0.0823259,-0.005512476,0.09600379,0.1265886,-0.4584663,0.5822475,-0.6599947,0.123303,165.8345,-0.4619917,0.5867248,-0.6650698,-0.1039272,1.208191,-0.07920758,1.215237,0.003950617,-0.169389,-0.1864333,-0.9677471,330.8172,0.01568179,-0.6723818,-0.7400385,True,True,False,False
1772879683134,8.751589,0.1559722,1.180326,0.06959101,1.192618,0.2421268,-0.7217199,0.3025551,0.5735464,110.0042,0.2955747,-0.8810347,0.3693421,-0.1060627,0.6442509,-0.06025739,0.6556976,0.5243813,0.2608311,-0.7646464,0.2689007,148.8023,0.5444339,0.2708054,-0.7938868,0.1676043,1.09603,0.1737554,1.122303,0.1583929,1.117827,0.219879,1.150205,0.1797847,1.126983,0.2208403,1.162404,-0.01366012,0.6512379,0.02709951,0.6519446,-0.004794766,0.6452803,0.07422733,0.6495532,-0.02174902,0.6349862,0.1033468,0.6437088,0.09908715,-0.0836413,0.03573702,0.1345038,0.1460476,-0.0693074,0.01910645,0.1627835,0.1421523,-0.07795458,-0.002163634,0.1621385,-0.1114931,0.04803954,-0.03846773,0.127351,-0.1577849,0.05288773,-0.02547969,0.168352,-0.1786257,0.04527926,0.001890451,0.184285,0.1008321,-0.08011078,0.03883577,0.1345104,0.1352077,-0.07010382,0.01851713,0.1534228,0.1273025,-0.07456894,-0.0002797872,0.1475348,-0.1130685,0.04449295,-0.03914734,0.1276582,-0.1578825,0.05242206,-0.02562748,0.1683203,-0.1787753,0.04437857,0.001592288,0.1842081,0.1130945,-0.07709154,0.02561775,0.139247,-0.170728,0.9392143,0.007911931,0.2977682,145.3528,-0.1788406,0.9838432,0.008287884,-0.142021,0.04499849,-0.02218662,0.1506223,0.1403922,-0.4656331,-0.250777,0.8370106,66.34843,0.2565709,-0.8509585,-0.4583025,0.1815473,1.10562,0.2037901,1.138809,0.6625901,-0.07014002,0.2103135,-0.7154181,271.3549,0.9483231,-0.1003869,0.3010083,0.1252205,-0.09206881,0.0141228,0.156065,0.6983843,-0.6882465,-0.1177901,-0.1571678,198.0851,0.7071731,-0.6969077,-0.1192724,-0.400571,-0.1651968,-0.4219163,0.6047813,0.5278011,0.7947013,-0.2982249,-0.03062636,183.5101,0.5280488,0.7950741,-0.2983648,-0.0815473,-0.005620122,0.09620996,0.1262454,-0.4716237,0.582404,-0.6451958,0.1486584,162.9016,-0.4769229,0.588948,-0.6524453,-0.1040375,1.208385,-0.07901402,1.215427,0.004951922,-0.1691642,-0.1870051,-0.9676715,330.7829,0.01963382,-0.6707172,-0.7414542,True,True,False,False
1772879683148,8.76622,0.1579947,1.18133,0.07092771,1.193957,0.2289529,-0.7258603,0.296741,0.5767602,109.554,0.2802657,-0.88854,0.3632465,-0.1062107,0.6441599,-0.06025567,0.655632,0.5243813,0.2608311,-0.7646464,0.2689007,148.8023,0.5444339,0.2708054,-0.7938868,0.1649595,1.096525,0.1759258,1.122732,0.1589943,1.118736,0.2206453,1.151318,0.1803764,1.12693,0.2205777,1.162395,-0.0136712,0.6509954,0.02697194,0.6516973,-0.004886974,0.6451876,0.07412879,0.6494505,-0.02195147,0.6347585,0.103337,0.6434895,0.09973914,-0.08317976,0.03739376,0.1351483,0.1448505,-0.0706379,0.01905151,0.1622786,0.1399512,-0.07916068,-0.001629412,0.1607962,-0.1113923,0.04825739,-0.03849582,0.1273536,-0.1577073,0.05293889,-0.02554698,0.1683055,-0.1785796,0.04534165,0.002015926,0.1842569,0.1007461,-0.08035214,0.03872237,0.1345573,0.135966,-0.07014582,0.01855916,0.1541157,0.1282972,-0.07493005,-0.0003859246,0.148576,-0.1129366,0.04478899,-0.0390961,0.1276293,-0.1578687,0.0524627,-0.02562115,0.168319,-0.1787599,0.04445431,0.001625604,0.1842117,0.1133503,-0.07734485,0.02562918,0.1395972,-0.1759571,0.9355169,0.002574569,0.306334,144.3231,-0.1848437,0.9827642,0.002704595,-0.1419273,0.04518859,-0.02215241,0.1505858,0.1395179,-0.4663491,-0.2461114,0.8381423,66.11107,0.2557841,-0.8549778,-0.4512066,0.1805098,1.105972,0.2037532,1.138979,0.6598014,-0.0884317,0.1968961,-0.7197736,272.0716,0.9504364,-0.1273849,0.2836266,0.1231333,-0.09247541,0.01501962,0.1547227,0.6777974,-0.7082134,-0.1312948,-0.1476023,196.976,0.6853037,-0.7160565,-0.1327488,-0.4002098,-0.1657472,-0.4216996,0.6045417,0.5520988,0.7846742,-0.2808841,-0.02403668,182.7547,0.5522583,0.7849008,-0.2809652,-0.08050982,-0.005971551,0.09624681,0.1256222,-0.4854884,0.5861996,-0.6291783,0.1574993,161.8764,-0.4916243,0.5936083,-0.6371302,-0.1041252,1.208523,-0.07885907,1.215561,0.005904718,-0.1687562,-0.1874039,-0.9676602,330.7778,0.02340752,-0.6689844,-0.7429079,True,True,False,False
1772879683161,8.779175,0.1596336,1.181508,0.07154854,1.194388,0.214259,-0.7299067,0.2899094,0.5807597,108.992,0.2631931,-0.8966087,0.3561212,-0.1062124,0.644098,-0.06027767,0.6555735,0.5243813,0.2608311,-0.7646464,0.2689007,148.8023,0.5444339,0.2708054,-0.7938868,0.1627656,1.097332,0.1774209,1.123436,0.1578459,1.119843,0.2214645,1.152393,0.1798625,1.126842,0.2211166,1.162332,-0.01363614,0.6508771,0.02687973,0.6515746,-0.004860718,0.6451491,0.07408504,0.6494071,-0.0219645,0.6346622,0.1033047,0.6433898,0.1001631,-0.08279043,0.03764823,0.1352933,0.1446635,-0.07061396,0.01914915,0.1621128,0.1393494,-0.07967356,-0.001430467,0.1605247,-0.1113296,0.04833133,-0.03850371,0.1273292,-0.1576985,0.05294372,-0.02558818,0.1683051,-0.1785616,0.04535989,0.002043709,0.1842443,0.100697,-0.08055741,0.03863193,0.1346173,0.1366983,-0.07018523,0.01860883,0.1547859,0.1292277,-0.07532941,-0.0004738649,0.1495812,-0.1128013,0.04508723,-0.03904623,0.1275994,-0.1578543,0.0525032,-0.02561837,0.1683178,-0.1787432,0.04453055,0.001660804,0.1842142,0.1136229,-0.07758061,0.02563921,0.139951,-0.1814297,0.9320262,-0.003458934,0.3136853,143.4371,-0.1910738,0.981569,-0.003642797,-0.1418318,0.04538036,-0.02211825,0.1505485,0.1385823,-0.4670729,-0.2413292,0.8392844,65.87075,0.2548908,-0.8590752,-0.4438706,0.1794075,1.106317,0.203869,1.13916,0.6586952,-0.1043043,0.1852613,-0.7217475,272.3979,0.9516566,-0.1506946,0.2676581,0.1218204,-0.09251261,0.0148596,0.1536867,0.6554826,-0.725821,-0.1396278,-0.1550182,197.8357,0.6635032,-0.7347023,-0.1413363,-0.3999364,-0.1667521,-0.4213004,0.6043587,0.5711192,0.7717233,-0.2789581,-0.02118174,182.4274,0.5712473,0.7718964,-0.2790207,-0.07940751,-0.006316662,0.09613097,0.1248464,-0.4970897,0.5879495,-0.6160218,0.1665372,160.8269,-0.5041298,0.5962764,-0.6247463,-0.1042066,1.208628,-0.07871141,1.215662,0.006648346,-0.1683553,-0.1880188,-0.9676059,330.7531,0.02633371,-0.6668453,-0.7447314,True,True,False,False
1772879683176,8.792718,0.160769,1.181923,0.07224624,1.194993,0.2016458,-0.7327682,0.2840163,0.5845721,108.4545,0.2485337,-0.903156,0.3500575,-0.1061035,0.6439179,-0.06029069,0.6553802,0.5243813,0.2608311,-0.7646464,0.2689007,148.8023,0.5444339,0.2708054,-0.7938868,0.1605673,1.098325,0.178776,1.124304,0.1570643,1.120993,0.2221549,1.153537,0.1794651,1.126917,0.2213907,1.162395,-0.01352802,0.6506125,0.026831,0.651306,-0.004739974,0.6449626,0.0740214,0.6492137,-0.02186022,0.6344862,0.103294,0.6432109,0.1004604,-0.08241318,0.03811923,0.1354153,0.1442446,-0.07087598,0.0192062,0.1618604,0.1384494,-0.08031018,-0.001162395,0.1600604,-0.1112841,0.04839576,-0.03845686,0.1272997,-0.1576535,0.05296239,-0.02560753,0.1682718,-0.1785629,0.04535349,0.002044685,0.184244,0.1006792,-0.0806971,0.03859334,0.1346765,0.1372663,-0.07023723,0.0186538,0.1553167,0.1299218,-0.07570432,-0.0005256917,0.1503699,-0.1126871,0.04533627,-0.03900187,0.1275732,-0.1578392,0.05253776,-0.02561755,0.1683143,-0.1787297,0.0445925,0.001689699,0.1842163,0.1138485,-0.07776818,0.02566049,0.1402421,-0.1858723,0.9294351,-0.009011371,0.318623,142.8407,-0.1960924,0.9805394,-0.009506854,-0.1417535,0.04554005,-0.02208734,0.1505184,0.1378268,-0.4676894,-0.2373542,0.8401984,65.67785,0.254162,-0.8624514,-0.4376974,0.1785349,1.10651,0.2041942,1.139269,0.6578382,-0.1249118,0.1691037,-0.723222,272.6423,0.9525388,-0.1808702,0.2448593,0.1206923,-0.09271304,0.01503102,0.1529323,0.6367217,-0.7395701,-0.1483517,-0.1600423,198.4187,0.6450361,-0.7492275,-0.1502889,-0.3997601,-0.1679743,-0.4208161,0.6042431,0.5870284,0.7610232,-0.2755613,-0.01753613,182.0096,0.5871187,0.76114,-0.2756037,-0.07853489,-0.006510258,0.09580581,0.1240519,-0.5126095,0.5887783,-0.598823,0.1788375,159.3959,-0.5210088,0.5984256,-0.608635,-0.1042589,1.20878,-0.07850039,1.215805,0.007844428,-0.1676653,-0.1886426,-0.9675954,330.7483,0.03106633,-0.6640061,-0.7470823,True,True,False,False
1772879683188,8.807308,0.1624569,1.182672,0.07377689,1.196055,0.1896312,-0.7351759,0.2782134,0.5883483,107.9202,0.2345157,-0.9091874,0.3440648,-0.1056014,0.6433312,-0.06015038,0.6547096,0.5243813,0.2608311,-0.7646464,0.2689007,148.8023,0.5444339,0.2708054,-0.7938868,0.1587377,1.099118,0.1804655,1.125089,0.1575952,1.122034,0.2229255,1.154769,0.1796592,1.127229,0.2218556,1.162816,-0.01293201,0.6496451,0.02688192,0.6503296,-0.004226294,0.6442998,0.07407667,0.648558,-0.02122456,0.6337557,0.1032622,0.6424639,0.1003719,-0.08219242,0.03933716,0.1355638,0.1429653,-0.0716743,0.01922576,0.1610774,0.136977,-0.08083328,-0.0006541163,0.1590508,-0.1111761,0.04874437,-0.03828785,0.1272875,-0.1575665,0.05303497,-0.02559011,0.1682104,-0.1784218,0.04556845,0.002000116,0.1841597,0.1006551,-0.08081436,0.03865167,0.1347456,0.1377132,-0.07034992,0.01869865,0.155768,0.1304751,-0.07610653,-0.0005357626,0.1510505,-0.1125686,0.04560352,-0.03894588,0.1275467,-0.1578179,0.05257675,-0.0256154,0.1683061,-0.1787055,0.04466903,0.001714042,0.1842116,0.1140074,-0.07796126,0.0257472,0.140494,-0.1894897,0.9274616,-0.01448581,0.3220231,142.4294,-0.2001514,0.9796455,-0.01530086,-0.1416659,0.04571565,-0.02205322,0.1504842,0.136926,-0.4684091,-0.2330391,0.8411523,65.47601,0.2531924,-0.8661437,-0.4309168,0.1780288,1.106631,0.2043159,1.139329,0.6619397,-0.1273664,0.1617423,-0.720731,272.2297,0.9548839,-0.1837329,0.2333219,0.1190941,-0.09288892,0.01599853,0.1518806,0.6137522,-0.7561391,-0.1592377,-0.1618807,198.6321,0.6219556,-0.7662457,-0.1613661,-0.3996218,-0.1694986,-0.4203798,0.6042736,0.6075431,0.7467383,-0.2704509,-0.01140219,181.3066,0.6075825,0.7467868,-0.2704684,-0.07802878,-0.006630898,0.09568413,0.1236443,-0.5188054,0.5834841,-0.5974959,0.1827187,158.9437,-0.5276889,0.593475,-0.6077267,-0.1043268,1.209073,-0.07819368,1.216082,0.009522782,-0.1666573,-0.1891734,-0.9676508,330.7735,0.0377449,-0.6605697,-0.7498158,True,True,False,False
1772879683202,8.820524,0.1636018,1.182688,0.07409042,1.196247,0.1804347,-0.7368025,0.2740856,0.5911368,107.5246,0.2237058,-0.9134994,0.3398156,-0.1053351,0.6430202,-0.0601004,0.6543566,0.5244218,0.2605661,-0.7646003,0.269209,148.7656,0.5445247,0.2705545,-0.7939101,0.1579234,1.099462,0.1809625,1.125391,0.157568,1.122661,0.2229393,1.155378,0.1793896,1.127655,0.2220094,1.163217,-0.01257632,0.6492988,0.02687051,0.6499763,-0.004005593,0.6440446,0.07412513,0.6483086,-0.02100063,0.6335542,0.103316,0.6422665,0.1001672,-0.08231927,0.03962961,0.1355745,0.1423182,-0.07190629,0.01925226,0.1606102,0.1365567,-0.08068454,-0.000539884,0.1586128,-0.1111092,0.04892351,-0.03832472,0.1273089,-0.1575215,0.0530871,-0.02557223,0.1681821,-0.1783909,0.04560237,0.001985654,0.1841381,0.1006141,-0.08094074,0.0387338,0.1348144,0.1380999,-0.07048062,0.01874514,0.1561746,0.1309858,-0.07649098,-0.0005361087,0.1516853,-0.1124461,0.04588233,-0.03889371,0.1275227,-0.157793,0.05261961,-0.02561178,0.1682956,-0.1786791,0.04474741,0.001736851,0.1842052,0.1141271,-0.07816037,0.02585121,0.1407207,-0.1927314,0.9256282,-0.01946674,0.3250971,142.0571,-0.2038017,0.9787958,-0.0205849,-0.1415734,0.04589846,-0.02202226,0.1504483,0.1360695,-0.4691086,-0.2286914,0.8420941,65.27616,0.2522933,-0.8697981,-0.4240282,0.1778024,1.106614,0.2044369,1.139299,0.6634056,-0.1348663,0.1557999,-0.7193264,271.9978,0.9549909,-0.1941438,0.2242783,0.1184923,-0.09300589,0.01615653,0.1514977,0.6056046,-0.7585715,-0.1715838,-0.1684386,199.3941,0.6143827,-0.7695668,-0.1740709,-0.3997294,-0.1700619,-0.4200494,0.6042732,0.611407,0.7444504,-0.2682559,-0.003747163,180.4294,0.6114113,0.7444556,-0.2682578,-0.07780237,-0.006613612,0.09556307,0.1234068,-0.5241848,0.5820386,-0.592284,0.1888417,158.2296,-0.5337889,0.5927027,-0.6031358,-0.1044214,1.20972,-0.07749318,1.216689,0.01134941,-0.1657251,-0.1896093,-0.9677059,330.7985,0.04502271,-0.6574256,-0.7521734,True,True,False,False
1772879683217,8.835391,0.1648523,1.182728,0.07451952,1.196485,0.1720035,-0.7382067,0.2705812,0.5935078,107.1873,0.2137145,-0.9172227,0.3361974,-0.1050019,0.6426441,-0.06007739,0.6539313,0.5244424,0.2602262,-0.7645432,0.2696597,148.712,0.5446174,0.270237,-0.7939547,0.1573396,1.099554,0.1812792,1.12545,0.1579125,1.123174,0.2227901,1.155895,0.1795803,1.127967,0.2220945,1.163566,-0.01221982,0.6488246,0.02688509,0.6494964,-0.003722918,0.6437605,0.07412934,0.6480252,-0.02068831,0.6332834,0.1032976,0.6419862,0.09967011,-0.08260468,0.04017799,0.1355431,0.1413612,-0.07227828,0.01928283,0.1599343,0.1358885,-0.08079676,-0.0004766136,0.158095,-0.111054,0.04913069,-0.03824111,0.1273153,-0.1574518,0.053159,-0.0255574,0.1681373,-0.1783098,0.04571108,0.001971662,0.1840864,0.1005418,-0.08106831,0.03884452,0.1348689,0.13835,-0.07061845,0.01878636,0.1564628,0.1313617,-0.0768211,-0.0005315471,0.1521764,-0.1123393,0.04613138,-0.03884368,0.1275032,-0.1577668,0.05266096,-0.02560761,0.1682834,-0.1786508,0.0448213,0.001754854,0.1841959,0.1141701,-0.07834938,0.02596559,0.1408817,-0.1953575,0.9242058,-0.02339907,0.3273095,141.7889,-0.2067457,0.9780813,-0.0247631,-0.1414907,0.04606362,-0.02199341,0.1504167,0.1353046,-0.4697385,-0.224858,0.8428982,65.10513,0.2514613,-0.8730013,-0.4178949,0.1786177,1.106158,0.2043616,1.13897,0.664559,-0.1461514,0.1514846,-0.7169752,271.6106,0.9533213,-0.2096566,0.2173073,0.1177567,-0.09328881,0.01643846,0.151128,0.5959833,-0.7637628,-0.1794284,-0.1711021,199.7038,0.6049037,-0.7751943,-0.182114,-0.4000232,-0.1702918,-0.4197572,0.6043293,0.6187069,0.7397299,-0.264578,-0.0002668274,180.0306,0.6187069,0.7397299,-0.2645781,-0.07861773,-0.006157756,0.09563841,0.1239571,-0.5282597,0.5822053,-0.5853838,0.1982538,157.1303,-0.5389577,0.5939957,-0.5972385,-0.1044409,1.209941,-0.0773039,1.216899,0.01293802,-0.1642383,-0.1899575,-0.9678711,330.8737,0.05145431,-0.6531733,-0.7554582,True,True,False,False
1772879683231,8.849294,0.1674054,1.182935,0.07491496,1.197068,0.1639186,-0.7394851,0.2675315,0.5955833,106.8915,0.2040581,-0.9205666,0.3330432,-0.104491,0.6421603,-0.06010609,0.6533766,0.5244401,0.2598063,-0.764474,0.2702648,148.64,0.5447109,0.2698484,-0.7940226,0.1578315,1.0995,0.1813192,1.125472,0.1597697,1.123743,0.2223169,1.156611,0.1814034,1.128139,0.2219304,1.163984,-0.01166932,0.6478331,0.02686395,0.6484948,-0.003266115,0.6433885,0.07402301,0.647641,-0.02015782,0.6328647,0.1031331,0.6415298,0.09896442,-0.08296139,0.04121189,0.1355543,0.1400624,-0.07279529,0.01930498,0.1590261,0.1348999,-0.08132637,-0.0003942698,0.1575186,-0.1109508,0.04967879,-0.03786542,0.1273258,-0.1573154,0.0532718,-0.02554626,0.1680435,-0.1781318,0.04594307,0.00195726,0.1839716,0.100407,-0.08123004,0.03904676,0.1349242,0.1384963,-0.07080442,0.01883067,0.1566814,0.131664,-0.07720599,-0.0005198196,0.1526317,-0.1122207,0.04643444,-0.03876011,0.1274833,-0.1577283,0.05271315,-0.02560237,0.1682628,-0.1786065,0.04491713,0.001772146,0.1841764,0.114127,-0.07858423,0.02613869,0.1410095,-0.198383,0.9229002,-0.02758786,0.328844,141.6028,-0.210066,0.9772506,-0.02921254,-0.1413965,0.04626739,-0.02194552,0.1503837,0.1343063,-0.470594,-0.2201058,0.8438345,64.90546,0.2502896,-0.8769863,-0.4101833,0.1783167,1.106211,0.204385,1.138979,0.6626883,-0.1511589,0.149215,-0.7181436,271.8029,0.9522821,-0.2172152,0.2144217,0.1168673,-0.09389561,0.01739432,0.1509202,0.5862464,-0.7701972,-0.1854395,-0.1694813,199.5153,0.5948519,-0.7815028,-0.1881615,-0.4005123,-0.1695244,-0.4198084,0.6044731,0.6279897,0.7342578,-0.2578637,0.0009710882,179.8887,0.62799,0.7342581,-0.2578638,-0.07831673,-0.006210685,0.09561504,0.123751,-0.5305591,0.5841016,-0.580696,0.2003116,156.8896,-0.5415347,0.5961848,-0.5927088,-0.1044223,1.209979,-0.07722943,1.21693,0.01335353,-0.1632444,-0.1901799,-0.96799,330.9279,0.05320368,-0.650405,-0.7577226,True,True,False,False
1772879683245,8.862112,0.168588,1.183123,0.07494703,1.197421,0.1565915,-0.7406272,0.2654846,0.5970498,106.6822,0.1952016,-0.9232402,0.3309439,-0.1043859,0.6420942,-0.06009368,0.6532937,0.5244885,0.2594506,-0.7643724,0.2707988,148.5764,0.5448462,0.269521,-0.794041,0.1571797,1.099852,0.181278,1.125718,0.1598097,1.124798,0.2223525,1.157649,0.1815838,1.128709,0.2222018,1.164616,-0.01168364,0.6475601,0.02700222,0.6482281,-0.003244933,0.6434997,0.07408537,0.6477584,-0.02012676,0.6329571,0.1031543,0.6416234,0.09851043,-0.08311798,0.04192229,0.1355374,0.1397471,-0.07282765,0.0193394,0.1587676,0.1347512,-0.0815824,-0.0003537685,0.1575236,-0.1109515,0.0498738,-0.03757163,0.1273156,-0.1573017,0.05328191,-0.02554784,0.1680341,-0.178081,0.04600329,0.001954593,0.1839374,0.1002546,-0.08138171,0.03927777,0.1349693,0.1385968,-0.07096696,0.01887154,0.1568487,0.131912,-0.07755757,-0.0005064796,0.1530236,-0.1121188,0.04671074,-0.03866463,0.1274655,-0.157694,0.05275884,-0.02559799,0.1682443,-0.1785642,0.04500439,0.001786803,0.1841569,0.1140514,-0.07880135,0.02632825,0.1411048,-0.2014546,0.9217173,-0.03142809,0.3299477,141.4688,-0.2134055,0.9763963,-0.0332925,-0.1413158,0.04645335,-0.02189104,0.1503572,0.1333304,-0.4714683,-0.2156116,0.8446611,64.72871,0.2490754,-0.8807529,-0.4027854,0.1768089,1.106246,0.2044394,1.138788,0.6502089,-0.1704875,0.1464054,-0.7257603,273.0643,0.9451429,-0.2478204,0.2128148,0.1163768,-0.09433728,0.01792122,0.1508783,0.5784954,-0.7746938,-0.1873899,-0.1734295,199.9745,0.5873966,-0.7866138,-0.1902732,-0.4007525,-0.169363,-0.4195086,0.6043789,0.6329411,0.7301913,-0.2573059,-0.0001741747,180.02,0.6329412,0.7301913,-0.2573059,-0.07680889,-0.006246328,0.09556057,0.1227617,-0.5345209,0.5975578,-0.5613423,0.2052005,156.3175,-0.5461428,0.6105502,-0.5735474,-0.1043686,1.209977,-0.07726713,1.216926,0.01274759,-0.1632162,-0.1895899,-0.9681187,330.9867,0.05089023,-0.6515824,-0.75687,True,True,False,False
1772879683258,8.876587,0.1700092,1.183132,0.07495836,1.197632,0.1471637,-0.7422901,0.2644882,0.5978247,106.5715,0.1835813,-0.9259795,0.3299392,-0.1042554,0.6420104,-0.05995822,0.653178,0.5245463,0.2591857,-0.7641873,0.2714628,148.4973,0.545012,0.2692981,-0.7940028,0.1553038,1.100098,0.1813164,1.125704,0.1597538,1.126002,0.2225138,1.158842,0.1815576,1.129275,0.2227887,1.165273,-0.01170053,0.6471957,0.02733855,0.6478785,-0.003162448,0.6436475,0.07421002,0.6479191,-0.02007497,0.6330384,0.1032926,0.6417242,0.09811419,-0.08300482,0.04366644,0.1357312,0.1393407,-0.07315373,0.01934785,0.1585611,0.1346517,-0.0821985,-0.0002072006,0.1577584,-0.1109928,0.05012296,-0.03717926,0.1273343,-0.1572394,0.05331669,-0.02562591,0.1679988,-0.1780175,0.04608303,0.001948081,0.1838958,0.1000951,-0.08150269,0.03960489,0.1350195,0.1386522,-0.07112996,0.01890704,0.1569757,0.1321162,-0.07790349,-0.000484172,0.153375,-0.1120348,0.04696508,-0.03855391,0.1274517,-0.1576601,0.05280042,-0.02560007,0.1682259,-0.1785235,0.04508479,0.001798824,0.1841372,0.1139401,-0.07900241,0.02658234,0.1411749,-0.2045068,0.9208106,-0.03533928,0.3302062,141.4374,-0.2166595,0.9755291,-0.03743929,-0.1412547,0.04662483,-0.02182532,0.1503433,0.1323586,-0.4723771,-0.2112954,0.8453965,64.57111,0.2477979,-0.8843707,-0.3955812,0.1755303,1.106682,0.2044967,1.139024,0.645184,-0.1807215,0.139621,-0.7290977,273.6216,0.9426869,-0.2640546,0.2040022,0.1158354,-0.09449247,0.01939826,0.1507414,0.5590999,-0.7910733,-0.1780742,-0.1729166,199.9149,0.5676507,-0.8031718,-0.1807977,-0.4005248,-0.1698451,-0.4185105,0.6036709,0.6495405,0.7155035,-0.2569197,-0.01202134,181.3776,0.6495875,0.7155552,-0.2569383,-0.07553025,-0.006682158,0.09550329,0.121944,-0.5408685,0.6012175,-0.5501661,0.2081256,155.9749,-0.5529775,0.6146775,-0.5624832,-0.1044516,1.2103,-0.07699162,1.217237,0.0126751,-0.1632322,-0.1893204,-0.9681696,331.0101,0.05064064,-0.6521592,-0.756389,True,True,False,False
1772879683272,8.890223,0.1710989,1.182464,0.07513469,1.197139,0.1370924,-0.7447494,0.2658479,0.5965559,106.7527,0.1708164,-0.927954,0.3312452,-0.1042284,0.6419098,-0.05995885,0.6530749,0.5245832,0.2590502,-0.7640091,0.2720217,148.4308,0.5451397,0.2692015,-0.7939479,0.1533622,1.100252,0.1817084,1.125652,0.1590391,1.126845,0.2224641,1.159553,0.1805306,1.12993,0.2228939,1.165768,-0.01178355,0.6471089,0.02744965,0.6477979,-0.003197495,0.6437726,0.07427941,0.6480516,-0.02016644,0.6331533,0.1033817,0.6418548,0.09762337,-0.08302219,0.04481376,0.1357619,0.13839,-0.07362003,0.01931676,0.1579394,0.1337649,-0.08239245,-2.563E-06,0.1571037,-0.1110156,0.05016537,-0.0370447,0.1273316,-0.1572628,0.05329075,-0.0256736,0.1680198,-0.1780457,0.0460341,0.00195007,0.1839109,0.09988904,-0.08162937,0.04003914,0.1350715,0.1386303,-0.07133754,0.0189412,0.1570547,0.1322536,-0.07827772,-0.0004440217,0.1536835,-0.1119499,0.04723188,-0.03842809,0.1274376,-0.157627,0.0528413,-0.0256062,0.1682086,-0.1784837,0.04516393,0.001811433,0.1841181,0.1137517,-0.07922567,0.02691705,0.1412115,-0.2074209,0.9201632,-0.03926614,0.3297493,141.4929,-0.2197095,0.9746783,-0.04159247,-0.1411968,0.04680264,-0.02175002,0.1503333,0.1313249,-0.4733807,-0.2066552,0.8461431,64.41077,0.2464087,-0.8882176,-0.3877529,0.1742531,1.107245,0.2045355,1.139382,0.6285977,-0.2042692,0.1382452,-0.7375821,275.0517,0.9309008,-0.3025056,0.2047296,0.1147034,-0.09459733,0.01978663,0.1499901,0.5407804,-0.8031853,-0.1786039,-0.1747875,200.1326,0.5492352,-0.8157427,-0.1813963,-0.4005015,-0.1704995,-0.4180236,0.6035025,0.6598804,0.705882,-0.2571188,-0.01336542,181.5316,0.6599393,0.7059451,-0.2571418,-0.07425313,-0.007244945,0.09546454,0.121159,-0.5432118,0.6182546,-0.5262151,0.2139629,155.2906,-0.5560898,0.6329117,-0.5386901,-0.104334,1.210489,-0.07700767,1.217415,0.01326408,-0.1634094,-0.1887774,-0.9682379,331.0413,0.05304977,-0.653557,-0.7550165,True,True,False,False
1772879683286,8.904851,0.1717937,1.182135,0.07475308,1.196889,0.1274547,-0.7474846,0.2684931,0.5940823,107.1055,0.158446,-0.9292398,0.3337787,-0.1041422,0.641647,-0.05999314,0.652806,0.5245624,0.258893,-0.7638144,0.2727569,148.3432,0.5452361,0.2690964,-0.7939174,0.1513499,1.10134,0.1819989,1.12649,0.1586574,1.127381,0.2198268,1.159519,0.1789244,1.13111,0.2217722,1.166451,-0.01179913,0.646937,0.02750251,0.6476288,-0.003189538,0.6437666,0.07431138,0.6480492,-0.02021708,0.63319,0.1034376,0.6419016,0.09755787,-0.08291002,0.04534092,0.1358212,0.1351767,-0.07464847,0.01928246,0.155618,0.1322139,-0.08239166,0.0003165454,0.1557851,-0.1110216,0.05019794,-0.03694705,0.1273213,-0.1572726,0.05327946,-0.02569555,0.1680287,-0.1780685,0.04596027,0.001946732,0.1839145,0.09970508,-0.08173043,0.04045752,0.1351213,0.1383578,-0.07159882,0.01896813,0.1569365,0.1322505,-0.07860237,-0.0003840027,0.1538463,-0.1118766,0.04746594,-0.03831122,0.127425,-0.157599,0.05287588,-0.02561325,0.1681944,-0.1784509,0.04522677,0.00182211,0.1841019,0.1134943,-0.07943677,0.02723032,0.141183,-0.2097407,0.9199673,-0.04238379,0.3284398,141.6518,-0.2220595,0.974,-0.04487313,-0.1411498,0.04695605,-0.02167993,0.1503268,0.1304707,-0.474283,-0.2025799,0.8467552,64.27904,0.2452536,-0.8915384,-0.3808016,0.1727717,1.107313,0.2043452,1.139188,0.6146526,-0.2446369,0.1325858,-0.7380894,275.1378,0.9109974,-0.3625846,0.1965099,0.1138819,-0.09535202,0.01992353,0.1498601,0.5159383,-0.8238381,-0.1636673,-0.1682609,199.3734,0.5234006,-0.8357537,-0.1660345,-0.400638,-0.1712144,-0.417655,0.6035403,0.6785952,0.6878892,-0.2557771,-0.02991946,183.429,0.6788992,0.6881973,-0.2558916,-0.07277174,-0.007312775,0.09565479,0.120412,-0.5480635,0.6331347,-0.4928719,0.2363143,152.6618,-0.5640389,0.6515899,-0.5072386,-0.104104,1.21073,-0.07715037,1.217644,0.01429484,-0.1639256,-0.1879208,-0.9683025,331.071,0.05722965,-0.6562792,-0.7523447,True,True,False,False
1772879683300,8.918963,0.172706,1.181097,0.07400453,1.195949,0.1173033,-0.7504721,0.2718231,0.590884,107.5605,0.1454011,-0.9302337,0.3369333,-0.1038443,0.6401241,-0.0603709,0.6512966,0.5245448,0.2586403,-0.7635027,0.2739008,148.207,0.5454021,0.2689245,-0.7938615,0.1489864,1.102087,0.1821433,1.126929,0.158138,1.127545,0.2170718,1.159088,0.1773401,1.131599,0.2211396,1.166563,-0.01153242,0.6456984,0.02718669,0.6463733,-0.00302412,0.6425181,0.07393275,0.6467648,-0.02010662,0.6319212,0.103114,0.6405944,0.09783688,-0.08249318,0.04606565,0.1360119,0.1322281,-0.07545787,0.01924059,0.1534548,0.1314187,-0.08275883,0.0005925745,0.155307,-0.1110189,0.05024377,-0.0370036,0.1273534,-0.1571672,0.05335876,-0.02567542,0.1679521,-0.1779996,0.04602824,0.002036065,0.1838657,0.09954782,-0.08179463,0.04092959,0.1351864,0.1378418,-0.07192366,0.01899106,0.1566335,0.1321805,-0.07895224,-0.0003017983,0.153965,-0.1118044,0.04769977,-0.03820115,0.1274159,-0.1575627,0.05291652,-0.02561848,0.1681739,-0.1784129,0.04529423,0.00184012,0.1840818,0.1131791,-0.07965276,0.02756911,0.1411174,-0.2128277,0.9198895,-0.04612222,0.3261603,141.9282,-0.2251396,0.9731042,-0.04879034,-0.1411052,0.04711132,-0.02160777,0.1503231,0.1296389,-0.4750884,-0.1986619,0.8473595,64.14874,0.244132,-0.8946721,-0.3741141,0.1719665,1.107604,0.2044988,1.139376,0.615289,-0.2573241,0.1241539,-0.7347037,274.5644,0.9069868,-0.379317,0.1830131,0.11318,-0.0959925,0.02021357,0.1497761,0.4827727,-0.8499916,-0.1536103,-0.1443915,196.6041,0.4878854,-0.8589932,-0.1552371,-0.4010656,-0.172318,-0.4175037,0.6040335,0.7080038,0.6627295,-0.2399209,-0.04425305,185.0727,0.708698,0.6633794,-0.2401562,-0.07196646,-0.007603645,0.09550118,0.1198226,-0.5547158,0.6310164,-0.4831415,0.2463397,151.478,-0.5723537,0.6510804,-0.4985036,-0.1038288,1.210862,-0.07733662,1.217764,0.01443107,-0.1640753,-0.187666,-0.9683246,331.0811,0.05779486,-0.6571034,-0.7515817,True,True,False,False
1772879683315,8.931792,0.1743771,1.180291,0.074555,1.195429,0.1085513,-0.7531074,0.275056,0.5876991,108.0122,0.1341664,-0.9308199,0.3399616,-0.1037175,0.6392099,-0.06065826,0.6504045,0.5245338,0.2583271,-0.7631254,0.2752659,148.0443,0.5456117,0.2687077,-0.7937909,0.1474986,1.101979,0.1825223,1.126689,0.1578825,1.128371,0.2171593,1.159873,0.1768166,1.132357,0.22113,1.167217,-0.01140805,0.6452023,0.02695089,0.6458657,-0.00309388,0.6420668,0.07381487,0.6463034,-0.0201865,0.6313798,0.1029167,0.6400311,0.09718385,-0.08248685,0.04757487,0.1360594,0.1311641,-0.07569554,0.01923218,0.1526555,0.1301444,-0.0827622,0.0008153617,0.154233,-0.1110158,0.05027037,-0.03715776,0.1274061,-0.1572102,0.05331422,-0.02566843,0.1679771,-0.1779566,0.04607194,0.002088048,0.1838356,0.09935527,-0.08185101,0.04147084,0.1352438,0.1372979,-0.07223088,0.0190107,0.1562992,0.1320147,-0.07926255,-0.0002108065,0.153982,-0.1117402,0.04790914,-0.03811617,0.1274127,-0.1575339,0.05294891,-0.02562255,0.1681578,-0.1783758,0.04535758,0.001860313,0.1840616,0.1128159,-0.07984889,0.0279639,0.1410151,-0.215504,0.9201427,-0.04917204,0.3232301,142.2832,-0.2277284,0.9723373,-0.0519613,-0.1410605,0.04725121,-0.021551,0.1503169,0.1287743,-0.4757425,-0.195037,0.8479663,64.01768,0.2429474,-0.8975424,-0.3679595,0.1710841,1.10788,0.2041059,1.139441,0.6265847,-0.2786311,0.1186816,-0.7181025,271.7961,0.9003464,-0.4003681,0.1705348,0.1118594,-0.09605727,0.02085862,0.1489114,0.4640805,-0.8603018,-0.1603961,-0.1370523,195.7546,0.4685014,-0.8684971,-0.161924,-0.4020399,-0.172339,-0.4175718,0.6047339,0.7190433,0.6536269,-0.2325747,-0.04071779,184.6672,0.71964,0.6541694,-0.2327677,-0.0710841,-0.007879615,0.09589413,0.1196274,-0.5576372,0.6222398,-0.4763218,0.273818,148.2168,-0.579796,0.6469657,-0.4952494,-0.1035174,1.210837,-0.07764464,1.217732,0.0129998,-0.1647816,-0.1872277,-0.9683098,331.0743,0.05205084,-0.6597807,-0.7496542,True,True,False,False
1772879683327,8.946086,0.1759583,1.179403,0.07510459,1.19482,0.1000827,-0.755469,0.2781909,0.5846879,108.4381,0.1233672,-0.9312312,0.3429128,-0.103288,0.6378544,-0.06070794,0.6490086,0.5245851,0.2574224,-0.7626271,0.2773883,147.7912,0.5460117,0.2679368,-0.7937765,0.1462115,1.102448,0.1834581,1.127131,0.1580935,1.128773,0.2157836,1.160036,0.1768485,1.132951,0.2124945,1.166193,-0.01123934,0.6441588,0.02710805,0.6448269,-0.002836082,0.6409331,0.0734106,0.6451297,-0.01990571,0.6304582,0.1027609,0.6390881,0.09717119,-0.08219068,0.04847676,0.1361894,0.1285913,-0.07593392,0.01927483,0.1505762,0.1206737,-0.08042605,0.002036661,0.1450332,-0.1109914,0.05038377,-0.03696951,0.1273749,-0.1566434,0.05380574,-0.02560581,0.1675943,-0.1776681,0.04646608,0.002082169,0.1836556,0.09919235,-0.08187635,0.04199345,0.1353008,0.1366485,-0.0725071,0.01903041,0.1558597,0.1311687,-0.07934935,-4.315852E-05,0.1533021,-0.1116843,0.04809373,-0.03803064,0.1274077,-0.1574675,0.05301283,-0.0256213,0.1681155,-0.178323,0.04544026,0.001876862,0.184031,0.1123756,-0.07993577,0.02834728,0.1407891,-0.2120869,0.9233177,-0.04686942,0.3167128,143.0715,-0.2235973,0.9734284,-0.04941314,-0.1410275,0.04738678,-0.02148532,0.1503192,0.1282665,-0.4762435,-0.192631,0.848312,63.94292,0.2422423,-0.8994266,-0.3638002,0.1705115,1.107972,0.2039135,1.139411,0.6294566,-0.2928986,0.1173228,-0.7100917,270.4847,0.8939759,-0.4159847,0.1666258,0.1101389,-0.09582312,0.02163506,0.147583,0.4503737,-0.8678486,-0.176318,-0.1136422,193.0506,0.4533103,-0.8735073,-0.1774676,-0.4027613,-0.1721214,-0.4177177,0.6052524,0.7324535,0.6476758,-0.2072608,-0.03273185,183.7515,0.7328461,0.6480229,-0.2073719,-0.07051148,-0.00797236,0.09608653,0.1194489,-0.5576499,0.6205489,-0.4695283,0.2889447,146.4104,-0.5824959,0.6481973,-0.490448,-0.1031035,1.210665,-0.0780628,1.217553,0.01086039,-0.165823,-0.1865065,-0.9682975,331.0687,0.04347641,-0.6638238,-0.7466243,True,True,False,False
1772879683341,8.959717,0.1775136,1.17892,0.07541617,1.194593,0.09258468,-0.7572153,0.2808992,0.5823649,108.7659,0.1138904,-0.9314671,0.3455402,-0.1031423,0.6377217,-0.06062096,0.6488469,0.5246398,0.2564364,-0.7620579,0.2797525,147.5091,0.5464587,0.2671011,-0.7937506,0.1451792,1.102639,0.1835577,1.127202,0.1582146,1.129687,0.215784,1.160943,0.1771014,1.133453,0.2118391,1.1666,-0.01132024,0.6445833,0.02741009,0.6452652,-0.003020641,0.6415156,0.07361858,0.645733,-0.02014777,0.6311954,0.1030885,0.6398756,0.09658672,-0.082165,0.0497878,0.1362311,0.1277718,-0.07617566,0.01926446,0.1499983,0.1190392,-0.08064368,0.002228364,0.1438009,-0.1110028,0.05040694,-0.03695084,0.1273886,-0.1565306,0.05386689,-0.02560331,0.1675083,-0.177682,0.046436,0.002068371,0.1836613,0.09897763,-0.08190013,0.04263575,0.1353588,0.135917,-0.07280941,0.01904969,0.1553625,0.1301691,-0.07945601,0.000144029,0.1525034,-0.1116282,0.04828436,-0.03794165,0.1274041,-0.1573903,0.05308321,-0.02561982,0.1680652,-0.1782701,0.04552232,0.001892644,0.1840003,0.1118497,-0.08002987,0.02881809,0.1405191,-0.2080889,0.927,-0.04435155,0.3088736,144.0173,-0.218787,0.9746578,-0.0466317,-0.1410001,0.04752536,-0.02141404,0.1503271,0.127892,-0.4767314,-0.1903663,0.8486056,63.87934,0.2417499,-0.9011493,-0.3598429,0.1699783,1.108181,0.2038166,1.139517,0.6322469,-0.3115527,0.1150235,-0.6999775,268.8504,0.8852953,-0.4362475,0.1610601,0.1088802,-0.0960692,0.02258359,0.1469497,0.4388807,-0.8742176,-0.1817274,-0.1005112,191.5372,0.4411145,-0.8786673,-0.1826524,-0.4036269,-0.1702259,-0.4172641,0.6049801,0.7417543,0.6413888,-0.1932278,-0.03292856,183.774,0.7421566,0.6417367,-0.1933326,-0.06997829,-0.008180737,0.0961834,0.1192272,-0.5578768,0.6184766,-0.4597676,0.3080164,144.1205,-0.5863863,0.650083,-0.4832633,-0.1021453,1.210621,-0.07863766,1.217465,0.009458836,-0.1673516,-0.1856762,-0.9682088,331.028,0.03781368,-0.6690229,-0.7422793,True,True,False,False
1772879683357,8.973576,0.1786505,1.17855,0.07615479,1.194443,0.08581914,-0.75846,0.2830175,0.5807535,108.9929,0.1054186,-0.9316781,0.3476534,-0.1030269,0.6377041,-0.06057886,0.6488072,0.5245873,0.2555441,-0.7616248,0.2818391,147.26,0.5467516,0.2663411,-0.7938041,0.1442371,1.103261,0.1844151,1.127829,0.1583661,1.1304,0.2159413,1.161686,0.1774376,1.133727,0.2108878,1.166746,-0.01142312,0.6449661,0.02765925,0.64566,-0.003168758,0.6421403,0.07373309,0.6463674,-0.02037098,0.6320086,0.1033565,0.640728,0.09637633,-0.08201224,0.05058181,0.1362825,0.1266791,-0.07649699,0.01925516,0.1492318,0.1167165,-0.08083783,0.002455279,0.1419983,-0.1110237,0.05047112,-0.03682875,0.1273969,-0.1564214,0.05392508,-0.02560203,0.1674247,-0.1777251,0.04635526,0.002055995,0.1836825,0.09877242,-0.08190898,0.04326261,0.1354132,0.1351882,-0.07310032,0.0190659,0.1548645,0.1291079,-0.07956502,0.0003263612,0.151656,-0.1115805,0.04845687,-0.03785386,0.1274017,-0.1573139,0.05314962,-0.02561842,0.1680144,-0.1782271,0.04558803,0.001905531,0.183975,0.1113348,-0.08010858,0.02926681,0.1402476,-0.203677,0.9308443,-0.04182473,0.3004919,145.0257,-0.2135462,0.9759484,-0.04385135,-0.1409856,0.04764723,-0.021342,0.1503419,0.1277434,-0.4771714,-0.188521,0.8487927,63.83881,0.2416061,-0.9024929,-0.3565571,0.1693665,1.108246,0.2032612,1.13939,0.640085,-0.3388234,0.1117272,-0.6804461,265.757,0.8734807,-0.4623694,0.1524666,0.1073891,-0.09616144,0.02334674,0.1460292,0.4263169,-0.880906,-0.1878906,-0.08340155,189.5682,0.4278073,-0.8839858,-0.1885476,-0.4045748,-0.1686238,-0.4167381,0.6048019,0.7532839,0.6329421,-0.1756985,-0.03283255,183.763,0.7536901,0.6332834,-0.1757933,-0.06936652,-0.008246064,0.09673883,0.1193236,-0.5571628,0.6113697,-0.4476984,0.3396515,140.2887,-0.5923789,0.650012,-0.4759957,-0.1015994,1.21175,-0.07823215,1.218516,0.01303512,-0.1687295,-0.1860188,-0.9678623,330.8697,0.05183346,-0.6709442,-0.7396939,True,True,False,False
1772879683370,8.988732,0.1798563,1.177916,0.07652543,1.194023,0.07722288,-0.7595021,0.2849936,0.5796309,109.1508,0.09476605,-0.9320427,0.3497373,-0.1028083,0.637571,-0.06075384,0.6486582,0.5245724,0.2544944,-0.7611526,0.2840831,146.9919,0.5471137,0.2654302,-0.7938599,0.1432258,1.104899,0.1856984,1.129513,0.1588093,1.130952,0.2145456,1.162026,0.179079,1.133229,0.1998943,1.164575,-0.01159698,0.6449803,0.02786745,0.6456861,-0.00320812,0.6426274,0.07361327,0.6468378,-0.02052772,0.6327541,0.1034176,0.6414783,0.09694953,-0.08137445,0.05070493,0.1363525,0.1242432,-0.07674599,0.01928163,0.1473028,0.1047757,-0.07890968,0.003564216,0.1312151,-0.1111003,0.05062491,-0.03635884,0.1273897,-0.1562744,0.05407242,-0.02558824,0.1673328,-0.1777586,0.04629501,0.002046645,0.1836996,0.0986264,-0.08186616,0.04385877,0.1354726,0.1343115,-0.07339235,0.01908318,0.1542406,0.1271588,-0.07951252,0.000585726,0.1499731,-0.111542,0.04863054,-0.0377341,0.1273986,-0.1572306,0.05322354,-0.025616,0.1679595,-0.1781896,0.04564466,0.001916834,0.1839528,0.1107723,-0.08007611,0.02962002,0.1398572,-0.1918353,0.9381885,-0.03431462,0.286049,146.7569,-0.2002007,0.9791002,-0.03581098,-0.14099,0.04776637,-0.02124704,0.1503703,0.1278404,-0.4777034,-0.1868923,0.848839,63.82877,0.2418237,-0.9036265,-0.3535265,0.1691719,1.108665,0.2035023,1.139811,0.6306806,-0.3663163,0.1116057,-0.6749804,264.9052,0.8547711,-0.4964741,0.1512609,0.1056353,-0.09634449,0.0241824,0.145003,0.4118536,-0.886985,-0.2012977,-0.05579967,186.3975,0.4124963,-0.8883691,-0.2016118,-0.4053367,-0.1669562,-0.416108,0.6044155,0.768243,0.6227271,-0.145548,-0.02880248,183.301,0.7685618,0.6229855,-0.1456084,-0.06917187,-0.008664727,0.09649773,0.1190447,-0.554701,0.6190165,-0.4256746,0.3576685,138.0859,-0.5939945,0.6628659,-0.4558282,-0.1016294,1.211954,-0.07910331,1.218777,0.01423126,-0.1699925,-0.1853052,-0.9677613,330.8237,0.05650261,-0.6749241,-0.7357204,True,True,False,False
1772879683384,9.001911,0.1802033,1.177105,0.07574995,1.193226,0.06758474,-0.760447,0.286823,0.5786928,109.2827,0.08287057,-0.9324396,0.3516946,-0.1026445,0.6375398,-0.06084507,0.6486101,0.5246639,0.2533878,-0.7606755,0.2861733,146.742,0.5475642,0.2644476,-0.7938771,0.1420087,1.106767,0.1861394,1.13126,0.1582556,1.131552,0.2124727,1.162153,0.1785254,1.134815,0.1885388,1.164141,-0.01180542,0.6452659,0.02807106,0.6459841,-0.003356647,0.6432456,0.07366192,0.6474583,-0.02072418,0.6334738,0.1035162,0.6422104,0.09758122,-0.08103707,0.05002977,0.1363528,0.1222421,-0.07704785,0.01924661,0.1457736,0.09448863,-0.07459526,0.004479349,0.1204683,-0.1111268,0.05065718,-0.03608591,0.127348,-0.1562003,0.05412742,-0.02558227,0.1672805,-0.1777421,0.04632115,0.002047613,0.1836902,0.09853552,-0.08179407,0.04439535,0.1355377,0.133262,-0.07371021,0.01909739,0.1534818,0.124318,-0.07908496,0.0009242874,0.147344,-0.1115059,0.04880676,-0.03759078,0.1273921,-0.157141,0.05330214,-0.02561307,0.1679001,-0.1781507,0.04570349,0.001928206,0.1839299,0.11016,-0.07990209,0.0298232,0.1393162,-0.1690563,0.9491336,-0.01899746,0.2649615,149.2707,-0.1753225,0.9843139,-0.01970161,-0.1410011,0.04788789,-0.02113632,0.1504038,0.1279573,-0.4783376,-0.1852327,0.848828,63.83117,0.2420367,-0.9047958,-0.3503755,0.1694288,1.109335,0.2038576,1.140565,0.6169324,-0.391703,0.1190669,-0.6721505,264.4665,0.8332257,-0.5290321,0.1608111,0.1052489,-0.09749447,0.02332268,0.1453494,0.390391,-0.8986223,-0.1966565,-0.03740668,184.2875,0.3906643,-0.8992516,-0.1967942,-0.4068349,-0.1653716,-0.4157643,0.6047499,0.7849901,0.6045006,-0.1295027,-0.03998177,184.5828,0.7856184,0.6049844,-0.1296064,-0.06942882,-0.009335041,0.09614246,0.1189575,-0.5459064,0.6323477,-0.4047212,0.3719186,136.332,-0.588093,0.6812143,-0.4359973,-0.100771,1.211454,-0.07927389,1.21822,0.01486611,-0.1707677,-0.1839498,-0.9678739,330.875,0.0591248,-0.679169,-0.7315966,True,True,False,False
1772879683397,9.016153,0.1803263,1.176686,0.07449998,1.192752,0.05663786,-0.7613474,0.2886452,0.5777771,109.4113,0.0693926,-0.9328013,0.3536475,-0.1019349,0.6376613,-0.06102657,0.6486346,0.524861,0.252136,-0.7601548,0.2882936,146.4884,0.5481336,0.2633159,-0.7938604,0.1416018,1.11101,0.1874357,1.135573,0.1575712,1.132577,0.2094175,1.162503,0.1769775,1.137374,0.1815927,1.165297,-0.01144515,0.6457669,0.02819846,0.6464835,-0.002968271,0.6439562,0.07360081,0.6481555,-0.02038651,0.6342964,0.1034812,0.6430053,0.09943062,-0.08030111,0.0472521,0.1362625,0.119617,-0.07739282,0.01919144,0.1437574,0.08908877,-0.07116394,0.004941307,0.1141294,-0.1111678,0.05068362,-0.03588994,0.1273389,-0.1560802,0.0542582,-0.02556485,0.1672081,-0.1776639,0.04642845,0.002046421,0.1836416,0.09860396,-0.0816799,0.04461382,0.1355903,0.1322185,-0.07399183,0.01910458,0.1527139,0.121624,-0.07847922,0.001231477,0.1447511,-0.1114801,0.04895028,-0.03746071,0.1273862,-0.1570599,0.05337525,-0.02560938,0.1678469,-0.1781135,0.04575893,0.001937246,0.1839077,0.1097293,-0.07965048,0.02970502,0.138806,-0.1451552,0.9589923,-0.002937894,0.2434239,151.8226,-0.1496568,0.9887334,-0.003029007,-0.1410145,0.04799025,-0.02103654,0.150435,0.1280847,-0.4788866,-0.1840059,0.848766,63.84459,0.2422321,-0.9056638,-0.3479894,0.1693928,1.109658,0.2040406,1.140906,0.6074454,-0.4088164,0.1200906,-0.6704159,264.1984,0.8186756,-0.5509763,0.1618503,0.1049312,-0.09951044,0.02180468,0.1462475,0.3721067,-0.9093879,-0.1847075,-0.02082133,182.3861,0.3721873,-0.9095851,-0.1847475,-0.4085123,-0.1639135,-0.4153652,0.6052092,0.7983771,0.5880055,-0.1154717,-0.05924463,186.7929,0.7997819,0.5890402,-0.1156749,-0.06939284,-0.009658098,0.09595941,0.1188144,-0.543009,0.6394402,-0.3889221,0.3807851,135.2354,-0.5872502,0.6915382,-0.4206092,-0.1001966,1.211681,-0.07978941,1.218432,0.0135996,-0.1726166,-0.1833161,-0.9676847,330.7889,0.05393175,-0.6845434,-0.7269741,True,True,False,False
1772879683410,9.029133,0.1806405,1.176346,0.07426085,1.192449,0.04458306,-0.7617073,0.2913862,0.5769821,109.5229,0.05458549,-0.9326,0.35676,-0.1017466,0.6376953,-0.06107266,0.6486428,0.5252327,0.2507977,-0.7595216,0.2904447,146.2308,0.5488946,0.2620962,-0.7937382,0.1406557,1.114482,0.1888463,1.139086,0.1571074,1.134117,0.206964,1.163503,0.1757478,1.13894,0.1826551,1.166806,-0.01156772,0.6462939,0.02840666,0.6470214,-0.003203307,0.6446665,0.07378969,0.6488837,-0.02070028,0.6350601,0.1036773,0.6438003,0.1002991,-0.07992165,0.04591671,0.1362194,0.1165313,-0.07745831,0.01917903,0.1412344,0.08967154,-0.07146735,0.004885405,0.1147712,-0.1111644,0.05068972,-0.03585717,0.1273292,-0.156034,0.05428863,-0.0255613,0.1671743,-0.1776354,0.0464689,0.002077952,0.1836246,0.0987432,-0.08153548,0.04472083,0.13564,0.13093,-0.07427655,0.0191107,0.1517396,0.1189995,-0.07790328,0.001531601,0.1422397,-0.1114541,0.04909316,-0.037329,0.1273798,-0.1569756,0.05345028,-0.02560543,0.1677913,-0.1780742,0.04581724,0.001948803,0.1838843,0.1092816,-0.07939723,0.02944018,0.1382502,-0.1242139,0.9674441,0.01096161,0.220233,154.5546,-0.1273405,0.9917954,0.01123753,-0.1410288,0.04809336,-0.02093393,0.150467,0.1281895,-0.479432,-0.1827883,0.8487055,63.85771,0.2423857,-0.9065285,-0.3456232,0.1694162,1.109917,0.2042208,1.141194,0.5987096,-0.4232962,0.1207598,-0.6691667,264.0056,0.8056786,-0.5696262,0.1625055,0.1032658,-0.101485,0.02129588,0.1463439,0.3527248,-0.9181877,-0.1798293,-0.01334507,181.5293,0.3527562,-0.9182695,-0.1798453,-0.4098283,-0.1620179,-0.4151405,0.6054343,0.8089402,0.5738437,-0.107246,-0.06941019,187.9602,0.8108957,0.5752309,-0.1075053,-0.06941616,-0.009916902,0.09577917,0.1187038,-0.5405471,0.6456046,-0.374974,0.3878122,134.3631,-0.5864429,0.7004205,-0.4068117,-0.09963074,1.212183,-0.07963496,1.218874,0.01505608,-0.1740341,-0.1833697,-0.9673991,330.6594,0.05944987,-0.6871847,-0.724047,True,True,False,False
1772879683425,9.043047,0.1810029,1.176028,0.07399558,1.192175,0.0350943,-0.7610915,0.2945634,0.5768367,109.5433,0.04296247,-0.9317287,0.3606048,-0.1016211,0.6377303,-0.06106296,0.6486567,0.5256014,0.2498759,-0.7589738,0.2920002,146.0445,0.5495518,0.2612621,-0.7935584,0.1403949,1.117595,0.1900865,1.142306,0.157063,1.135615,0.2050276,1.164614,0.1752365,1.14008,0.1842772,1.168096,-0.01168535,0.6466375,0.02861528,0.6473758,-0.003383424,0.6451038,0.07393673,0.6493357,-0.02101693,0.6355832,0.1039049,0.6443632,0.1010821,-0.07953266,0.04469375,0.1361638,0.1141364,-0.07733332,0.01918827,0.1391968,0.09073164,-0.07233719,0.004764572,0.1161361,-0.1111518,0.05072268,-0.03581124,0.1273184,-0.1559469,0.05438489,-0.02554964,0.1671225,-0.1776268,0.04647722,0.002147302,0.1836193,0.09891956,-0.08138447,0.04471879,0.1356771,0.1296638,-0.07450704,0.01911655,0.1507628,0.116868,-0.07748359,0.001775372,0.1402319,-0.1114313,0.04921602,-0.03721456,0.1273738,-0.1568981,0.05352075,-0.02560122,0.1677406,-0.1780405,0.045867,0.00196377,0.1838642,0.1088718,-0.07918797,0.02911987,0.137738,-0.1095508,0.9735059,0.02042678,0.1996687,156.9648,-0.1118021,0.9935118,0.02084656,-0.1410453,0.04818199,-0.02084043,0.1504979,0.1283656,-0.4798613,-0.1818982,0.8486275,63.87463,0.2426611,-0.9071255,-0.3438588,0.1697655,1.11042,0.2049281,1.141862,0.5850086,-0.4473215,0.1185346,-0.6660467,263.5253,0.7842882,-0.5996988,0.1589127,0.1019493,-0.1030374,0.02128981,0.1465047,0.3360633,-0.9255899,-0.1740467,-0.00725007,180.8308,0.3360722,-0.9256142,-0.1740513,-0.4106942,-0.1605652,-0.415146,0.6056377,0.8176341,0.5614825,-0.1005299,-0.07813922,188.9632,0.8201417,0.5632046,-0.1008382,-0.06976547,-0.01042008,0.09507194,0.1183827,-0.5387481,0.6532184,-0.3510074,0.3998127,132.8671,-0.5877699,0.7126561,-0.3829463,-0.09929889,1.212652,-0.07979356,1.219324,0.01756025,-0.1751562,-0.1829848,-0.9672273,330.5817,0.06915876,-0.6898299,-0.7206618,True,True,False,False
1772879683439,9.057221,0.1813369,1.176239,0.07374257,1.192418,0.02521611,-0.7595128,0.2986487,0.577333,109.4736,0.03088284,-0.9301956,0.365763,-0.1015681,0.6377184,-0.06102071,0.6486326,0.5259811,0.2490434,-0.7584392,0.293413,145.8752,0.5501977,0.2605095,-0.7933583,0.1418512,1.123143,0.1924011,1.148299,0.1572413,1.137993,0.202807,1.166569,0.1750002,1.141891,0.1862823,1.170146,-0.0118593,0.6469023,0.02885539,0.6476541,-0.003638987,0.645494,0.07415506,0.6497497,-0.02138379,0.6359675,0.1041271,0.6447902,0.1026861,-0.07880391,0.04127594,0.1358609,0.1114097,-0.07693587,0.01922879,0.1367516,0.09196617,-0.07352677,0.00460127,0.1178352,-0.1111495,0.05075447,-0.03576988,0.1273174,-0.1559108,0.05442721,-0.02554476,0.1671019,-0.177589,0.04651379,0.002229102,0.1835929,0.09922237,-0.081177,0.044442,0.135683,0.1281962,-0.0747023,0.01912557,0.1496011,0.114866,-0.07716548,0.002002562,0.1383934,-0.1114087,0.04933971,-0.03709842,0.1273679,-0.1568187,0.05359362,-0.02559668,0.1676889,-0.1780042,0.045919,0.001985102,0.1838423,0.1084756,-0.07896991,0.02858532,0.1371872,-0.09900372,0.9785226,0.0270534,0.1787731,159.4034,-0.1006248,0.9945445,0.02749636,-0.1410636,0.04827199,-0.02074226,0.1505302,0.1285109,-0.480268,-0.1809871,0.8485701,63.88703,0.2428936,-0.9077367,-0.3420769,0.1697919,1.110544,0.2051417,1.142024,0.578986,-0.4586242,0.1141375,-0.6643883,263.2708,0.7746798,-0.6136364,0.1527153,0.1006904,-0.1052543,0.02141666,0.1472267,0.3109765,-0.9358475,-0.1656939,0.005367503,179.3849,0.3109809,-0.9358609,-0.1656963,-0.4120826,-0.1592059,-0.4154986,0.6064632,0.831723,0.540665,-0.08940118,-0.08902708,190.2153,0.8350387,0.5428203,-0.08975758,-0.06979188,-0.01054358,0.09485829,0.1182378,-0.5404968,0.6548781,-0.3387432,0.4052792,132.1828,-0.5912282,0.7163455,-0.3705379,-0.09876759,1.212312,-0.08067777,1.219001,0.01627682,-0.176108,-0.1830973,-0.9670556,330.5043,0.06393963,-0.6917987,-0.7192546,True,True,False,False
1772879683452,9.070953,0.1814598,1.176391,0.07354373,1.192574,0.01665686,-0.7577019,0.3018698,0.5783468,109.3313,0.02041805,-0.9287941,0.3700332,-0.1016235,0.6376834,-0.06099047,0.6486041,0.5262773,0.2484201,-0.758029,0.2944686,145.7487,0.5506945,0.2599458,-0.7931986,0.1429621,1.127382,0.1940164,1.152853,0.1568155,1.140419,0.2030607,1.168923,0.1747231,1.143627,0.1875412,1.171999,-0.01205817,0.6471227,0.02902674,0.6478856,-0.003935922,0.645758,0.07430404,0.6500307,-0.02171724,0.6362756,0.1042853,0.6451308,0.1036443,-0.07842565,0.03879325,0.1356379,0.1113068,-0.07692168,0.01923034,0.13666,0.09267014,-0.07420458,0.00449536,0.1188035,-0.1111567,0.05076474,-0.03579511,0.1273348,-0.1558682,0.0544553,-0.02554203,0.1670709,-0.1775739,0.04653629,0.002226971,0.183584,0.09958398,-0.080952,0.04398007,0.135663,0.1268151,-0.07488379,0.01913414,0.1485118,0.1130509,-0.07692335,0.002206413,0.1367574,-0.1113881,0.04945624,-0.03699183,0.1273641,-0.156741,0.05366409,-0.02559221,0.1676381,-0.177969,0.04596948,0.002004881,0.183821,0.1081374,-0.07875808,0.02791625,0.1366596,-0.09026717,0.9827217,0.0319564,0.1583939,161.7726,-0.09142127,0.9952862,0.03236497,-0.1410817,0.04835728,-0.0206507,0.150562,0.1286665,-0.4806291,-0.1801888,0.8485121,63.8996,0.243145,-0.9082593,-0.3405082,0.1698551,1.110591,0.2052527,1.142099,0.5750819,-0.4639742,0.1125796,-0.6643302,263.2619,0.7694029,-0.6207517,0.1506204,0.09918578,-0.1071061,0.02192056,0.1476145,0.2939588,-0.9415293,-0.1644897,0.007352286,179.1575,0.2939667,-0.9415548,-0.1644942,-0.4127315,-0.1580999,-0.4156281,0.6067039,0.8394421,0.5289532,-0.08482049,-0.09138529,190.4866,0.8429692,0.5311757,-0.08517689,-0.06985506,-0.01059055,0.0947473,0.1181903,-0.540899,0.6566288,-0.3324443,0.4071213,131.9517,-0.5921988,0.7189047,-0.3639739,-0.09824283,1.211665,-0.08111887,1.218345,0.01334196,-0.17805,-0.181583,-0.9670304,330.493,0.05239109,-0.6991652,-0.7130384,False,False,False,False
1772879683468,9.084591,0.1814598,1.176391,0.07354373,1.192574,0.01665686,-0.7577019,0.3018698,0.5783468,109.3313,0.02041805,-0.9287941,0.3700332,-0.1016235,0.6376834,-0.06099047,0.6486041,0.5262773,0.2484201,-0.758029,0.2944686,145.7487,0.5506945,0.2599458,-0.7931986,0.1429621,1.127382,0.1940164,1.152853,0.1568155,1.140419,0.2030607,1.168923,0.1747231,1.143627,0.1875412,1.171999,-0.01205817,0.6471227,0.02902674,0.6478856,-0.003935922,0.645758,0.07430404,0.6500307,-0.02171724,0.6362756,0.1042853,0.6451308,0.1036443,-0.07842565,0.03879325,0.1356379,0.1113068,-0.07692168,0.01923034,0.13666,0.09267014,-0.07420458,0.00449536,0.1188035,-0.1111567,0.05076474,-0.03579511,0.1273348,-0.1558682,0.0544553,-0.02554203,0.1670709,-0.1775739,0.04653629,0.002226971,0.183584,0.09958398,-0.080952,0.04398007,0.135663,0.1268151,-0.07488379,0.01913414,0.1485118,0.1130509,-0.07692335,0.002206413,0.1367574,-0.1113881,0.04945624,-0.03699183,0.1273641,-0.156741,0.05366409,-0.02559221,0.1676381,-0.177969,0.04596948,0.002004881,0.183821,0.1081374,-0.07875808,0.02791625,0.1366596,-0.09026717,0.9827217,0.0319564,0.1583939,161.7726,-0.09142127,0.9952862,0.03236497,-0.1410817,0.04835728,-0.0206507,0.150562,0.1286665,-0.4806291,-0.1801888,0.8485121,63.8996,0.243145,-0.9082593,-0.3405082,0.1698551,1.110591,0.2052527,1.142099,0.5750819,-0.4639742,0.1125796,-0.6643302,263.2619,0.7694029,-0.6207517,0.1506204,0.09918578,-0.1071061,0.02192056,0.1476145,0.2939588,-0.9415293,-0.1644897,0.007352286,179.1575,0.2939667,-0.9415548,-0.1644942,-0.4127315,-0.1580999,-0.4156281,0.6067039,0.8394421,0.5289532,-0.08482049,-0.09138529,190.4866,0.8429692,0.5311757,-0.08517689,-0.06985506,-0.01059055,0.0947473,0.1181903,-0.540899,0.6566288,-0.3324443,0.4071213,131.9517,-0.5921988,0.7189047,-0.3639739,-0.09784035,1.211022,-0.08160752,1.217706,0.009426408,-0.1799799,-0.1785657,-0.9672811,330.606,0.03715468,-0.7094002,-0.703826,False,False,False,False
1772879683481,9.098516,0.1814598,1.176391,0.07354373,1.192574,0.01665686,-0.7577019,0.3018698,0.5783468,109.3313,0.02041805,-0.9287941,0.3700332,-0.1016235,0.6376834,-0.06099047,0.6486041,0.5262773,0.2484201,-0.758029,0.2944686,145.7487,0.5506945,0.2599458,-0.7931986,0.1429621,1.127382,0.1940164,1.152853,0.1568155,1.140419,0.2030607,1.168923,0.1747231,1.143627,0.1875412,1.171999,-0.01205817,0.6471227,0.02902674,0.6478856,-0.003935922,0.645758,0.07430404,0.6500307,-0.02171724,0.6362756,0.1042853,0.6451308,0.1036443,-0.07842565,0.03879325,0.1356379,0.1113068,-0.07692168,0.01923034,0.13666,0.09267014,-0.07420458,0.00449536,0.1188035,-0.1111567,0.05076474,-0.03579511,0.1273348,-0.1558682,0.0544553,-0.02554203,0.1670709,-0.1775739,0.04653629,0.002226971,0.183584,0.09958398,-0.080952,0.04398007,0.135663,0.1268151,-0.07488379,0.01913414,0.1485118,0.1130509,-0.07692335,0.002206413,0.1367574,-0.1113881,0.04945624,-0.03699183,0.1273641,-0.156741,0.05366409,-0.02559221,0.1676381,-0.177969,0.04596948,0.002004881,0.183821,0.1081374,-0.07875808,0.02791625,0.1366596,-0.09026717,0.9827217,0.0319564,0.1583939,161.7726,-0.09142127,0.9952862,0.03236497,-0.1410817,0.04835728,-0.0206507,0.150562,0.1286665,-0.4806291,-0.1801888,0.8485121,63.8996,0.243145,-0.9082593,-0.3405082,0.1698551,1.110591,0.2052527,1.142099,0.5750819,-0.4639742,0.1125796,-0.6643302,263.2619,0.7694029,-0.6207517,0.1506204,0.09918578,-0.1071061,0.02192056,0.1476145,0.2939588,-0.9415293,-0.1644897,0.007352286,179.1575,0.2939667,-0.9415548,-0.1644942,-0.4127315,-0.1580999,-0.4156281,0.6067039,0.8394421,0.5289532,-0.08482049,-0.09138529,190.4866,0.8429692,0.5311757,-0.08517689,-0.06985506,-0.01059055,0.0947473,0.1181903,-0.540899,0.6566288,-0.3324443,0.4071213,131.9517,-0.5921988,0.7189047,-0.3639739,-0.09746446,1.211166,-0.08195477,1.217842,0.00675715,-0.1800288,-0.178028,-0.9673935,330.6568,0.02667875,-0.7107943,-0.7028946,False,False,False,False
1772879683494,9.109428,0.1814598,1.176391,0.07354373,1.192574,0.01665686,-0.7577019,0.3018698,0.5783468,109.3313,0.02041805,-0.9287941,0.3700332,-0.1016235,0.6376834,-0.06099047,0.6486041,0.5262773,0.2484201,-0.758029,0.2944686,145.7487,0.5506945,0.2599458,-0.7931986,0.1429621,1.127382,0.1940164,1.152853,0.1568155,1.140419,0.2030607,1.168923,0.1747231,1.143627,0.1875412,1.171999,-0.01205817,0.6471227,0.02902674,0.6478856,-0.003935922,0.645758,0.07430404,0.6500307,-0.02171724,0.6362756,0.1042853,0.6451308,0.1036443,-0.07842565,0.03879325,0.1356379,0.1113068,-0.07692168,0.01923034,0.13666,0.09267014,-0.07420458,0.00449536,0.1188035,-0.1111567,0.05076474,-0.03579511,0.1273348,-0.1558682,0.0544553,-0.02554203,0.1670709,-0.1775739,0.04653629,0.002226971,0.183584,0.09958398,-0.080952,0.04398007,0.135663,0.1268151,-0.07488379,0.01913414,0.1485118,0.1130509,-0.07692335,0.002206413,0.1367574,-0.1113881,0.04945624,-0.03699183,0.1273641,-0.156741,0.05366409,-0.02559221,0.1676381,-0.177969,0.04596948,0.002004881,0.183821,0.1081374,-0.07875808,0.02791625,0.1366596,-0.09026717,0.9827217,0.0319564,0.1583939,161.7726,-0.09142127,0.9952862,0.03236497,-0.1410817,0.04835728,-0.0206507,0.150562,0.1286665,-0.4806291,-0.1801888,0.8485121,63.8996,0.243145,-0.9082593,-0.3405082,0.1698551,1.110591,0.2052527,1.142099,0.5750819,-0.4639742,0.1125796,-0.6643302,263.2619,0.7694029,-0.6207517,0.1506204,0.09918578,-0.1071061,0.02192056,0.1476145,0.2939588,-0.9415293,-0.1644897,0.007352286,179.1575,0.2939667,-0.9415548,-0.1644942,-0.4127315,-0.1580999,-0.4156281,0.6067039,0.8394421,0.5289532,-0.08482049,-0.09138529,190.4866,0.8429692,0.5311757,-0.08517689,-0.06985506,-0.01059055,0.0947473,0.1181903,-0.540899,0.6566288,-0.3324443,0.4071213,131.9517,-0.5921988,0.7189047,-0.3639739,-0.09714231,1.211487,-0.08208083,1.218144,0.005674879,-0.1802696,-0.1783127,-0.9673032,330.616,0.02237526,-0.7107777,-0.703062,False,False,False,False
1772879683509,9.123085,0.1814598,1.176391,0.07354373,1.192574,0.01665686,-0.7577019,0.3018698,0.5783468,109.3313,0.02041805,-0.9287941,0.3700332,-0.1016235,0.6376834,-0.06099047,0.6486041,0.5262773,0.2484201,-0.758029,0.2944686,145.7487,0.5506945,0.2599458,-0.7931986,0.1429621,1.127382,0.1940164,1.152853,0.1568155,1.140419,0.2030607,1.168923,0.1747231,1.143627,0.1875412,1.171999,-0.01205817,0.6471227,0.02902674,0.6478856,-0.003935922,0.645758,0.07430404,0.6500307,-0.02171724,0.6362756,0.1042853,0.6451308,0.1036443,-0.07842565,0.03879325,0.1356379,0.1113068,-0.07692168,0.01923034,0.13666,0.09267014,-0.07420458,0.00449536,0.1188035,-0.1111567,0.05076474,-0.03579511,0.1273348,-0.1558682,0.0544553,-0.02554203,0.1670709,-0.1775739,0.04653629,0.002226971,0.183584,0.09958398,-0.080952,0.04398007,0.135663,0.1268151,-0.07488379,0.01913414,0.1485118,0.1130509,-0.07692335,0.002206413,0.1367574,-0.1113881,0.04945624,-0.03699183,0.1273641,-0.156741,0.05366409,-0.02559221,0.1676381,-0.177969,0.04596948,0.002004881,0.183821,0.1081374,-0.07875808,0.02791625,0.1366596,-0.09026717,0.9827217,0.0319564,0.1583939,161.7726,-0.09142127,0.9952862,0.03236497,-0.1410817,0.04835728,-0.0206507,0.150562,0.1286665,-0.4806291,-0.1801888,0.8485121,63.8996,0.243145,-0.9082593,-0.3405082,0.1698551,1.110591,0.2052527,1.142099,0.5750819,-0.4639742,0.1125796,-0.6643302,263.2619,0.7694029,-0.6207517,0.1506204,0.09918578,-0.1071061,0.02192056,0.1476145,0.2939588,-0.9415293,-0.1644897,0.007352286,179.1575,0.2939667,-0.9415548,-0.1644942,-0.4127315,-0.1580999,-0.4156281,0.6067039,0.8394421,0.5289532,-0.08482049,-0.09138529,190.4866,0.8429692,0.5311757,-0.08517689,-0.06985506,-0.01059055,0.0947473,0.1181903,-0.540899,0.6566288,-0.3324443,0.4071213,131.9517,-0.5921988,0.7189047,-0.3639739,-0.09677992,1.211519,-0.08232769,1.218164,0.005476796,-0.1806709,-0.1771121,-0.9674499,330.6824,0.02164206,-0.7139375,-0.6998746,False,False,False,False
1772879683522,9.137444,0.1814598,1.176391,0.07354373,1.192574,0.01665686,-0.7577019,0.3018698,0.5783468,109.3313,0.02041805,-0.9287941,0.3700332,-0.1016235,0.6376834,-0.06099047,0.6486041,0.5262773,0.2484201,-0.758029,0.2944686,145.7487,0.5506945,0.2599458,-0.7931986,0.1429621,1.127382,0.1940164,1.152853,0.1568155,1.140419,0.2030607,1.168923,0.1747231,1.143627,0.1875412,1.171999,-0.01205817,0.6471227,0.02902674,0.6478856,-0.003935922,0.645758,0.07430404,0.6500307,-0.02171724,0.6362756,0.1042853,0.6451308,0.1036443,-0.07842565,0.03879325,0.1356379,0.1113068,-0.07692168,0.01923034,0.13666,0.09267014,-0.07420458,0.00449536,0.1188035,-0.1111567,0.05076474,-0.03579511,0.1273348,-0.1558682,0.0544553,-0.02554203,0.1670709,-0.1775739,0.04653629,0.002226971,0.183584,0.09958398,-0.080952,0.04398007,0.135663,0.1268151,-0.07488379,0.01913414,0.1485118,0.1130509,-0.07692335,0.002206413,0.1367574,-0.1113881,0.04945624,-0.03699183,0.1273641,-0.156741,0.05366409,-0.02559221,0.1676381,-0.177969,0.04596948,0.002004881,0.183821,0.1081374,-0.07875808,0.02791625,0.1366596,-0.09026717,0.9827217,0.0319564,0.1583939,161.7726,-0.09142127,0.9952862,0.03236497,-0.1410817,0.04835728,-0.0206507,0.150562,0.1286665,-0.4806291,-0.1801888,0.8485121,63.8996,0.243145,-0.9082593,-0.3405082,0.1698551,1.110591,0.2052527,1.142099,0.5750819,-0.4639742,0.1125796,-0.6643302,263.2619,0.7694029,-0.6207517,0.1506204,0.09918578,-0.1071061,0.02192056,0.1476145,0.2939588,-0.9415293,-0.1644897,0.007352286,179.1575,0.2939667,-0.9415548,-0.1644942,-0.4127315,-0.1580999,-0.4156281,0.6067039,0.8394421,0.5289532,-0.08482049,-0.09138529,190.4866,0.8429692,0.5311757,-0.08517689,-0.06985506,-0.01059055,0.0947473,0.1181903,-0.540899,0.6566288,-0.3324443,0.4071213,131.9517,-0.5921988,0.7189047,-0.3639739,-0.09646846,1.211193,-0.08262145,1.217834,0.005117245,-0.1809213,-0.1757821,-0.9676477,330.7721,0.02028197,-0.7170734,-0.6967045,False,False,False,False
1772879683536,9.150941,0.1814598,1.176391,0.07354373,1.192574,0.01665686,-0.7577019,0.3018698,0.5783468,109.3313,0.02041805,-0.9287941,0.3700332,-0.1016235,0.6376834,-0.06099047,0.6486041,0.5262773,0.2484201,-0.758029,0.2944686,145.7487,0.5506945,0.2599458,-0.7931986,0.1429621,1.127382,0.1940164,1.152853,0.1568155,1.140419,0.2030607,1.168923,0.1747231,1.143627,0.1875412,1.171999,-0.01205817,0.6471227,0.02902674,0.6478856,-0.003935922,0.645758,0.07430404,0.6500307,-0.02171724,0.6362756,0.1042853,0.6451308,0.1036443,-0.07842565,0.03879325,0.1356379,0.1113068,-0.07692168,0.01923034,0.13666,0.09267014,-0.07420458,0.00449536,0.1188035,-0.1111567,0.05076474,-0.03579511,0.1273348,-0.1558682,0.0544553,-0.02554203,0.1670709,-0.1775739,0.04653629,0.002226971,0.183584,0.09958398,-0.080952,0.04398007,0.135663,0.1268151,-0.07488379,0.01913414,0.1485118,0.1130509,-0.07692335,0.002206413,0.1367574,-0.1113881,0.04945624,-0.03699183,0.1273641,-0.156741,0.05366409,-0.02559221,0.1676381,-0.177969,0.04596948,0.002004881,0.183821,0.1081374,-0.07875808,0.02791625,0.1366596,-0.09026717,0.9827217,0.0319564,0.1583939,161.7726,-0.09142127,0.9952862,0.03236497,-0.1410817,0.04835728,-0.0206507,0.150562,0.1286665,-0.4806291,-0.1801888,0.8485121,63.8996,0.243145,-0.9082593,-0.3405082,0.1698551,1.110591,0.2052527,1.142099,0.5750819,-0.4639742,0.1125796,-0.6643302,263.2619,0.7694029,-0.6207517,0.1506204,0.09918578,-0.1071061,0.02192056,0.1476145,0.2939588,-0.9415293,-0.1644897,0.007352286,179.1575,0.2939667,-0.9415548,-0.1644942,-0.4127315,-0.1580999,-0.4156281,0.6067039,0.8394421,0.5289532,-0.08482049,-0.09138529,190.4866,0.8429692,0.5311757,-0.08517689,-0.06985506,-0.01059055,0.0947473,0.1181903,-0.540899,0.6566288,-0.3324443,0.4071213,131.9517,-0.5921988,0.7189047,-0.3639739,-0.09612837,1.210807,-0.08310621,1.217456,0.003885145,-0.1809319,-0.1748377,-0.9678225,330.8516,0.01543967,-0.7190281,-0.6948098,False,False,False,False
1772879683551,9.165197,0.1814598,1.176391,0.07354373,1.192574,0.01665686,-0.7577019,0.3018698,0.5783468,109.3313,0.02041805,-0.9287941,0.3700332,-0.1016235,0.6376834,-0.06099047,0.6486041,0.5262773,0.2484201,-0.758029,0.2944686,145.7487,0.5506945,0.2599458,-0.7931986,0.1429621,1.127382,0.1940164,1.152853,0.1568155,1.140419,0.2030607,1.168923,0.1747231,1.143627,0.1875412,1.171999,-0.01205817,0.6471227,0.02902674,0.6478856,-0.003935922,0.645758,0.07430404,0.6500307,-0.02171724,0.6362756,0.1042853,0.6451308,0.1036443,-0.07842565,0.03879325,0.1356379,0.1113068,-0.07692168,0.01923034,0.13666,0.09267014,-0.07420458,0.00449536,0.1188035,-0.1111567,0.05076474,-0.03579511,0.1273348,-0.1558682,0.0544553,-0.02554203,0.1670709,-0.1775739,0.04653629,0.002226971,0.183584,0.09958398,-0.080952,0.04398007,0.135663,0.1268151,-0.07488379,0.01913414,0.1485118,0.1130509,-0.07692335,0.002206413,0.1367574,-0.1113881,0.04945624,-0.03699183,0.1273641,-0.156741,0.05366409,-0.02559221,0.1676381,-0.177969,0.04596948,0.002004881,0.183821,0.1081374,-0.07875808,0.02791625,0.1366596,-0.09026717,0.9827217,0.0319564,0.1583939,161.7726,-0.09142127,0.9952862,0.03236497,-0.1410817,0.04835728,-0.0206507,0.150562,0.1286665,-0.4806291,-0.1801888,0.8485121,63.8996,0.243145,-0.9082593,-0.3405082,0.1698551,1.110591,0.2052527,1.142099,0.5750819,-0.4639742,0.1125796,-0.6643302,263.2619,0.7694029,-0.6207517,0.1506204,0.09918578,-0.1071061,0.02192056,0.1476145,0.2939588,-0.9415293,-0.1644897,0.007352286,179.1575,0.2939667,-0.9415548,-0.1644942,-0.4127315,-0.1580999,-0.4156281,0.6067039,0.8394421,0.5289532,-0.08482049,-0.09138529,190.4866,0.8429692,0.5311757,-0.08517689,-0.06985506,-0.01059055,0.0947473,0.1181903,-0.540899,0.6566288,-0.3324443,0.4071213,131.9517,-0.5921988,0.7189047,-0.3639739,-0.09600657,1.210617,-0.08329277,1.217271,0.001993316,-0.1811422,-0.1741881,-0.967906,330.8896,0.007931625,-0.7207845,-0.6931136,False,False,False,False
1772879683563,9.17977,0.1814598,1.176391,0.07354373,1.192574,0.01665686,-0.7577019,0.3018698,0.5783468,109.3313,0.02041805,-0.9287941,0.3700332,-0.1016235,0.6376834,-0.06099047,0.6486041,0.5262773,0.2484201,-0.758029,0.2944686,145.7487,0.5506945,0.2599458,-0.7931986,0.1429621,1.127382,0.1940164,1.152853,0.1568155,1.140419,0.2030607,1.168923,0.1747231,1.143627,0.1875412,1.171999,-0.01205817,0.6471227,0.02902674,0.6478856,-0.003935922,0.645758,0.07430404,0.6500307,-0.02171724,0.6362756,0.1042853,0.6451308,0.1036443,-0.07842565,0.03879325,0.1356379,0.1113068,-0.07692168,0.01923034,0.13666,0.09267014,-0.07420458,0.00449536,0.1188035,-0.1111567,0.05076474,-0.03579511,0.1273348,-0.1558682,0.0544553,-0.02554203,0.1670709,-0.1775739,0.04653629,0.002226971,0.183584,0.09958398,-0.080952,0.04398007,0.135663,0.1268151,-0.07488379,0.01913414,0.1485118,0.1130509,-0.07692335,0.002206413,0.1367574,-0.1113881,0.04945624,-0.03699183,0.1273641,-0.156741,0.05366409,-0.02559221,0.1676381,-0.177969,0.04596948,0.002004881,0.183821,0.1081374,-0.07875808,0.02791625,0.1366596,-0.09026717,0.9827217,0.0319564,0.1583939,161.7726,-0.09142127,0.9952862,0.03236497,-0.1410817,0.04835728,-0.0206507,0.150562,0.1286665,-0.4806291,-0.1801888,0.8485121,63.8996,0.243145,-0.9082593,-0.3405082,0.1698551,1.110591,0.2052527,1.142099,0.5750819,-0.4639742,0.1125796,-0.6643302,263.2619,0.7694029,-0.6207517,0.1506204,0.09918578,-0.1071061,0.02192056,0.1476145,0.2939588,-0.9415293,-0.1644897,0.007352286,179.1575,0.2939667,-0.9415548,-0.1644942,-0.4127315,-0.1580999,-0.4156281,0.6067039,0.8394421,0.5289532,-0.08482049,-0.09138529,190.4866,0.8429692,0.5311757,-0.08517689,-0.06985506,-0.01059055,0.0947473,0.1181903,-0.540899,0.6566288,-0.3324443,0.4071213,131.9517,-0.5921988,0.7189047,-0.3639739,-0.09587356,1.210666,-0.08349861,1.217323,0.001169233,-0.1809169,-0.1735217,-0.9680692,330.9641,0.004664186,-0.7216956,-0.6921952,False,False,False,False
1772879683579,9.192554,0.1814598,1.176391,0.07354373,1.192574,0.01665686,-0.7577019,0.3018698,0.5783468,109.3313,0.02041805,-0.9287941,0.3700332,-0.1016235,0.6376834,-0.06099047,0.6486041,0.5262773,0.2484201,-0.758029,0.2944686,145.7487,0.5506945,0.2599458,-0.7931986,0.1429621,1.127382,0.1940164,1.152853,0.1568155,1.140419,0.2030607,1.168923,0.1747231,1.143627,0.1875412,1.171999,-0.01205817,0.6471227,0.02902674,0.6478856,-0.003935922,0.645758,0.07430404,0.6500307,-0.02171724,0.6362756,0.1042853,0.6451308,0.1036443,-0.07842565,0.03879325,0.1356379,0.1113068,-0.07692168,0.01923034,0.13666,0.09267014,-0.07420458,0.00449536,0.1188035,-0.1111567,0.05076474,-0.03579511,0.1273348,-0.1558682,0.0544553,-0.02554203,0.1670709,-0.1775739,0.04653629,0.002226971,0.183584,0.09958398,-0.080952,0.04398007,0.135663,0.1268151,-0.07488379,0.01913414,0.1485118,0.1130509,-0.07692335,0.002206413,0.1367574,-0.1113881,0.04945624,-0.03699183,0.1273641,-0.156741,0.05366409,-0.02559221,0.1676381,-0.177969,0.04596948,0.002004881,0.183821,0.1081374,-0.07875808,0.02791625,0.1366596,-0.09026717,0.9827217,0.0319564,0.1583939,161.7726,-0.09142127,0.9952862,0.03236497,-0.1410817,0.04835728,-0.0206507,0.150562,0.1286665,-0.4806291,-0.1801888,0.8485121,63.8996,0.243145,-0.9082593,-0.3405082,0.1698551,1.110591,0.2052527,1.142099,0.5750819,-0.4639742,0.1125796,-0.6643302,263.2619,0.7694029,-0.6207517,0.1506204,0.09918578,-0.1071061,0.02192056,0.1476145,0.2939588,-0.9415293,-0.1644897,0.007352286,179.1575,0.2939667,-0.9415548,-0.1644942,-0.4127315,-0.1580999,-0.4156281,0.6067039,0.8394421,0.5289532,-0.08482049,-0.09138529,190.4866,0.8429692,0.5311757,-0.08517689,-0.06985506,-0.01059055,0.0947473,0.1181903,-0.540899,0.6566288,-0.3324443,0.4071213,131.9517,-0.5921988,0.7189047,-0.3639739,-0.09580374,1.210623,-0.08382574,1.217297,0.001635893,-0.1803579,-0.1736849,-0.9681435,330.9981,0.006533226,-0.720291,-0.693641,False,False,False,False
1772879683592,9.207007,0.1814598,1.176391,0.07354373,1.192574,0.01665686,-0.7577019,0.3018698,0.5783468,109.3313,0.02041805,-0.9287941,0.3700332,-0.1016235,0.6376834,-0.06099047,0.6486041,0.5262773,0.2484201,-0.758029,0.2944686,145.7487,0.5506945,0.2599458,-0.7931986,0.1429621,1.127382,0.1940164,1.152853,0.1568155,1.140419,0.2030607,1.168923,0.1747231,1.143627,0.1875412,1.171999,-0.01205817,0.6471227,0.02902674,0.6478856,-0.003935922,0.645758,0.07430404,0.6500307,-0.02171724,0.6362756,0.1042853,0.6451308,0.1036443,-0.07842565,0.03879325,0.1356379,0.1113068,-0.07692168,0.01923034,0.13666,0.09267014,-0.07420458,0.00449536,0.1188035,-0.1111567,0.05076474,-0.03579511,0.1273348,-0.1558682,0.0544553,-0.02554203,0.1670709,-0.1775739,0.04653629,0.002226971,0.183584,0.09958398,-0.080952,0.04398007,0.135663,0.1268151,-0.07488379,0.01913414,0.1485118,0.1130509,-0.07692335,0.002206413,0.1367574,-0.1113881,0.04945624,-0.03699183,0.1273641,-0.156741,0.05366409,-0.02559221,0.1676381,-0.177969,0.04596948,0.002004881,0.183821,0.1081374,-0.07875808,0.02791625,0.1366596,-0.09026717,0.9827217,0.0319564,0.1583939,161.7726,-0.09142127,0.9952862,0.03236497,-0.1410817,0.04835728,-0.0206507,0.150562,0.1286665,-0.4806291,-0.1801888,0.8485121,63.8996,0.243145,-0.9082593,-0.3405082,0.1698551,1.110591,0.2052527,1.142099,0.5750819,-0.4639742,0.1125796,-0.6643302,263.2619,0.7694029,-0.6207517,0.1506204,0.09918578,-0.1071061,0.02192056,0.1476145,0.2939588,-0.9415293,-0.1644897,0.007352286,179.1575,0.2939667,-0.9415548,-0.1644942,-0.4127315,-0.1580999,-0.4156281,0.6067039,0.8394421,0.5289532,-0.08482049,-0.09138529,190.4866,0.8429692,0.5311757,-0.08517689,-0.06985506,-0.01059055,0.0947473,0.1181903,-0.540899,0.6566288,-0.3324443,0.4071213,131.9517,-0.5921988,0.7189047,-0.3639739,-0.09564468,1.210713,-0.08407386,1.217392,0.001894867,-0.1797667,-0.1740331,-0.9681905,331.0196,0.007572979,-0.7184512,-0.6955361,False,False,False,False
1772879683606,9.220857,0.1814598,1.176391,0.07354373,1.192574,0.01665686,-0.7577019,0.3018698,0.5783468,109.3313,0.02041805,-0.9287941,0.3700332,-0.1016235,0.6376834,-0.06099047,0.6486041,0.5262773,0.2484201,-0.758029,0.2944686,145.7487,0.5506945,0.2599458,-0.7931986,0.1429621,1.127382,0.1940164,1.152853,0.1568155,1.140419,0.2030607,1.168923,0.1747231,1.143627,0.1875412,1.171999,-0.01205817,0.6471227,0.02902674,0.6478856,-0.003935922,0.645758,0.07430404,0.6500307,-0.02171724,0.6362756,0.1042853,0.6451308,0.1036443,-0.07842565,0.03879325,0.1356379,0.1113068,-0.07692168,0.01923034,0.13666,0.09267014,-0.07420458,0.00449536,0.1188035,-0.1111567,0.05076474,-0.03579511,0.1273348,-0.1558682,0.0544553,-0.02554203,0.1670709,-0.1775739,0.04653629,0.002226971,0.183584,0.09958398,-0.080952,0.04398007,0.135663,0.1268151,-0.07488379,0.01913414,0.1485118,0.1130509,-0.07692335,0.002206413,0.1367574,-0.1113881,0.04945624,-0.03699183,0.1273641,-0.156741,0.05366409,-0.02559221,0.1676381,-0.177969,0.04596948,0.002004881,0.183821,0.1081374,-0.07875808,0.02791625,0.1366596,-0.09026717,0.9827217,0.0319564,0.1583939,161.7726,-0.09142127,0.9952862,0.03236497,-0.1410817,0.04835728,-0.0206507,0.150562,0.1286665,-0.4806291,-0.1801888,0.8485121,63.8996,0.243145,-0.9082593,-0.3405082,0.1698551,1.110591,0.2052527,1.142099,0.5750819,-0.4639742,0.1125796,-0.6643302,263.2619,0.7694029,-0.6207517,0.1506204,0.09918578,-0.1071061,0.02192056,0.1476145,0.2939588,-0.9415293,-0.1644897,0.007352286,179.1575,0.2939667,-0.9415548,-0.1644942,-0.4127315,-0.1580999,-0.4156281,0.6067039,0.8394421,0.5289532,-0.08482049,-0.09138529,190.4866,0.8429692,0.5311757,-0.08517689,-0.06985506,-0.01059055,0.0947473,0.1181903,-0.540899,0.6566288,-0.3324443,0.4071213,131.9517,-0.5921988,0.7189047,-0.3639739,-0.09545718,1.210745,-0.08438146,1.21743,0.002505703,-0.1796794,-0.1744837,-0.9681242,330.9893,0.01000398,-0.7173674,-0.6966237,False,False,False,False
1772879683620,9.234864,0.1814598,1.176391,0.07354373,1.192574,0.01665686,-0.7577019,0.3018698,0.5783468,109.3313,0.02041805,-0.9287941,0.3700332,-0.1016235,0.6376834,-0.06099047,0.6486041,0.5262773,0.2484201,-0.758029,0.2944686,145.7487,0.5506945,0.2599458,-0.7931986,0.1429621,1.127382,0.1940164,1.152853,0.1568155,1.140419,0.2030607,1.168923,0.1747231,1.143627,0.1875412,1.171999,-0.01205817,0.6471227,0.02902674,0.6478856,-0.003935922,0.645758,0.07430404,0.6500307,-0.02171724,0.6362756,0.1042853,0.6451308,0.1036443,-0.07842565,0.03879325,0.1356379,0.1113068,-0.07692168,0.01923034,0.13666,0.09267014,-0.07420458,0.00449536,0.1188035,-0.1111567,0.05076474,-0.03579511,0.1273348,-0.1558682,0.0544553,-0.02554203,0.1670709,-0.1775739,0.04653629,0.002226971,0.183584,0.09958398,-0.080952,0.04398007,0.135663,0.1268151,-0.07488379,0.01913414,0.1485118,0.1130509,-0.07692335,0.002206413,0.1367574,-0.1113881,0.04945624,-0.03699183,0.1273641,-0.156741,0.05366409,-0.02559221,0.1676381,-0.177969,0.04596948,0.002004881,0.183821,0.1081374,-0.07875808,0.02791625,0.1366596,-0.09026717,0.9827217,0.0319564,0.1583939,161.7726,-0.09142127,0.9952862,0.03236497,-0.1410817,0.04835728,-0.0206507,0.150562,0.1286665,-0.4806291,-0.1801888,0.8485121,63.8996,0.243145,-0.9082593,-0.3405082,0.1698551,1.110591,0.2052527,1.142099,0.5750819,-0.4639742,0.1125796,-0.6643302,263.2619,0.7694029,-0.6207517,0.1506204,0.09918578,-0.1071061,0.02192056,0.1476145,0.2939588,-0.9415293,-0.1644897,0.007352286,179.1575,0.2939667,-0.9415548,-0.1644942,-0.4127315,-0.1580999,-0.4156281,0.6067039,0.8394421,0.5289532,-0.08482049,-0.09138529,190.4866,0.8429692,0.5311757,-0.08517689,-0.06985506,-0.01059055,0.0947473,0.1181903,-0.540899,0.6566288,-0.3324443,0.4071213,131.9517,-0.5921988,0.7189047,-0.3639739,-0.09528886,1.210925,-0.08465589,1.217615,0.00283794,-0.1797795,-0.174596,-0.9680845,330.9711,0.01132349,-0.717327,-0.6966447,False,False,False,False
1772879683634,9.251001,0.1814598,1.176391,0.07354373,1.192574,0.01665686,-0.7577019,0.3018698,0.5783468,109.3313,0.02041805,-0.9287941,0.3700332,-0.1016235,0.6376834,-0.06099047,0.6486041,0.5262773,0.2484201,-0.758029,0.2944686,145.7487,0.5506945,0.2599458,-0.7931986,0.1429621,1.127382,0.1940164,1.152853,0.1568155,1.140419,0.2030607,1.168923,0.1747231,1.143627,0.1875412,1.171999,-0.01205817,0.6471227,0.02902674,0.6478856,-0.003935922,0.645758,0.07430404,0.6500307,-0.02171724,0.6362756,0.1042853,0.6451308,0.1036443,-0.07842565,0.03879325,0.1356379,0.1113068,-0.07692168,0.01923034,0.13666,0.09267014,-0.07420458,0.00449536,0.1188035,-0.1111567,0.05076474,-0.03579511,0.1273348,-0.1558682,0.0544553,-0.02554203,0.1670709,-0.1775739,0.04653629,0.002226971,0.183584,0.09958398,-0.080952,0.04398007,0.135663,0.1268151,-0.07488379,0.01913414,0.1485118,0.1130509,-0.07692335,0.002206413,0.1367574,-0.1113881,0.04945624,-0.03699183,0.1273641,-0.156741,0.05366409,-0.02559221,0.1676381,-0.177969,0.04596948,0.002004881,0.183821,0.1081374,-0.07875808,0.02791625,0.1366596,-0.09026717,0.9827217,0.0319564,0.1583939,161.7726,-0.09142127,0.9952862,0.03236497,-0.1410817,0.04835728,-0.0206507,0.150562,0.1286665,-0.4806291,-0.1801888,0.8485121,63.8996,0.243145,-0.9082593,-0.3405082,0.1698551,1.110591,0.2052527,1.142099,0.5750819,-0.4639742,0.1125796,-0.6643302,263.2619,0.7694029,-0.6207517,0.1506204,0.09918578,-0.1071061,0.02192056,0.1476145,0.2939588,-0.9415293,-0.1644897,0.007352286,179.1575,0.2939667,-0.9415548,-0.1644942,-0.4127315,-0.1580999,-0.4156281,0.6067039,0.8394421,0.5289532,-0.08482049,-0.09138529,190.4866,0.8429692,0.5311757,-0.08517689,-0.06985506,-0.01059055,0.0947473,0.1181903,-0.540899,0.6566288,-0.3324443,0.4071213,131.9517,-0.5921988,0.7189047,-0.3639739,-0.09516044,1.211115,-0.08489791,1.21781,0.003625454,-0.1801232,-0.1751059,-0.9679258,330.8987,0.01443047,-0.716948,-0.6969777,False,False,False,False
1772879683647,9.263517,0.1814598,1.176391,0.07354373,1.192574,0.01665686,-0.7577019,0.3018698,0.5783468,109.3313,0.02041805,-0.9287941,0.3700332,-0.1016235,0.6376834,-0.06099047,0.6486041,0.5262773,0.2484201,-0.758029,0.2944686,145.7487,0.5506945,0.2599458,-0.7931986,0.1429621,1.127382,0.1940164,1.152853,0.1568155,1.140419,0.2030607,1.168923,0.1747231,1.143627,0.1875412,1.171999,-0.01205817,0.6471227,0.02902674,0.6478856,-0.003935922,0.645758,0.07430404,0.6500307,-0.02171724,0.6362756,0.1042853,0.6451308,0.1036443,-0.07842565,0.03879325,0.1356379,0.1113068,-0.07692168,0.01923034,0.13666,0.09267014,-0.07420458,0.00449536,0.1188035,-0.1111567,0.05076474,-0.03579511,0.1273348,-0.1558682,0.0544553,-0.02554203,0.1670709,-0.1775739,0.04653629,0.002226971,0.183584,0.09958398,-0.080952,0.04398007,0.135663,0.1268151,-0.07488379,0.01913414,0.1485118,0.1130509,-0.07692335,0.002206413,0.1367574,-0.1113881,0.04945624,-0.03699183,0.1273641,-0.156741,0.05366409,-0.02559221,0.1676381,-0.177969,0.04596948,0.002004881,0.183821,0.1081374,-0.07875808,0.02791625,0.1366596,-0.09026717,0.9827217,0.0319564,0.1583939,161.7726,-0.09142127,0.9952862,0.03236497,-0.1410817,0.04835728,-0.0206507,0.150562,0.1286665,-0.4806291,-0.1801888,0.8485121,63.8996,0.243145,-0.9082593,-0.3405082,0.1698551,1.110591,0.2052527,1.142099,0.5750819,-0.4639742,0.1125796,-0.6643302,263.2619,0.7694029,-0.6207517,0.1506204,0.09918578,-0.1071061,0.02192056,0.1476145,0.2939588,-0.9415293,-0.1644897,0.007352286,179.1575,0.2939667,-0.9415548,-0.1644942,-0.4127315,-0.1580999,-0.4156281,0.6067039,0.8394421,0.5289532,-0.08482049,-0.09138529,190.4866,0.8429692,0.5311757,-0.08517689,-0.06985506,-0.01059055,0.0947473,0.1181903,-0.540899,0.6566288,-0.3324443,0.4071213,131.9517,-0.5921988,0.7189047,-0.3639739,-0.09512653,1.211228,-0.08516064,1.217938,0.004696516,-0.1806544,-0.1759787,-0.9676639,330.7794,0.01861901,-0.7161915,-0.6976554,False,False,False,False
1772879683661,9.276551,0.1814598,1.176391,0.07354373,1.192574,0.01665686,-0.7577019,0.3018698,0.5783468,109.3313,0.02041805,-0.9287941,0.3700332,-0.1016235,0.6376834,-0.06099047,0.6486041,0.5262773,0.2484201,-0.758029,0.2944686,145.7487,0.5506945,0.2599458,-0.7931986,0.1429621,1.127382,0.1940164,1.152853,0.1568155,1.140419,0.2030607,1.168923,0.1747231,1.143627,0.1875412,1.171999,-0.01205817,0.6471227,0.02902674,0.6478856,-0.003935922,0.645758,0.07430404,0.6500307,-0.02171724,0.6362756,0.1042853,0.6451308,0.1036443,-0.07842565,0.03879325,0.1356379,0.1113068,-0.07692168,0.01923034,0.13666,0.09267014,-0.07420458,0.00449536,0.1188035,-0.1111567,0.05076474,-0.03579511,0.1273348,-0.1558682,0.0544553,-0.02554203,0.1670709,-0.1775739,0.04653629,0.002226971,0.183584,0.09958398,-0.080952,0.04398007,0.135663,0.1268151,-0.07488379,0.01913414,0.1485118,0.1130509,-0.07692335,0.002206413,0.1367574,-0.1113881,0.04945624,-0.03699183,0.1273641,-0.156741,0.05366409,-0.02559221,0.1676381,-0.177969,0.04596948,0.002004881,0.183821,0.1081374,-0.07875808,0.02791625,0.1366596,-0.09026717,0.9827217,0.0319564,0.1583939,161.7726,-0.09142127,0.9952862,0.03236497,-0.1410817,0.04835728,-0.0206507,0.150562,0.1286665,-0.4806291,-0.1801888,0.8485121,63.8996,0.243145,-0.9082593,-0.3405082,0.1698551,1.110591,0.2052527,1.142099,0.5750819,-0.4639742,0.1125796,-0.6643302,263.2619,0.7694029,-0.6207517,0.1506204,0.09918578,-0.1071061,0.02192056,0.1476145,0.2939588,-0.9415293,-0.1644897,0.007352286,179.1575,0.2939667,-0.9415548,-0.1644942,-0.4127315,-0.1580999,-0.4156281,0.6067039,0.8394421,0.5289532,-0.08482049,-0.09138529,190.4866,0.8429692,0.5311757,-0.08517689,-0.06985506,-0.01059055,0.0947473,0.1181903,-0.540899,0.6566288,-0.3324443,0.4071213,131.9517,-0.5921988,0.7189047,-0.3639739,-0.09508524,1.211272,-0.08552448,1.218005,0.005298951,-0.1808958,-0.1763762,-0.9675433,330.7247,0.0209689,-0.715837,-0.6979523,False,False,False,False
1772879683675,9.290041,0.1814598,1.176391,0.07354373,1.192574,0.01665686,-0.7577019,0.3018698,0.5783468,109.3313,0.02041805,-0.9287941,0.3700332,-0.1016235,0.6376834,-0.06099047,0.6486041,0.5262773,0.2484201,-0.758029,0.2944686,145.7487,0.5506945,0.2599458,-0.7931986,0.1429621,1.127382,0.1940164,1.152853,0.1568155,1.140419,0.2030607,1.168923,0.1747231,1.143627,0.1875412,1.171999,-0.01205817,0.6471227,0.02902674,0.6478856,-0.003935922,0.645758,0.07430404,0.6500307,-0.02171724,0.6362756,0.1042853,0.6451308,0.1036443,-0.07842565,0.03879325,0.1356379,0.1113068,-0.07692168,0.01923034,0.13666,0.09267014,-0.07420458,0.00449536,0.1188035,-0.1111567,0.05076474,-0.03579511,0.1273348,-0.1558682,0.0544553,-0.02554203,0.1670709,-0.1775739,0.04653629,0.002226971,0.183584,0.09958398,-0.080952,0.04398007,0.135663,0.1268151,-0.07488379,0.01913414,0.1485118,0.1130509,-0.07692335,0.002206413,0.1367574,-0.1113881,0.04945624,-0.03699183,0.1273641,-0.156741,0.05366409,-0.02559221,0.1676381,-0.177969,0.04596948,0.002004881,0.183821,0.1081374,-0.07875808,0.02791625,0.1366596,-0.09026717,0.9827217,0.0319564,0.1583939,161.7726,-0.09142127,0.9952862,0.03236497,-0.1410817,0.04835728,-0.0206507,0.150562,0.1286665,-0.4806291,-0.1801888,0.8485121,63.8996,0.243145,-0.9082593,-0.3405082,0.1698551,1.110591,0.2052527,1.142099,0.5750819,-0.4639742,0.1125796,-0.6643302,263.2619,0.7694029,-0.6207517,0.1506204,0.09918578,-0.1071061,0.02192056,0.1476145,0.2939588,-0.9415293,-0.1644897,0.007352286,179.1575,0.2939667,-0.9415548,-0.1644942,-0.4127315,-0.1580999,-0.4156281,0.6067039,0.8394421,0.5289532,-0.08482049,-0.09138529,190.4866,0.8429692,0.5311757,-0.08517689,-0.06985506,-0.01059055,0.0947473,0.1181903,-0.540899,0.6566288,-0.3324443,0.4071213,131.9517,-0.5921988,0.7189047,-0.3639739,-0.0952025,1.211316,-0.08596512,1.218088,0.005543689,-0.1810302,-0.1766616,-0.9674647,330.6891,0.0219113,-0.7155178,-0.6982507,False,False,False,False
1772879683690,9.303905,0.1814598,1.176391,0.07354373,1.192574,0.01665686,-0.7577019,0.3018698,0.5783468,109.3313,0.02041805,-0.9287941,0.3700332,-0.1016235,0.6376834,-0.06099047,0.6486041,0.5262773,0.2484201,-0.758029,0.2944686,145.7487,0.5506945,0.2599458,-0.7931986,0.1429621,1.127382,0.1940164,1.152853,0.1568155,1.140419,0.2030607,1.168923,0.1747231,1.143627,0.1875412,1.171999,-0.01205817,0.6471227,0.02902674,0.6478856,-0.003935922,0.645758,0.07430404,0.6500307,-0.02171724,0.6362756,0.1042853,0.6451308,0.1036443,-0.07842565,0.03879325,0.1356379,0.1113068,-0.07692168,0.01923034,0.13666,0.09267014,-0.07420458,0.00449536,0.1188035,-0.1111567,0.05076474,-0.03579511,0.1273348,-0.1558682,0.0544553,-0.02554203,0.1670709,-0.1775739,0.04653629,0.002226971,0.183584,0.09958398,-0.080952,0.04398007,0.135663,0.1268151,-0.07488379,0.01913414,0.1485118,0.1130509,-0.07692335,0.002206413,0.1367574,-0.1113881,0.04945624,-0.03699183,0.1273641,-0.156741,0.05366409,-0.02559221,0.1676381,-0.177969,0.04596948,0.002004881,0.183821,0.1081374,-0.07875808,0.02791625,0.1366596,-0.09026717,0.9827217,0.0319564,0.1583939,161.7726,-0.09142127,0.9952862,0.03236497,-0.1410817,0.04835728,-0.0206507,0.150562,0.1286665,-0.4806291,-0.1801888,0.8485121,63.8996,0.243145,-0.9082593,-0.3405082,0.1698551,1.110591,0.2052527,1.142099,0.5750819,-0.4639742,0.1125796,-0.6643302,263.2619,0.7694029,-0.6207517,0.1506204,0.09918578,-0.1071061,0.02192056,0.1476145,0.2939588,-0.9415293,-0.1644897,0.007352286,179.1575,0.2939667,-0.9415548,-0.1644942,-0.4127315,-0.1580999,-0.4156281,0.6067039,0.8394421,0.5289532,-0.08482049,-0.09138529,190.4866,0.8429692,0.5311757,-0.08517689,-0.06985506,-0.01059055,0.0947473,0.1181903,-0.540899,0.6566288,-0.3324443,0.4071213,131.9517,-0.5921988,0.7189047,-0.3639739,-0.09519657,1.211458,-0.08618124,1.218244,0.005765224,-0.1808767,-0.1770374,-0.9674234,330.6704,0.02277271,-0.7144654,-0.6993002,False,False,False,False
1772879683703,9.318474,0.1814598,1.176391,0.07354373,1.192574,0.01665686,-0.7577019,0.3018698,0.5783468,109.3313,0.02041805,-0.9287941,0.3700332,-0.1016235,0.6376834,-0.06099047,0.6486041,0.5262773,0.2484201,-0.758029,0.2944686,145.7487,0.5506945,0.2599458,-0.7931986,0.1429621,1.127382,0.1940164,1.152853,0.1568155,1.140419,0.2030607,1.168923,0.1747231,1.143627,0.1875412,1.171999,-0.01205817,0.6471227,0.02902674,0.6478856,-0.003935922,0.645758,0.07430404,0.6500307,-0.02171724,0.6362756,0.1042853,0.6451308,0.1036443,-0.07842565,0.03879325,0.1356379,0.1113068,-0.07692168,0.01923034,0.13666,0.09267014,-0.07420458,0.00449536,0.1188035,-0.1111567,0.05076474,-0.03579511,0.1273348,-0.1558682,0.0544553,-0.02554203,0.1670709,-0.1775739,0.04653629,0.002226971,0.183584,0.09958398,-0.080952,0.04398007,0.135663,0.1268151,-0.07488379,0.01913414,0.1485118,0.1130509,-0.07692335,0.002206413,0.1367574,-0.1113881,0.04945624,-0.03699183,0.1273641,-0.156741,0.05366409,-0.02559221,0.1676381,-0.177969,0.04596948,0.002004881,0.183821,0.1081374,-0.07875808,0.02791625,0.1366596,-0.09026717,0.9827217,0.0319564,0.1583939,161.7726,-0.09142127,0.9952862,0.03236497,-0.1410817,0.04835728,-0.0206507,0.150562,0.1286665,-0.4806291,-0.1801888,0.8485121,63.8996,0.243145,-0.9082593,-0.3405082,0.1698551,1.110591,0.2052527,1.142099,0.5750819,-0.4639742,0.1125796,-0.6643302,263.2619,0.7694029,-0.6207517,0.1506204,0.09918578,-0.1071061,0.02192056,0.1476145,0.2939588,-0.9415293,-0.1644897,0.007352286,179.1575,0.2939667,-0.9415548,-0.1644942,-0.4127315,-0.1580999,-0.4156281,0.6067039,0.8394421,0.5289532,-0.08482049,-0.09138529,190.4866,0.8429692,0.5311757,-0.08517689,-0.06985506,-0.01059055,0.0947473,0.1181903,-0.540899,0.6566288,-0.3324443,0.4071213,131.9517,-0.5921988,0.7189047,-0.3639739,-0.09525783,1.211649,-0.08651946,1.218463,0.006396617,-0.1806225,-0.1773914,-0.9674022,330.6608,0.02525861,-0.713232,-0.7004735,False,False,False,False
1772879683718,9.331996,0.1814598,1.176391,0.07354373,1.192574,0.01665686,-0.7577019,0.3018698,0.5783468,109.3313,0.02041805,-0.9287941,0.3700332,-0.1016235,0.6376834,-0.06099047,0.6486041,0.5262773,0.2484201,-0.758029,0.2944686,145.7487,0.5506945,0.2599458,-0.7931986,0.1429621,1.127382,0.1940164,1.152853,0.1568155,1.140419,0.2030607,1.168923,0.1747231,1.143627,0.1875412,1.171999,-0.01205817,0.6471227,0.02902674,0.6478856,-0.003935922,0.645758,0.07430404,0.6500307,-0.02171724,0.6362756,0.1042853,0.6451308,0.1036443,-0.07842565,0.03879325,0.1356379,0.1113068,-0.07692168,0.01923034,0.13666,0.09267014,-0.07420458,0.00449536,0.1188035,-0.1111567,0.05076474,-0.03579511,0.1273348,-0.1558682,0.0544553,-0.02554203,0.1670709,-0.1775739,0.04653629,0.002226971,0.183584,0.09958398,-0.080952,0.04398007,0.135663,0.1268151,-0.07488379,0.01913414,0.1485118,0.1130509,-0.07692335,0.002206413,0.1367574,-0.1113881,0.04945624,-0.03699183,0.1273641,-0.156741,0.05366409,-0.02559221,0.1676381,-0.177969,0.04596948,0.002004881,0.183821,0.1081374,-0.07875808,0.02791625,0.1366596,-0.09026717,0.9827217,0.0319564,0.1583939,161.7726,-0.09142127,0.9952862,0.03236497,-0.1410817,0.04835728,-0.0206507,0.150562,0.1286665,-0.4806291,-0.1801888,0.8485121,63.8996,0.243145,-0.9082593,-0.3405082,0.1698551,1.110591,0.2052527,1.142099,0.5750819,-0.4639742,0.1125796,-0.6643302,263.2619,0.7694029,-0.6207517,0.1506204,0.09918578,-0.1071061,0.02192056,0.1476145,0.2939588,-0.9415293,-0.1644897,0.007352286,179.1575,0.2939667,-0.9415548,-0.1644942,-0.4127315,-0.1580999,-0.4156281,0.6067039,0.8394421,0.5289532,-0.08482049,-0.09138529,190.4866,0.8429692,0.5311757,-0.08517689,-0.06985506,-0.01059055,0.0947473,0.1181903,-0.540899,0.6566288,-0.3324443,0.4071213,131.9517,-0.5921988,0.7189047,-0.3639739,-0.09534238,1.211911,-0.08684211,1.218754,0.007493741,-0.180074,-0.1777373,-0.967433,330.6747,0.02960466,-0.7113976,-0.7021662,False,False,False,False
1772879683731,9.346416,0.1814598,1.176391,0.07354373,1.192574,0.01665686,-0.7577019,0.3018698,0.5783468,109.3313,0.02041805,-0.9287941,0.3700332,-0.1016235,0.6376834,-0.06099047,0.6486041,0.5262773,0.2484201,-0.758029,0.2944686,145.7487,0.5506945,0.2599458,-0.7931986,0.1429621,1.127382,0.1940164,1.152853,0.1568155,1.140419,0.2030607,1.168923,0.1747231,1.143627,0.1875412,1.171999,-0.01205817,0.6471227,0.02902674,0.6478856,-0.003935922,0.645758,0.07430404,0.6500307,-0.02171724,0.6362756,0.1042853,0.6451308,0.1036443,-0.07842565,0.03879325,0.1356379,0.1113068,-0.07692168,0.01923034,0.13666,0.09267014,-0.07420458,0.00449536,0.1188035,-0.1111567,0.05076474,-0.03579511,0.1273348,-0.1558682,0.0544553,-0.02554203,0.1670709,-0.1775739,0.04653629,0.002226971,0.183584,0.09958398,-0.080952,0.04398007,0.135663,0.1268151,-0.07488379,0.01913414,0.1485118,0.1130509,-0.07692335,0.002206413,0.1367574,-0.1113881,0.04945624,-0.03699183,0.1273641,-0.156741,0.05366409,-0.02559221,0.1676381,-0.177969,0.04596948,0.002004881,0.183821,0.1081374,-0.07875808,0.02791625,0.1366596,-0.09026717,0.9827217,0.0319564,0.1583939,161.7726,-0.09142127,0.9952862,0.03236497,-0.1410817,0.04835728,-0.0206507,0.150562,0.1286665,-0.4806291,-0.1801888,0.8485121,63.8996,0.243145,-0.9082593,-0.3405082,0.1698551,1.110591,0.2052527,1.142099,0.5750819,-0.4639742,0.1125796,-0.6643302,263.2619,0.7694029,-0.6207517,0.1506204,0.09918578,-0.1071061,0.02192056,0.1476145,0.2939588,-0.9415293,-0.1644897,0.007352286,179.1575,0.2939667,-0.9415548,-0.1644942,-0.4127315,-0.1580999,-0.4156281,0.6067039,0.8394421,0.5289532,-0.08482049,-0.09138529,190.4866,0.8429692,0.5311757,-0.08517689,-0.06985506,-0.01059055,0.0947473,0.1181903,-0.540899,0.6566288,-0.3324443,0.4071213,131.9517,-0.5921988,0.7189047,-0.3639739,-0.09556938,1.212068,-0.08716581,1.21895,0.008673013,-0.1795138,-0.1779568,-0.967487,330.6992,0.03429142,-0.7097626,-0.7036069,False,False,False,False
1772879683745,9.359756,0.1814598,1.176391,0.07354373,1.192574,0.01665686,-0.7577019,0.3018698,0.5783468,109.3313,0.02041805,-0.9287941,0.3700332,-0.1016235,0.6376834,-0.06099047,0.6486041,0.5262773,0.2484201,-0.758029,0.2944686,145.7487,0.5506945,0.2599458,-0.7931986,0.1429621,1.127382,0.1940164,1.152853,0.1568155,1.140419,0.2030607,1.168923,0.1747231,1.143627,0.1875412,1.171999,-0.01205817,0.6471227,0.02902674,0.6478856,-0.003935922,0.645758,0.07430404,0.6500307,-0.02171724,0.6362756,0.1042853,0.6451308,0.1036443,-0.07842565,0.03879325,0.1356379,0.1113068,-0.07692168,0.01923034,0.13666,0.09267014,-0.07420458,0.00449536,0.1188035,-0.1111567,0.05076474,-0.03579511,0.1273348,-0.1558682,0.0544553,-0.02554203,0.1670709,-0.1775739,0.04653629,0.002226971,0.183584,0.09958398,-0.080952,0.04398007,0.135663,0.1268151,-0.07488379,0.01913414,0.1485118,0.1130509,-0.07692335,0.002206413,0.1367574,-0.1113881,0.04945624,-0.03699183,0.1273641,-0.156741,0.05366409,-0.02559221,0.1676381,-0.177969,0.04596948,0.002004881,0.183821,0.1081374,-0.07875808,0.02791625,0.1366596,-0.09026717,0.9827217,0.0319564,0.1583939,161.7726,-0.09142127,0.9952862,0.03236497,-0.1410817,0.04835728,-0.0206507,0.150562,0.1286665,-0.4806291,-0.1801888,0.8485121,63.8996,0.243145,-0.9082593,-0.3405082,0.1698551,1.110591,0.2052527,1.142099,0.5750819,-0.4639742,0.1125796,-0.6643302,263.2619,0.7694029,-0.6207517,0.1506204,0.09918578,-0.1071061,0.02192056,0.1476145,0.2939588,-0.9415293,-0.1644897,0.007352286,179.1575,0.2939667,-0.9415548,-0.1644942,-0.4127315,-0.1580999,-0.4156281,0.6067039,0.8394421,0.5289532,-0.08482049,-0.09138529,190.4866,0.8429692,0.5311757,-0.08517689,-0.06985506,-0.01059055,0.0947473,0.1181903,-0.540899,0.6566288,-0.3324443,0.4071213,131.9517,-0.5921988,0.7189047,-0.3639739,-0.09565961,1.212151,-0.08754908,1.219068,0.009510421,-0.1787565,-0.1780109,-0.9676093,330.7546,0.03767216,-0.7080806,-0.7051272,False,False,False,False
1772879683760,9.373617,0.1814598,1.176391,0.07354373,1.192574,0.01665686,-0.7577019,0.3018698,0.5783468,109.3313,0.02041805,-0.9287941,0.3700332,-0.1016235,0.6376834,-0.06099047,0.6486041,0.5262773,0.2484201,-0.758029,0.2944686,145.7487,0.5506945,0.2599458,-0.7931986,0.1429621,1.127382,0.1940164,1.152853,0.1568155,1.140419,0.2030607,1.168923,0.1747231,1.143627,0.1875412,1.171999,-0.01205817,0.6471227,0.02902674,0.6478856,-0.003935922,0.645758,0.07430404,0.6500307,-0.02171724,0.6362756,0.1042853,0.6451308,0.1036443,-0.07842565,0.03879325,0.1356379,0.1113068,-0.07692168,0.01923034,0.13666,0.09267014,-0.07420458,0.00449536,0.1188035,-0.1111567,0.05076474,-0.03579511,0.1273348,-0.1558682,0.0544553,-0.02554203,0.1670709,-0.1775739,0.04653629,0.002226971,0.183584,0.09958398,-0.080952,0.04398007,0.135663,0.1268151,-0.07488379,0.01913414,0.1485118,0.1130509,-0.07692335,0.002206413,0.1367574,-0.1113881,0.04945624,-0.03699183,0.1273641,-0.156741,0.05366409,-0.02559221,0.1676381,-0.177969,0.04596948,0.002004881,0.183821,0.1081374,-0.07875808,0.02791625,0.1366596,-0.09026717,0.9827217,0.0319564,0.1583939,161.7726,-0.09142127,0.9952862,0.03236497,-0.1410817,0.04835728,-0.0206507,0.150562,0.1286665,-0.4806291,-0.1801888,0.8485121,63.8996,0.243145,-0.9082593,-0.3405082,0.1698551,1.110591,0.2052527,1.142099,0.5750819,-0.4639742,0.1125796,-0.6643302,263.2619,0.7694029,-0.6207517,0.1506204,0.09918578,-0.1071061,0.02192056,0.1476145,0.2939588,-0.9415293,-0.1644897,0.007352286,179.1575,0.2939667,-0.9415548,-0.1644942,-0.4127315,-0.1580999,-0.4156281,0.6067039,0.8394421,0.5289532,-0.08482049,-0.09138529,190.4866,0.8429692,0.5311757,-0.08517689,-0.06985506,-0.01059055,0.0947473,0.1181903,-0.540899,0.6566288,-0.3324443,0.4071213,131.9517,-0.5921988,0.7189047,-0.3639739,-0.09577839,1.212314,-0.08792894,1.219266,0.01006581,-0.1782122,-0.177943,-0.9677166,330.8033,0.0399372,-0.7070765,-0.7060085,False,False,False,False
1772879683773,9.388378,0.1814598,1.176391,0.07354373,1.192574,0.01665686,-0.7577019,0.3018698,0.5783468,109.3313,0.02041805,-0.9287941,0.3700332,-0.1016235,0.6376834,-0.06099047,0.6486041,0.5262773,0.2484201,-0.758029,0.2944686,145.7487,0.5506945,0.2599458,-0.7931986,0.1429621,1.127382,0.1940164,1.152853,0.1568155,1.140419,0.2030607,1.168923,0.1747231,1.143627,0.1875412,1.171999,-0.01205817,0.6471227,0.02902674,0.6478856,-0.003935922,0.645758,0.07430404,0.6500307,-0.02171724,0.6362756,0.1042853,0.6451308,0.1036443,-0.07842565,0.03879325,0.1356379,0.1113068,-0.07692168,0.01923034,0.13666,0.09267014,-0.07420458,0.00449536,0.1188035,-0.1111567,0.05076474,-0.03579511,0.1273348,-0.1558682,0.0544553,-0.02554203,0.1670709,-0.1775739,0.04653629,0.002226971,0.183584,0.09958398,-0.080952,0.04398007,0.135663,0.1268151,-0.07488379,0.01913414,0.1485118,0.1130509,-0.07692335,0.002206413,0.1367574,-0.1113881,0.04945624,-0.03699183,0.1273641,-0.156741,0.05366409,-0.02559221,0.1676381,-0.177969,0.04596948,0.002004881,0.183821,0.1081374,-0.07875808,0.02791625,0.1366596,-0.09026717,0.9827217,0.0319564,0.1583939,161.7726,-0.09142127,0.9952862,0.03236497,-0.1410817,0.04835728,-0.0206507,0.150562,0.1286665,-0.4806291,-0.1801888,0.8485121,63.8996,0.243145,-0.9082593,-0.3405082,0.1698551,1.110591,0.2052527,1.142099,0.5750819,-0.4639742,0.1125796,-0.6643302,263.2619,0.7694029,-0.6207517,0.1506204,0.09918578,-0.1071061,0.02192056,0.1476145,0.2939588,-0.9415293,-0.1644897,0.007352286,179.1575,0.2939667,-0.9415548,-0.1644942,-0.4127315,-0.1580999,-0.4156281,0.6067039,0.8394421,0.5289532,-0.08482049,-0.09138529,190.4866,0.8429692,0.5311757,-0.08517689,-0.06985506,-0.01059055,0.0947473,0.1181903,-0.540899,0.6566288,-0.3324443,0.4071213,131.9517,-0.5921988,0.7189047,-0.3639739,-0.09585883,1.212607,-0.08829128,1.21959,0.01082736,-0.1774967,-0.177607,-0.9679016,330.8876,0.04308033,-0.7062314,-0.70667,False,False,False,False
1772879683787,9.401623,0.1814598,1.176391,0.07354373,1.192574,0.01665686,-0.7577019,0.3018698,0.5783468,109.3313,0.02041805,-0.9287941,0.3700332,-0.1016235,0.6376834,-0.06099047,0.6486041,0.5262773,0.2484201,-0.758029,0.2944686,145.7487,0.5506945,0.2599458,-0.7931986,0.1429621,1.127382,0.1940164,1.152853,0.1568155,1.140419,0.2030607,1.168923,0.1747231,1.143627,0.1875412,1.171999,-0.01205817,0.6471227,0.02902674,0.6478856,-0.003935922,0.645758,0.07430404,0.6500307,-0.02171724,0.6362756,0.1042853,0.6451308,0.1036443,-0.07842565,0.03879325,0.1356379,0.1113068,-0.07692168,0.01923034,0.13666,0.09267014,-0.07420458,0.00449536,0.1188035,-0.1111567,0.05076474,-0.03579511,0.1273348,-0.1558682,0.0544553,-0.02554203,0.1670709,-0.1775739,0.04653629,0.002226971,0.183584,0.09958398,-0.080952,0.04398007,0.135663,0.1268151,-0.07488379,0.01913414,0.1485118,0.1130509,-0.07692335,0.002206413,0.1367574,-0.1113881,0.04945624,-0.03699183,0.1273641,-0.156741,0.05366409,-0.02559221,0.1676381,-0.177969,0.04596948,0.002004881,0.183821,0.1081374,-0.07875808,0.02791625,0.1366596,-0.09026717,0.9827217,0.0319564,0.1583939,161.7726,-0.09142127,0.9952862,0.03236497,-0.1410817,0.04835728,-0.0206507,0.150562,0.1286665,-0.4806291,-0.1801888,0.8485121,63.8996,0.243145,-0.9082593,-0.3405082,0.1698551,1.110591,0.2052527,1.142099,0.5750819,-0.4639742,0.1125796,-0.6643302,263.2619,0.7694029,-0.6207517,0.1506204,0.09918578,-0.1071061,0.02192056,0.1476145,0.2939588,-0.9415293,-0.1644897,0.007352286,179.1575,0.2939667,-0.9415548,-0.1644942,-0.4127315,-0.1580999,-0.4156281,0.6067039,0.8394421,0.5289532,-0.08482049,-0.09138529,190.4866,0.8429692,0.5311757,-0.08517689,-0.06985506,-0.01059055,0.0947473,0.1181903,-0.540899,0.6566288,-0.3324443,0.4071213,131.9517,-0.5921988,0.7189047,-0.3639739,-0.0959238,1.212804,-0.08863699,1.219816,0.01217309,-0.176745,-0.1771305,-0.9681105,330.983,0.04859057,-0.7055022,-0.707041,False,False,False,False
1772879683801,9.416218,0.1814598,1.176391,0.07354373,1.192574,0.01665686,-0.7577019,0.3018698,0.5783468,109.3313,0.02041805,-0.9287941,0.3700332,-0.1016235,0.6376834,-0.06099047,0.6486041,0.5262773,0.2484201,-0.758029,0.2944686,145.7487,0.5506945,0.2599458,-0.7931986,0.1429621,1.127382,0.1940164,1.152853,0.1568155,1.140419,0.2030607,1.168923,0.1747231,1.143627,0.1875412,1.171999,-0.01205817,0.6471227,0.02902674,0.6478856,-0.003935922,0.645758,0.07430404,0.6500307,-0.02171724,0.6362756,0.1042853,0.6451308,0.1036443,-0.07842565,0.03879325,0.1356379,0.1113068,-0.07692168,0.01923034,0.13666,0.09267014,-0.07420458,0.00449536,0.1188035,-0.1111567,0.05076474,-0.03579511,0.1273348,-0.1558682,0.0544553,-0.02554203,0.1670709,-0.1775739,0.04653629,0.002226971,0.183584,0.09958398,-0.080952,0.04398007,0.135663,0.1268151,-0.07488379,0.01913414,0.1485118,0.1130509,-0.07692335,0.002206413,0.1367574,-0.1113881,0.04945624,-0.03699183,0.1273641,-0.156741,0.05366409,-0.02559221,0.1676381,-0.177969,0.04596948,0.002004881,0.183821,0.1081374,-0.07875808,0.02791625,0.1366596,-0.09026717,0.9827217,0.0319564,0.1583939,161.7726,-0.09142127,0.9952862,0.03236497,-0.1410817,0.04835728,-0.0206507,0.150562,0.1286665,-0.4806291,-0.1801888,0.8485121,63.8996,0.243145,-0.9082593,-0.3405082,0.1698551,1.110591,0.2052527,1.142099,0.5750819,-0.4639742,0.1125796,-0.6643302,263.2619,0.7694029,-0.6207517,0.1506204,0.09918578,-0.1071061,0.02192056,0.1476145,0.2939588,-0.9415293,-0.1644897,0.007352286,179.1575,0.2939667,-0.9415548,-0.1644942,-0.4127315,-0.1580999,-0.4156281,0.6067039,0.8394421,0.5289532,-0.08482049,-0.09138529,190.4866,0.8429692,0.5311757,-0.08517689,-0.06985506,-0.01059055,0.0947473,0.1181903,-0.540899,0.6566288,-0.3324443,0.4071213,131.9517,-0.5921988,0.7189047,-0.3639739,-0.09597748,1.213029,-0.08889301,1.220062,0.01327469,-0.1758616,-0.1772129,-0.9682418,331.0431,0.05309537,-0.7034018,-0.7088066,False,False,False,False
1772879683815,9.429562,0.1814598,1.176391,0.07354373,1.192574,0.01665686,-0.7577019,0.3018698,0.5783468,109.3313,0.02041805,-0.9287941,0.3700332,-0.1016235,0.6376834,-0.06099047,0.6486041,0.5262773,0.2484201,-0.758029,0.2944686,145.7487,0.5506945,0.2599458,-0.7931986,0.1429621,1.127382,0.1940164,1.152853,0.1568155,1.140419,0.2030607,1.168923,0.1747231,1.143627,0.1875412,1.171999,-0.01205817,0.6471227,0.02902674,0.6478856,-0.003935922,0.645758,0.07430404,0.6500307,-0.02171724,0.6362756,0.1042853,0.6451308,0.1036443,-0.07842565,0.03879325,0.1356379,0.1113068,-0.07692168,0.01923034,0.13666,0.09267014,-0.07420458,0.00449536,0.1188035,-0.1111567,0.05076474,-0.03579511,0.1273348,-0.1558682,0.0544553,-0.02554203,0.1670709,-0.1775739,0.04653629,0.002226971,0.183584,0.09958398,-0.080952,0.04398007,0.135663,0.1268151,-0.07488379,0.01913414,0.1485118,0.1130509,-0.07692335,0.002206413,0.1367574,-0.1113881,0.04945624,-0.03699183,0.1273641,-0.156741,0.05366409,-0.02559221,0.1676381,-0.177969,0.04596948,0.002004881,0.183821,0.1081374,-0.07875808,0.02791625,0.1366596,-0.09026717,0.9827217,0.0319564,0.1583939,161.7726,-0.09142127,0.9952862,0.03236497,-0.1410817,0.04835728,-0.0206507,0.150562,0.1286665,-0.4806291,-0.1801888,0.8485121,63.8996,0.243145,-0.9082593,-0.3405082,0.1698551,1.110591,0.2052527,1.142099,0.5750819,-0.4639742,0.1125796,-0.6643302,263.2619,0.7694029,-0.6207517,0.1506204,0.09918578,-0.1071061,0.02192056,0.1476145,0.2939588,-0.9415293,-0.1644897,0.007352286,179.1575,0.2939667,-0.9415548,-0.1644942,-0.4127315,-0.1580999,-0.4156281,0.6067039,0.8394421,0.5289532,-0.08482049,-0.09138529,190.4866,0.8429692,0.5311757,-0.08517689,-0.06985506,-0.01059055,0.0947473,0.1181903,-0.540899,0.6566288,-0.3324443,0.4071213,131.9517,-0.5921988,0.7189047,-0.3639739,-0.0959746,1.213209,-0.08925534,1.220268,0.0144056,-0.1748232,-0.1772563,-0.9684057,331.1183,0.05776562,-0.7010311,-0.7107874,False,False,False,False
1772879683829,9.443991,0.1814598,1.176391,0.07354373,1.192574,0.01665686,-0.7577019,0.3018698,0.5783468,109.3313,0.02041805,-0.9287941,0.3700332,-0.1016235,0.6376834,-0.06099047,0.6486041,0.5262773,0.2484201,-0.758029,0.2944686,145.7487,0.5506945,0.2599458,-0.7931986,0.1429621,1.127382,0.1940164,1.152853,0.1568155,1.140419,0.2030607,1.168923,0.1747231,1.143627,0.1875412,1.171999,-0.01205817,0.6471227,0.02902674,0.6478856,-0.003935922,0.645758,0.07430404,0.6500307,-0.02171724,0.6362756,0.1042853,0.6451308,0.1036443,-0.07842565,0.03879325,0.1356379,0.1113068,-0.07692168,0.01923034,0.13666,0.09267014,-0.07420458,0.00449536,0.1188035,-0.1111567,0.05076474,-0.03579511,0.1273348,-0.1558682,0.0544553,-0.02554203,0.1670709,-0.1775739,0.04653629,0.002226971,0.183584,0.09958398,-0.080952,0.04398007,0.135663,0.1268151,-0.07488379,0.01913414,0.1485118,0.1130509,-0.07692335,0.002206413,0.1367574,-0.1113881,0.04945624,-0.03699183,0.1273641,-0.156741,0.05366409,-0.02559221,0.1676381,-0.177969,0.04596948,0.002004881,0.183821,0.1081374,-0.07875808,0.02791625,0.1366596,-0.09026717,0.9827217,0.0319564,0.1583939,161.7726,-0.09142127,0.9952862,0.03236497,-0.1410817,0.04835728,-0.0206507,0.150562,0.1286665,-0.4806291,-0.1801888,0.8485121,63.8996,0.243145,-0.9082593,-0.3405082,0.1698551,1.110591,0.2052527,1.142099,0.5750819,-0.4639742,0.1125796,-0.6643302,263.2619,0.7694029,-0.6207517,0.1506204,0.09918578,-0.1071061,0.02192056,0.1476145,0.2939588,-0.9415293,-0.1644897,0.007352286,179.1575,0.2939667,-0.9415548,-0.1644942,-0.4127315,-0.1580999,-0.4156281,0.6067039,0.8394421,0.5289532,-0.08482049,-0.09138529,190.4866,0.8429692,0.5311757,-0.08517689,-0.06985506,-0.01059055,0.0947473,0.1181903,-0.540899,0.6566288,-0.3324443,0.4071213,131.9517,-0.5921988,0.7189047,-0.3639739,-0.09595764,1.213395,-0.08954544,1.220473,0.01551177,-0.1740386,-0.1767741,-0.968618,331.2161,0.06240805,-0.7002045,-0.7112103,False,False,False,False
1772879683842,9.45818,0.1814598,1.176391,0.07354373,1.192574,0.01665686,-0.7577019,0.3018698,0.5783468,109.3313,0.02041805,-0.9287941,0.3700332,-0.1016235,0.6376834,-0.06099047,0.6486041,0.5262773,0.2484201,-0.758029,0.2944686,145.7487,0.5506945,0.2599458,-0.7931986,0.1429621,1.127382,0.1940164,1.152853,0.1568155,1.140419,0.2030607,1.168923,0.1747231,1.143627,0.1875412,1.171999,-0.01205817,0.6471227,0.02902674,0.6478856,-0.003935922,0.645758,0.07430404,0.6500307,-0.02171724,0.6362756,0.1042853,0.6451308,0.1036443,-0.07842565,0.03879325,0.1356379,0.1113068,-0.07692168,0.01923034,0.13666,0.09267014,-0.07420458,0.00449536,0.1188035,-0.1111567,0.05076474,-0.03579511,0.1273348,-0.1558682,0.0544553,-0.02554203,0.1670709,-0.1775739,0.04653629,0.002226971,0.183584,0.09958398,-0.080952,0.04398007,0.135663,0.1268151,-0.07488379,0.01913414,0.1485118,0.1130509,-0.07692335,0.002206413,0.1367574,-0.1113881,0.04945624,-0.03699183,0.1273641,-0.156741,0.05366409,-0.02559221,0.1676381,-0.177969,0.04596948,0.002004881,0.183821,0.1081374,-0.07875808,0.02791625,0.1366596,-0.09026717,0.9827217,0.0319564,0.1583939,161.7726,-0.09142127,0.9952862,0.03236497,-0.1410817,0.04835728,-0.0206507,0.150562,0.1286665,-0.4806291,-0.1801888,0.8485121,63.8996,0.243145,-0.9082593,-0.3405082,0.1698551,1.110591,0.2052527,1.142099,0.5750819,-0.4639742,0.1125796,-0.6643302,263.2619,0.7694029,-0.6207517,0.1506204,0.09918578,-0.1071061,0.02192056,0.1476145,0.2939588,-0.9415293,-0.1644897,0.007352286,179.1575,0.2939667,-0.9415548,-0.1644942,-0.4127315,-0.1580999,-0.4156281,0.6067039,0.8394421,0.5289532,-0.08482049,-0.09138529,190.4866,0.8429692,0.5311757,-0.08517689,-0.06985506,-0.01059055,0.0947473,0.1181903,-0.540899,0.6566288,-0.3324443,0.4071213,131.9517,-0.5921988,0.7189047,-0.3639739,-0.09599586,1.213573,-0.089806,1.220671,0.01667625,-0.1732575,-0.1762645,-0.9688315,331.3147,0.06731882,-0.6994075,-0.711546,False,False,False,False
1772879683856,9.471175,0.1814598,1.176391,0.07354373,1.192574,0.01665686,-0.7577019,0.3018698,0.5783468,109.3313,0.02041805,-0.9287941,0.3700332,-0.1016235,0.6376834,-0.06099047,0.6486041,0.5262773,0.2484201,-0.758029,0.2944686,145.7487,0.5506945,0.2599458,-0.7931986,0.1429621,1.127382,0.1940164,1.152853,0.1568155,1.140419,0.2030607,1.168923,0.1747231,1.143627,0.1875412,1.171999,-0.01205817,0.6471227,0.02902674,0.6478856,-0.003935922,0.645758,0.07430404,0.6500307,-0.02171724,0.6362756,0.1042853,0.6451308,0.1036443,-0.07842565,0.03879325,0.1356379,0.1113068,-0.07692168,0.01923034,0.13666,0.09267014,-0.07420458,0.00449536,0.1188035,-0.1111567,0.05076474,-0.03579511,0.1273348,-0.1558682,0.0544553,-0.02554203,0.1670709,-0.1775739,0.04653629,0.002226971,0.183584,0.09958398,-0.080952,0.04398007,0.135663,0.1268151,-0.07488379,0.01913414,0.1485118,0.1130509,-0.07692335,0.002206413,0.1367574,-0.1113881,0.04945624,-0.03699183,0.1273641,-0.156741,0.05366409,-0.02559221,0.1676381,-0.177969,0.04596948,0.002004881,0.183821,0.1081374,-0.07875808,0.02791625,0.1366596,-0.09026717,0.9827217,0.0319564,0.1583939,161.7726,-0.09142127,0.9952862,0.03236497,-0.1410817,0.04835728,-0.0206507,0.150562,0.1286665,-0.4806291,-0.1801888,0.8485121,63.8996,0.243145,-0.9082593,-0.3405082,0.1698551,1.110591,0.2052527,1.142099,0.5750819,-0.4639742,0.1125796,-0.6643302,263.2619,0.7694029,-0.6207517,0.1506204,0.09918578,-0.1071061,0.02192056,0.1476145,0.2939588,-0.9415293,-0.1644897,0.007352286,179.1575,0.2939667,-0.9415548,-0.1644942,-0.4127315,-0.1580999,-0.4156281,0.6067039,0.8394421,0.5289532,-0.08482049,-0.09138529,190.4866,0.8429692,0.5311757,-0.08517689,-0.06985506,-0.01059055,0.0947473,0.1181903,-0.540899,0.6566288,-0.3324443,0.4071213,131.9517,-0.5921988,0.7189047,-0.3639739,-0.09603654,1.213883,-0.08994016,1.220993,0.01764057,-0.1724065,-0.1757278,-0.9690638,331.4223,0.07147416,-0.6985381,-0.7119948,False,False,False,False
1772879683871,9.485534,0.1814598,1.176391,0.07354373,1.192574,0.01665686,-0.7577019,0.3018698,0.5783468,109.3313,0.02041805,-0.9287941,0.3700332,-0.1016235,0.6376834,-0.06099047,0.6486041,0.5262773,0.2484201,-0.758029,0.2944686,145.7487,0.5506945,0.2599458,-0.7931986,0.1429621,1.127382,0.1940164,1.152853,0.1568155,1.140419,0.2030607,1.168923,0.1747231,1.143627,0.1875412,1.171999,-0.01205817,0.6471227,0.02902674,0.6478856,-0.003935922,0.645758,0.07430404,0.6500307,-0.02171724,0.6362756,0.1042853,0.6451308,0.1036443,-0.07842565,0.03879325,0.1356379,0.1113068,-0.07692168,0.01923034,0.13666,0.09267014,-0.07420458,0.00449536,0.1188035,-0.1111567,0.05076474,-0.03579511,0.1273348,-0.1558682,0.0544553,-0.02554203,0.1670709,-0.1775739,0.04653629,0.002226971,0.183584,0.09958398,-0.080952,0.04398007,0.135663,0.1268151,-0.07488379,0.01913414,0.1485118,0.1130509,-0.07692335,0.002206413,0.1367574,-0.1113881,0.04945624,-0.03699183,0.1273641,-0.156741,0.05366409,-0.02559221,0.1676381,-0.177969,0.04596948,0.002004881,0.183821,0.1081374,-0.07875808,0.02791625,0.1366596,-0.09026717,0.9827217,0.0319564,0.1583939,161.7726,-0.09142127,0.9952862,0.03236497,-0.1410817,0.04835728,-0.0206507,0.150562,0.1286665,-0.4806291,-0.1801888,0.8485121,63.8996,0.243145,-0.9082593,-0.3405082,0.1698551,1.110591,0.2052527,1.142099,0.5750819,-0.4639742,0.1125796,-0.6643302,263.2619,0.7694029,-0.6207517,0.1506204,0.09918578,-0.1071061,0.02192056,0.1476145,0.2939588,-0.9415293,-0.1644897,0.007352286,179.1575,0.2939667,-0.9415548,-0.1644942,-0.4127315,-0.1580999,-0.4156281,0.6067039,0.8394421,0.5289532,-0.08482049,-0.09138529,190.4866,0.8429692,0.5311757,-0.08517689,-0.06985506,-0.01059055,0.0947473,0.1181903,-0.540899,0.6566288,-0.3324443,0.4071213,131.9517,-0.5921988,0.7189047,-0.3639739,-0.09606477,1.2141,-0.09009548,1.221222,0.01878216,-0.1713574,-0.1756026,-0.969251,331.5094,0.07632727,-0.6963653,-0.7136171,False,False,False,False
1772879683884,9.500064,0.1814598,1.176391,0.07354373,1.192574,0.01665686,-0.7577019,0.3018698,0.5783468,109.3313,0.02041805,-0.9287941,0.3700332,-0.1016235,0.6376834,-0.06099047,0.6486041,0.5262773,0.2484201,-0.758029,0.2944686,145.7487,0.5506945,0.2599458,-0.7931986,0.1429621,1.127382,0.1940164,1.152853,0.1568155,1.140419,0.2030607,1.168923,0.1747231,1.143627,0.1875412,1.171999,-0.01205817,0.6471227,0.02902674,0.6478856,-0.003935922,0.645758,0.07430404,0.6500307,-0.02171724,0.6362756,0.1042853,0.6451308,0.1036443,-0.07842565,0.03879325,0.1356379,0.1113068,-0.07692168,0.01923034,0.13666,0.09267014,-0.07420458,0.00449536,0.1188035,-0.1111567,0.05076474,-0.03579511,0.1273348,-0.1558682,0.0544553,-0.02554203,0.1670709,-0.1775739,0.04653629,0.002226971,0.183584,0.09958398,-0.080952,0.04398007,0.135663,0.1268151,-0.07488379,0.01913414,0.1485118,0.1130509,-0.07692335,0.002206413,0.1367574,-0.1113881,0.04945624,-0.03699183,0.1273641,-0.156741,0.05366409,-0.02559221,0.1676381,-0.177969,0.04596948,0.002004881,0.183821,0.1081374,-0.07875808,0.02791625,0.1366596,-0.09026717,0.9827217,0.0319564,0.1583939,161.7726,-0.09142127,0.9952862,0.03236497,-0.1410817,0.04835728,-0.0206507,0.150562,0.1286665,-0.4806291,-0.1801888,0.8485121,63.8996,0.243145,-0.9082593,-0.3405082,0.1698551,1.110591,0.2052527,1.142099,0.5750819,-0.4639742,0.1125796,-0.6643302,263.2619,0.7694029,-0.6207517,0.1506204,0.09918578,-0.1071061,0.02192056,0.1476145,0.2939588,-0.9415293,-0.1644897,0.007352286,179.1575,0.2939667,-0.9415548,-0.1644942,-0.4127315,-0.1580999,-0.4156281,0.6067039,0.8394421,0.5289532,-0.08482049,-0.09138529,190.4866,0.8429692,0.5311757,-0.08517689,-0.06985506,-0.01059055,0.0947473,0.1181903,-0.540899,0.6566288,-0.3324443,0.4071213,131.9517,-0.5921988,0.7189047,-0.3639739,-0.09611214,1.214305,-0.09022993,1.22144,0.01929525,-0.1702983,-0.1754843,-0.969449,331.6017,0.07866211,-0.6942655,-0.7154074,False,False,False,False
1772879683898,9.512728,0.1814598,1.176391,0.07354373,1.192574,0.01665686,-0.7577019,0.3018698,0.5783468,109.3313,0.02041805,-0.9287941,0.3700332,-0.1016235,0.6376834,-0.06099047,0.6486041,0.5262773,0.2484201,-0.758029,0.2944686,145.7487,0.5506945,0.2599458,-0.7931986,0.1429621,1.127382,0.1940164,1.152853,0.1568155,1.140419,0.2030607,1.168923,0.1747231,1.143627,0.1875412,1.171999,-0.01205817,0.6471227,0.02902674,0.6478856,-0.003935922,0.645758,0.07430404,0.6500307,-0.02171724,0.6362756,0.1042853,0.6451308,0.1036443,-0.07842565,0.03879325,0.1356379,0.1113068,-0.07692168,0.01923034,0.13666,0.09267014,-0.07420458,0.00449536,0.1188035,-0.1111567,0.05076474,-0.03579511,0.1273348,-0.1558682,0.0544553,-0.02554203,0.1670709,-0.1775739,0.04653629,0.002226971,0.183584,0.09958398,-0.080952,0.04398007,0.135663,0.1268151,-0.07488379,0.01913414,0.1485118,0.1130509,-0.07692335,0.002206413,0.1367574,-0.1113881,0.04945624,-0.03699183,0.1273641,-0.156741,0.05366409,-0.02559221,0.1676381,-0.177969,0.04596948,0.002004881,0.183821,0.1081374,-0.07875808,0.02791625,0.1366596,-0.09026717,0.9827217,0.0319564,0.1583939,161.7726,-0.09142127,0.9952862,0.03236497,-0.1410817,0.04835728,-0.0206507,0.150562,0.1286665,-0.4806291,-0.1801888,0.8485121,63.8996,0.243145,-0.9082593,-0.3405082,0.1698551,1.110591,0.2052527,1.142099,0.5750819,-0.4639742,0.1125796,-0.6643302,263.2619,0.7694029,-0.6207517,0.1506204,0.09918578,-0.1071061,0.02192056,0.1476145,0.2939588,-0.9415293,-0.1644897,0.007352286,179.1575,0.2939667,-0.9415548,-0.1644942,-0.4127315,-0.1580999,-0.4156281,0.6067039,0.8394421,0.5289532,-0.08482049,-0.09138529,190.4866,0.8429692,0.5311757,-0.08517689,-0.06985506,-0.01059055,0.0947473,0.1181903,-0.540899,0.6566288,-0.3324443,0.4071213,131.9517,-0.5921988,0.7189047,-0.3639739,-0.09616278,1.214418,-0.09032807,1.221563,0.01969564,-0.1696782,-0.175345,-0.9695749,331.6606,0.08045777,-0.6931447,-0.716294,False,False,False,False
1772879683912,9.52691,0.1814598,1.176391,0.07354373,1.192574,0.01665686,-0.7577019,0.3018698,0.5783468,109.3313,0.02041805,-0.9287941,0.3700332,-0.1016235,0.6376834,-0.06099047,0.6486041,0.5262773,0.2484201,-0.758029,0.2944686,145.7487,0.5506945,0.2599458,-0.7931986,0.1429621,1.127382,0.1940164,1.152853,0.1568155,1.140419,0.2030607,1.168923,0.1747231,1.143627,0.1875412,1.171999,-0.01205817,0.6471227,0.02902674,0.6478856,-0.003935922,0.645758,0.07430404,0.6500307,-0.02171724,0.6362756,0.1042853,0.6451308,0.1036443,-0.07842565,0.03879325,0.1356379,0.1113068,-0.07692168,0.01923034,0.13666,0.09267014,-0.07420458,0.00449536,0.1188035,-0.1111567,0.05076474,-0.03579511,0.1273348,-0.1558682,0.0544553,-0.02554203,0.1670709,-0.1775739,0.04653629,0.002226971,0.183584,0.09958398,-0.080952,0.04398007,0.135663,0.1268151,-0.07488379,0.01913414,0.1485118,0.1130509,-0.07692335,0.002206413,0.1367574,-0.1113881,0.04945624,-0.03699183,0.1273641,-0.156741,0.05366409,-0.02559221,0.1676381,-0.177969,0.04596948,0.002004881,0.183821,0.1081374,-0.07875808,0.02791625,0.1366596,-0.09026717,0.9827217,0.0319564,0.1583939,161.7726,-0.09142127,0.9952862,0.03236497,-0.1410817,0.04835728,-0.0206507,0.150562,0.1286665,-0.4806291,-0.1801888,0.8485121,63.8996,0.243145,-0.9082593,-0.3405082,0.1698551,1.110591,0.2052527,1.142099,0.5750819,-0.4639742,0.1125796,-0.6643302,263.2619,0.7694029,-0.6207517,0.1506204,0.09918578,-0.1071061,0.02192056,0.1476145,0.2939588,-0.9415293,-0.1644897,0.007352286,179.1575,0.2939667,-0.9415548,-0.1644942,-0.4127315,-0.1580999,-0.4156281,0.6067039,0.8394421,0.5289532,-0.08482049,-0.09138529,190.4866,0.8429692,0.5311757,-0.08517689,-0.06985506,-0.01059055,0.0947473,0.1181903,-0.540899,0.6566288,-0.3324443,0.4071213,131.9517,-0.5921988,0.7189047,-0.3639739,-0.09624743,1.214661,-0.09056205,1.22183,0.02008209,-0.1691117,-0.17538,-0.9696596,331.7003,0.0821491,-0.6917794,-0.717421,False,False,False,False
1772879683926,9.540533,0.1814598,1.176391,0.07354373,1.192574,0.01665686,-0.7577019,0.3018698,0.5783468,109.3313,0.02041805,-0.9287941,0.3700332,-0.1016235,0.6376834,-0.06099047,0.6486041,0.5262773,0.2484201,-0.758029,0.2944686,145.7487,0.5506945,0.2599458,-0.7931986,0.1429621,1.127382,0.1940164,1.152853,0.1568155,1.140419,0.2030607,1.168923,0.1747231,1.143627,0.1875412,1.171999,-0.01205817,0.6471227,0.02902674,0.6478856,-0.003935922,0.645758,0.07430404,0.6500307,-0.02171724,0.6362756,0.1042853,0.6451308,0.1036443,-0.07842565,0.03879325,0.1356379,0.1113068,-0.07692168,0.01923034,0.13666,0.09267014,-0.07420458,0.00449536,0.1188035,-0.1111567,0.05076474,-0.03579511,0.1273348,-0.1558682,0.0544553,-0.02554203,0.1670709,-0.1775739,0.04653629,0.002226971,0.183584,0.09958398,-0.080952,0.04398007,0.135663,0.1268151,-0.07488379,0.01913414,0.1485118,0.1130509,-0.07692335,0.002206413,0.1367574,-0.1113881,0.04945624,-0.03699183,0.1273641,-0.156741,0.05366409,-0.02559221,0.1676381,-0.177969,0.04596948,0.002004881,0.183821,0.1081374,-0.07875808,0.02791625,0.1366596,-0.09026717,0.9827217,0.0319564,0.1583939,161.7726,-0.09142127,0.9952862,0.03236497,-0.1410817,0.04835728,-0.0206507,0.150562,0.1286665,-0.4806291,-0.1801888,0.8485121,63.8996,0.243145,-0.9082593,-0.3405082,0.1698551,1.110591,0.2052527,1.142099,0.5750819,-0.4639742,0.1125796,-0.6643302,263.2619,0.7694029,-0.6207517,0.1506204,0.09918578,-0.1071061,0.02192056,0.1476145,0.2939588,-0.9415293,-0.1644897,0.007352286,179.1575,0.2939667,-0.9415548,-0.1644942,-0.4127315,-0.1580999,-0.4156281,0.6067039,0.8394421,0.5289532,-0.08482049,-0.09138529,190.4866,0.8429692,0.5311757,-0.08517689,-0.06985506,-0.01059055,0.0947473,0.1181903,-0.540899,0.6566288,-0.3324443,0.4071213,131.9517,-0.5921988,0.7189047,-0.3639739,-0.09620647,1.214841,-0.09064724,1.222011,0.02025992,-0.1687039,-0.1754115,-0.9697213,331.7292,0.08295963,-0.6908031,-0.7182691,False,False,False,False
1772879683940,9.554463,0.1814598,1.176391,0.07354373,1.192574,0.01665686,-0.7577019,0.3018698,0.5783468,109.3313,0.02041805,-0.9287941,0.3700332,-0.1016235,0.6376834,-0.06099047,0.6486041,0.5262773,0.2484201,-0.758029,0.2944686,145.7487,0.5506945,0.2599458,-0.7931986,0.1429621,1.127382,0.1940164,1.152853,0.1568155,1.140419,0.2030607,1.168923,0.1747231,1.143627,0.1875412,1.171999,-0.01205817,0.6471227,0.02902674,0.6478856,-0.003935922,0.645758,0.07430404,0.6500307,-0.02171724,0.6362756,0.1042853,0.6451308,0.1036443,-0.07842565,0.03879325,0.1356379,0.1113068,-0.07692168,0.01923034,0.13666,0.09267014,-0.07420458,0.00449536,0.1188035,-0.1111567,0.05076474,-0.03579511,0.1273348,-0.1558682,0.0544553,-0.02554203,0.1670709,-0.1775739,0.04653629,0.002226971,0.183584,0.09958398,-0.080952,0.04398007,0.135663,0.1268151,-0.07488379,0.01913414,0.1485118,0.1130509,-0.07692335,0.002206413,0.1367574,-0.1113881,0.04945624,-0.03699183,0.1273641,-0.156741,0.05366409,-0.02559221,0.1676381,-0.177969,0.04596948,0.002004881,0.183821,0.1081374,-0.07875808,0.02791625,0.1366596,-0.09026717,0.9827217,0.0319564,0.1583939,161.7726,-0.09142127,0.9952862,0.03236497,-0.1410817,0.04835728,-0.0206507,0.150562,0.1286665,-0.4806291,-0.1801888,0.8485121,63.8996,0.243145,-0.9082593,-0.3405082,0.1698551,1.110591,0.2052527,1.142099,0.5750819,-0.4639742,0.1125796,-0.6643302,263.2619,0.7694029,-0.6207517,0.1506204,0.09918578,-0.1071061,0.02192056,0.1476145,0.2939588,-0.9415293,-0.1644897,0.007352286,179.1575,0.2939667,-0.9415548,-0.1644942,-0.4127315,-0.1580999,-0.4156281,0.6067039,0.8394421,0.5289532,-0.08482049,-0.09138529,190.4866,0.8429692,0.5311757,-0.08517689,-0.06985506,-0.01059055,0.0947473,0.1181903,-0.540899,0.6566288,-0.3324443,0.4071213,131.9517,-0.5921988,0.7189047,-0.3639739,-0.09613287,1.21505,-0.09069168,1.222216,0.02109995,-0.1686759,-0.1749212,-0.9697968,331.7647,0.08650565,-0.691538,-0.7171426,False,False,False,False
1772879683954,9.568779,0.1814598,1.176391,0.07354373,1.192574,0.01665686,-0.7577019,0.3018698,0.5783468,109.3313,0.02041805,-0.9287941,0.3700332,-0.1016235,0.6376834,-0.06099047,0.6486041,0.5262773,0.2484201,-0.758029,0.2944686,145.7487,0.5506945,0.2599458,-0.7931986,0.1429621,1.127382,0.1940164,1.152853,0.1568155,1.140419,0.2030607,1.168923,0.1747231,1.143627,0.1875412,1.171999,-0.01205817,0.6471227,0.02902674,0.6478856,-0.003935922,0.645758,0.07430404,0.6500307,-0.02171724,0.6362756,0.1042853,0.6451308,0.1036443,-0.07842565,0.03879325,0.1356379,0.1113068,-0.07692168,0.01923034,0.13666,0.09267014,-0.07420458,0.00449536,0.1188035,-0.1111567,0.05076474,-0.03579511,0.1273348,-0.1558682,0.0544553,-0.02554203,0.1670709,-0.1775739,0.04653629,0.002226971,0.183584,0.09958398,-0.080952,0.04398007,0.135663,0.1268151,-0.07488379,0.01913414,0.1485118,0.1130509,-0.07692335,0.002206413,0.1367574,-0.1113881,0.04945624,-0.03699183,0.1273641,-0.156741,0.05366409,-0.02559221,0.1676381,-0.177969,0.04596948,0.002004881,0.183821,0.1081374,-0.07875808,0.02791625,0.1366596,-0.09026717,0.9827217,0.0319564,0.1583939,161.7726,-0.09142127,0.9952862,0.03236497,-0.1410817,0.04835728,-0.0206507,0.150562,0.1286665,-0.4806291,-0.1801888,0.8485121,63.8996,0.243145,-0.9082593,-0.3405082,0.1698551,1.110591,0.2052527,1.142099,0.5750819,-0.4639742,0.1125796,-0.6643302,263.2619,0.7694029,-0.6207517,0.1506204,0.09918578,-0.1071061,0.02192056,0.1476145,0.2939588,-0.9415293,-0.1644897,0.007352286,179.1575,0.2939667,-0.9415548,-0.1644942,-0.4127315,-0.1580999,-0.4156281,0.6067039,0.8394421,0.5289532,-0.08482049,-0.09138529,190.4866,0.8429692,0.5311757,-0.08517689,-0.06985506,-0.01059055,0.0947473,0.1181903,-0.540899,0.6566288,-0.3324443,0.4071213,131.9517,-0.5921988,0.7189047,-0.3639739,-0.09603006,1.215233,-0.09072424,1.222392,0.02166491,-0.1687824,-0.1752244,-0.9697111,331.7244,0.08869796,-0.6910094,-0.7173834,False,False,False,False
1772879683968,9.582129,0.1814598,1.176391,0.07354373,1.192574,0.01665686,-0.7577019,0.3018698,0.5783468,109.3313,0.02041805,-0.9287941,0.3700332,-0.1016235,0.6376834,-0.06099047,0.6486041,0.5262773,0.2484201,-0.758029,0.2944686,145.7487,0.5506945,0.2599458,-0.7931986,0.1429621,1.127382,0.1940164,1.152853,0.1568155,1.140419,0.2030607,1.168923,0.1747231,1.143627,0.1875412,1.171999,-0.01205817,0.6471227,0.02902674,0.6478856,-0.003935922,0.645758,0.07430404,0.6500307,-0.02171724,0.6362756,0.1042853,0.6451308,0.1036443,-0.07842565,0.03879325,0.1356379,0.1113068,-0.07692168,0.01923034,0.13666,0.09267014,-0.07420458,0.00449536,0.1188035,-0.1111567,0.05076474,-0.03579511,0.1273348,-0.1558682,0.0544553,-0.02554203,0.1670709,-0.1775739,0.04653629,0.002226971,0.183584,0.09958398,-0.080952,0.04398007,0.135663,0.1268151,-0.07488379,0.01913414,0.1485118,0.1130509,-0.07692335,0.002206413,0.1367574,-0.1113881,0.04945624,-0.03699183,0.1273641,-0.156741,0.05366409,-0.02559221,0.1676381,-0.177969,0.04596948,0.002004881,0.183821,0.1081374,-0.07875808,0.02791625,0.1366596,-0.09026717,0.9827217,0.0319564,0.1583939,161.7726,-0.09142127,0.9952862,0.03236497,-0.1410817,0.04835728,-0.0206507,0.150562,0.1286665,-0.4806291,-0.1801888,0.8485121,63.8996,0.243145,-0.9082593,-0.3405082,0.1698551,1.110591,0.2052527,1.142099,0.5750819,-0.4639742,0.1125796,-0.6643302,263.2619,0.7694029,-0.6207517,0.1506204,0.09918578,-0.1071061,0.02192056,0.1476145,0.2939588,-0.9415293,-0.1644897,0.007352286,179.1575,0.2939667,-0.9415548,-0.1644942,-0.4127315,-0.1580999,-0.4156281,0.6067039,0.8394421,0.5289532,-0.08482049,-0.09138529,190.4866,0.8429692,0.5311757,-0.08517689,-0.06985506,-0.01059055,0.0947473,0.1181903,-0.540899,0.6566288,-0.3324443,0.4071213,131.9517,-0.5921988,0.7189047,-0.3639739,-0.09589817,1.215381,-0.09073298,1.22253,0.02238553,-0.1690012,-0.175343,-0.9696352,331.6888,0.09153543,-0.6910533,-0.7169852,False,False,False,False
1772879683981,9.596654,0.1814598,1.176391,0.07354373,1.192574,0.01665686,-0.7577019,0.3018698,0.5783468,109.3313,0.02041805,-0.9287941,0.3700332,-0.1016235,0.6376834,-0.06099047,0.6486041,0.5262773,0.2484201,-0.758029,0.2944686,145.7487,0.5506945,0.2599458,-0.7931986,0.1429621,1.127382,0.1940164,1.152853,0.1568155,1.140419,0.2030607,1.168923,0.1747231,1.143627,0.1875412,1.171999,-0.01205817,0.6471227,0.02902674,0.6478856,-0.003935922,0.645758,0.07430404,0.6500307,-0.02171724,0.6362756,0.1042853,0.6451308,0.1036443,-0.07842565,0.03879325,0.1356379,0.1113068,-0.07692168,0.01923034,0.13666,0.09267014,-0.07420458,0.00449536,0.1188035,-0.1111567,0.05076474,-0.03579511,0.1273348,-0.1558682,0.0544553,-0.02554203,0.1670709,-0.1775739,0.04653629,0.002226971,0.183584,0.09958398,-0.080952,0.04398007,0.135663,0.1268151,-0.07488379,0.01913414,0.1485118,0.1130509,-0.07692335,0.002206413,0.1367574,-0.1113881,0.04945624,-0.03699183,0.1273641,-0.156741,0.05366409,-0.02559221,0.1676381,-0.177969,0.04596948,0.002004881,0.183821,0.1081374,-0.07875808,0.02791625,0.1366596,-0.09026717,0.9827217,0.0319564,0.1583939,161.7726,-0.09142127,0.9952862,0.03236497,-0.1410817,0.04835728,-0.0206507,0.150562,0.1286665,-0.4806291,-0.1801888,0.8485121,63.8996,0.243145,-0.9082593,-0.3405082,0.1698551,1.110591,0.2052527,1.142099,0.5750819,-0.4639742,0.1125796,-0.6643302,263.2619,0.7694029,-0.6207517,0.1506204,0.09918578,-0.1071061,0.02192056,0.1476145,0.2939588,-0.9415293,-0.1644897,0.007352286,179.1575,0.2939667,-0.9415548,-0.1644942,-0.4127315,-0.1580999,-0.4156281,0.6067039,0.8394421,0.5289532,-0.08482049,-0.09138529,190.4866,0.8429692,0.5311757,-0.08517689,-0.06985506,-0.01059055,0.0947473,0.1181903,-0.540899,0.6566288,-0.3324443,0.4071213,131.9517,-0.5921988,0.7189047,-0.3639739,-0.09584615,1.21552,-0.0907082,1.222662,0.02314724,-0.1693822,-0.1754153,-0.9695378,331.6432,0.09450097,-0.6915203,-0.7161509,False,False,False,False
1772879683995,9.610005,0.1814598,1.176391,0.07354373,1.192574,0.01665686,-0.7577019,0.3018698,0.5783468,109.3313,0.02041805,-0.9287941,0.3700332,-0.1016235,0.6376834,-0.06099047,0.6486041,0.5262773,0.2484201,-0.758029,0.2944686,145.7487,0.5506945,0.2599458,-0.7931986,0.1429621,1.127382,0.1940164,1.152853,0.1568155,1.140419,0.2030607,1.168923,0.1747231,1.143627,0.1875412,1.171999,-0.01205817,0.6471227,0.02902674,0.6478856,-0.003935922,0.645758,0.07430404,0.6500307,-0.02171724,0.6362756,0.1042853,0.6451308,0.1036443,-0.07842565,0.03879325,0.1356379,0.1113068,-0.07692168,0.01923034,0.13666,0.09267014,-0.07420458,0.00449536,0.1188035,-0.1111567,0.05076474,-0.03579511,0.1273348,-0.1558682,0.0544553,-0.02554203,0.1670709,-0.1775739,0.04653629,0.002226971,0.183584,0.09958398,-0.080952,0.04398007,0.135663,0.1268151,-0.07488379,0.01913414,0.1485118,0.1130509,-0.07692335,0.002206413,0.1367574,-0.1113881,0.04945624,-0.03699183,0.1273641,-0.156741,0.05366409,-0.02559221,0.1676381,-0.177969,0.04596948,0.002004881,0.183821,0.1081374,-0.07875808,0.02791625,0.1366596,-0.09026717,0.9827217,0.0319564,0.1583939,161.7726,-0.09142127,0.9952862,0.03236497,-0.1410817,0.04835728,-0.0206507,0.150562,0.1286665,-0.4806291,-0.1801888,0.8485121,63.8996,0.243145,-0.9082593,-0.3405082,0.1698551,1.110591,0.2052527,1.142099,0.5750819,-0.4639742,0.1125796,-0.6643302,263.2619,0.7694029,-0.6207517,0.1506204,0.09918578,-0.1071061,0.02192056,0.1476145,0.2939588,-0.9415293,-0.1644897,0.007352286,179.1575,0.2939667,-0.9415548,-0.1644942,-0.4127315,-0.1580999,-0.4156281,0.6067039,0.8394421,0.5289532,-0.08482049,-0.09138529,190.4866,0.8429692,0.5311757,-0.08517689,-0.06985506,-0.01059055,0.0947473,0.1181903,-0.540899,0.6566288,-0.3324443,0.4071213,131.9517,-0.5921988,0.7189047,-0.3639739,-0.09585284,1.2156,-0.09063674,1.222737,0.02363999,-0.1694581,-0.175719,-0.9694576,331.6057,0.09638779,-0.6909347,-0.7164626,False,False,False,False
1772879684010,9.623968,0.1814598,1.176391,0.07354373,1.192574,0.01665686,-0.7577019,0.3018698,0.5783468,109.3313,0.02041805,-0.9287941,0.3700332,-0.1016235,0.6376834,-0.06099047,0.6486041,0.5262773,0.2484201,-0.758029,0.2944686,145.7487,0.5506945,0.2599458,-0.7931986,0.1429621,1.127382,0.1940164,1.152853,0.1568155,1.140419,0.2030607,1.168923,0.1747231,1.143627,0.1875412,1.171999,-0.01205817,0.6471227,0.02902674,0.6478856,-0.003935922,0.645758,0.07430404,0.6500307,-0.02171724,0.6362756,0.1042853,0.6451308,0.1036443,-0.07842565,0.03879325,0.1356379,0.1113068,-0.07692168,0.01923034,0.13666,0.09267014,-0.07420458,0.00449536,0.1188035,-0.1111567,0.05076474,-0.03579511,0.1273348,-0.1558682,0.0544553,-0.02554203,0.1670709,-0.1775739,0.04653629,0.002226971,0.183584,0.09958398,-0.080952,0.04398007,0.135663,0.1268151,-0.07488379,0.01913414,0.1485118,0.1130509,-0.07692335,0.002206413,0.1367574,-0.1113881,0.04945624,-0.03699183,0.1273641,-0.156741,0.05366409,-0.02559221,0.1676381,-0.177969,0.04596948,0.002004881,0.183821,0.1081374,-0.07875808,0.02791625,0.1366596,-0.09026717,0.9827217,0.0319564,0.1583939,161.7726,-0.09142127,0.9952862,0.03236497,-0.1410817,0.04835728,-0.0206507,0.150562,0.1286665,-0.4806291,-0.1801888,0.8485121,63.8996,0.243145,-0.9082593,-0.3405082,0.1698551,1.110591,0.2052527,1.142099,0.5750819,-0.4639742,0.1125796,-0.6643302,263.2619,0.7694029,-0.6207517,0.1506204,0.09918578,-0.1071061,0.02192056,0.1476145,0.2939588,-0.9415293,-0.1644897,0.007352286,179.1575,0.2939667,-0.9415548,-0.1644942,-0.4127315,-0.1580999,-0.4156281,0.6067039,0.8394421,0.5289532,-0.08482049,-0.09138529,190.4866,0.8429692,0.5311757,-0.08517689,-0.06985506,-0.01059055,0.0947473,0.1181903,-0.540899,0.6566288,-0.3324443,0.4071213,131.9517,-0.5921988,0.7189047,-0.3639739,-0.09584964,1.21562,-0.09056646,1.222751,0.02396248,-0.1693039,-0.1759394,-0.9694366,331.5959,0.09766979,-0.6900737,-0.7171195,False,False,False,False
1772879684024,9.638476,0.1814598,1.176391,0.07354373,1.192574,0.01665686,-0.7577019,0.3018698,0.5783468,109.3313,0.02041805,-0.9287941,0.3700332,-0.1016235,0.6376834,-0.06099047,0.6486041,0.5262773,0.2484201,-0.758029,0.2944686,145.7487,0.5506945,0.2599458,-0.7931986,0.1429621,1.127382,0.1940164,1.152853,0.1568155,1.140419,0.2030607,1.168923,0.1747231,1.143627,0.1875412,1.171999,-0.01205817,0.6471227,0.02902674,0.6478856,-0.003935922,0.645758,0.07430404,0.6500307,-0.02171724,0.6362756,0.1042853,0.6451308,0.1036443,-0.07842565,0.03879325,0.1356379,0.1113068,-0.07692168,0.01923034,0.13666,0.09267014,-0.07420458,0.00449536,0.1188035,-0.1111567,0.05076474,-0.03579511,0.1273348,-0.1558682,0.0544553,-0.02554203,0.1670709,-0.1775739,0.04653629,0.002226971,0.183584,0.09958398,-0.080952,0.04398007,0.135663,0.1268151,-0.07488379,0.01913414,0.1485118,0.1130509,-0.07692335,0.002206413,0.1367574,-0.1113881,0.04945624,-0.03699183,0.1273641,-0.156741,0.05366409,-0.02559221,0.1676381,-0.177969,0.04596948,0.002004881,0.183821,0.1081374,-0.07875808,0.02791625,0.1366596,-0.09026717,0.9827217,0.0319564,0.1583939,161.7726,-0.09142127,0.9952862,0.03236497,-0.1410817,0.04835728,-0.0206507,0.150562,0.1286665,-0.4806291,-0.1801888,0.8485121,63.8996,0.243145,-0.9082593,-0.3405082,0.1698551,1.110591,0.2052527,1.142099,0.5750819,-0.4639742,0.1125796,-0.6643302,263.2619,0.7694029,-0.6207517,0.1506204,0.09918578,-0.1071061,0.02192056,0.1476145,0.2939588,-0.9415293,-0.1644897,0.007352286,179.1575,0.2939667,-0.9415548,-0.1644942,-0.4127315,-0.1580999,-0.4156281,0.6067039,0.8394421,0.5289532,-0.08482049,-0.09138529,190.4866,0.8429692,0.5311757,-0.08517689,-0.06985506,-0.01059055,0.0947473,0.1181903,-0.540899,0.6566288,-0.3324443,0.4071213,131.9517,-0.5921988,0.7189047,-0.3639739,-0.09580559,1.21558,-0.09046968,1.222701,0.02422689,-0.1693499,-0.1756344,-0.9694773,331.6149,0.09881223,-0.6907136,-0.7163453,False,False,False,False
1772879684038,9.652317,0.1814598,1.176391,0.07354373,1.192574,0.01665686,-0.7577019,0.3018698,0.5783468,109.3313,0.02041805,-0.9287941,0.3700332,-0.1016235,0.6376834,-0.06099047,0.6486041,0.5262773,0.2484201,-0.758029,0.2944686,145.7487,0.5506945,0.2599458,-0.7931986,0.1429621,1.127382,0.1940164,1.152853,0.1568155,1.140419,0.2030607,1.168923,0.1747231,1.143627,0.1875412,1.171999,-0.01205817,0.6471227,0.02902674,0.6478856,-0.003935922,0.645758,0.07430404,0.6500307,-0.02171724,0.6362756,0.1042853,0.6451308,0.1036443,-0.07842565,0.03879325,0.1356379,0.1113068,-0.07692168,0.01923034,0.13666,0.09267014,-0.07420458,0.00449536,0.1188035,-0.1111567,0.05076474,-0.03579511,0.1273348,-0.1558682,0.0544553,-0.02554203,0.1670709,-0.1775739,0.04653629,0.002226971,0.183584,0.09958398,-0.080952,0.04398007,0.135663,0.1268151,-0.07488379,0.01913414,0.1485118,0.1130509,-0.07692335,0.002206413,0.1367574,-0.1113881,0.04945624,-0.03699183,0.1273641,-0.156741,0.05366409,-0.02559221,0.1676381,-0.177969,0.04596948,0.002004881,0.183821,0.1081374,-0.07875808,0.02791625,0.1366596,-0.09026717,0.9827217,0.0319564,0.1583939,161.7726,-0.09142127,0.9952862,0.03236497,-0.1410817,0.04835728,-0.0206507,0.150562,0.1286665,-0.4806291,-0.1801888,0.8485121,63.8996,0.243145,-0.9082593,-0.3405082,0.1698551,1.110591,0.2052527,1.142099,0.5750819,-0.4639742,0.1125796,-0.6643302,263.2619,0.7694029,-0.6207517,0.1506204,0.09918578,-0.1071061,0.02192056,0.1476145,0.2939588,-0.9415293,-0.1644897,0.007352286,179.1575,0.2939667,-0.9415548,-0.1644942,-0.4127315,-0.1580999,-0.4156281,0.6067039,0.8394421,0.5289532,-0.08482049,-0.09138529,190.4866,0.8429692,0.5311757,-0.08517689,-0.06985506,-0.01059055,0.0947473,0.1181903,-0.540899,0.6566288,-0.3324443,0.4071213,131.9517,-0.5921988,0.7189047,-0.3639739,-0.09578148,1.215551,-0.09032166,1.222659,0.02479094,-0.1690684,-0.1756792,-0.9695041,331.6274,0.1011565,-0.6898633,-0.7168378,False,False,False,False
1772879684051,9.667219,0.1814598,1.176391,0.07354373,1.192574,0.01665686,-0.7577019,0.3018698,0.5783468,109.3313,0.02041805,-0.9287941,0.3700332,-0.1016235,0.6376834,-0.06099047,0.6486041,0.5262773,0.2484201,-0.758029,0.2944686,145.7487,0.5506945,0.2599458,-0.7931986,0.1429621,1.127382,0.1940164,1.152853,0.1568155,1.140419,0.2030607,1.168923,0.1747231,1.143627,0.1875412,1.171999,-0.01205817,0.6471227,0.02902674,0.6478856,-0.003935922,0.645758,0.07430404,0.6500307,-0.02171724,0.6362756,0.1042853,0.6451308,0.1036443,-0.07842565,0.03879325,0.1356379,0.1113068,-0.07692168,0.01923034,0.13666,0.09267014,-0.07420458,0.00449536,0.1188035,-0.1111567,0.05076474,-0.03579511,0.1273348,-0.1558682,0.0544553,-0.02554203,0.1670709,-0.1775739,0.04653629,0.002226971,0.183584,0.09958398,-0.080952,0.04398007,0.135663,0.1268151,-0.07488379,0.01913414,0.1485118,0.1130509,-0.07692335,0.002206413,0.1367574,-0.1113881,0.04945624,-0.03699183,0.1273641,-0.156741,0.05366409,-0.02559221,0.1676381,-0.177969,0.04596948,0.002004881,0.183821,0.1081374,-0.07875808,0.02791625,0.1366596,-0.09026717,0.9827217,0.0319564,0.1583939,161.7726,-0.09142127,0.9952862,0.03236497,-0.1410817,0.04835728,-0.0206507,0.150562,0.1286665,-0.4806291,-0.1801888,0.8485121,63.8996,0.243145,-0.9082593,-0.3405082,0.1698551,1.110591,0.2052527,1.142099,0.5750819,-0.4639742,0.1125796,-0.6643302,263.2619,0.7694029,-0.6207517,0.1506204,0.09918578,-0.1071061,0.02192056,0.1476145,0.2939588,-0.9415293,-0.1644897,0.007352286,179.1575,0.2939667,-0.9415548,-0.1644942,-0.4127315,-0.1580999,-0.4156281,0.6067039,0.8394421,0.5289532,-0.08482049,-0.09138529,190.4866,0.8429692,0.5311757,-0.08517689,-0.06985506,-0.01059055,0.0947473,0.1181903,-0.540899,0.6566288,-0.3324443,0.4071213,131.9517,-0.5921988,0.7189047,-0.3639739,-0.09577269,1.21553,-0.09013128,1.222624,0.02568114,-0.1687593,-0.1757819,-0.9695161,331.6331,0.1048092,-0.688736,-0.7173964,False,False,False,False
1772879684065,9.679914,0.1814598,1.176391,0.07354373,1.192574,0.01665686,-0.7577019,0.3018698,0.5783468,109.3313,0.02041805,-0.9287941,0.3700332,-0.1016235,0.6376834,-0.06099047,0.6486041,0.5262773,0.2484201,-0.758029,0.2944686,145.7487,0.5506945,0.2599458,-0.7931986,0.1429621,1.127382,0.1940164,1.152853,0.1568155,1.140419,0.2030607,1.168923,0.1747231,1.143627,0.1875412,1.171999,-0.01205817,0.6471227,0.02902674,0.6478856,-0.003935922,0.645758,0.07430404,0.6500307,-0.02171724,0.6362756,0.1042853,0.6451308,0.1036443,-0.07842565,0.03879325,0.1356379,0.1113068,-0.07692168,0.01923034,0.13666,0.09267014,-0.07420458,0.00449536,0.1188035,-0.1111567,0.05076474,-0.03579511,0.1273348,-0.1558682,0.0544553,-0.02554203,0.1670709,-0.1775739,0.04653629,0.002226971,0.183584,0.09958398,-0.080952,0.04398007,0.135663,0.1268151,-0.07488379,0.01913414,0.1485118,0.1130509,-0.07692335,0.002206413,0.1367574,-0.1113881,0.04945624,-0.03699183,0.1273641,-0.156741,0.05366409,-0.02559221,0.1676381,-0.177969,0.04596948,0.002004881,0.183821,0.1081374,-0.07875808,0.02791625,0.1366596,-0.09026717,0.9827217,0.0319564,0.1583939,161.7726,-0.09142127,0.9952862,0.03236497,-0.1410817,0.04835728,-0.0206507,0.150562,0.1286665,-0.4806291,-0.1801888,0.8485121,63.8996,0.243145,-0.9082593,-0.3405082,0.1698551,1.110591,0.2052527,1.142099,0.5750819,-0.4639742,0.1125796,-0.6643302,263.2619,0.7694029,-0.6207517,0.1506204,0.09918578,-0.1071061,0.02192056,0.1476145,0.2939588,-0.9415293,-0.1644897,0.007352286,179.1575,0.2939667,-0.9415548,-0.1644942,-0.4127315,-0.1580999,-0.4156281,0.6067039,0.8394421,0.5289532,-0.08482049,-0.09138529,190.4866,0.8429692,0.5311757,-0.08517689,-0.06985506,-0.01059055,0.0947473,0.1181903,-0.540899,0.6566288,-0.3324443,0.4071213,131.9517,-0.5921988,0.7189047,-0.3639739,-0.09578438,1.215489,-0.08989243,1.222567,0.02603238,-0.1682324,-0.1756439,-0.9696233,331.6833,0.1064271,-0.6877775,-0.7180777,False,False,False,False
1772879684079,9.693606,0.1814598,1.176391,0.07354373,1.192574,0.01665686,-0.7577019,0.3018698,0.5783468,109.3313,0.02041805,-0.9287941,0.3700332,-0.1016235,0.6376834,-0.06099047,0.6486041,0.5262773,0.2484201,-0.758029,0.2944686,145.7487,0.5506945,0.2599458,-0.7931986,0.1429621,1.127382,0.1940164,1.152853,0.1568155,1.140419,0.2030607,1.168923,0.1747231,1.143627,0.1875412,1.171999,-0.01205817,0.6471227,0.02902674,0.6478856,-0.003935922,0.645758,0.07430404,0.6500307,-0.02171724,0.6362756,0.1042853,0.6451308,0.1036443,-0.07842565,0.03879325,0.1356379,0.1113068,-0.07692168,0.01923034,0.13666,0.09267014,-0.07420458,0.00449536,0.1188035,-0.1111567,0.05076474,-0.03579511,0.1273348,-0.1558682,0.0544553,-0.02554203,0.1670709,-0.1775739,0.04653629,0.002226971,0.183584,0.09958398,-0.080952,0.04398007,0.135663,0.1268151,-0.07488379,0.01913414,0.1485118,0.1130509,-0.07692335,0.002206413,0.1367574,-0.1113881,0.04945624,-0.03699183,0.1273641,-0.156741,0.05366409,-0.02559221,0.1676381,-0.177969,0.04596948,0.002004881,0.183821,0.1081374,-0.07875808,0.02791625,0.1366596,-0.09026717,0.9827217,0.0319564,0.1583939,161.7726,-0.09142127,0.9952862,0.03236497,-0.1410817,0.04835728,-0.0206507,0.150562,0.1286665,-0.4806291,-0.1801888,0.8485121,63.8996,0.243145,-0.9082593,-0.3405082,0.1698551,1.110591,0.2052527,1.142099,0.5750819,-0.4639742,0.1125796,-0.6643302,263.2619,0.7694029,-0.6207517,0.1506204,0.09918578,-0.1071061,0.02192056,0.1476145,0.2939588,-0.9415293,-0.1644897,0.007352286,179.1575,0.2939667,-0.9415548,-0.1644942,-0.4127315,-0.1580999,-0.4156281,0.6067039,0.8394421,0.5289532,-0.08482049,-0.09138529,190.4866,0.8429692,0.5311757,-0.08517689,-0.06985506,-0.01059055,0.0947473,0.1181903,-0.540899,0.6566288,-0.3324443,0.4071213,131.9517,-0.5921988,0.7189047,-0.3639739,-0.09577784,1.215404,-0.08960729,1.22246,0.02616796,-0.1677079,-0.1754763,-0.9697409,331.7384,0.1071859,-0.6869436,-0.7187637,False,False,False,False
1772879684093,9.707818,0.1814598,1.176391,0.07354373,1.192574,0.01665686,-0.7577019,0.3018698,0.5783468,109.3313,0.02041805,-0.9287941,0.3700332,-0.1016235,0.6376834,-0.06099047,0.6486041,0.5262773,0.2484201,-0.758029,0.2944686,145.7487,0.5506945,0.2599458,-0.7931986,0.1429621,1.127382,0.1940164,1.152853,0.1568155,1.140419,0.2030607,1.168923,0.1747231,1.143627,0.1875412,1.171999,-0.01205817,0.6471227,0.02902674,0.6478856,-0.003935922,0.645758,0.07430404,0.6500307,-0.02171724,0.6362756,0.1042853,0.6451308,0.1036443,-0.07842565,0.03879325,0.1356379,0.1113068,-0.07692168,0.01923034,0.13666,0.09267014,-0.07420458,0.00449536,0.1188035,-0.1111567,0.05076474,-0.03579511,0.1273348,-0.1558682,0.0544553,-0.02554203,0.1670709,-0.1775739,0.04653629,0.002226971,0.183584,0.09958398,-0.080952,0.04398007,0.135663,0.1268151,-0.07488379,0.01913414,0.1485118,0.1130509,-0.07692335,0.002206413,0.1367574,-0.1113881,0.04945624,-0.03699183,0.1273641,-0.156741,0.05366409,-0.02559221,0.1676381,-0.177969,0.04596948,0.002004881,0.183821,0.1081374,-0.07875808,0.02791625,0.1366596,-0.09026717,0.9827217,0.0319564,0.1583939,161.7726,-0.09142127,0.9952862,0.03236497,-0.1410817,0.04835728,-0.0206507,0.150562,0.1286665,-0.4806291,-0.1801888,0.8485121,63.8996,0.243145,-0.9082593,-0.3405082,0.1698551,1.110591,0.2052527,1.142099,0.5750819,-0.4639742,0.1125796,-0.6643302,263.2619,0.7694029,-0.6207517,0.1506204,0.09918578,-0.1071061,0.02192056,0.1476145,0.2939588,-0.9415293,-0.1644897,0.007352286,179.1575,0.2939667,-0.9415548,-0.1644942,-0.4127315,-0.1580999,-0.4156281,0.6067039,0.8394421,0.5289532,-0.08482049,-0.09138529,190.4866,0.8429692,0.5311757,-0.08517689,-0.06985506,-0.01059055,0.0947473,0.1181903,-0.540899,0.6566288,-0.3324443,0.4071213,131.9517,-0.5921988,0.7189047,-0.3639739,-0.09575472,1.215398,-0.08931144,1.222431,0.02595264,-0.1676078,-0.1756848,-0.9697263,331.7315,0.1062785,-0.6863698,-0.7194459,False,False,False,False
1772879684107,9.721409,0.1814598,1.176391,0.07354373,1.192574,0.01665686,-0.7577019,0.3018698,0.5783468,109.3313,0.02041805,-0.9287941,0.3700332,-0.1016235,0.6376834,-0.06099047,0.6486041,0.5262773,0.2484201,-0.758029,0.2944686,145.7487,0.5506945,0.2599458,-0.7931986,0.1429621,1.127382,0.1940164,1.152853,0.1568155,1.140419,0.2030607,1.168923,0.1747231,1.143627,0.1875412,1.171999,-0.01205817,0.6471227,0.02902674,0.6478856,-0.003935922,0.645758,0.07430404,0.6500307,-0.02171724,0.6362756,0.1042853,0.6451308,0.1036443,-0.07842565,0.03879325,0.1356379,0.1113068,-0.07692168,0.01923034,0.13666,0.09267014,-0.07420458,0.00449536,0.1188035,-0.1111567,0.05076474,-0.03579511,0.1273348,-0.1558682,0.0544553,-0.02554203,0.1670709,-0.1775739,0.04653629,0.002226971,0.183584,0.09958398,-0.080952,0.04398007,0.135663,0.1268151,-0.07488379,0.01913414,0.1485118,0.1130509,-0.07692335,0.002206413,0.1367574,-0.1113881,0.04945624,-0.03699183,0.1273641,-0.156741,0.05366409,-0.02559221,0.1676381,-0.177969,0.04596948,0.002004881,0.183821,0.1081374,-0.07875808,0.02791625,0.1366596,-0.09026717,0.9827217,0.0319564,0.1583939,161.7726,-0.09142127,0.9952862,0.03236497,-0.1410817,0.04835728,-0.0206507,0.150562,0.1286665,-0.4806291,-0.1801888,0.8485121,63.8996,0.243145,-0.9082593,-0.3405082,0.1698551,1.110591,0.2052527,1.142099,0.5750819,-0.4639742,0.1125796,-0.6643302,263.2619,0.7694029,-0.6207517,0.1506204,0.09918578,-0.1071061,0.02192056,0.1476145,0.2939588,-0.9415293,-0.1644897,0.007352286,179.1575,0.2939667,-0.9415548,-0.1644942,-0.4127315,-0.1580999,-0.4156281,0.6067039,0.8394421,0.5289532,-0.08482049,-0.09138529,190.4866,0.8429692,0.5311757,-0.08517689,-0.06985506,-0.01059055,0.0947473,0.1181903,-0.540899,0.6566288,-0.3324443,0.4071213,131.9517,-0.5921988,0.7189047,-0.3639739,-0.09567561,1.215407,-0.08901804,1.222413,0.02557239,-0.1677261,-0.1760089,-0.9696571,331.6991,0.1046038,-0.6860836,-0.7199643,False,False,False,False
1772879684120,9.73585,0.1814598,1.176391,0.07354373,1.192574,0.01665686,-0.7577019,0.3018698,0.5783468,109.3313,0.02041805,-0.9287941,0.3700332,-0.1016235,0.6376834,-0.06099047,0.6486041,0.5262773,0.2484201,-0.758029,0.2944686,145.7487,0.5506945,0.2599458,-0.7931986,0.1429621,1.127382,0.1940164,1.152853,0.1568155,1.140419,0.2030607,1.168923,0.1747231,1.143627,0.1875412,1.171999,-0.01205817,0.6471227,0.02902674,0.6478856,-0.003935922,0.645758,0.07430404,0.6500307,-0.02171724,0.6362756,0.1042853,0.6451308,0.1036443,-0.07842565,0.03879325,0.1356379,0.1113068,-0.07692168,0.01923034,0.13666,0.09267014,-0.07420458,0.00449536,0.1188035,-0.1111567,0.05076474,-0.03579511,0.1273348,-0.1558682,0.0544553,-0.02554203,0.1670709,-0.1775739,0.04653629,0.002226971,0.183584,0.09958398,-0.080952,0.04398007,0.135663,0.1268151,-0.07488379,0.01913414,0.1485118,0.1130509,-0.07692335,0.002206413,0.1367574,-0.1113881,0.04945624,-0.03699183,0.1273641,-0.156741,0.05366409,-0.02559221,0.1676381,-0.177969,0.04596948,0.002004881,0.183821,0.1081374,-0.07875808,0.02791625,0.1366596,-0.09026717,0.9827217,0.0319564,0.1583939,161.7726,-0.09142127,0.9952862,0.03236497,-0.1410817,0.04835728,-0.0206507,0.150562,0.1286665,-0.4806291,-0.1801888,0.8485121,63.8996,0.243145,-0.9082593,-0.3405082,0.1698551,1.110591,0.2052527,1.142099,0.5750819,-0.4639742,0.1125796,-0.6643302,263.2619,0.7694029,-0.6207517,0.1506204,0.09918578,-0.1071061,0.02192056,0.1476145,0.2939588,-0.9415293,-0.1644897,0.007352286,179.1575,0.2939667,-0.9415548,-0.1644942,-0.4127315,-0.1580999,-0.4156281,0.6067039,0.8394421,0.5289532,-0.08482049,-0.09138529,190.4866,0.8429692,0.5311757,-0.08517689,-0.06985506,-0.01059055,0.0947473,0.1181903,-0.540899,0.6566288,-0.3324443,0.4071213,131.9517,-0.5921988,0.7189047,-0.3639739,-0.09555046,1.21534,-0.08877013,1.222318,0.02538945,-0.1680115,-0.1761509,-0.9695867,331.6661,0.1037371,-0.6864672,-0.7197233,False,False,False,False
1772879684134,9.749179,0.1814598,1.176391,0.07354373,1.192574,0.01665686,-0.7577019,0.3018698,0.5783468,109.3313,0.02041805,-0.9287941,0.3700332,-0.1016235,0.6376834,-0.06099047,0.6486041,0.5262773,0.2484201,-0.758029,0.2944686,145.7487,0.5506945,0.2599458,-0.7931986,0.1429621,1.127382,0.1940164,1.152853,0.1568155,1.140419,0.2030607,1.168923,0.1747231,1.143627,0.1875412,1.171999,-0.01205817,0.6471227,0.02902674,0.6478856,-0.003935922,0.645758,0.07430404,0.6500307,-0.02171724,0.6362756,0.1042853,0.6451308,0.1036443,-0.07842565,0.03879325,0.1356379,0.1113068,-0.07692168,0.01923034,0.13666,0.09267014,-0.07420458,0.00449536,0.1188035,-0.1111567,0.05076474,-0.03579511,0.1273348,-0.1558682,0.0544553,-0.02554203,0.1670709,-0.1775739,0.04653629,0.002226971,0.183584,0.09958398,-0.080952,0.04398007,0.135663,0.1268151,-0.07488379,0.01913414,0.1485118,0.1130509,-0.07692335,0.002206413,0.1367574,-0.1113881,0.04945624,-0.03699183,0.1273641,-0.156741,0.05366409,-0.02559221,0.1676381,-0.177969,0.04596948,0.002004881,0.183821,0.1081374,-0.07875808,0.02791625,0.1366596,-0.09026717,0.9827217,0.0319564,0.1583939,161.7726,-0.09142127,0.9952862,0.03236497,-0.1410817,0.04835728,-0.0206507,0.150562,0.1286665,-0.4806291,-0.1801888,0.8485121,63.8996,0.243145,-0.9082593,-0.3405082,0.1698551,1.110591,0.2052527,1.142099,0.5750819,-0.4639742,0.1125796,-0.6643302,263.2619,0.7694029,-0.6207517,0.1506204,0.09918578,-0.1071061,0.02192056,0.1476145,0.2939588,-0.9415293,-0.1644897,0.007352286,179.1575,0.2939667,-0.9415548,-0.1644942,-0.4127315,-0.1580999,-0.4156281,0.6067039,0.8394421,0.5289532,-0.08482049,-0.09138529,190.4866,0.8429692,0.5311757,-0.08517689,-0.06985506,-0.01059055,0.0947473,0.1181903,-0.540899,0.6566288,-0.3324443,0.4071213,131.9517,-0.5921988,0.7189047,-0.3639739,-0.0953685,1.21522,-0.08853448,1.222167,0.02390851,-0.1688712,-0.1763188,-0.9694445,331.5996,0.09746218,-0.6883974,-0.718757,False,False,False,False
1772879684149,9.76288,0.1814598,1.176391,0.07354373,1.192574,0.01665686,-0.7577019,0.3018698,0.5783468,109.3313,0.02041805,-0.9287941,0.3700332,-0.1016235,0.6376834,-0.06099047,0.6486041,0.5262773,0.2484201,-0.758029,0.2944686,145.7487,0.5506945,0.2599458,-0.7931986,0.1429621,1.127382,0.1940164,1.152853,0.1568155,1.140419,0.2030607,1.168923,0.1747231,1.143627,0.1875412,1.171999,-0.01205817,0.6471227,0.02902674,0.6478856,-0.003935922,0.645758,0.07430404,0.6500307,-0.02171724,0.6362756,0.1042853,0.6451308,0.1036443,-0.07842565,0.03879325,0.1356379,0.1113068,-0.07692168,0.01923034,0.13666,0.09267014,-0.07420458,0.00449536,0.1188035,-0.1111567,0.05076474,-0.03579511,0.1273348,-0.1558682,0.0544553,-0.02554203,0.1670709,-0.1775739,0.04653629,0.002226971,0.183584,0.09958398,-0.080952,0.04398007,0.135663,0.1268151,-0.07488379,0.01913414,0.1485118,0.1130509,-0.07692335,0.002206413,0.1367574,-0.1113881,0.04945624,-0.03699183,0.1273641,-0.156741,0.05366409,-0.02559221,0.1676381,-0.177969,0.04596948,0.002004881,0.183821,0.1081374,-0.07875808,0.02791625,0.1366596,-0.09026717,0.9827217,0.0319564,0.1583939,161.7726,-0.09142127,0.9952862,0.03236497,-0.1410817,0.04835728,-0.0206507,0.150562,0.1286665,-0.4806291,-0.1801888,0.8485121,63.8996,0.243145,-0.9082593,-0.3405082,0.169708,1.110187,0.2048063,1.141605,0.5925081,-0.4569808,0.1162273,-0.6531417,261.5578,0.7824618,-0.6034855,0.153489,0.09918578,-0.1071061,0.02192056,0.1476145,0.2939588,-0.9415293,-0.1644897,0.007352286,179.1575,0.2939667,-0.9415548,-0.1644942,-0.4127315,-0.1580999,-0.4156281,0.6067039,0.8394421,0.5289532,-0.08482049,-0.09138529,190.4866,0.8429692,0.5311757,-0.08517689,-0.06970797,-0.01018703,0.0951937,0.1184264,-0.5380915,0.6449323,-0.3490258,0.4155731,130.8892,-0.5915955,0.7090598,-0.3837305,-0.09517521,1.21506,-0.08832025,1.221978,0.02267704,-0.1695192,-0.1761772,-0.9693867,331.5726,0.09235613,-0.6903961,-0.7175121,False,False,False,False
1772879684161,9.77727,0.1814598,1.176391,0.07354373,1.192574,0.01665686,-0.7577019,0.3018698,0.5783468,109.3313,0.02041805,-0.9287941,0.3700332,-0.1016235,0.6376834,-0.06099047,0.6486041,0.5262773,0.2484201,-0.758029,0.2944686,145.7487,0.5506945,0.2599458,-0.7931986,0.1429621,1.127382,0.1940164,1.152853,0.1568155,1.140419,0.2030607,1.168923,0.1747231,1.143627,0.1875412,1.171999,-0.01205817,0.6471227,0.02902674,0.6478856,-0.003935922,0.645758,0.07430404,0.6500307,-0.02171724,0.6362756,0.1042853,0.6451308,0.1036443,-0.07842565,0.03879325,0.1356379,0.1113068,-0.07692168,0.01923034,0.13666,0.09267014,-0.07420458,0.00449536,0.1188035,-0.1111567,0.05076474,-0.03579511,0.1273348,-0.1558682,0.0544553,-0.02554203,0.1670709,-0.1775739,0.04653629,0.002226971,0.183584,0.09958398,-0.080952,0.04398007,0.135663,0.1268151,-0.07488379,0.01913414,0.1485118,0.1130509,-0.07692335,0.002206413,0.1367574,-0.1113881,0.04945624,-0.03699183,0.1273641,-0.156741,0.05366409,-0.02559221,0.1676381,-0.177969,0.04596948,0.002004881,0.183821,0.1081374,-0.07875808,0.02791625,0.1366596,-0.09026717,0.9827217,0.0319564,0.1583939,161.7726,-0.09142127,0.9952862,0.03236497,-0.1410817,0.04835728,-0.0206507,0.150562,0.1286665,-0.4806291,-0.1801888,0.8485121,63.8996,0.243145,-0.9082593,-0.3405082,0.1695207,1.110095,0.2046157,1.141454,0.6065172,-0.4501892,0.1131007,-0.6455036,260.4069,0.7941231,-0.5894402,0.1480846,0.09918578,-0.1071061,0.02192056,0.1476145,0.2939588,-0.9415293,-0.1644897,0.007352286,179.1575,0.2939667,-0.9415548,-0.1644942,-0.4127315,-0.1580999,-0.4156281,0.6067039,0.8394421,0.5289532,-0.08482049,-0.09138529,190.4866,0.8429692,0.5311757,-0.08517689,-0.06952073,-0.01009512,0.09538433,0.1184619,-0.540944,0.6329973,-0.3608273,0.4201165,130.3161,-0.596101,0.6975406,-0.3976188,-0.09500458,1.214933,-0.08809501,1.221822,0.02144945,-0.1701972,-0.176124,-0.9693055,331.5348,0.08724278,-0.6922542,-0.716361,False,False,False,False
1772879684176,9.790998,0.1814598,1.176391,0.07354373,1.192574,0.01665686,-0.7577019,0.3018698,0.5783468,109.3313,0.02041805,-0.9287941,0.3700332,-0.1016235,0.6376834,-0.06099047,0.6486041,0.5262773,0.2484201,-0.758029,0.2944686,145.7487,0.5506945,0.2599458,-0.7931986,0.1429621,1.127382,0.1940164,1.152853,0.1568155,1.140419,0.2030607,1.168923,0.1747231,1.143627,0.1875412,1.171999,-0.01205817,0.6471227,0.02902674,0.6478856,-0.003935922,0.645758,0.07430404,0.6500307,-0.02171724,0.6362756,0.1042853,0.6451308,0.1036443,-0.07842565,0.03879325,0.1356379,0.1113068,-0.07692168,0.01923034,0.13666,0.09267014,-0.07420458,0.00449536,0.1188035,-0.1111567,0.05076474,-0.03579511,0.1273348,-0.1558682,0.0544553,-0.02554203,0.1670709,-0.1775739,0.04653629,0.002226971,0.183584,0.09958398,-0.080952,0.04398007,0.135663,0.1268151,-0.07488379,0.01913414,0.1485118,0.1130509,-0.07692335,0.002206413,0.1367574,-0.1113881,0.04945624,-0.03699183,0.1273641,-0.156741,0.05366409,-0.02559221,0.1676381,-0.177969,0.04596948,0.002004881,0.183821,0.1081374,-0.07875808,0.02791625,0.1366596,-0.09026717,0.9827217,0.0319564,0.1583939,161.7726,-0.09142127,0.9952862,0.03236497,-0.1410817,0.04835728,-0.0206507,0.150562,0.1286665,-0.4806291,-0.1801888,0.8485121,63.8996,0.243145,-0.9082593,-0.3405082,0.1694619,1.110099,0.2045543,1.141438,0.6104378,-0.4481529,0.1120189,-0.64341,260.0931,0.797414,-0.5854216,0.1463302,0.09918578,-0.1071061,0.02192056,0.1476145,0.2939588,-0.9415293,-0.1644897,0.007352286,179.1575,0.2939667,-0.9415548,-0.1644942,-0.4127315,-0.1580999,-0.4156281,0.6067039,0.8394421,0.5289532,-0.08482049,-0.09138529,190.4866,0.8429692,0.5311757,-0.08517689,-0.06946186,-0.01009941,0.09544574,0.1184772,-0.5419021,0.6295325,-0.3641266,0.4212398,130.1742,-0.5974998,0.6941209,-0.4014851,-0.094864,1.214831,-0.08785845,1.221692,0.0206411,-0.1706585,-0.1757444,-0.9693109,331.5373,0.08396212,-0.6941904,-0.7148785,False,False,False,False
1772879684191,9.804834,0.1814598,1.176391,0.07354373,1.192574,0.01665686,-0.7577019,0.3018698,0.5783468,109.3313,0.02041805,-0.9287941,0.3700332,-0.1016235,0.6376834,-0.06099047,0.6486041,0.5262773,0.2484201,-0.758029,0.2944686,145.7487,0.5506945,0.2599458,-0.7931986,0.1429621,1.127382,0.1940164,1.152853,0.1568155,1.140419,0.2030607,1.168923,0.1747231,1.143627,0.1875412,1.171999,-0.01205817,0.6471227,0.02902674,0.6478856,-0.003935922,0.645758,0.07430404,0.6500307,-0.02171724,0.6362756,0.1042853,0.6451308,0.1036443,-0.07842565,0.03879325,0.1356379,0.1113068,-0.07692168,0.01923034,0.13666,0.09267014,-0.07420458,0.00449536,0.1188035,-0.1111567,0.05076474,-0.03579511,0.1273348,-0.1558682,0.0544553,-0.02554203,0.1670709,-0.1775739,0.04653629,0.002226971,0.183584,0.09958398,-0.080952,0.04398007,0.135663,0.1268151,-0.07488379,0.01913414,0.1485118,0.1130509,-0.07692335,0.002206413,0.1367574,-0.1113881,0.04945624,-0.03699183,0.1273641,-0.156741,0.05366409,-0.02559221,0.1676381,-0.177969,0.04596948,0.002004881,0.183821,0.1081374,-0.07875808,0.02791625,0.1366596,-0.09026717,0.9827217,0.0319564,0.1583939,161.7726,-0.09142127,0.9952862,0.03236497,-0.1410817,0.04835728,-0.0206507,0.150562,0.1286665,-0.4806291,-0.1801888,0.8485121,63.8996,0.243145,-0.9082593,-0.3405082,0.1694619,1.110099,0.2045543,1.141438,0.6104378,-0.4481529,0.1120189,-0.64341,260.0931,0.797414,-0.5854216,0.1463302,0.09918578,-0.1071061,0.02192056,0.1476145,0.2939588,-0.9415293,-0.1644897,0.007352286,179.1575,0.2939667,-0.9415548,-0.1644942,-0.4127315,-0.1580999,-0.4156281,0.6067039,0.8394421,0.5289532,-0.08482049,-0.09138529,190.4866,0.8429692,0.5311757,-0.08517689,-0.06946186,-0.01009941,0.09544574,0.1184772,-0.5419021,0.6295325,-0.3641266,0.4212398,130.1742,-0.5974998,0.6941209,-0.4014851,-0.09476316,1.214714,-0.08759796,1.22155,0.02019734,-0.1708857,-0.175714,-0.9692857,331.5255,0.08212392,-0.6948342,-0.7144665,False,False,False,False
1772879684203,9.819465,0.1814598,1.176391,0.07354373,1.192574,0.01665686,-0.7577019,0.3018698,0.5783468,109.3313,0.02041805,-0.9287941,0.3700332,-0.1016235,0.6376834,-0.06099047,0.6486041,0.5262773,0.2484201,-0.758029,0.2944686,145.7487,0.5506945,0.2599458,-0.7931986,0.1429621,1.127382,0.1940164,1.152853,0.1568155,1.140419,0.2030607,1.168923,0.1747231,1.143627,0.1875412,1.171999,-0.01205817,0.6471227,0.02902674,0.6478856,-0.003935922,0.645758,0.07430404,0.6500307,-0.02171724,0.6362756,0.1042853,0.6451308,0.1036443,-0.07842565,0.03879325,0.1356379,0.1113068,-0.07692168,0.01923034,0.13666,0.09267014,-0.07420458,0.00449536,0.1188035,-0.1111567,0.05076474,-0.03579511,0.1273348,-0.1558682,0.0544553,-0.02554203,0.1670709,-0.1775739,0.04653629,0.002226971,0.183584,0.09958398,-0.080952,0.04398007,0.135663,0.1268151,-0.07488379,0.01913414,0.1485118,0.1130509,-0.07692335,0.002206413,0.1367574,-0.1113881,0.04945624,-0.03699183,0.1273641,-0.156741,0.05366409,-0.02559221,0.1676381,-0.177969,0.04596948,0.002004881,0.183821,0.1081374,-0.07875808,0.02791625,0.1366596,-0.09026717,0.9827217,0.0319564,0.1583939,161.7726,-0.09142127,0.9952862,0.03236497,-0.1410817,0.04835728,-0.0206507,0.150562,0.1286665,-0.4806291,-0.1801888,0.8485121,63.8996,0.243145,-0.9082593,-0.3405082,0.1694619,1.110099,0.2045543,1.141438,0.6104378,-0.4481529,0.1120189,-0.64341,260.0931,0.797414,-0.5854216,0.1463302,0.09918578,-0.1071061,0.02192056,0.1476145,0.2939588,-0.9415293,-0.1644897,0.007352286,179.1575,0.2939667,-0.9415548,-0.1644942,-0.4127315,-0.1580999,-0.4156281,0.6067039,0.8394421,0.5289532,-0.08482049,-0.09138529,190.4866,0.8429692,0.5311757,-0.08517689,-0.06946186,-0.01009941,0.09544574,0.1184772,-0.5419021,0.6295325,-0.3641266,0.4212398,130.1742,-0.5974998,0.6941209,-0.4014851,-0.09471112,1.214618,-0.08731289,1.221429,0.01962795,-0.1707138,-0.1756423,-0.9693407,331.5511,0.0798791,-0.6947472,-0.7148048,False,False,False,False
1772879684218,9.832657,0.1814598,1.176391,0.07354373,1.192574,0.01665686,-0.7577019,0.3018698,0.5783468,109.3313,0.02041805,-0.9287941,0.3700332,-0.1016235,0.6376834,-0.06099047,0.6486041,0.5262773,0.2484201,-0.758029,0.2944686,145.7487,0.5506945,0.2599458,-0.7931986,0.1429621,1.127382,0.1940164,1.152853,0.1568155,1.140419,0.2030607,1.168923,0.1747231,1.143627,0.1875412,1.171999,-0.01205817,0.6471227,0.02902674,0.6478856,-0.003935922,0.645758,0.07430404,0.6500307,-0.02171724,0.6362756,0.1042853,0.6451308,0.1036443,-0.07842565,0.03879325,0.1356379,0.1113068,-0.07692168,0.01923034,0.13666,0.09267014,-0.07420458,0.00449536,0.1188035,-0.1111567,0.05076474,-0.03579511,0.1273348,-0.1558682,0.0544553,-0.02554203,0.1670709,-0.1775739,0.04653629,0.002226971,0.183584,0.09958398,-0.080952,0.04398007,0.135663,0.1268151,-0.07488379,0.01913414,0.1485118,0.1130509,-0.07692335,0.002206413,0.1367574,-0.1113881,0.04945624,-0.03699183,0.1273641,-0.156741,0.05366409,-0.02559221,0.1676381,-0.177969,0.04596948,0.002004881,0.183821,0.1081374,-0.07875808,0.02791625,0.1366596,-0.09026717,0.9827217,0.0319564,0.1583939,161.7726,-0.09142127,0.9952862,0.03236497,-0.1410817,0.04835728,-0.0206507,0.150562,0.1286665,-0.4806291,-0.1801888,0.8485121,63.8996,0.243145,-0.9082593,-0.3405082,0.1694619,1.110099,0.2045543,1.141438,0.6104378,-0.4481529,0.1120189,-0.64341,260.0931,0.797414,-0.5854216,0.1463302,0.09918578,-0.1071061,0.02192056,0.1476145,0.2939588,-0.9415293,-0.1644897,0.007352286,179.1575,0.2939667,-0.9415548,-0.1644942,-0.4127315,-0.1580999,-0.4156281,0.6067039,0.8394421,0.5289532,-0.08482049,-0.09138529,190.4866,0.8429692,0.5311757,-0.08517689,-0.06946186,-0.01009941,0.09544574,0.1184772,-0.5419021,0.6295325,-0.3641266,0.4212398,130.1742,-0.5974998,0.6941209,-0.4014851,-0.09471262,1.214511,-0.08705981,1.221305,0.01931082,-0.1706921,-0.1750959,-0.9694497,331.602,0.07872643,-0.6958783,-0.7138317,False,False,False,False
1772879684231,9.847013,0.1814598,1.176391,0.07354373,1.192574,0.01665686,-0.7577019,0.3018698,0.5783468,109.3313,0.02041805,-0.9287941,0.3700332,-0.1016235,0.6376834,-0.06099047,0.6486041,0.5262773,0.2484201,-0.758029,0.2944686,145.7487,0.5506945,0.2599458,-0.7931986,0.1429621,1.127382,0.1940164,1.152853,0.1568155,1.140419,0.2030607,1.168923,0.1747231,1.143627,0.1875412,1.171999,-0.01205817,0.6471227,0.02902674,0.6478856,-0.003935922,0.645758,0.07430404,0.6500307,-0.02171724,0.6362756,0.1042853,0.6451308,0.1036443,-0.07842565,0.03879325,0.1356379,0.1113068,-0.07692168,0.01923034,0.13666,0.09267014,-0.07420458,0.00449536,0.1188035,-0.1111567,0.05076474,-0.03579511,0.1273348,-0.1558682,0.0544553,-0.02554203,0.1670709,-0.1775739,0.04653629,0.002226971,0.183584,0.09958398,-0.080952,0.04398007,0.135663,0.1268151,-0.07488379,0.01913414,0.1485118,0.1130509,-0.07692335,0.002206413,0.1367574,-0.1113881,0.04945624,-0.03699183,0.1273641,-0.156741,0.05366409,-0.02559221,0.1676381,-0.177969,0.04596948,0.002004881,0.183821,0.1081374,-0.07875808,0.02791625,0.1366596,-0.09026717,0.9827217,0.0319564,0.1583939,161.7726,-0.09142127,0.9952862,0.03236497,-0.1410817,0.04835728,-0.0206507,0.150562,0.1286665,-0.4806291,-0.1801888,0.8485121,63.8996,0.243145,-0.9082593,-0.3405082,0.1694619,1.110099,0.2045543,1.141438,0.6104378,-0.4481529,0.1120189,-0.64341,260.0931,0.797414,-0.5854216,0.1463302,0.09918578,-0.1071061,0.02192056,0.1476145,0.2939588,-0.9415293,-0.1644897,0.007352286,179.1575,0.2939667,-0.9415548,-0.1644942,-0.4127315,-0.1580999,-0.4156281,0.6067039,0.8394421,0.5289532,-0.08482049,-0.09138529,190.4866,0.8429692,0.5311757,-0.08517689,-0.06946186,-0.01009941,0.09544574,0.1184772,-0.5419021,0.6295325,-0.3641266,0.4212398,130.1742,-0.5974998,0.6941209,-0.4014851,-0.09474628,1.21438,-0.0868261,1.221161,0.01895083,-0.1708003,-0.17459,-0.969529,331.6391,0.07735778,-0.6972112,-0.7126807,False,False,False,False
1772879684246,9.861732,0.1814598,1.176391,0.07354373,1.192574,0.01665686,-0.7577019,0.3018698,0.5783468,109.3313,0.02041805,-0.9287941,0.3700332,-0.1016235,0.6376834,-0.06099047,0.6486041,0.5262773,0.2484201,-0.758029,0.2944686,145.7487,0.5506945,0.2599458,-0.7931986,0.1429621,1.127382,0.1940164,1.152853,0.1568155,1.140419,0.2030607,1.168923,0.1747231,1.143627,0.1875412,1.171999,-0.01205817,0.6471227,0.02902674,0.6478856,-0.003935922,0.645758,0.07430404,0.6500307,-0.02171724,0.6362756,0.1042853,0.6451308,0.1036443,-0.07842565,0.03879325,0.1356379,0.1113068,-0.07692168,0.01923034,0.13666,0.09267014,-0.07420458,0.00449536,0.1188035,-0.1111567,0.05076474,-0.03579511,0.1273348,-0.1558682,0.0544553,-0.02554203,0.1670709,-0.1775739,0.04653629,0.002226971,0.183584,0.09958398,-0.080952,0.04398007,0.135663,0.1268151,-0.07488379,0.01913414,0.1485118,0.1130509,-0.07692335,0.002206413,0.1367574,-0.1113881,0.04945624,-0.03699183,0.1273641,-0.156741,0.05366409,-0.02559221,0.1676381,-0.177969,0.04596948,0.002004881,0.183821,0.1081374,-0.07875808,0.02791625,0.1366596,-0.09026717,0.9827217,0.0319564,0.1583939,161.7726,-0.09142127,0.9952862,0.03236497,-0.1410817,0.04835728,-0.0206507,0.150562,0.1286665,-0.4806291,-0.1801888,0.8485121,63.8996,0.243145,-0.9082593,-0.3405082,0.1694619,1.110099,0.2045543,1.141438,0.6104378,-0.4481529,0.1120189,-0.64341,260.0931,0.797414,-0.5854216,0.1463302,0.09918578,-0.1071061,0.02192056,0.1476145,0.2939588,-0.9415293,-0.1644897,0.007352286,179.1575,0.2939667,-0.9415548,-0.1644942,-0.4127315,-0.1580999,-0.4156281,0.6067039,0.8394421,0.5289532,-0.08482049,-0.09138529,190.4866,0.8429692,0.5311757,-0.08517689,-0.06946186,-0.01009941,0.09544574,0.1184772,-0.5419021,0.6295325,-0.3641266,0.4212398,130.1742,-0.5974998,0.6941209,-0.4014851,-0.0948235,1.214227,-0.08659012,1.220999,0.01851408,-0.1707911,-0.1737132,-0.9696965,331.7176,0.07578029,-0.6990682,-0.7110287,False,False,False,False
1772879684259,9.876302,0.1814598,1.176391,0.07354373,1.192574,0.01665686,-0.7577019,0.3018698,0.5783468,109.3313,0.02041805,-0.9287941,0.3700332,-0.1016235,0.6376834,-0.06099047,0.6486041,0.5262773,0.2484201,-0.758029,0.2944686,145.7487,0.5506945,0.2599458,-0.7931986,0.1429621,1.127382,0.1940164,1.152853,0.1568155,1.140419,0.2030607,1.168923,0.1747231,1.143627,0.1875412,1.171999,-0.01205817,0.6471227,0.02902674,0.6478856,-0.003935922,0.645758,0.07430404,0.6500307,-0.02171724,0.6362756,0.1042853,0.6451308,0.1036443,-0.07842565,0.03879325,0.1356379,0.1113068,-0.07692168,0.01923034,0.13666,0.09267014,-0.07420458,0.00449536,0.1188035,-0.1111567,0.05076474,-0.03579511,0.1273348,-0.1558682,0.0544553,-0.02554203,0.1670709,-0.1775739,0.04653629,0.002226971,0.183584,0.09958398,-0.080952,0.04398007,0.135663,0.1268151,-0.07488379,0.01913414,0.1485118,0.1130509,-0.07692335,0.002206413,0.1367574,-0.1113881,0.04945624,-0.03699183,0.1273641,-0.156741,0.05366409,-0.02559221,0.1676381,-0.177969,0.04596948,0.002004881,0.183821,0.1081374,-0.07875808,0.02791625,0.1366596,-0.09026717,0.9827217,0.0319564,0.1583939,161.7726,-0.09142127,0.9952862,0.03236497,-0.1410817,0.04835728,-0.0206507,0.150562,0.1286665,-0.4806291,-0.1801888,0.8485121,63.8996,0.243145,-0.9082593,-0.3405082,0.1694619,1.110099,0.2045543,1.141438,0.6104378,-0.4481529,0.1120189,-0.64341,260.0931,0.797414,-0.5854216,0.1463302,0.09918578,-0.1071061,0.02192056,0.1476145,0.2939588,-0.9415293,-0.1644897,0.007352286,179.1575,0.2939667,-0.9415548,-0.1644942,-0.4127315,-0.1580999,-0.4156281,0.6067039,0.8394421,0.5289532,-0.08482049,-0.09138529,190.4866,0.8429692,0.5311757,-0.08517689,-0.06946186,-0.01009941,0.09544574,0.1184772,-0.5419021,0.6295325,-0.3641266,0.4212398,130.1742,-0.5974998,0.6941209,-0.4014851,-0.09498429,1.21409,-0.08634298,1.220857,0.01816703,-0.1706107,-0.1730749,-0.969849,331.7892,0.07454466,-0.7000659,-0.7101774,False,False,False,False
1772879684273,9.888431,0.1814598,1.176391,0.07354373,1.192574,0.01665686,-0.7577019,0.3018698,0.5783468,109.3313,0.02041805,-0.9287941,0.3700332,-0.1016235,0.6376834,-0.06099047,0.6486041,0.5262773,0.2484201,-0.758029,0.2944686,145.7487,0.5506945,0.2599458,-0.7931986,0.1429621,1.127382,0.1940164,1.152853,0.1568155,1.140419,0.2030607,1.168923,0.1747231,1.143627,0.1875412,1.171999,-0.01205817,0.6471227,0.02902674,0.6478856,-0.003935922,0.645758,0.07430404,0.6500307,-0.02171724,0.6362756,0.1042853,0.6451308,0.1036443,-0.07842565,0.03879325,0.1356379,0.1113068,-0.07692168,0.01923034,0.13666,0.09267014,-0.07420458,0.00449536,0.1188035,-0.1111567,0.05076474,-0.03579511,0.1273348,-0.1558682,0.0544553,-0.02554203,0.1670709,-0.1775739,0.04653629,0.002226971,0.183584,0.09958398,-0.080952,0.04398007,0.135663,0.1268151,-0.07488379,0.01913414,0.1485118,0.1130509,-0.07692335,0.002206413,0.1367574,-0.1113881,0.04945624,-0.03699183,0.1273641,-0.156741,0.05366409,-0.02559221,0.1676381,-0.177969,0.04596948,0.002004881,0.183821,0.1081374,-0.07875808,0.02791625,0.1366596,-0.09026717,0.9827217,0.0319564,0.1583939,161.7726,-0.09142127,0.9952862,0.03236497,-0.1410817,0.04835728,-0.0206507,0.150562,0.1286665,-0.4806291,-0.1801888,0.8485121,63.8996,0.243145,-0.9082593,-0.3405082,0.1694619,1.110099,0.2045543,1.141438,0.6104378,-0.4481529,0.1120189,-0.64341,260.0931,0.797414,-0.5854216,0.1463302,0.09918578,-0.1071061,0.02192056,0.1476145,0.2939588,-0.9415293,-0.1644897,0.007352286,179.1575,0.2939667,-0.9415548,-0.1644942,-0.4127315,-0.1580999,-0.4156281,0.6067039,0.8394421,0.5289532,-0.08482049,-0.09138529,190.4866,0.8429692,0.5311757,-0.08517689,-0.06946186,-0.01009941,0.09544574,0.1184772,-0.5419021,0.6295325,-0.3641266,0.4212398,130.1742,-0.5974998,0.6941209,-0.4014851,-0.09518883,1.213977,-0.0860954,1.220743,0.01773218,-0.1704557,-0.1727785,-0.9699371,331.8307,0.07286534,-0.7004389,-0.7099838,False,False,False,False
1772879684288,9.901835,0.1814598,1.176391,0.07354373,1.192574,0.01665686,-0.7577019,0.3018698,0.5783468,109.3313,0.02041805,-0.9287941,0.3700332,-0.1016235,0.6376834,-0.06099047,0.6486041,0.5262773,0.2484201,-0.758029,0.2944686,145.7487,0.5506945,0.2599458,-0.7931986,0.1429621,1.127382,0.1940164,1.152853,0.1568155,1.140419,0.2030607,1.168923,0.1747231,1.143627,0.1875412,1.171999,-0.01205817,0.6471227,0.02902674,0.6478856,-0.003935922,0.645758,0.07430404,0.6500307,-0.02171724,0.6362756,0.1042853,0.6451308,0.1036443,-0.07842565,0.03879325,0.1356379,0.1113068,-0.07692168,0.01923034,0.13666,0.09267014,-0.07420458,0.00449536,0.1188035,-0.1111567,0.05076474,-0.03579511,0.1273348,-0.1558682,0.0544553,-0.02554203,0.1670709,-0.1775739,0.04653629,0.002226971,0.183584,0.09958398,-0.080952,0.04398007,0.135663,0.1268151,-0.07488379,0.01913414,0.1485118,0.1130509,-0.07692335,0.002206413,0.1367574,-0.1113881,0.04945624,-0.03699183,0.1273641,-0.156741,0.05366409,-0.02559221,0.1676381,-0.177969,0.04596948,0.002004881,0.183821,0.1081374,-0.07875808,0.02791625,0.1366596,-0.09026717,0.9827217,0.0319564,0.1583939,161.7726,-0.09142127,0.9952862,0.03236497,-0.1410817,0.04835728,-0.0206507,0.150562,0.1286665,-0.4806291,-0.1801888,0.8485121,63.8996,0.243145,-0.9082593,-0.3405082,0.1694619,1.110099,0.2045543,1.141438,0.6104378,-0.4481529,0.1120189,-0.64341,260.0931,0.797414,-0.5854216,0.1463302,0.09918578,-0.1071061,0.02192056,0.1476145,0.2939588,-0.9415293,-0.1644897,0.007352286,179.1575,0.2939667,-0.9415548,-0.1644942,-0.4127315,-0.1580999,-0.4156281,0.6067039,0.8394421,0.5289532,-0.08482049,-0.09138529,190.4866,0.8429692,0.5311757,-0.08517689,-0.06946186,-0.01009941,0.09544574,0.1184772,-0.5419021,0.6295325,-0.3641266,0.4212398,130.1742,-0.5974998,0.6941209,-0.4014851,-0.09567077,1.213852,-0.08588631,1.220642,0.01742493,-0.1703599,-0.1725834,-0.9699942,331.8575,0.07166981,-0.7007009,-0.7098461,False,False,False,False
1772879684301,9.916338,0.1814598,1.176391,0.07354373,1.192574,0.01665686,-0.7577019,0.3018698,0.5783468,109.3313,0.02041805,-0.9287941,0.3700332,-0.1016235,0.6376834,-0.06099047,0.6486041,0.5262773,0.2484201,-0.758029,0.2944686,145.7487,0.5506945,0.2599458,-0.7931986,0.1429621,1.127382,0.1940164,1.152853,0.1568155,1.140419,0.2030607,1.168923,0.1747231,1.143627,0.1875412,1.171999,-0.01205817,0.6471227,0.02902674,0.6478856,-0.003935922,0.645758,0.07430404,0.6500307,-0.02171724,0.6362756,0.1042853,0.6451308,0.1036443,-0.07842565,0.03879325,0.1356379,0.1113068,-0.07692168,0.01923034,0.13666,0.09267014,-0.07420458,0.00449536,0.1188035,-0.1111567,0.05076474,-0.03579511,0.1273348,-0.1558682,0.0544553,-0.02554203,0.1670709,-0.1775739,0.04653629,0.002226971,0.183584,0.09958398,-0.080952,0.04398007,0.135663,0.1268151,-0.07488379,0.01913414,0.1485118,0.1130509,-0.07692335,0.002206413,0.1367574,-0.1113881,0.04945624,-0.03699183,0.1273641,-0.156741,0.05366409,-0.02559221,0.1676381,-0.177969,0.04596948,0.002004881,0.183821,0.1081374,-0.07875808,0.02791625,0.1366596,-0.09026717,0.9827217,0.0319564,0.1583939,161.7726,-0.09142127,0.9952862,0.03236497,-0.1410817,0.04835728,-0.0206507,0.150562,0.1286665,-0.4806291,-0.1801888,0.8485121,63.8996,0.243145,-0.9082593,-0.3405082,0.1694619,1.110099,0.2045543,1.141438,0.6104378,-0.4481529,0.1120189,-0.64341,260.0931,0.797414,-0.5854216,0.1463302,0.09918578,-0.1071061,0.02192056,0.1476145,0.2939588,-0.9415293,-0.1644897,0.007352286,179.1575,0.2939667,-0.9415548,-0.1644942,-0.4127315,-0.1580999,-0.4156281,0.6067039,0.8394421,0.5289532,-0.08482049,-0.09138529,190.4866,0.8429692,0.5311757,-0.08517689,-0.06946186,-0.01009941,0.09544574,0.1184772,-0.5419021,0.6295325,-0.3641266,0.4212398,130.1742,-0.5974998,0.6941209,-0.4014851,-0.09602335,1.213684,-0.08567172,1.220487,0.01723026,-0.1705531,-0.1727789,-0.969929,331.8268,0.07079336,-0.7007456,-0.7098907,False,False,False,False
1772879684315,9.930481,0.1814598,1.176391,0.07354373,1.192574,0.01665686,-0.7577019,0.3018698,0.5783468,109.3313,0.02041805,-0.9287941,0.3700332,-0.1016235,0.6376834,-0.06099047,0.6486041,0.5262773,0.2484201,-0.758029,0.2944686,145.7487,0.5506945,0.2599458,-0.7931986,0.1429621,1.127382,0.1940164,1.152853,0.1568155,1.140419,0.2030607,1.168923,0.1747231,1.143627,0.1875412,1.171999,-0.01205817,0.6471227,0.02902674,0.6478856,-0.003935922,0.645758,0.07430404,0.6500307,-0.02171724,0.6362756,0.1042853,0.6451308,0.1036443,-0.07842565,0.03879325,0.1356379,0.1113068,-0.07692168,0.01923034,0.13666,0.09267014,-0.07420458,0.00449536,0.1188035,-0.1111567,0.05076474,-0.03579511,0.1273348,-0.1558682,0.0544553,-0.02554203,0.1670709,-0.1775739,0.04653629,0.002226971,0.183584,0.09958398,-0.080952,0.04398007,0.135663,0.1268151,-0.07488379,0.01913414,0.1485118,0.1130509,-0.07692335,0.002206413,0.1367574,-0.1113881,0.04945624,-0.03699183,0.1273641,-0.156741,0.05366409,-0.02559221,0.1676381,-0.177969,0.04596948,0.002004881,0.183821,0.1081374,-0.07875808,0.02791625,0.1366596,-0.09026717,0.9827217,0.0319564,0.1583939,161.7726,-0.09142127,0.9952862,0.03236497,-0.1410817,0.04835728,-0.0206507,0.150562,0.1286665,-0.4806291,-0.1801888,0.8485121,63.8996,0.243145,-0.9082593,-0.3405082,0.1694619,1.110099,0.2045543,1.141438,0.6104378,-0.4481529,0.1120189,-0.64341,260.0931,0.797414,-0.5854216,0.1463302,0.09918578,-0.1071061,0.02192056,0.1476145,0.2939588,-0.9415293,-0.1644897,0.007352286,179.1575,0.2939667,-0.9415548,-0.1644942,-0.4127315,-0.1580999,-0.4156281,0.6067039,0.8394421,0.5289532,-0.08482049,-0.09138529,190.4866,0.8429692,0.5311757,-0.08517689,-0.06946186,-0.01009941,0.09544574,0.1184772,-0.5419021,0.6295325,-0.3641266,0.4212398,130.1742,-0.5974998,0.6941209,-0.4014851,-0.09637771,1.213732,-0.08536284,1.220542,0.01710511,-0.1703414,-0.1734082,-0.9698561,331.7925,0.07019542,-0.6990418,-0.7116274,False,False,False,False
1772879684330,9.943385,0.1814598,1.176391,0.07354373,1.192574,0.01665686,-0.7577019,0.3018698,0.5783468,109.3313,0.02041805,-0.9287941,0.3700332,-0.1016235,0.6376834,-0.06099047,0.6486041,0.5262773,0.2484201,-0.758029,0.2944686,145.7487,0.5506945,0.2599458,-0.7931986,0.1429621,1.127382,0.1940164,1.152853,0.1568155,1.140419,0.2030607,1.168923,0.1747231,1.143627,0.1875412,1.171999,-0.01205817,0.6471227,0.02902674,0.6478856,-0.003935922,0.645758,0.07430404,0.6500307,-0.02171724,0.6362756,0.1042853,0.6451308,0.1036443,-0.07842565,0.03879325,0.1356379,0.1113068,-0.07692168,0.01923034,0.13666,0.09267014,-0.07420458,0.00449536,0.1188035,-0.1111567,0.05076474,-0.03579511,0.1273348,-0.1558682,0.0544553,-0.02554203,0.1670709,-0.1775739,0.04653629,0.002226971,0.183584,0.09958398,-0.080952,0.04398007,0.135663,0.1268151,-0.07488379,0.01913414,0.1485118,0.1130509,-0.07692335,0.002206413,0.1367574,-0.1113881,0.04945624,-0.03699183,0.1273641,-0.156741,0.05366409,-0.02559221,0.1676381,-0.177969,0.04596948,0.002004881,0.183821,0.1081374,-0.07875808,0.02791625,0.1366596,-0.09026717,0.9827217,0.0319564,0.1583939,161.7726,-0.09142127,0.9952862,0.03236497,-0.1410817,0.04835728,-0.0206507,0.150562,0.1286665,-0.4806291,-0.1801888,0.8485121,63.8996,0.243145,-0.9082593,-0.3405082,0.1694619,1.110099,0.2045543,1.141438,0.6104378,-0.4481529,0.1120189,-0.64341,260.0931,0.797414,-0.5854216,0.1463302,0.09918578,-0.1071061,0.02192056,0.1476145,0.2939588,-0.9415293,-0.1644897,0.007352286,179.1575,0.2939667,-0.9415548,-0.1644942,-0.4127315,-0.1580999,-0.4156281,0.6067039,0.8394421,0.5289532,-0.08482049,-0.09138529,190.4866,0.8429692,0.5311757,-0.08517689,-0.06946186,-0.01009941,0.09544574,0.1184772,-0.5419021,0.6295325,-0.3641266,0.4212398,130.1742,-0.5974998,0.6941209,-0.4014851,-0.09678767,1.213801,-0.08503749,1.22062,0.01732584,-0.1700975,-0.1738567,-0.9698147,331.773,0.07105318,-0.6975694,-0.7129856,False,False,False,False
1772879684343,9.957628,0.1814598,1.176391,0.07354373,1.192574,0.01665686,-0.7577019,0.3018698,0.5783468,109.3313,0.02041805,-0.9287941,0.3700332,-0.1016235,0.6376834,-0.06099047,0.6486041,0.5262773,0.2484201,-0.758029,0.2944686,145.7487,0.5506945,0.2599458,-0.7931986,0.1429621,1.127382,0.1940164,1.152853,0.1568155,1.140419,0.2030607,1.168923,0.1747231,1.143627,0.1875412,1.171999,-0.01205817,0.6471227,0.02902674,0.6478856,-0.003935922,0.645758,0.07430404,0.6500307,-0.02171724,0.6362756,0.1042853,0.6451308,0.1036443,-0.07842565,0.03879325,0.1356379,0.1113068,-0.07692168,0.01923034,0.13666,0.09267014,-0.07420458,0.00449536,0.1188035,-0.1111567,0.05076474,-0.03579511,0.1273348,-0.1558682,0.0544553,-0.02554203,0.1670709,-0.1775739,0.04653629,0.002226971,0.183584,0.09958398,-0.080952,0.04398007,0.135663,0.1268151,-0.07488379,0.01913414,0.1485118,0.1130509,-0.07692335,0.002206413,0.1367574,-0.1113881,0.04945624,-0.03699183,0.1273641,-0.156741,0.05366409,-0.02559221,0.1676381,-0.177969,0.04596948,0.002004881,0.183821,0.1081374,-0.07875808,0.02791625,0.1366596,-0.09026717,0.9827217,0.0319564,0.1583939,161.7726,-0.09142127,0.9952862,0.03236497,-0.1410817,0.04835728,-0.0206507,0.150562,0.1286665,-0.4806291,-0.1801888,0.8485121,63.8996,0.243145,-0.9082593,-0.3405082,0.1694619,1.110099,0.2045543,1.141438,0.6104378,-0.4481529,0.1120189,-0.64341,260.0931,0.797414,-0.5854216,0.1463302,0.09918578,-0.1071061,0.02192056,0.1476145,0.2939588,-0.9415293,-0.1644897,0.007352286,179.1575,0.2939667,-0.9415548,-0.1644942,-0.4127315,-0.1580999,-0.4156281,0.6067039,0.8394421,0.5289532,-0.08482049,-0.09138529,190.4866,0.8429692,0.5311757,-0.08517689,-0.06946186,-0.01009941,0.09544574,0.1184772,-0.5419021,0.6295325,-0.3641266,0.4212398,130.1742,-0.5974998,0.6941209,-0.4014851,-0.09723272,1.213809,-0.08472259,1.220641,0.01791679,-0.1696784,-0.1746502,-0.9697348,331.7355,0.07338115,-0.6949458,-0.7153088,False,False,False,False
1772879684357,9.971207,0.1814598,1.176391,0.07354373,1.192574,0.01665686,-0.7577019,0.3018698,0.5783468,109.3313,0.02041805,-0.9287941,0.3700332,-0.1016235,0.6376834,-0.06099047,0.6486041,0.5262773,0.2484201,-0.758029,0.2944686,145.7487,0.5506945,0.2599458,-0.7931986,0.1429621,1.127382,0.1940164,1.152853,0.1568155,1.140419,0.2030607,1.168923,0.1747231,1.143627,0.1875412,1.171999,-0.01205817,0.6471227,0.02902674,0.6478856,-0.003935922,0.645758,0.07430404,0.6500307,-0.02171724,0.6362756,0.1042853,0.6451308,0.1036443,-0.07842565,0.03879325,0.1356379,0.1113068,-0.07692168,0.01923034,0.13666,0.09267014,-0.07420458,0.00449536,0.1188035,-0.1111567,0.05076474,-0.03579511,0.1273348,-0.1558682,0.0544553,-0.02554203,0.1670709,-0.1775739,0.04653629,0.002226971,0.183584,0.09958398,-0.080952,0.04398007,0.135663,0.1268151,-0.07488379,0.01913414,0.1485118,0.1130509,-0.07692335,0.002206413,0.1367574,-0.1113881,0.04945624,-0.03699183,0.1273641,-0.156741,0.05366409,-0.02559221,0.1676381,-0.177969,0.04596948,0.002004881,0.183821,0.1081374,-0.07875808,0.02791625,0.1366596,-0.09026717,0.9827217,0.0319564,0.1583939,161.7726,-0.09142127,0.9952862,0.03236497,-0.1410817,0.04835728,-0.0206507,0.150562,0.1286665,-0.4806291,-0.1801888,0.8485121,63.8996,0.243145,-0.9082593,-0.3405082,0.1694619,1.110099,0.2045543,1.141438,0.6104378,-0.4481529,0.1120189,-0.64341,260.0931,0.797414,-0.5854216,0.1463302,0.09918578,-0.1071061,0.02192056,0.1476145,0.2939588,-0.9415293,-0.1644897,0.007352286,179.1575,0.2939667,-0.9415548,-0.1644942,-0.4127315,-0.1580999,-0.4156281,0.6067039,0.8394421,0.5289532,-0.08482049,-0.09138529,190.4866,0.8429692,0.5311757,-0.08517689,-0.06946186,-0.01009941,0.09544574,0.1184772,-0.5419021,0.6295325,-0.3641266,0.4212398,130.1742,-0.5974998,0.6941209,-0.4014851,-0.09765403,1.213825,-0.08443362,1.22067,0.0182668,-0.1691684,-0.1755001,-0.9696639,331.7023,0.07472856,-0.6920595,-0.7179621,False,False,False,False
1772879684371,9.985705,0.1814598,1.176391,0.07354373,1.192574,0.01665686,-0.7577019,0.3018698,0.5783468,109.3313,0.02041805,-0.9287941,0.3700332,-0.1016235,0.6376834,-0.06099047,0.6486041,0.5262773,0.2484201,-0.758029,0.2944686,145.7487,0.5506945,0.2599458,-0.7931986,0.1429621,1.127382,0.1940164,1.152853,0.1568155,1.140419,0.2030607,1.168923,0.1747231,1.143627,0.1875412,1.171999,-0.01205817,0.6471227,0.02902674,0.6478856,-0.003935922,0.645758,0.07430404,0.6500307,-0.02171724,0.6362756,0.1042853,0.6451308,0.1036443,-0.07842565,0.03879325,0.1356379,0.1113068,-0.07692168,0.01923034,0.13666,0.09267014,-0.07420458,0.00449536,0.1188035,-0.1111567,0.05076474,-0.03579511,0.1273348,-0.1558682,0.0544553,-0.02554203,0.1670709,-0.1775739,0.04653629,0.002226971,0.183584,0.09958398,-0.080952,0.04398007,0.135663,0.1268151,-0.07488379,0.01913414,0.1485118,0.1130509,-0.07692335,0.002206413,0.1367574,-0.1113881,0.04945624,-0.03699183,0.1273641,-0.156741,0.05366409,-0.02559221,0.1676381,-0.177969,0.04596948,0.002004881,0.183821,0.1081374,-0.07875808,0.02791625,0.1366596,-0.09026717,0.9827217,0.0319564,0.1583939,161.7726,-0.09142127,0.9952862,0.03236497,-0.1410817,0.04835728,-0.0206507,0.150562,0.1286665,-0.4806291,-0.1801888,0.8485121,63.8996,0.243145,-0.9082593,-0.3405082,0.1694619,1.110099,0.2045543,1.141438,0.6104378,-0.4481529,0.1120189,-0.64341,260.0931,0.797414,-0.5854216,0.1463302,0.09918578,-0.1071061,0.02192056,0.1476145,0.2939588,-0.9415293,-0.1644897,0.007352286,179.1575,0.2939667,-0.9415548,-0.1644942,-0.4127315,-0.1580999,-0.4156281,0.6067039,0.8394421,0.5289532,-0.08482049,-0.09138529,190.4866,0.8429692,0.5311757,-0.08517689,-0.06946186,-0.01009941,0.09544574,0.1184772,-0.5419021,0.6295325,-0.3641266,0.4212398,130.1742,-0.5974998,0.6941209,-0.4014851,-0.09818384,1.213828,-0.08410231,1.220693,0.01848379,-0.1688982,-0.1764437,-0.9695356,331.6422,0.07545937,-0.6895207,-0.7203247,False,False,False,False
1772879684385,9.999386,0.1814598,1.176391,0.07354373,1.192574,0.01665686,-0.7577019,0.3018698,0.5783468,109.3313,0.02041805,-0.9287941,0.3700332,-0.1016235,0.6376834,-0.06099047,0.6486041,0.5262773,0.2484201,-0.758029,0.2944686,145.7487,0.5506945,0.2599458,-0.7931986,0.1429621,1.127382,0.1940164,1.152853,0.1568155,1.140419,0.2030607,1.168923,0.1747231,1.143627,0.1875412,1.171999,-0.01205817,0.6471227,0.02902674,0.6478856,-0.003935922,0.645758,0.07430404,0.6500307,-0.02171724,0.6362756,0.1042853,0.6451308,0.1036443,-0.07842565,0.03879325,0.1356379,0.1113068,-0.07692168,0.01923034,0.13666,0.09267014,-0.07420458,0.00449536,0.1188035,-0.1111567,0.05076474,-0.03579511,0.1273348,-0.1558682,0.0544553,-0.02554203,0.1670709,-0.1775739,0.04653629,0.002226971,0.183584,0.09958398,-0.080952,0.04398007,0.135663,0.1268151,-0.07488379,0.01913414,0.1485118,0.1130509,-0.07692335,0.002206413,0.1367574,-0.1113881,0.04945624,-0.03699183,0.1273641,-0.156741,0.05366409,-0.02559221,0.1676381,-0.177969,0.04596948,0.002004881,0.183821,0.1081374,-0.07875808,0.02791625,0.1366596,-0.09026717,0.9827217,0.0319564,0.1583939,161.7726,-0.09142127,0.9952862,0.03236497,-0.1410817,0.04835728,-0.0206507,0.150562,0.1286665,-0.4806291,-0.1801888,0.8485121,63.8996,0.243145,-0.9082593,-0.3405082,0.1694619,1.110099,0.2045543,1.141438,0.6104378,-0.4481529,0.1120189,-0.64341,260.0931,0.797414,-0.5854216,0.1463302,0.09918578,-0.1071061,0.02192056,0.1476145,0.2939588,-0.9415293,-0.1644897,0.007352286,179.1575,0.2939667,-0.9415548,-0.1644942,-0.4127315,-0.1580999,-0.4156281,0.6067039,0.8394421,0.5289532,-0.08482049,-0.09138529,190.4866,0.8429692,0.5311757,-0.08517689,-0.06946186,-0.01009941,0.09544574,0.1184772,-0.5419021,0.6295325,-0.3641266,0.4212398,130.1742,-0.5974998,0.6941209,-0.4014851,-0.09861067,1.213688,-0.08396871,1.220579,0.01867509,-0.1683671,-0.1772448,-0.9694782,331.6154,0.0761697,-0.6867156,-0.7229248,False,False,False,False
1772879684399,10.01325,0.1814598,1.176391,0.07354373,1.192574,0.01665686,-0.7577019,0.3018698,0.5783468,109.3313,0.02041805,-0.9287941,0.3700332,-0.1016235,0.6376834,-0.06099047,0.6486041,0.5262773,0.2484201,-0.758029,0.2944686,145.7487,0.5506945,0.2599458,-0.7931986,0.1429621,1.127382,0.1940164,1.152853,0.1568155,1.140419,0.2030607,1.168923,0.1747231,1.143627,0.1875412,1.171999,-0.01205817,0.6471227,0.02902674,0.6478856,-0.003935922,0.645758,0.07430404,0.6500307,-0.02171724,0.6362756,0.1042853,0.6451308,0.1036443,-0.07842565,0.03879325,0.1356379,0.1113068,-0.07692168,0.01923034,0.13666,0.09267014,-0.07420458,0.00449536,0.1188035,-0.1111567,0.05076474,-0.03579511,0.1273348,-0.1558682,0.0544553,-0.02554203,0.1670709,-0.1775739,0.04653629,0.002226971,0.183584,0.09958398,-0.080952,0.04398007,0.135663,0.1268151,-0.07488379,0.01913414,0.1485118,0.1130509,-0.07692335,0.002206413,0.1367574,-0.1113881,0.04945624,-0.03699183,0.1273641,-0.156741,0.05366409,-0.02559221,0.1676381,-0.177969,0.04596948,0.002004881,0.183821,0.1081374,-0.07875808,0.02791625,0.1366596,-0.09026717,0.9827217,0.0319564,0.1583939,161.7726,-0.09142127,0.9952862,0.03236497,-0.1410817,0.04835728,-0.0206507,0.150562,0.1286665,-0.4806291,-0.1801888,0.8485121,63.8996,0.243145,-0.9082593,-0.3405082,0.1694619,1.110099,0.2045543,1.141438,0.6104378,-0.4481529,0.1120189,-0.64341,260.0931,0.797414,-0.5854216,0.1463302,0.09918578,-0.1071061,0.02192056,0.1476145,0.2939588,-0.9415293,-0.1644897,0.007352286,179.1575,0.2939667,-0.9415548,-0.1644942,-0.4127315,-0.1580999,-0.4156281,0.6067039,0.8394421,0.5289532,-0.08482049,-0.09138529,190.4866,0.8429692,0.5311757,-0.08517689,-0.06946186,-0.01009941,0.09544574,0.1184772,-0.5419021,0.6295325,-0.3641266,0.4212398,130.1742,-0.5974998,0.6941209,-0.4014851,-0.09905662,1.213585,-0.08381436,1.220502,0.0185965,-0.1677833,-0.1781672,-0.969412,331.5844,0.07576825,-0.6836042,-0.7259115,False,False,False,False
1772879684413,10.02752,0.1814598,1.176391,0.07354373,1.192574,0.01665686,-0.7577019,0.3018698,0.5783468,109.3313,0.02041805,-0.9287941,0.3700332,-0.1016235,0.6376834,-0.06099047,0.6486041,0.5262773,0.2484201,-0.758029,0.2944686,145.7487,0.5506945,0.2599458,-0.7931986,0.1429621,1.127382,0.1940164,1.152853,0.1568155,1.140419,0.2030607,1.168923,0.1747231,1.143627,0.1875412,1.171999,-0.01205817,0.6471227,0.02902674,0.6478856,-0.003935922,0.645758,0.07430404,0.6500307,-0.02171724,0.6362756,0.1042853,0.6451308,0.1036443,-0.07842565,0.03879325,0.1356379,0.1113068,-0.07692168,0.01923034,0.13666,0.09267014,-0.07420458,0.00449536,0.1188035,-0.1111567,0.05076474,-0.03579511,0.1273348,-0.1558682,0.0544553,-0.02554203,0.1670709,-0.1775739,0.04653629,0.002226971,0.183584,0.09958398,-0.080952,0.04398007,0.135663,0.1268151,-0.07488379,0.01913414,0.1485118,0.1130509,-0.07692335,0.002206413,0.1367574,-0.1113881,0.04945624,-0.03699183,0.1273641,-0.156741,0.05366409,-0.02559221,0.1676381,-0.177969,0.04596948,0.002004881,0.183821,0.1081374,-0.07875808,0.02791625,0.1366596,-0.09026717,0.9827217,0.0319564,0.1583939,161.7726,-0.09142127,0.9952862,0.03236497,-0.1410817,0.04835728,-0.0206507,0.150562,0.1286665,-0.4806291,-0.1801888,0.8485121,63.8996,0.243145,-0.9082593,-0.3405082,0.1694619,1.110099,0.2045543,1.141438,0.6104378,-0.4481529,0.1120189,-0.64341,260.0931,0.797414,-0.5854216,0.1463302,0.09918578,-0.1071061,0.02192056,0.1476145,0.2939588,-0.9415293,-0.1644897,0.007352286,179.1575,0.2939667,-0.9415548,-0.1644942,-0.4127315,-0.1580999,-0.4156281,0.6067039,0.8394421,0.5289532,-0.08482049,-0.09138529,190.4866,0.8429692,0.5311757,-0.08517689,-0.06946186,-0.01009941,0.09544574,0.1184772,-0.5419021,0.6295325,-0.3641266,0.4212398,130.1742,-0.5974998,0.6941209,-0.4014851,-0.09952752,1.213518,-0.08358325,1.220458,0.01882107,-0.1672154,-0.1785047,-0.9694436,331.5992,0.07672223,-0.681637,-0.7276566,False,False,False,False
1772879684426,10.04101,0.1814598,1.176391,0.07354373,1.192574,0.01665686,-0.7577019,0.3018698,0.5783468,109.3313,0.02041805,-0.9287941,0.3700332,-0.1016235,0.6376834,-0.06099047,0.6486041,0.5262773,0.2484201,-0.758029,0.2944686,145.7487,0.5506945,0.2599458,-0.7931986,0.1429621,1.127382,0.1940164,1.152853,0.1568155,1.140419,0.2030607,1.168923,0.1747231,1.143627,0.1875412,1.171999,-0.01205817,0.6471227,0.02902674,0.6478856,-0.003935922,0.645758,0.07430404,0.6500307,-0.02171724,0.6362756,0.1042853,0.6451308,0.1036443,-0.07842565,0.03879325,0.1356379,0.1113068,-0.07692168,0.01923034,0.13666,0.09267014,-0.07420458,0.00449536,0.1188035,-0.1111567,0.05076474,-0.03579511,0.1273348,-0.1558682,0.0544553,-0.02554203,0.1670709,-0.1775739,0.04653629,0.002226971,0.183584,0.09958398,-0.080952,0.04398007,0.135663,0.1268151,-0.07488379,0.01913414,0.1485118,0.1130509,-0.07692335,0.002206413,0.1367574,-0.1113881,0.04945624,-0.03699183,0.1273641,-0.156741,0.05366409,-0.02559221,0.1676381,-0.177969,0.04596948,0.002004881,0.183821,0.1081374,-0.07875808,0.02791625,0.1366596,-0.09026717,0.9827217,0.0319564,0.1583939,161.7726,-0.09142127,0.9952862,0.03236497,-0.1410817,0.04835728,-0.0206507,0.150562,0.1286665,-0.4806291,-0.1801888,0.8485121,63.8996,0.243145,-0.9082593,-0.3405082,0.1694967,1.110075,0.2044683,1.141404,0.6110853,-0.4492166,0.1118419,-0.642083,259.8947,0.7971007,-0.5859588,0.1458867,0.09918578,-0.1071061,0.02192056,0.1476145,0.2939588,-0.9415293,-0.1644897,0.007352286,179.1575,0.2939667,-0.9415548,-0.1644942,-0.4127315,-0.1580999,-0.4156281,0.6067039,0.8394421,0.5289532,-0.08482049,-0.09138529,190.4866,0.8429692,0.5311757,-0.08517689,-0.06949674,-0.01007533,0.09553169,0.1185648,-0.5417516,0.6287556,-0.3638164,0.4228586,129.9696,-0.5978307,0.6938409,-0.4014766,-0.09994902,1.213454,-0.08329076,1.220409,0.01935635,-0.1663922,-0.179287,-0.9694303,331.593,0.0788874,-0.6781364,-0.7306895,False,False,False,False
1772879684440,10.05477,0.1814598,1.176391,0.07354373,1.192574,0.01665686,-0.7577019,0.3018698,0.5783468,109.3313,0.02041805,-0.9287941,0.3700332,-0.1016235,0.6376834,-0.06099047,0.6486041,0.5262773,0.2484201,-0.758029,0.2944686,145.7487,0.5506945,0.2599458,-0.7931986,0.1429621,1.127382,0.1940164,1.152853,0.1568155,1.140419,0.2030607,1.168923,0.1747231,1.143627,0.1875412,1.171999,-0.01205817,0.6471227,0.02902674,0.6478856,-0.003935922,0.645758,0.07430404,0.6500307,-0.02171724,0.6362756,0.1042853,0.6451308,0.1036443,-0.07842565,0.03879325,0.1356379,0.1113068,-0.07692168,0.01923034,0.13666,0.09267014,-0.07420458,0.00449536,0.1188035,-0.1111567,0.05076474,-0.03579511,0.1273348,-0.1558682,0.0544553,-0.02554203,0.1670709,-0.1775739,0.04653629,0.002226971,0.183584,0.09958398,-0.080952,0.04398007,0.135663,0.1268151,-0.07488379,0.01913414,0.1485118,0.1130509,-0.07692335,0.002206413,0.1367574,-0.1113881,0.04945624,-0.03699183,0.1273641,-0.156741,0.05366409,-0.02559221,0.1676381,-0.177969,0.04596948,0.002004881,0.183821,0.1081374,-0.07875808,0.02791625,0.1366596,-0.09026717,0.9827217,0.0319564,0.1583939,161.7726,-0.09142127,0.9952862,0.03236497,-0.1410817,0.04835728,-0.0206507,0.150562,0.1286665,-0.4806291,-0.1801888,0.8485121,63.8996,0.243145,-0.9082593,-0.3405082,0.1698875,1.108792,0.2033993,1.140023,0.6135914,-0.4508325,0.09412645,-0.6414016,259.7928,0.7997747,-0.5876296,0.1226874,0.09918578,-0.1071061,0.02192056,0.1476145,0.2939588,-0.9415293,-0.1644897,0.007352286,179.1575,0.2939667,-0.9415548,-0.1644942,-0.4127315,-0.1580999,-0.4156281,0.6067039,0.8394421,0.5289532,-0.08482049,-0.09138529,190.4866,0.8429692,0.5311757,-0.08517689,-0.06988745,-0.008792043,0.09660074,0.1195544,-0.5559695,0.6194178,-0.3580055,0.4231453,129.9334,-0.6136109,0.6836373,-0.3951225,-0.100318,1.213406,-0.083034,1.220374,0.01983214,-0.1653065,-0.1792486,-0.9696136,331.6787,0.08106606,-0.6757086,-0.7326984,False,False,False,False
1772879684453,10.06969,0.1814598,1.176391,0.07354373,1.192574,0.01665686,-0.7577019,0.3018698,0.5783468,109.3313,0.02041805,-0.9287941,0.3700332,-0.1016235,0.6376834,-0.06099047,0.6486041,0.5262773,0.2484201,-0.758029,0.2944686,145.7487,0.5506945,0.2599458,-0.7931986,0.1429621,1.127382,0.1940164,1.152853,0.1568155,1.140419,0.2030607,1.168923,0.1747231,1.143627,0.1875412,1.171999,-0.01205817,0.6471227,0.02902674,0.6478856,-0.003935922,0.645758,0.07430404,0.6500307,-0.02171724,0.6362756,0.1042853,0.6451308,0.1036443,-0.07842565,0.03879325,0.1356379,0.1113068,-0.07692168,0.01923034,0.13666,0.09267014,-0.07420458,0.00449536,0.1188035,-0.1111567,0.05076474,-0.03579511,0.1273348,-0.1558682,0.0544553,-0.02554203,0.1670709,-0.1775739,0.04653629,0.002226971,0.183584,0.09958398,-0.080952,0.04398007,0.135663,0.1268151,-0.07488379,0.01913414,0.1485118,0.1130509,-0.07692335,0.002206413,0.1367574,-0.1113881,0.04945624,-0.03699183,0.1273641,-0.156741,0.05366409,-0.02559221,0.1676381,-0.177969,0.04596948,0.002004881,0.183821,0.1081374,-0.07875808,0.02791625,0.1366596,-0.09026717,0.9827217,0.0319564,0.1583939,161.7726,-0.09142127,0.9952862,0.03236497,-0.1410817,0.04835728,-0.0206507,0.150562,0.1286665,-0.4806291,-0.1801888,0.8485121,63.8996,0.243145,-0.9082593,-0.3405082,0.1698471,1.108672,0.2028733,1.139807,0.6224654,-0.4462546,0.09469635,-0.6359453,258.9803,0.8065801,-0.5782491,0.1227059,0.09918578,-0.1071061,0.02192056,0.1476145,0.2939588,-0.9415293,-0.1644897,0.007352286,179.1575,0.2939667,-0.9415548,-0.1644942,-0.4127315,-0.1580999,-0.4156281,0.6067039,0.8394421,0.5289532,-0.08482049,-0.09138529,190.4866,0.8429692,0.5311757,-0.08517689,-0.06984708,-0.008671999,0.09712674,0.1199476,-0.555494,0.6125939,-0.3665121,0.4264085,129.5203,-0.6141239,0.6772505,-0.4051958,-0.1007021,1.213225,-0.08274964,1.220206,0.02010866,-0.1643418,-0.1802599,-0.9695843,331.665,0.0821575,-0.6714478,-0.7364838,False,False,False,False
1772879684469,10.08386,0.1814598,1.176391,0.07354373,1.192574,0.01665686,-0.7577019,0.3018698,0.5783468,109.3313,0.02041805,-0.9287941,0.3700332,-0.1016235,0.6376834,-0.06099047,0.6486041,0.5262773,0.2484201,-0.758029,0.2944686,145.7487,0.5506945,0.2599458,-0.7931986,0.1429621,1.127382,0.1940164,1.152853,0.1568155,1.140419,0.2030607,1.168923,0.1747231,1.143627,0.1875412,1.171999,-0.01205817,0.6471227,0.02902674,0.6478856,-0.003935922,0.645758,0.07430404,0.6500307,-0.02171724,0.6362756,0.1042853,0.6451308,0.1036443,-0.07842565,0.03879325,0.1356379,0.1113068,-0.07692168,0.01923034,0.13666,0.09267014,-0.07420458,0.00449536,0.1188035,-0.1111567,0.05076474,-0.03579511,0.1273348,-0.1558682,0.0544553,-0.02554203,0.1670709,-0.1775739,0.04653629,0.002226971,0.183584,0.09958398,-0.080952,0.04398007,0.135663,0.1268151,-0.07488379,0.01913414,0.1485118,0.1130509,-0.07692335,0.002206413,0.1367574,-0.1113881,0.04945624,-0.03699183,0.1273641,-0.156741,0.05366409,-0.02559221,0.1676381,-0.177969,0.04596948,0.002004881,0.183821,0.1081374,-0.07875808,0.02791625,0.1366596,-0.09026717,0.9827217,0.0319564,0.1583939,161.7726,-0.09142127,0.9952862,0.03236497,-0.1410817,0.04835728,-0.0206507,0.150562,0.1286665,-0.4806291,-0.1801888,0.8485121,63.8996,0.243145,-0.9082593,-0.3405082,0.1690093,1.108711,0.2022921,1.139617,0.6151961,-0.4682091,0.1021513,-0.6260026,257.5116,0.7888941,-0.6004059,0.1309932,0.09918578,-0.1071061,0.02192056,0.1476145,0.2939588,-0.9415293,-0.1644897,0.007352286,179.1575,0.2939667,-0.9415548,-0.1644942,-0.4127315,-0.1580999,-0.4156281,0.6067039,0.8394421,0.5289532,-0.08482049,-0.09138529,190.4866,0.8429692,0.5311757,-0.08517689,-0.06900933,-0.008711338,0.09770794,0.1199376,-0.5450531,0.6183282,-0.3512156,0.4441117,127.267,-0.6083375,0.6901204,-0.3919941,-0.1010203,1.213029,-0.08257011,1.220026,0.0200543,-0.1636391,-0.180451,-0.9696687,331.7046,0.0820476,-0.6694921,-0.738274,True,True,False,False
1772879684482,10.09793,0.2157069,1.134422,0.08190985,1.15765,-0.01651856,-0.8106371,0.2632976,0.5227515,116.966,-0.01937695,-0.9509104,0.3088589,-0.100363,0.6317328,-0.06114342,0.642571,0.5215856,0.2278813,-0.7620034,0.3088198,144.0238,0.5483906,0.2395924,-0.8011637,0.1665504,1.076139,0.191779,1.105709,0.1528285,1.11322,0.2274812,1.146456,0.1729418,1.116458,0.2346142,1.153877,-0.01212531,0.6444123,0.0298242,0.645216,-0.00357632,0.64511,0.07290433,0.6492262,-0.02149874,0.6379419,0.1040269,0.6467254,0.09681971,-0.08675343,0.03137429,0.1337332,0.1441831,-0.06728122,0.01669511,0.1599821,0.1420351,-0.07265975,-0.004098311,0.1595939,-0.111464,0.05127316,-0.03418511,0.1273648,-0.1542012,0.05575369,-0.02507874,0.1658778,-0.176899,0.04733208,0.002400167,0.1831375,0.09935798,-0.0814263,0.04294948,0.1354508,0.128235,-0.07426224,0.01893473,0.1493908,0.1154206,-0.07657477,0.001690967,0.1385224,-0.1113943,0.04960478,-0.03676237,0.1273609,-0.1565333,0.05383493,-0.02555024,0.1674924,-0.1778815,0.04608088,0.002037198,0.1837646,0.1087673,-0.07885648,0.02754324,0.1371397,-0.1042216,0.9758589,0.03566891,0.1885865,158.2594,-0.1061259,0.9936892,0.03632063,-0.1411568,0.0484872,-0.02044459,0.1506461,0.1297321,-0.4810649,-0.1811309,0.847902,64.03159,0.2447068,-0.9074077,-0.3416578,0.1681582,1.108973,0.201718,1.139644,0.6164337,-0.4723572,0.1004631,-0.6219288,256.9143,0.7871974,-0.6032091,0.1282932,0.1143635,-0.06399523,0.01261726,0.1316571,0.2707833,-0.915885,-0.2882102,0.06903798,172.0825,0.2714309,-0.9180754,-0.2888995,-0.4290091,-0.152271,-0.402782,0.6078393,0.8499972,0.5201242,-0.06106688,-0.05698022,186.533,0.8513803,0.5209705,-0.06116625,-0.06815817,-0.008973241,0.09828202,0.1199392,-0.5452924,0.6157987,-0.3488054,0.4492028,126.6149,-0.610336,0.6892524,-0.3904116,-0.1011838,1.212865,-0.08236042,1.219862,0.01981395,-0.1628787,-0.181258,-0.9696512,331.6964,0.08104122,-0.6661916,-0.7413648,True,True,False,False
1772879684495,10.11361,0.2161258,1.133058,0.08219698,1.156411,-0.03029248,-0.8104327,0.2616975,0.5232549,116.8983,-0.0355472,-0.9510154,0.3070932,-0.1004505,0.631767,-0.06109169,0.6426134,0.5215856,0.2278813,-0.7620034,0.3088198,144.0238,0.5483906,0.2395924,-0.8011637,0.1639533,1.078185,0.192668,1.107468,0.1520721,1.114864,0.2273947,1.147935,0.1727278,1.116605,0.2328752,1.153634,-0.01220101,0.6444911,0.02987918,0.6452987,-0.003667381,0.6451527,0.07296726,0.6492763,-0.02160807,0.6380072,0.1041034,0.6468057,0.09772732,-0.08589026,0.03176543,0.1339284,0.1438286,-0.06746383,0.01668118,0.1597382,0.1396452,-0.07310576,-0.003577024,0.1576643,-0.1114805,0.05124994,-0.0342215,0.1273797,-0.1542127,0.05574483,-0.02507813,0.1658854,-0.1769237,0.047294,0.00240241,0.1831516,0.09922551,-0.08178894,0.04204091,0.135287,0.1295018,-0.07370995,0.01875166,0.1501849,0.1173885,-0.07629295,0.001263004,0.1400081,-0.1114013,0.04973843,-0.03655595,0.1273597,-0.1563448,0.05399008,-0.02551188,0.1673604,-0.1778037,0.04617943,0.002066867,0.1837144,0.1093215,-0.07892293,0.02717477,0.1375445,-0.115963,0.9694696,0.03757166,0.2127669,155.4309,-0.1186804,0.9921877,0.0384521,-0.1412275,0.04860329,-0.02025815,0.1507245,0.1307422,-0.4814396,-0.1820429,0.8473387,64.15324,0.2461943,-0.9065757,-0.3427961,0.166001,1.109116,0.2003756,1.13923,0.6082687,-0.4945443,0.09919647,-0.6128582,255.5929,0.7697725,-0.6258526,0.1255345,0.1133082,-0.0644468,0.01319433,0.13102,0.261516,-0.9155571,-0.2985619,0.0650041,172.5458,0.2620703,-0.9174976,-0.2991947,-0.4282741,-0.1529569,-0.4026552,0.607409,0.8518002,0.5179773,-0.05603841,-0.05473553,186.2754,0.8530789,0.5187549,-0.05612253,-0.06600098,-0.009115815,0.09962444,0.119851,-0.541577,0.6179308,-0.3294976,0.4650669,124.5709,-0.611761,0.6980096,-0.3721978,-0.1013561,1.212787,-0.0821654,1.219786,0.01915111,-0.1622346,-0.1827213,-0.9694979,331.6245,0.07813598,-0.6619123,-0.7454976,True,True,False,False
1772879684509,10.12773,0.2157679,1.131859,0.08234178,1.15518,-0.04188734,-0.8105485,0.2597277,0.5232571,116.898,-0.04915346,-0.9511529,0.3047822,-0.1006484,0.6319709,-0.06119212,0.6428545,0.5215856,0.2278813,-0.7620034,0.3088198,144.0238,0.5483906,0.2395924,-0.8011637,0.159025,1.079886,0.1925388,1.108384,0.1514818,1.114775,0.2259215,1.14748,0.1715813,1.116343,0.2310334,1.15284,-0.01243019,0.6446171,0.02983374,0.6454268,-0.003868577,0.6453516,0.07286707,0.6494639,-0.02188543,0.6383172,0.1040727,0.6471158,0.09889267,-0.0844368,0.03398544,0.1344037,0.1417213,-0.0683586,0.01678926,0.1582394,0.1374566,-0.07348202,-0.002912179,0.1558923,-0.1115055,0.05128142,-0.03412951,0.1273895,-0.1542109,0.05574609,-0.02507254,0.1658833,-0.1769926,0.04716123,0.002407938,0.1831839,0.09919567,-0.08202638,0.04131854,0.1351863,0.1305976,-0.07323007,0.01857568,0.1508755,0.1191881,-0.07604089,0.0008886006,0.1413818,-0.1114106,0.04987679,-0.03633837,0.1273597,-0.1561535,0.05414755,-0.02547248,0.1672265,-0.177731,0.04626747,0.002097452,0.1836665,0.1098113,-0.07895283,0.02689972,0.1378973,-0.125801,0.9635741,0.03785019,0.232952,153.0582,-0.1293599,0.9908335,0.03892097,-0.1413074,0.04871745,-0.02006248,0.1508101,0.1319335,-0.4818281,-0.1830391,0.8467183,64.28699,0.247976,-0.9056214,-0.3440317,0.1652547,1.10959,0.1998809,1.139496,0.6046162,-0.4998213,0.1098386,-0.6103716,255.2328,0.7632933,-0.6309957,0.138665,0.1121678,-0.06431903,0.01440254,0.1300999,0.2445666,-0.9176644,-0.302665,0.08045506,170.7706,0.2453621,-0.9206489,-0.3036494,-0.4265782,-0.1542702,-0.4017696,0.6059597,0.8617428,0.5021762,-0.03980591,-0.06028391,186.9122,0.8633129,0.5030912,-0.03987844,-0.06525468,-0.009589553,0.1001192,0.1198915,-0.5316032,0.6240442,-0.327755,0.4696208,123.9806,-0.6021319,0.7068372,-0.3712389,-0.1015168,1.212731,-0.0818639,1.219723,0.01907325,-0.1619872,-0.1827397,-0.9695373,331.643,0.07786793,-0.6613243,-0.7460478,True,True,False,False
1772879684523,10.14193,0.2159557,1.130942,0.08257385,1.154333,-0.05204329,-0.8108703,0.2583432,0.5225319,116.9955,-0.06103927,-0.9510339,0.3029993,-0.1006993,0.6321319,-0.06123282,0.6430245,0.5214193,0.2278013,-0.7620893,0.3089476,144.0084,0.5482397,0.2395187,-0.801289,0.1571562,1.081676,0.1930365,1.109947,0.1502706,1.116254,0.2257129,1.148717,0.1704473,1.117265,0.2306712,1.153491,-0.01243374,0.6448193,0.02978651,0.6456267,-0.003883575,0.6455549,0.07277445,0.6496555,-0.02189745,0.6385524,0.1040083,0.6473379,0.09954939,-0.08379904,0.03397341,0.1344863,0.1417035,-0.06821305,0.01691622,0.1581741,0.1370807,-0.07343432,-0.002681643,0.1555342,-0.1115293,0.05130522,-0.03413633,0.1274218,-0.1541847,0.05576789,-0.02506895,0.1658657,-0.1769899,0.04716323,0.002407789,0.1831819,0.0992245,-0.0821709,0.04071974,0.1351135,0.131503,-0.07282107,0.0184404,0.1514463,0.1206468,-0.07582839,0.0005975383,0.1424989,-0.1114203,0.04999325,-0.03615884,0.1273628,-0.155993,0.05427965,-0.02543959,0.1671145,-0.1776706,0.0463405,0.002122752,0.1836267,0.1102354,-0.07894642,0.02665097,0.1381834,-0.133693,0.9586278,0.03737677,0.2485195,151.2202,-0.1380232,0.9896771,0.03858738,-0.1413763,0.04881288,-0.01990002,0.150884,0.1329491,-0.4821332,-0.1838899,0.8462014,64.39824,0.2494994,-0.9047971,-0.3450978,0.1631951,1.110383,0.1991728,1.139848,0.589199,-0.5278509,0.1239665,-0.5990412,253.6025,0.7358382,-0.6592218,0.1548191,0.1114255,-0.06450502,0.0145229,0.1295664,0.244105,-0.9180197,-0.3011982,0.08326146,170.4479,0.2449556,-0.9212184,-0.3022477,-0.426246,-0.1548783,-0.4015035,0.6057045,0.8609413,0.5026684,-0.03287441,-0.070881,188.1292,0.8631122,0.5039359,-0.03295731,-0.06319509,-0.01038289,0.1008272,0.1194468,-0.5131421,0.6356202,-0.3055455,0.4891976,121.4243,-0.5883489,0.7287776,-0.3503267,-0.1016482,1.212696,-0.08162133,1.219683,0.01924093,-0.1613611,-0.1826788,-0.9696499,331.6957,0.07869574,-0.6599697,-0.7471592,True,True,False,False
1772879684537,10.15773,0.2166299,1.130196,0.08297645,1.153758,-0.06245157,-0.8113003,0.2581178,0.5208328,117.2237,-0.07315754,-0.9503802,0.3023665,-0.1005207,0.6324508,-0.06134589,0.6433209,0.5214193,0.2278013,-0.7620893,0.3089476,144.0084,0.5482397,0.2395187,-0.801289,0.1530796,1.082783,0.1923063,1.11033,0.1495266,1.116897,0.2246494,1.149037,0.170007,1.117275,0.2288344,1.15307,-0.01221211,0.6451545,0.02968959,0.6459528,-0.003712107,0.6458998,0.07268775,0.6499876,-0.02174634,0.6389099,0.1039249,0.6476721,0.09989397,-0.08298063,0.03708217,0.1350543,0.1404117,-0.06873258,0.01764446,0.1573243,0.134744,-0.07386436,-0.001814321,0.1536724,-0.1115596,0.05132379,-0.03416964,0.1274647,-0.1542135,0.05574382,-0.02507237,0.1658849,-0.1770193,0.04711579,0.002410404,0.1831981,0.09927932,-0.08223721,0.04042186,0.1351047,0.1322325,-0.07248627,0.01837522,0.1519123,0.1218012,-0.07566756,0.0004000347,0.143392,-0.1114317,0.0501022,-0.03599595,0.1273694,-0.1558472,0.05439955,-0.02540952,0.1670129,-0.1776172,0.04640399,0.002146308,0.1835914,0.1105711,-0.07891983,0.02656788,0.1384202,-0.1399278,0.9548675,0.03612543,0.2595058,149.9185,-0.1448916,0.9887401,0.03740694,-0.1414427,0.04889984,-0.01975154,0.1509548,0.1339083,-0.4823942,-0.184648,0.845736,64.49825,0.2509519,-0.9040346,-0.3460409,0.1623995,1.110731,0.1989193,1.140028,0.5909536,-0.5250418,0.1362363,-0.5971137,253.3269,0.736706,-0.6545377,0.1698375,0.1111447,-0.06429067,0.01621704,0.1294196,0.2337894,-0.920749,-0.2917935,0.1114469,167.2025,0.235255,-0.9265209,-0.2936227,-0.4252062,-0.1567836,-0.400567,0.6048432,0.868413,0.4870448,-0.008771718,-0.09257119,190.6231,0.8721579,0.4891451,-0.008809544,-0.06239954,-0.01073062,0.1010808,0.1192735,-0.5031625,0.6391397,-0.312738,0.4904317,121.2621,-0.5773657,0.7333959,-0.3588586,-0.1016904,1.212668,-0.08150844,1.219651,0.01915259,-0.160618,-0.1828492,-0.9697429,331.7393,0.07845289,-0.6579239,-0.7489872,True,True,False,False
1772879684550,10.16875,0.2169496,1.129337,0.08337432,1.153005,-0.07079901,-0.8115276,0.2591381,0.5189009,117.4829,-0.0828219,-0.9493389,0.3031442,-0.1003275,0.6324292,-0.06139623,0.6432743,0.5214902,0.2274326,-0.761952,0.3094376,143.9493,0.5484061,0.2391712,-0.8012789,0.1518798,1.083926,0.1926731,1.111344,0.1482025,1.118431,0.2245525,1.150338,0.1690128,1.118173,0.2287946,1.153787,-0.01212615,0.6452512,0.02972106,0.6460491,-0.003622916,0.6460636,0.07270764,0.650152,-0.02169391,0.6391118,0.103948,0.6478732,0.09998707,-0.08283566,0.03719245,0.1350646,0.1405712,-0.06849467,0.01801653,0.1574051,0.1344942,-0.07401668,-0.001571938,0.153524,-0.1115782,0.05130065,-0.03412921,0.1274608,-0.1542304,0.0557295,-0.02507462,0.1658961,-0.1770438,0.0470778,0.002412662,0.183212,0.09934323,-0.08229125,0.04013025,0.1350976,0.1329855,-0.07212583,0.01834283,0.1523933,0.1229473,-0.07551849,0.0002219683,0.1442884,-0.1114449,0.05021042,-0.03582739,0.1273761,-0.1557012,0.05451964,-0.02537927,0.1669113,-0.1775654,0.04646483,0.002170359,0.183557,0.1109249,-0.07888151,0.02647949,0.1386643,-0.1466561,0.950964,0.03433308,0.2701495,148.6537,-0.1523196,0.9876878,0.03565893,-0.1415128,0.04898518,-0.01959909,0.1510283,0.1349005,-0.4826722,-0.1854191,0.845251,64.60233,0.2524479,-0.9032554,-0.3469866,0.1617866,1.110931,0.1986902,1.140096,0.5936356,-0.522664,0.1412139,-0.5953805,253.0795,0.7388637,-0.6505295,0.1757607,0.110558,-0.06460594,0.01659853,0.1291221,0.2388725,-0.9198028,-0.2913195,0.1097081,167.403,0.2403231,-0.9253885,-0.2930887,-0.4251166,-0.1572218,-0.4001492,0.6046174,0.8633243,0.4946596,-0.004609095,-0.09981003,191.4565,0.8676568,0.4971421,-0.004632226,-0.06178655,-0.01093066,0.1013098,0.1191668,-0.4992064,0.6390991,-0.3176462,0.491372,121.1384,-0.5731747,0.7337955,-0.3647124,-0.1019644,1.212546,-0.08131084,1.21954,0.01864052,-0.1606429,-0.1829656,-0.9697267,331.7318,0.07633532,-0.6578533,-0.7492677,True,True,False,False
1772879684565,10.1828,0.2173106,1.128284,0.0838411,1.152076,-0.07868043,-0.8116241,0.2611806,0.5165855,117.793,-0.0918911,-0.9478981,0.3050336,-0.0998387,0.6322473,-0.06148912,0.6430282,0.5219059,0.2266596,-0.7615255,0.3103527,143.839,0.5490155,0.2384331,-0.8010817,0.1506589,1.084623,0.1929559,1.111907,0.1472155,1.119216,0.2243542,1.150935,0.16824,1.118638,0.2285879,1.154083,-0.01192145,0.6452268,0.02984557,0.6460267,-0.003413667,0.6461918,0.07280338,0.650289,-0.02156267,0.6392954,0.1040203,0.6480616,0.09990822,-0.08282156,0.03760006,0.1351104,0.1402625,-0.06875106,0.01841833,0.157288,0.133866,-0.07436987,-0.001274332,0.1531425,-0.1116014,0.05126956,-0.03400738,0.127436,-0.1542537,0.0557105,-0.02507715,0.1659118,-0.1770655,0.04703338,0.002414048,0.1832216,0.09937984,-0.08232561,0.03996631,0.1350969,0.133457,-0.07190717,0.01834772,0.1527025,0.1236548,-0.07544407,0.0001250191,0.1448528,-0.1114551,0.05027905,-0.03570946,0.1273789,-0.1556074,0.0545968,-0.0253597,0.166846,-0.177533,0.04650167,0.002186148,0.1835352,0.1111464,-0.07886232,0.02643278,0.1388217,-0.1509148,0.9484938,0.03291548,0.2765878,147.8867,-0.1570412,0.9869979,0.03425168,-0.1415612,0.04903861,-0.01949531,0.1510775,0.1355555,-0.4828914,-0.1858984,0.8449157,64.67419,0.2534223,-0.9027703,-0.3475389,0.160461,1.11053,0.1984338,1.139474,0.5950366,-0.5287222,0.1389995,-0.5891209,252.1893,0.7363906,-0.6543229,0.1720195,0.1098893,-0.06490724,0.01690524,0.1287415,0.2379216,-0.9193826,-0.2944815,0.1068166,167.7363,0.2392906,-0.9246728,-0.296176,-0.4251323,-0.1572557,-0.3997652,0.6043832,0.8609834,0.4985075,-0.002236642,-0.1009608,191.589,0.8654052,0.5010677,-0.002248129,-0.06046099,-0.01052988,0.1015662,0.118668,-0.4990517,0.6353565,-0.3138719,0.4987527,120.165,-0.5757772,0.7330379,-0.3621274,-0.1019381,1.212392,-0.08127331,1.219381,0.01779213,-0.1610091,-0.1828913,-0.969696,331.7173,0.07282463,-0.6590232,-0.748589,True,True,False,False
1772879684579,10.19669,0.2172756,1.126341,0.08456214,1.150219,-0.08706035,-0.8109856,0.2644373,0.5145831,118.0608,-0.1015352,-0.9458215,0.3084031,-0.09904803,0.6319832,-0.06170337,0.6426668,0.5224295,0.2257589,-0.7610403,0.3113169,143.7228,0.5497486,0.2375644,-0.8008369,0.1486993,1.084205,0.1931407,1.111268,0.1463636,1.118327,0.2238666,1.149867,0.1678948,1.117454,0.2268701,1.152546,-0.01135144,0.6452944,0.02986438,0.6460848,-0.002960567,0.6460698,0.07268341,0.6501522,-0.02098267,0.6391332,0.1037715,0.6478426,0.09942662,-0.08292367,0.03879994,0.135157,0.1388249,-0.06971689,0.01912239,0.1565199,0.1310305,-0.07483118,-0.0005363971,0.150894,-0.1116789,0.05118775,-0.03406122,0.1274854,-0.1541153,0.05581165,-0.02499178,0.1658042,-0.176864,0.04733555,0.002394959,0.1831045,0.09938363,-0.08237413,0.03987169,0.1351013,0.1338924,-0.07172949,0.01841056,0.1530073,0.1242531,-0.07539435,7.136336E-05,0.1453381,-0.1114732,0.05035276,-0.03557575,0.1273865,-0.1554864,0.05469535,-0.02532985,0.1667609,-0.1774788,0.04656932,0.002203088,0.1835,0.1113356,-0.07885826,0.02642625,0.1389697,-0.1543004,0.946364,0.03172612,0.2820993,147.2289,-0.1608326,0.9864276,0.03306923,-0.141612,0.0491081,-0.01937679,0.1511324,0.1361749,-0.4831041,-0.1866286,0.8445334,64.75603,0.2542935,-0.9021505,-0.3485109,0.1597762,1.11055,0.198468,1.139403,0.5982427,-0.5204694,0.1592128,-0.5881059,252.0454,0.7396818,-0.643521,0.1968545,0.1091277,-0.06496445,0.01775974,0.1282367,0.2278194,-0.9192913,-0.3012846,0.110587,167.3017,0.2292254,-0.9249647,-0.3031439,-0.4248484,-0.1575952,-0.3983604,0.6033435,0.8640177,0.4938633,0.005483003,-0.09768657,191.2119,0.8681697,0.4962366,0.005509352,-0.05977622,-0.01054955,0.101532,0.118293,-0.4833329,0.6413549,-0.3281218,0.4973827,120.346,-0.5571359,0.7392872,-0.3782246,-0.101947,1.212232,-0.08125336,1.219222,0.0170172,-0.1616813,-0.1822667,-0.9697157,331.7266,0.06967504,-0.661986,-0.7462709,True,True,False,False
1772879684593,10.21032,0.2164716,1.12495,0.08473201,1.148718,-0.09325305,-0.8098779,0.2674795,0.5136695,118.1829,-0.108688,-0.9439268,0.3117521,-0.09897573,0.6318861,-0.0617043,0.6425602,0.5227072,0.2252375,-0.7607725,0.3118823,143.6546,0.5501482,0.237062,-0.8007114,0.1478625,1.084991,0.1939428,1.112062,0.1445515,1.11978,0.2239851,1.151074,0.1670575,1.117368,0.225682,1.152108,-0.01139758,0.6453349,0.02997198,0.646131,-0.003093977,0.6461232,0.07280171,0.6502191,-0.02112121,0.6392387,0.1038573,0.647965,0.09961106,-0.08283478,0.03803912,0.135022,0.1394287,-0.06911321,0.01932986,0.1568141,0.1294912,-0.07482049,-0.000263229,0.1495532,-0.1116915,0.05118586,-0.03406418,0.1274965,-0.1541115,0.05581285,-0.02494887,0.1657947,-0.1768587,0.04734255,0.002394274,0.1831012,0.09940188,-0.08241108,0.03972466,0.1350939,0.1343366,-0.07151958,0.01848432,0.153307,0.1246734,-0.0753483,4.451886E-05,0.1456737,-0.1114907,0.0504196,-0.03545448,0.1273944,-0.1553761,0.05478501,-0.02529929,0.1666829,-0.177429,0.04663135,0.002218426,0.1834679,0.1115522,-0.0788236,0.02636059,0.1391112,-0.1574199,0.9446042,0.03086812,0.2863373,146.7224,-0.1642993,0.9858843,0.03221709,-0.1416572,0.04917137,-0.0192696,0.1511817,0.1367563,-0.4832872,-0.1873333,0.8441786,64.83194,0.2551127,-0.9015508,-0.3494619,0.1583429,1.110571,0.1983554,1.139204,0.6024896,-0.5199595,0.1663237,-0.5822242,251.2143,0.7410437,-0.6395343,0.2045731,0.1086147,-0.06524638,0.01741801,0.127897,0.2421843,-0.918508,-0.2939499,0.1062228,167.8048,0.2435623,-0.9237342,-0.2956224,-0.4249313,-0.1575956,-0.3979424,0.6031262,0.8540867,0.5084866,0.009040654,-0.109068,192.5232,0.8592123,0.5115381,0.00909491,-0.05834293,-0.01057088,0.1016446,0.1176744,-0.476497,0.6397709,-0.3334891,0.5024233,119.6791,-0.5511044,0.7399429,-0.3857051,-0.1020365,1.212107,-0.08121444,1.219102,0.01702284,-0.1620731,-0.181724,-0.969752,331.7436,0.06973938,-0.6639828,-0.7444891,True,True,False,False
1772879684606,10.22417,0.2148654,1.123814,0.08538409,1.147352,-0.1013574,-0.8075724,0.2726859,0.5130264,118.2688,-0.1180809,-0.9408177,0.3176777,-0.09903401,0.6317555,-0.06163619,0.6424342,0.5229588,0.2246843,-0.7605236,0.3124663,143.5842,0.5505241,0.2365275,-0.800611,0.1455559,1.087134,0.1954287,1.114109,0.143462,1.120392,0.2236961,1.151477,0.1660203,1.117079,0.2249192,1.151528,-0.01161278,0.6452625,0.03015437,0.6460711,-0.003340472,0.6461775,0.07298647,0.650295,-0.02142855,0.6393337,0.1040432,0.6480986,0.1002349,-0.08233742,0.03784971,0.1351262,0.1377936,-0.06985521,0.01932764,0.1556933,0.1270501,-0.07589152,0.0001056343,0.1479908,-0.1116818,0.05121608,-0.03397814,0.1274772,-0.1541187,0.0558078,-0.02492896,0.1657966,-0.1768766,0.04731259,0.002428748,0.1831112,0.09946762,-0.08240527,0.0395767,0.1350953,0.1346094,-0.07138824,0.01855087,0.153493,0.1248609,-0.07539117,4.93419E-05,0.1458564,-0.1115058,0.05048246,-0.03533797,0.1274002,-0.1552768,0.05486572,-0.02527006,0.1666125,-0.1773854,0.04668511,0.002235024,0.1834396,0.1117461,-0.07878826,0.02625917,0.1392276,-0.1600332,0.9436367,0.02935776,0.2882315,146.4958,-0.1671259,0.9854588,0.0306589,-0.1416994,0.04922885,-0.01916761,0.151227,0.1372927,-0.4834786,-0.1879118,0.8438532,64.90144,0.2558692,-0.9010475,-0.3502067,0.1513147,1.109234,0.1986009,1.136986,0.5993046,-0.5411537,0.1737368,-0.5637396,248.6296,0.725592,-0.6551874,0.2103472,0.1070993,-0.06594495,0.01771155,0.1270146,0.2426131,-0.9180897,-0.2951629,0.1054959,167.8885,0.2439745,-0.9232414,-0.2968192,-0.4247034,-0.1580487,-0.3971784,0.6025803,0.8508081,0.5135348,0.01646271,-0.110168,192.65,0.8560185,0.5166798,0.01656353,-0.05131472,-0.009233594,0.1013992,0.1140186,-0.4631609,0.6381682,-0.3204559,0.5249109,116.6755,-0.5441543,0.7497653,-0.3764944,-0.1021799,1.212045,-0.08114041,1.219048,0.01692977,-0.1620822,-0.1817938,-0.969739,331.7375,0.06934342,-0.6638798,-0.7446173,True,True,False,False
1772879684620,10.23902,0.2078066,1.121406,0.08791429,1.143881,-0.1086608,-0.804503,0.2788202,0.5130568,118.2647,-0.126592,-0.9372616,0.3248309,-0.09944937,0.6316811,-0.06163618,0.6424252,0.523141,0.2242894,-0.7603357,0.3129018,143.5316,0.5507991,0.2361474,-0.8005341,0.1365018,1.088766,0.1980356,1.115017,0.1381184,1.118963,0.2237639,1.149446,0.1607789,1.114121,0.2237807,1.14769,-0.01211317,0.6452093,0.03024481,0.6460314,-0.003881473,0.6462699,0.07307549,0.6503998,-0.02211823,0.6393852,0.1041858,0.6481954,0.1012715,-0.0805412,0.03916138,0.1351903,0.1341431,-0.0703432,0.01936547,0.1527009,0.121728,-0.07684933,0.0009132028,0.1439596,-0.1116833,0.05127586,-0.03391721,0.1274862,-0.1541378,0.05579197,-0.02494138,0.165811,-0.1769095,0.04725305,0.002560765,0.1831294,0.09961198,-0.08225609,0.03954346,0.1351011,0.1345721,-0.0713046,0.01861606,0.1534293,0.1246102,-0.07550787,0.0001184767,0.1457023,-0.11152,0.05054596,-0.03522427,0.1274063,-0.1551857,0.05493985,-0.02524376,0.166548,-0.1773473,0.04673057,0.002261093,0.1834147,0.1118796,-0.07868004,0.02617028,0.1392569,-0.1620958,0.944272,0.02679263,0.2852323,146.8545,-0.1691214,0.9851988,0.02795388,-0.1417451,0.04928288,-0.01906324,0.1512742,0.1377665,-0.483645,-0.1882944,0.8435954,64.95649,0.2565582,-0.900677,-0.3506549,0.1483654,1.109666,0.1992414,1.137132,0.5965974,-0.5524294,0.1733507,-0.5557364,247.5229,0.7176175,-0.6644899,0.2085149,0.1044731,-0.06570439,0.0189558,0.124864,0.2351081,-0.9171493,-0.2946257,0.1294497,165.1244,0.2371031,-0.9249317,-0.2971257,-0.4231188,-0.1613897,-0.391901,0.5988844,0.8549299,0.5036744,0.04324859,-0.1163477,193.3627,0.8607757,0.5071184,0.04354431,-0.04836542,-0.009666204,0.1007586,0.1121826,-0.4598889,0.6366186,-0.3113565,0.5350481,115.3057,-0.544362,0.7535537,-0.3685469,-0.1023779,1.212008,-0.08105014,1.219022,0.01715437,-0.1620445,-0.1818174,-0.9697369,331.7365,0.07026096,-0.663703,-0.7446889,True,True,False,False
1772879684634,10.25222,0.2045978,1.11939,0.08854598,1.141374,-0.1151907,-0.8005568,0.2859938,0.5138556,118.158,-0.1342741,-0.9331838,0.333374,-0.09955072,0.6317785,-0.06163462,0.6425365,0.5232812,0.2240217,-0.7601929,0.3132058,143.4949,0.5510049,0.2358904,-0.8004683,0.1332783,1.090644,0.19955,1.11673,0.1353885,1.12029,0.2238668,1.150433,0.1584432,1.113996,0.2236238,1.147213,-0.01228248,0.6453495,0.03029736,0.6461771,-0.00406139,0.6464499,0.07310472,0.650583,-0.02232993,0.6395437,0.1042129,0.6483634,0.1020261,-0.07944348,0.0389121,0.1350361,0.1336721,-0.06967785,0.01947366,0.151995,0.1202095,-0.07715976,0.001198694,0.1428474,-0.111676,0.05129289,-0.03389566,0.127481,-0.1541121,0.05581273,-0.0249507,0.1657955,-0.1768777,0.04728983,0.002585486,0.1831085,0.0998181,-0.08201595,0.03948956,0.1350914,0.1344953,-0.07116572,0.01868928,0.1533063,0.1242345,-0.0756489,0.0002107013,0.1454545,-0.1115333,0.05060973,-0.03511084,0.1274119,-0.155094,0.05501438,-0.02521874,0.1664834,-0.1773072,0.04677831,0.002288789,0.1833884,0.1120564,-0.07850249,0.0260358,0.1392736,-0.1649323,0.945237,0.02316448,0.2806914,147.397,-0.1718406,0.9848291,0.02413474,-0.1417899,0.04933802,-0.01895844,0.1513209,0.1381924,-0.483812,-0.1886249,0.843356,65.00755,0.2571715,-0.9003581,-0.3510247,0.1401477,1.109989,0.2007139,1.136663,0.5776565,-0.5956392,0.18295,-0.5273104,243.6478,0.6798577,-0.701022,0.2153182,0.1041728,-0.06551154,0.01914169,0.1245397,0.2233349,-0.9193591,-0.2932304,0.1375376,164.1892,0.2254777,-0.9281799,-0.2960439,-0.4231897,-0.1633232,-0.3900406,0.5982438,0.8587828,0.4957132,0.05455422,-0.1174078,193.485,0.8647637,0.4991655,0.05493415,-0.04014767,-0.009989142,0.09928615,0.107561,-0.4368534,0.6392595,-0.2745686,0.5701919,110.4728,-0.5317677,0.7781501,-0.3342236,-0.1026531,1.21197,-0.08093088,1.218999,0.0169858,-0.1616408,-0.1817255,-0.9698245,331.7777,0.06966987,-0.6629946,-0.7453753,True,True,False,False
1772879684648,10.26725,0.1971513,1.117619,0.09221184,1.138615,-0.1213441,-0.7958302,0.2940964,0.515206,117.9776,-0.1415808,-0.9285514,0.343143,-0.09960178,0.6321556,-0.06152906,0.6429052,0.5233891,0.223889,-0.7600887,0.3133734,143.4747,0.5511506,0.2357644,-0.8004051,0.1235692,1.092236,0.2021129,1.117631,0.1296281,1.12079,0.2253142,1.150539,0.1527343,1.11339,0.2246067,1.146042,-0.01232023,0.645816,0.03040177,0.6466486,-0.004136626,0.6468154,0.07319999,0.6509573,-0.02242855,0.6399629,0.1043235,0.648798,0.102036,-0.07734458,0.04175368,0.1346733,0.1309098,-0.06899817,0.01968598,0.1492839,0.1165491,-0.07702009,0.001837179,0.139711,-0.11167,0.05129452,-0.0339798,0.1274988,-0.1540623,0.05588089,-0.02495101,0.1657722,-0.1768567,0.04731626,0.002567776,0.1830948,0.09998793,-0.08165824,0.03966293,0.1350511,0.1342207,-0.07099973,0.01876561,0.1529977,0.123646,-0.0757539,0.0003352496,0.1450072,-0.1115438,0.05066216,-0.03502423,0.1274181,-0.155015,0.05508073,-0.02519824,0.1664287,-0.1772727,0.04681951,0.002310152,0.1833658,0.1121035,-0.07825219,0.0260328,0.1391701,-0.1674022,0.9470614,0.01905769,0.2732912,148.2796,-0.1740272,0.9845416,0.0198119,-0.1418263,0.04938439,-0.01887578,0.1513598,0.1386162,-0.4838981,-0.1890653,0.8431385,65.05392,0.2577964,-0.8999466,-0.3516209,0.1369688,1.111061,0.2014743,1.137457,0.5774609,-0.6116133,0.187992,-0.5070771,240.9387,0.6699854,-0.7096099,0.2181133,0.1025082,-0.06417726,0.02129925,0.122802,0.2040479,-0.918613,-0.2826568,0.186064,158.5537,0.2076744,-0.9349392,-0.2876804,-0.4224055,-0.1689101,-0.3842125,0.595463,0.8687888,0.4662257,0.09761103,-0.1353212,195.5544,0.8768542,0.4705539,0.0985172,-0.0369688,-0.01106095,0.09852567,0.1058128,-0.4248243,0.6327028,-0.26532,0.5906073,107.5998,-0.5264508,0.7840581,-0.3287899,-0.1029973,1.211919,-0.08079106,1.218968,0.01721473,-0.1607377,-0.1817445,-0.969967,331.8447,0.07077365,-0.6608288,-0.7471928,True,True,False,False
1772879684662,10.27928,0.1940587,1.116047,0.09333465,1.136631,-0.1279411,-0.7907057,0.3027594,0.5164806,117.8071,-0.1494118,-0.9233992,0.3535674,-0.09957114,0.6322715,-0.06146887,0.6430086,0.5233891,0.223889,-0.7600887,0.3133734,143.4747,0.5511506,0.2357644,-0.8004051,0.1201945,1.094213,0.2037165,1.119487,0.1269001,1.123347,0.2264188,1.152943,0.1506883,1.114398,0.2248536,1.1468,-0.01229621,0.6459255,0.03046774,0.6467606,-0.004102748,0.6469193,0.07325244,0.6510662,-0.02239676,0.6401031,0.1043893,0.6489459,0.1023986,-0.07639785,0.04236367,0.1345986,0.1312793,-0.06816931,0.01984015,0.149248,0.1151949,-0.07685455,0.002112851,0.1384953,-0.1116722,0.05129428,-0.03396913,0.1274978,-0.154053,0.05589177,-0.02494781,0.1657667,-0.1768682,0.0472999,0.002552755,0.1831015,0.1001959,-0.08120437,0.03989596,0.1350002,0.1339669,-0.07075553,0.01885832,0.1526732,0.1229168,-0.07584887,0.0004886224,0.1444363,-0.1115549,0.0507167,-0.03493319,0.1274245,-0.154932,0.05515071,-0.02517663,0.1663713,-0.1772378,0.04686096,0.002331084,0.1833429,0.1121823,-0.07791959,0.0260366,0.1390476,-0.1699704,0.9493676,0.01434648,0.2638285,149.4053,-0.1762137,0.9842396,0.01487345,-0.1418651,0.04943202,-0.01878957,0.151401,0.1391019,-0.4839888,-0.1895751,0.8428919,65.10646,0.2585139,-0.8994688,-0.3523158,0.1339942,1.111999,0.2022646,1.138159,0.5948095,-0.6087734,0.205252,-0.4831854,237.7873,0.6793801,-0.6953294,0.2344349,0.1021425,-0.06367273,0.02215851,0.1223859,0.196846,-0.9157188,-0.2842356,0.204746,156.3707,0.2011064,-0.9355381,-0.2903874,-0.4224715,-0.1718722,-0.3825017,0.595256,0.8691505,0.4591801,0.122887,-0.1364918,195.6898,0.8773615,0.463518,0.1240479,-0.03399421,-0.01199865,0.09773539,0.1041719,-0.4057676,0.6199957,-0.2831419,0.6089243,104.9765,-0.5115394,0.7816106,-0.3569489,-0.1037783,1.211938,-0.08059427,1.21904,0.01723986,-0.1597237,-0.181736,-0.9701357,331.9243,0.07107378,-0.6584834,-0.7492326,True,True,False,False
1772879684676,10.29455,0.1904654,1.115549,0.09553653,1.135718,-0.1338792,-0.7861617,0.3107206,0.5171836,117.713,-0.1564238,-0.9185479,0.3630446,-0.09951206,0.6323076,-0.06138954,0.6430274,0.5233891,0.223889,-0.7600887,0.3133734,143.4747,0.5511506,0.2357644,-0.8004051,0.1157777,1.096873,0.2060132,1.122041,0.1243167,1.125544,0.2267476,1.154868,0.148254,1.116015,0.2246205,1.148008,-0.01226824,0.6459314,0.03057604,0.646771,-0.004047346,0.6469605,0.07334091,0.6511168,-0.02233921,0.640157,0.1044739,0.6490107,0.1027675,-0.07539052,0.04344268,0.1346557,0.1294887,-0.06723139,0.02011275,0.1472818,0.1125934,-0.07590004,0.002570361,0.1358112,-0.111684,0.0512931,-0.0339183,0.1274941,-0.1540618,0.05588543,-0.02494561,0.1657725,-0.176877,0.04728625,0.002543747,0.1831064,0.1003766,-0.08079583,0.04014518,0.1349632,0.1336523,-0.07050788,0.01894647,0.1522933,0.1221914,-0.07585247,0.0006349051,0.1438219,-0.111564,0.05075721,-0.03486188,0.127429,-0.1548709,0.05520234,-0.0251604,0.166329,-0.1772125,0.04689084,0.002346028,0.1833263,0.1121999,-0.07760128,0.0260591,0.1388879,-0.1719423,0.9516026,0.0112261,0.2544843,150.5139,-0.1777959,0.983999,0.01160828,-0.1418949,0.04946703,-0.01872385,0.1514323,0.1394681,-0.4840763,-0.1899381,0.8426994,65.14745,0.2590494,-0.8991278,-0.3527928,0.1259205,1.114607,0.2032672,1.139966,0.6019037,-0.6422416,0.187333,-0.4360552,231.7049,0.6688414,-0.7136654,0.2081663,0.1002581,-0.0633974,0.02283811,0.1207994,0.2151401,-0.9070081,-0.2928299,0.2128422,155.4221,0.2201853,-0.928278,-0.299697,-0.4225794,-0.1746712,-0.3808661,0.5950986,0.8560596,0.4769412,0.1488534,-0.132408,195.2175,0.8636639,0.4811778,0.1501757,-0.02592052,-0.01460695,0.09673278,0.1012051,-0.4025207,0.5870128,-0.2578698,0.6533731,98.4072,-0.531706,0.7754092,-0.3406308,-0.1042486,1.211871,-0.08047442,1.219006,0.01744298,-0.1585403,-0.1816167,-0.9703484,332.025,0.0721648,-0.6559101,-0.7513813,True,True,False,False
1772879684691,10.30852,0.1832095,1.116831,0.1004833,1.13621,-0.1403599,-0.7811915,0.3193202,0.5177583,117.636,-0.1640625,-0.9131114,0.3732439,-0.0993744,0.6321287,-0.06126763,0.6428185,0.5233891,0.223889,-0.7600887,0.3133734,143.4747,0.5511506,0.2357644,-0.8004051,0.1074416,1.099939,0.2094121,1.124839,0.1193466,1.127878,0.2278094,1.156827,0.1432899,1.118063,0.2233049,1.149114,-0.01227029,0.6457202,0.03081022,0.6465713,-0.003911514,0.6467805,0.07346609,0.6509513,-0.02213044,0.6398783,0.1044993,0.6487327,0.1012219,-0.07452096,0.04574263,0.1337596,0.1247673,-0.06655842,0.02038513,0.1428721,0.1059667,-0.07374945,0.003511235,0.1291521,-0.1117456,0.05121502,-0.03376577,0.1274762,-0.1540642,0.0558848,-0.02494258,0.165774,-0.1767808,0.04740813,0.002529845,0.1830447,0.1004506,-0.0802464,0.0406353,0.1348371,0.1328743,-0.07016207,0.01907244,0.1514663,0.1207707,-0.07566833,0.0008867595,0.1425204,-0.1115799,0.05079729,-0.0347659,0.1274327,-0.1548002,0.05526209,-0.02514132,0.1662802,-0.1771747,0.04693614,0.002362123,0.1833015,0.1119264,-0.07713031,0.02617921,0.1384267,-0.1721859,0.9556295,0.01035291,0.2387828,152.3706,-0.1773151,0.9840963,0.01066131,-0.1419279,0.04950883,-0.01864252,0.1514668,0.1397221,-0.4842589,-0.1902561,0.8424807,65.19399,0.2593563,-0.8988956,-0.3531589,0.1234619,1.116188,0.2041399,1.141399,0.5943713,-0.663331,0.1949676,-0.4107339,228.5019,0.6518978,-0.7275319,0.2138377,0.09702547,-0.06152099,0.02554903,0.1176925,0.1916982,-0.8916626,-0.3241126,0.2512786,150.8936,0.1980527,-0.92122,-0.3348565,-0.4219784,-0.1824786,-0.3770381,0.5945771,0.8630659,0.4519147,0.1981664,-0.1077988,192.3769,0.8681247,0.4545636,0.1993279,-0.02346186,-0.01618767,0.09586008,0.1000083,-0.3838308,0.5809281,-0.2407338,0.6761981,94.90548,-0.5209997,0.7885333,-0.3267644,-0.1047548,1.211936,-0.08026815,1.219101,0.01733433,-0.1569833,-0.1819439,-0.9705422,332.117,0.07194722,-0.6515692,-0.7551697,True,True,False,False
1772879684703,10.32378,0.1806308,1.116636,0.1014727,1.135694,-0.1446428,-0.7775543,0.3260358,0.5178693,117.6211,-0.1690819,-0.9089313,0.3811234,-0.09932907,0.6320028,-0.06127798,0.6426888,0.5233891,0.223889,-0.7600887,0.3133734,143.4747,0.5511506,0.2357644,-0.8004051,0.1048868,1.101946,0.2108443,1.126828,0.1170754,1.130222,0.2285458,1.159026,0.1415591,1.119461,0.2224914,1.150102,-0.01227059,0.6455951,0.03083935,0.6464478,-0.003868912,0.6466637,0.0734649,0.6508349,-0.02207822,0.6397363,0.1044775,0.6485873,0.1014481,-0.07425111,0.04593645,0.1338473,0.1248023,-0.06617077,0.02042684,0.1427286,0.1041165,-0.07297741,0.003763497,0.127201,-0.1117711,0.0511816,-0.03372247,0.1274737,-0.1540743,0.05587638,-0.02494363,0.1657807,-0.1767679,0.04742452,0.00253208,0.1830366,0.1005311,-0.07976269,0.041063,0.1347396,0.132223,-0.06984004,0.01918171,0.1507597,0.1194271,-0.07545122,0.001118859,0.1412691,-0.1115953,0.0508283,-0.03468172,0.1274357,-0.1547417,0.05531165,-0.02512538,0.1662397,-0.1771418,0.04697554,0.002375835,0.1832801,0.111688,-0.07669308,0.02626009,0.1380059,-0.1712728,0.9594309,0.01067321,0.2237053,154.1465,-0.1757263,0.9843782,0.01095074,-0.1419564,0.04954318,-0.01857245,0.1514961,0.1398994,-0.4844308,-0.1905047,0.8422962,65.23321,0.2595465,-0.8987336,-0.3534312,0.1183,1.11879,0.2059159,1.143716,0.6096537,-0.6739647,0.1743495,-0.3790729,224.5525,0.6588238,-0.7283217,0.1884113,0.09685949,-0.06132358,0.02582077,0.1175119,0.1837252,-0.8848737,-0.3232204,0.2806643,147.4003,0.1914191,-0.9219295,-0.3367559,-0.4225776,-0.1854695,-0.3762271,0.5954138,0.8617731,0.4379074,0.2291569,-0.1143308,193.1301,0.8674613,0.4407978,0.2306694,-0.01829997,-0.01878965,0.09408413,0.09767171,-0.3904966,0.5483606,-0.2344978,0.7013017,90.93695,-0.5477849,0.7692353,-0.3289513,-0.1052183,1.211903,-0.08007072,1.219094,0.0175654,-0.1552243,-0.1827122,-0.9706767,332.181,0.07307076,-0.6457214,-0.7600692,True,True,False,False
1772879684718,10.33737,0.1754919,1.118322,0.1055866,1.136921,-0.1491641,-0.7732103,0.3346242,0.5176125,117.6555,-0.1743355,-0.9036894,0.391092,-0.09924002,0.6316457,-0.06137221,0.6423329,0.523474,0.2240752,-0.7599835,0.3133539,143.4771,0.5512361,0.2359589,-0.8002887,0.09976126,1.104177,0.2145821,1.12925,0.1135984,1.132808,0.2303178,1.161553,0.1379154,1.122317,0.2226453,1.15247,-0.01224626,0.6452039,0.03079761,0.6460546,-0.003781397,0.6462001,0.07329856,0.650355,-0.02199615,0.6393019,0.1043781,0.6481401,0.09998233,-0.0748153,0.047132,0.1334737,0.1217227,-0.06604429,0.02050036,0.1399948,0.1000884,-0.07137839,0.004260108,0.123007,-0.1117893,0.05115413,-0.03366641,0.1274638,-0.1539783,0.05593891,-0.02493862,0.1657118,-0.1767493,0.04745203,0.002534233,0.1830257,0.1004831,-0.0793298,0.04159403,0.1346111,0.1313043,-0.06950792,0.01929709,0.149815,0.117735,-0.07509486,0.001393713,0.1396521,-0.1116123,0.05085681,-0.03459288,0.1274377,-0.1546749,0.05536654,-0.02510903,0.1661934,-0.1771075,0.04701723,0.002389695,0.1832577,0.1112149,-0.07624862,0.02639386,0.1374018,-0.1689787,0.9637349,0.01385815,0.2060809,156.2144,-0.1726854,0.9848753,0.01416214,-0.1419899,0.04957732,-0.01849695,0.1515295,0.1401437,-0.4845974,-0.1909203,0.8420658,65.28219,0.2598261,-0.8984426,-0.3539658,0.1172625,1.119484,0.2068635,1.144459,0.618375,-0.6657044,0.1969834,-0.3683037,223.2221,0.66513,-0.7160379,0.2118772,0.09456342,-0.06044842,0.02721867,0.1154864,0.1683043,-0.8719672,-0.3548294,0.2923067,146.0078,0.1759908,-0.9117898,-0.3710344,-0.423542,-0.191261,-0.3743093,0.5967211,0.8626068,0.4283456,0.2559552,-0.08316764,189.5413,0.8656055,0.4298347,0.256845,-0.01726254,-0.01948404,0.09313647,0.09670588,-0.3700536,0.5474576,-0.2524781,0.7068278,90.04521,-0.5231284,0.7739165,-0.3569171,-0.1056737,1.211963,-0.07986385,1.21918,0.01767861,-0.1536272,-0.182926,-0.9708884,332.2821,0.07380472,-0.6413633,-0.7636803,True,True,False,False
1772879684731,10.34961,0.1740115,1.117572,0.1059598,1.135991,-0.1525723,-0.7696366,0.3421421,0.5170301,117.7335,-0.1782455,-0.8991426,0.399714,-0.09924175,0.6315815,-0.06141521,0.6422741,0.523474,0.2240752,-0.7599835,0.3133539,143.4771,0.5512361,0.2359589,-0.8002887,0.09877437,1.105338,0.2156986,1.130511,0.1122742,1.134544,0.2303758,1.163128,0.1366725,1.123725,0.2231008,1.153781,-0.01224502,0.6451405,0.03074986,0.645989,-0.003779184,0.6461216,0.07323861,0.6502702,-0.02197751,0.6392094,0.1043123,0.6480376,0.1001866,-0.07495848,0.04686962,0.1336147,0.1218731,-0.06560137,0.02054909,0.1399245,0.1002563,-0.07130653,0.0042575,0.1231019,-0.1117858,0.05115571,-0.03367058,0.1274625,-0.1539599,0.05595199,-0.0249376,0.165699,-0.1767263,0.0474867,0.002531797,0.1830125,0.1004598,-0.07898596,0.042009,0.1345203,0.1305624,-0.06920063,0.01939557,0.1490351,0.1163601,-0.07479687,0.001618976,0.1383361,-0.1116259,0.05088032,-0.03452034,0.1274394,-0.1546186,0.05541259,-0.02509555,0.1661543,-0.1770775,0.04705416,0.002400872,0.1832384,0.1108304,-0.07588132,0.02647934,0.1369033,-0.1678899,0.9669067,0.01644019,0.1914007,157.9309,-0.1710523,0.9851196,0.01674987,-0.1420164,0.04960661,-0.01843532,0.1515564,0.1403239,-0.4847346,-0.1912613,0.8418793,65.32179,0.26002,-0.8982126,-0.3544069,0.1161977,1.120237,0.2075813,1.145217,0.6245443,-0.674072,0.1892923,-0.3460345,220.4899,0.6656681,-0.718457,0.2017565,0.09466179,-0.0609351,0.02705038,0.1157828,0.1873656,-0.8692755,-0.3496335,0.2949757,145.6878,0.1960907,-0.9097552,-0.365915,-0.424388,-0.1925431,-0.3737897,0.5974084,0.8483528,0.4469971,0.2688622,-0.09057812,190.3937,0.8518544,0.4488421,0.2699719,-0.01619772,-0.02023697,0.09241876,0.09598504,-0.3679688,0.5290271,-0.2467829,0.7237595,87.26852,-0.5332476,0.7666476,-0.3576291,-0.1062243,1.212005,-0.07973357,1.219261,0.01792091,-0.1522966,-0.18302,-0.9710758,332.3719,0.07505471,-0.6378348,-0.7665074,True,True,False,False
1772879684746,10.36276,0.1736118,1.116707,0.1071193,1.135187,-0.1557616,-0.7659698,0.3502648,0.5160844,117.8601,-0.1818503,-0.8942627,0.408931,-0.09930123,0.6315612,-0.06146711,0.6422682,0.5234491,0.2244345,-0.7599085,0.3133199,143.4812,0.5512035,0.2363345,-0.8002005,0.09805557,1.106214,0.2173024,1.131612,0.1122456,1.13571,0.2310046,1.164388,0.1367667,1.12464,0.2233511,1.154732,-0.01227929,0.6450781,0.03066902,0.6459235,-0.003819671,0.6460638,0.07318273,0.6502067,-0.02200857,0.639123,0.1042515,0.6479436,0.1004344,-0.07495863,0.04746868,0.1340117,0.1215318,-0.06543085,0.02057551,0.1395511,0.09940279,-0.0709246,0.004372254,0.1221897,-0.1117656,0.05117859,-0.03367192,0.1274543,-0.1539669,0.05594547,-0.02493834,0.1657035,-0.1767286,0.04748276,0.002531141,0.1830137,0.100458,-0.07869826,0.04239903,0.1344727,0.1299173,-0.06893133,0.01947987,0.148356,0.1151487,-0.07452025,0.001815661,0.1371707,-0.1116359,0.05090163,-0.03445973,0.1274403,-0.1545721,0.05545066,-0.02508432,0.166122,-0.1770526,0.04708478,0.002410178,0.1832223,0.1104858,-0.07556448,0.02656296,0.136465,-0.1668203,0.9696022,0.01906354,0.1779863,159.495,-0.1695272,0.9853351,0.01937287,-0.1420372,0.04963183,-0.01838424,0.1515779,0.1404673,-0.4848563,-0.1915074,0.8417293,65.35363,0.2601729,-0.8980488,-0.3547091,0.1131934,1.120788,0.2098503,1.145869,0.643101,-0.6755438,0.1803001,-0.3123357,216.4001,0.6769685,-0.7111199,0.1897952,0.09462743,-0.06050807,0.02803337,0.1157646,0.1773071,-0.8611705,-0.364482,0.3067582,144.2721,0.1862886,-0.9047928,-0.3829448,-0.4248574,-0.1937687,-0.3736054,0.5980226,0.846563,0.4401433,0.2893662,-0.07663224,188.79,0.8490596,0.4414413,0.2902196,-0.01319343,-0.02078843,0.09014967,0.09345153,-0.3647768,0.4969214,-0.2518852,0.7460303,83.50468,-0.5477851,0.7462265,-0.3782559,-0.1065038,1.212206,-0.07968328,1.219482,0.01832848,-0.1508775,-0.1830901,-0.9712765,332.4684,0.07702543,-0.6340628,-0.7694364,True,True,False,False
1772879684760,10.37762,0.1709082,1.116378,0.1110897,1.134835,-0.1586472,-0.7631881,0.3565001,0.5150562,117.9976,-0.1850855,-0.890372,0.4159102,-0.09947706,0.6317051,-0.06151611,0.6424416,0.5233927,0.2247034,-0.7598681,0.3133195,143.4812,0.551144,0.2366176,-0.8001577,0.09518804,1.10693,0.2213008,1.132841,0.1106021,1.13584,0.232503,1.164656,0.1347778,1.125779,0.2234594,1.155629,-0.01244561,0.6450772,0.030611,0.645923,-0.003971283,0.6461837,0.07311589,0.6503192,-0.02216051,0.6392422,0.1041998,0.6480581,0.1001544,-0.07508293,0.04796833,0.1340497,0.1188516,-0.06483115,0.02068862,0.1369555,0.09650189,-0.06845294,0.004724815,0.1184092,-0.1117349,0.05127125,-0.03357474,0.127439,-0.1539633,0.05594792,-0.02493782,0.1657008,-0.1767399,0.04746613,0.002530858,0.1830203,0.1004348,-0.07842236,0.04282404,0.1344289,0.1290728,-0.06861843,0.01957211,0.1474834,0.1137257,-0.07405722,0.002037672,0.1357283,-0.1116434,0.05092984,-0.03439219,0.1274399,-0.1545256,0.05548861,-0.02507314,0.1660898,-0.1770287,0.04711388,0.002419388,0.1832068,0.110007,-0.07519716,0.02665693,0.1358924,-0.1645826,0.9725565,0.02452645,0.162619,161.2821,-0.1668029,0.9856769,0.02485732,-0.1420576,0.04965999,-0.01832962,0.1515996,0.1406104,-0.4850267,-0.1916189,0.8415819,65.38492,0.2603271,-0.8979822,-0.3547647,0.1120415,1.121239,0.210404,1.146299,0.6492993,-0.6726213,0.1846309,-0.3031541,215.2943,0.6813632,-0.7058369,0.1937484,0.09334682,-0.05959472,0.02896475,0.1144732,0.1784534,-0.8441836,-0.3937677,0.3169474,143.0432,0.188154,-0.8900728,-0.4151726,-0.4263009,-0.1960458,-0.3713554,0.5983905,0.8377805,0.4415615,0.3172393,-0.0500678,185.7397,0.8388324,0.442116,0.3176377,-0.01204151,-0.02123916,0.08959603,0.09286307,-0.3587565,0.4902215,-0.2584387,0.7511234,82.62446,-0.5434371,0.7425775,-0.3914777,-0.1068771,1.212363,-0.07961901,1.219666,0.01898061,-0.15041,-0.1829461,-0.9713637,332.5104,0.07988551,-0.633045,-0.769983,True,True,False,False
1772879684773,10.39089,0.1695885,1.116113,0.1119594,1.134461,-0.1611648,-0.7609238,0.3618181,0.5139151,118.1501,-0.1878725,-0.8870219,0.4217775,-0.09951409,0.6318552,-0.06154641,0.6425979,0.5233927,0.2247034,-0.7598681,0.3133195,143.4812,0.551144,0.2366176,-0.8001577,0.09388981,1.108072,0.222404,1.134065,0.1095142,1.13668,0.2329009,1.165452,0.1336965,1.126509,0.2236894,1.156258,-0.01249534,0.6451815,0.03059027,0.6460271,-0.004008707,0.6463361,0.07308856,0.6504678,-0.02220279,0.6393998,0.1041757,0.6482111,0.1003169,-0.07504224,0.047939,0.1341379,0.1183982,-0.06490781,0.02067956,0.1365972,0.09583826,-0.06835154,0.004796103,0.117813,-0.1117296,0.05129426,-0.03353242,0.1274325,-0.1539665,0.05594597,-0.02493808,0.1657032,-0.1767462,0.04745704,0.002531447,0.183024,0.1004248,-0.07813378,0.04326073,0.1343931,0.1281615,-0.06830164,0.01966666,0.1465512,0.1121986,-0.07357011,0.002273168,0.1341874,-0.1116508,0.05096095,-0.03431879,0.127439,-0.1544779,0.05552765,-0.02506161,0.1660567,-0.1770046,0.04714318,0.002428955,0.1831912,0.1094797,-0.0748129,0.02673627,0.1352686,-0.1620905,0.9754816,0.03032274,0.1457494,163.2386,-0.1638401,0.9860106,0.03065003,-0.142079,0.04968979,-0.01827129,0.1516224,0.1407572,-0.4852253,-0.1916847,0.8414279,65.41759,0.2604833,-0.897951,-0.3547289,0.1103066,1.122178,0.2108512,1.14713,0.6455534,-0.6750365,0.1972289,-0.2978041,214.6515,0.6762363,-0.7071207,0.2066031,0.09283663,-0.05970953,0.02907602,0.1141459,0.1819504,-0.8410316,-0.3978989,0.3181768,142.8946,0.1919245,-0.8871346,-0.4197106,-0.4266348,-0.1970581,-0.3706219,0.5985063,0.831723,0.4473907,0.3254363,-0.04658099,185.3397,0.8326266,0.4478768,0.3257898,-0.01030657,-0.02217758,0.08914885,0.09244235,-0.3453994,0.4940934,-0.2584416,0.754837,81.97774,-0.5265939,0.7532919,-0.3940184,-0.1071004,1.2125,-0.07969581,1.219827,0.01976142,-0.1503328,-0.1827022,-0.9714059,332.5308,0.08323231,-0.6331804,-0.7695158,True,True,False,False
1772879684787,10.40507,0.1677391,1.115852,0.1122094,1.133955,-0.1634747,-0.7583791,0.3675611,0.5128703,118.2896,-0.1904265,-0.8834119,0.4281603,-0.09950738,0.6320987,-0.06156873,0.6428384,0.5233403,0.2249416,-0.7598043,0.3133907,143.4726,0.5511025,0.2368743,-0.8001104,0.09197354,1.109342,0.2229786,1.135261,0.1079001,1.137717,0.2327088,1.166275,0.1320227,1.127444,0.2238487,1.157008,-0.01248966,0.6454217,0.0305652,0.6462657,-0.003986624,0.6465805,0.07306629,0.650708,-0.02215556,0.6395956,0.1041133,0.6483926,0.1006451,-0.07495197,0.04801427,0.13436,0.1180821,-0.06487206,0.02066745,0.1363045,0.09569086,-0.0685088,0.004813373,0.1177853,-0.1117288,0.05129872,-0.03351652,0.1274294,-0.1539751,0.05594954,-0.02493685,0.1657122,-0.1767136,0.04749667,0.002528042,0.1830028,0.1004417,-0.07788896,0.04362649,0.1343819,0.1273859,-0.06803775,0.01974367,0.1457605,0.1109284,-0.07318066,0.002468628,0.1329158,-0.1116568,0.05098694,-0.03425706,0.127438,-0.1544392,0.05556012,-0.02505201,0.1660301,-0.1769822,0.04717037,0.002436579,0.1831766,0.1090297,-0.07449611,0.02679543,0.1347411,-0.160463,0.9776614,0.03481189,0.1312172,164.9201,-0.1618626,0.9861884,0.03511551,-0.1420942,0.04971594,-0.01822357,0.1516395,0.1408322,-0.4854028,-0.1916916,0.8413113,65.44229,0.2605346,-0.8979781,-0.3546227,0.1037139,1.124705,0.2125162,1.149296,0.6549276,-0.6701587,0.2037962,-0.2835919,212.9494,0.6829667,-0.6988499,0.2125213,0.09298194,-0.05984218,0.02901691,0.1143185,0.1838589,-0.8415768,-0.3893116,0.3261607,141.9282,0.1944949,-0.8902614,-0.411833,-0.426733,-0.1986606,-0.3699255,0.5986751,0.826694,0.4491504,0.3340224,-0.05718406,186.5564,0.8280489,0.4498866,0.3345699,-0.003713861,-0.02470469,0.08748378,0.09098091,-0.3360499,0.4835481,-0.2685488,0.7623211,80.66151,-0.5192372,0.7471397,-0.4149401,-0.1073076,1.212501,-0.07973098,1.219849,0.02048044,-0.1505331,-0.1821125,-0.9714708,332.5621,0.0863573,-0.6347341,-0.7678908,True,True,False,False
1772879684801,10.41966,0.1603636,1.117475,0.1141837,1.134683,-0.1653234,-0.7555783,0.3735633,0.5120742,118.3958,-0.1924736,-0.8796626,0.4349115,-0.09951612,0.6328844,-0.06149583,0.6436054,0.5232939,0.2252027,-0.7597305,0.3134598,143.4643,0.5510668,0.237155,-0.8000519,0.08556591,1.112129,0.225288,1.13794,0.1013406,1.13987,0.2337547,1.167996,0.1249974,1.130602,0.2242804,1.159391,-0.0125102,0.6461387,0.03064743,0.6469861,-0.003991437,0.6473936,0.07316637,0.6515272,-0.02220066,0.6404292,0.1042152,0.6492328,0.100353,-0.07516348,0.04740417,0.1340426,0.1167631,-0.06498886,0.02062243,0.1352126,0.09478393,-0.06735122,0.004917994,0.1163803,-0.1117207,0.05134021,-0.03344782,0.1274209,-0.1540127,0.05592389,-0.02494004,0.1657389,-0.1767502,0.04741006,0.00253047,0.1830157,0.1004345,-0.07766594,0.04393562,0.1343481,0.1265167,-0.06778827,0.01981557,0.1448943,0.1096073,-0.07270365,0.002669055,0.131555,-0.111662,0.05101585,-0.03419084,0.1274364,-0.1544043,0.05558988,-0.02504285,0.1660062,-0.1769632,0.04718999,0.002444262,0.1831634,0.1085077,-0.07417067,0.02682627,0.1341449,-0.1578705,0.9797121,0.04071892,0.1165465,166.6143,-0.1589538,0.9864345,0.04099832,-0.1421104,0.04974033,-0.01817401,0.1516567,0.140952,-0.4856048,-0.1916224,0.8411905,65.46792,0.2606656,-0.8980392,-0.3543714,0.1013542,1.125576,0.2131596,1.150057,0.6598074,-0.6690984,0.2089047,-0.2707774,211.4211,0.6854131,-0.6950646,0.2170118,0.09236211,-0.05982202,0.02865851,0.1137134,0.1921245,-0.8357961,-0.3953437,0.3289932,141.5846,0.2034501,-0.8850657,-0.4186489,-0.4268785,-0.2044577,-0.3663935,0.5985586,0.8169398,0.4580116,0.3466099,-0.05192684,185.9531,0.8180434,0.4586303,0.3470781,-0.001354218,-0.02557611,0.08684039,0.09053853,-0.3273343,0.4754003,-0.2729396,0.7696434,79.35626,-0.5126821,0.7445881,-0.4274873,-0.1074266,1.212437,-0.07981347,1.219801,0.02070048,-0.1511687,-0.1817807,-0.9714295,332.5422,0.08722302,-0.6369606,-0.7659465,True,True,False,False
1772879684815,10.43281,0.1576851,1.117896,0.1151016,1.134815,-0.1663617,-0.7531597,0.3784964,0.5116784,118.4486,-0.1936291,-0.8766059,0.4405337,-0.09957029,0.6333126,-0.06144057,0.6440295,0.5232606,0.2254542,-0.7596555,0.3135164,143.4575,0.5510426,0.2374244,-0.7999886,0.08342697,1.113313,0.226383,1.139156,0.09921998,1.140979,0.2338416,1.168914,0.1227755,1.131765,0.2243896,1.160309,-0.01261573,0.6464768,0.03073954,0.6473302,-0.004029159,0.6477904,0.07319126,0.6519246,-0.02223851,0.64083,0.1042613,0.6496369,0.1000968,-0.07525256,0.04729176,0.1338612,0.1159061,-0.06472648,0.020651,0.134351,0.0940161,-0.06701349,0.005008191,0.1155635,-0.1117225,0.05136668,-0.03333335,0.1274032,-0.1539851,0.05594807,-0.02493734,0.165721,-0.1767465,0.04741412,0.002530128,0.1830132,0.1004061,-0.0774633,0.04421742,0.1343024,0.1256257,-0.06753118,0.01988572,0.144006,0.1082982,-0.07222587,0.002865465,0.1302048,-0.1116671,0.05104531,-0.03411884,0.1274334,-0.1543691,0.05561996,-0.02503399,0.1659822,-0.176945,0.04720881,0.002451472,0.1831508,0.1079544,-0.07385386,0.02684627,0.1335263,-0.1557913,0.9813802,0.04667746,0.1021914,168.2693,-0.1566112,0.9865451,0.04692312,-0.1421278,0.04976471,-0.0181214,0.1516747,0.1410792,-0.4858404,-0.191528,0.8410546,65.4967,0.2607989,-0.898124,-0.3540585,0.09560435,1.127363,0.2148363,1.151626,0.6662928,-0.6743424,0.1895769,-0.2556893,209.6289,0.6892025,-0.6975289,0.1960953,0.09184532,-0.059843,0.02882333,0.113347,0.1966495,-0.8307903,-0.3988724,0.33469,140.8926,0.2086847,-0.8816357,-0.4232839,-0.4268577,-0.2062996,-0.3651473,0.5984142,0.8097334,0.4618125,0.3586666,-0.04918851,185.6389,0.8107148,0.4623722,0.3591013,0.004395649,-0.02736259,0.08516376,0.08955947,-0.3374084,0.4551835,-0.2656385,0.7800001,77.47885,-0.5391808,0.7273862,-0.4244921,-0.1075946,1.212287,-0.07990441,1.219673,0.02029483,-0.1518928,-0.181114,-0.9714497,332.5519,0.08554348,-0.6402339,-0.7634022,True,True,False,False
1772879684829,10.44667,0.1518723,1.119054,0.1174746,1.135406,-0.1669628,-0.7504858,0.3832843,0.5118473,118.4261,-0.1943515,-0.8735961,0.4461586,-0.09970321,0.634153,-0.06120864,0.6448544,0.523194,0.225794,-0.7595885,0.3135451,143.454,0.5509779,0.2377846,-0.799926,0.0782508,1.115087,0.2289296,1.141031,0.09442528,1.142243,0.235381,1.17006,0.1176828,1.133607,0.2249915,1.161695,-0.01275349,0.6472909,0.03096676,0.6481567,-0.004110095,0.6485603,0.07338108,0.6527114,-0.02239031,0.641703,0.1045365,0.6505474,0.09975275,-0.07531346,0.04727966,0.1336342,0.1145465,-0.06475718,0.02062619,0.1331909,0.09256728,-0.06591831,0.005166739,0.1137569,-0.1117203,0.05136887,-0.03330129,0.1273937,-0.1539546,0.05600442,-0.02493018,0.1657106,-0.1768046,0.04732265,0.002535246,0.1830457,0.1003562,-0.07729916,0.04445123,0.1342477,0.1247798,-0.06731938,0.01994226,0.1431768,0.1070971,-0.07174428,0.003041171,0.1289429,-0.1116712,0.05107001,-0.03405642,0.1274301,-0.1543375,0.05564931,-0.02502606,0.1659614,-0.1769343,0.0472175,0.002457868,0.1831428,0.1074073,-0.07356796,0.0268594,0.1329286,-0.153079,0.982752,0.05287366,0.08927294,169.7564,-0.1536927,0.9866917,0.05308563,-0.1421476,0.04978232,-0.01807423,0.1516934,0.1413582,-0.4860121,-0.1916452,0.8408819,65.5333,0.2611849,-0.8979954,-0.3540992,0.09408915,1.127891,0.2155826,1.152157,0.6675885,-0.6774519,0.1912925,-0.2424703,208.0648,0.6881229,-0.6982897,0.1971765,0.09132878,-0.05927228,0.02933032,0.1127582,0.1821594,-0.8240834,-0.4175973,0.3366262,140.6571,0.1934495,-0.875159,-0.4434794,-0.4268766,-0.2108896,-0.3618062,0.5979981,0.8121054,0.4515902,0.368479,-0.02783259,183.1898,0.81242,0.4517651,0.3686218,0.005910851,-0.02789092,0.08441745,0.08910189,-0.3302604,0.4470867,-0.2638271,0.7883128,75.94379,-0.5367689,0.7266455,-0.4287954,-0.1079593,1.212395,-0.07981911,1.219807,0.01987088,-0.152477,-0.1807223,-0.9714398,332.5472,0.08374234,-0.6425875,-0.7616224,True,True,False,False
1772879684843,10.46101,0.1502497,1.118966,0.1182573,1.135185,-0.1677534,-0.7476627,0.3877027,0.5123926,118.3534,-0.1953457,-0.8706392,0.4514725,-0.09973083,0.6342319,-0.06117551,0.6449331,0.5231696,0.2262369,-0.7595113,0.3134537,143.465,0.5509348,0.2382435,-0.7998194,0.07695761,1.115934,0.2300648,1.141998,0.09337319,1.143105,0.2359753,1.170936,0.116671,1.134121,0.2255521,1.162204,-0.01273184,0.6473891,0.03097013,0.6482545,-0.004108977,0.6485844,0.07341838,0.6527395,-0.02239785,0.6417106,0.1045724,0.6505609,0.09983918,-0.0752557,0.04744029,0.1337231,0.114338,-0.0646293,0.02061629,0.132948,0.09213208,-0.06598397,0.005215347,0.1134434,-0.1117266,0.0513487,-0.03336516,0.1274078,-0.1539752,0.05599193,-0.02493142,0.1657258,-0.1768229,0.0472854,0.002536461,0.1830537,0.1003148,-0.07713546,0.04469068,0.1342021,0.1239433,-0.06710388,0.01999625,0.1423542,0.1058983,-0.07128283,0.003215342,0.127695,-0.1116756,0.05109234,-0.03400104,0.1274282,-0.1543084,0.05567676,-0.02501848,0.1659425,-0.1769254,0.04722294,0.002464164,0.1831357,0.1068557,-0.07328548,0.02687244,0.1323293,-0.1507408,0.9838858,0.05871908,0.07614418,171.2661,-0.1511797,0.9867505,0.05889004,-0.1421671,0.04979721,-0.01803139,0.1517115,0.1416623,-0.4861446,-0.191814,0.8407155,65.56849,0.261622,-0.8978121,-0.3542422,0.09266603,1.128381,0.2162024,1.152638,0.6681087,-0.6819628,0.1877289,-0.2309013,206.7003,0.6866643,-0.7009032,0.1929428,0.09120531,-0.05918967,0.02973323,0.1127204,0.1817645,-0.8193231,-0.4207526,0.3444399,139.7048,0.1936119,-0.8727265,-0.4481772,-0.4270207,-0.2122903,-0.3611742,0.5982146,0.8073661,0.4496253,0.3812578,-0.02529467,182.8989,0.8076245,0.4497692,0.3813798,0.007333972,-0.02838075,0.0837976,0.08877665,-0.3278466,0.4381723,-0.2589215,0.7959155,74.51638,-0.5415303,0.7237639,-0.4276812,-0.1081225,1.212353,-0.07990446,1.219785,0.01988089,-0.1527108,-0.1805092,-0.9714426,332.5485,0.08378845,-0.643603,-0.7607603,True,True,False,False
1772879684857,10.47412,0.1488698,1.118435,0.119032,1.134561,-0.1692384,-0.7450042,0.3914751,0.5129079,118.2846,-0.1971457,-0.8678545,0.4560289,-0.0998114,0.6343231,-0.06115511,0.6450334,0.5231661,0.2265581,-0.7594451,0.313388,143.4729,0.5509185,0.2385763,-0.7997313,0.07582154,1.116585,0.2311858,1.142785,0.0925163,1.143506,0.2364773,1.171361,0.1157487,1.134501,0.2256498,1.162501,-0.01284727,0.6474174,0.03100607,0.6482868,-0.004152876,0.6485778,0.07339336,0.6527304,-0.02237451,0.6416168,0.1044945,0.6504551,0.100071,-0.07515293,0.04749505,0.133858,0.1140587,-0.06452535,0.02060942,0.1326562,0.09165405,-0.06553002,0.005277023,0.112794,-0.1117277,0.0513385,-0.03330454,0.1273888,-0.1539336,0.0560377,-0.02492568,0.1657017,-0.1767328,0.04741964,0.002527773,0.1830013,0.1002947,-0.0769716,0.04492246,0.1341703,0.1231264,-0.06689076,0.02004693,0.1415498,0.104721,-0.07080735,0.003385743,0.126458,-0.1116799,0.05111268,-0.03394348,0.1274248,-0.1542775,0.05570659,-0.02501081,0.1659226,-0.1769095,0.0472392,0.002469422,0.1831245,0.1063112,-0.07299796,0.02688044,0.131732,-0.1481999,0.9848326,0.06464561,0.06294933,172.7818,-0.1484945,0.9867896,0.06477407,-0.1421816,0.04981598,-0.01798904,0.1517262,0.1418482,-0.4863063,-0.19194,0.8405619,65.60099,0.2618499,-0.8977153,-0.3543188,0.08883611,1.128261,0.2174461,1.152453,0.6759993,-0.6844295,0.168821,-0.2146641,204.7916,0.6921346,-0.7007658,0.1728505,0.09130021,-0.05882404,0.03006461,0.1126937,0.1764883,-0.8151255,-0.4264783,0.3500555,139.0186,0.1884091,-0.8701828,-0.4552846,-0.4271428,-0.2135428,-0.3605779,0.5983878,0.8055588,0.4441989,0.3916204,-0.01990386,182.281,0.8057183,0.4442868,0.3916979,0.01116389,-0.02826107,0.08255391,0.08796857,-0.3371627,0.4160432,-0.2541068,0.8053938,72.70339,-0.5688205,0.7018982,-0.4286986,-0.108264,1.212626,-0.07983968,1.220064,0.0205783,-0.152815,-0.1812206,-0.9712791,332.4697,0.08648427,-0.6422343,-0.7616144,True,True,False,False
1772879684871,10.48908,0.1447157,1.117126,0.1211362,1.132955,-0.1720276,-0.7414519,0.3959556,0.5136876,118.1805,-0.2005037,-0.8641858,0.4614989,-0.1000115,0.634307,-0.06124996,0.6450576,0.5231876,0.2268846,-0.7593622,0.3133167,143.4816,0.5509275,0.2389142,-0.7996242,0.0727107,1.116424,0.2333225,1.14286,0.08968586,1.142514,0.2377431,1.170428,0.1122289,1.134525,0.2256245,1.162174,-0.01308366,0.6473274,0.03094077,0.6481985,-0.004348007,0.648533,0.07333207,0.6526803,-0.02256453,0.6415291,0.1044019,0.6503603,0.09945288,-0.07521662,0.04714432,0.1333079,0.1124748,-0.06480384,0.02049161,0.1314154,0.0902952,-0.06397673,0.005450144,0.1107969,-0.1117365,0.05133535,-0.03323778,0.1273779,-0.1539723,0.05601214,-0.02492776,0.1657293,-0.1767397,0.04740721,0.002528258,0.1830048,0.1002306,-0.07683802,0.04509157,0.1341026,0.1223157,-0.06673192,0.02008078,0.1407747,0.103623,-0.07028747,0.003542866,0.1252621,-0.1116842,0.05112963,-0.03388977,0.127421,-0.1542542,0.05572985,-0.02500449,0.1659078,-0.1768965,0.04725198,0.0024739,0.1831154,0.1057509,-0.07272644,0.02687882,0.1311292,-0.1442077,0.9856495,0.07125425,0.05120608,174.1297,-0.1443971,0.9869443,0.07134784,-0.1421938,0.04983135,-0.01795143,0.1517382,0.1419719,-0.4864789,-0.1919641,0.8404356,65.6277,0.2619836,-0.8977093,-0.3542351,0.08758388,1.128529,0.2179725,1.152719,0.6777686,-0.6838818,0.1810642,-0.2003774,203.1181,0.6917992,-0.6980388,0.1848125,0.09069592,-0.05810997,0.03032522,0.1119024,0.1644933,-0.8074536,-0.4472431,0.3477563,139.2997,0.1754436,-0.8612058,-0.477016,-0.4272306,-0.2160868,-0.3579195,0.5977674,0.8055385,0.4359142,0.4013455,0.00293389,179.6638,0.8055418,0.435916,0.4013471,0.01241612,-0.02852869,0.08202751,0.08773004,-0.3211835,0.4110762,-0.2584091,0.8130697,71.20612,-0.551704,0.7061147,-0.443875,-0.1083139,1.213209,-0.07954139,1.220628,0.02581464,-0.1535429,-0.1820062,-0.9708924,332.284,0.1077783,-0.6410543,-0.7598913,True,True,False,False
1772879684885,10.50299,0.1428694,1.115908,0.1213101,1.131538,-0.1752183,-0.7362031,0.4025821,0.515006,118.0043,-0.204411,-0.8588598,0.4696552,-0.1000394,0.6342005,-0.06127831,0.6449599,0.5232441,0.2271698,-0.7592747,0.3132275,143.4923,0.55097,0.2392071,-0.7995074,0.07192743,1.117468,0.2340462,1.143978,0.08863127,1.143498,0.2376217,1.171284,0.111269,1.134699,0.2256477,1.162256,-0.01311698,0.6471553,0.03092528,0.6480266,-0.004368771,0.6483502,0.07329388,0.6524945,-0.02258312,0.6413324,0.1043703,0.6501619,0.09958567,-0.07509935,0.04676959,0.1332089,0.1124847,-0.06448667,0.02049464,0.1312683,0.08993638,-0.064181,0.005503327,0.1106257,-0.1117365,0.05134912,-0.03321226,0.1273767,-0.1539566,0.05602498,-0.02492629,0.1657189,-0.1767352,0.0474137,0.002527893,0.1830022,0.1001752,-0.07668865,0.04523573,0.1340242,0.121471,-0.06653902,0.02011633,0.1399547,0.1024471,-0.06976283,0.003711298,0.1240002,-0.1116887,0.05114849,-0.03383156,0.1274171,-0.1542287,0.05575521,-0.02499777,0.1658916,-0.1768827,0.04726588,0.002478538,0.1831057,0.105162,-0.07243016,0.02684346,0.1304827,-0.1407948,0.9862289,0.0777996,0.03842761,175.5954,-0.1408989,0.9869579,0.07785711,-0.1422071,0.04984825,-0.01791068,0.1517514,0.1421086,-0.4866676,-0.1919875,0.8402979,65.65681,0.2621326,-0.8977039,-0.3541389,0.08314332,1.128365,0.2186173,1.152351,0.6730956,-0.6970697,0.1634181,-0.1852853,201.3555,0.6849558,-0.7093523,0.1662975,0.09071516,-0.05832689,0.03046513,0.1120687,0.1719266,-0.804305,-0.4448865,0.354416,138.4847,0.1838614,-0.8601384,-0.4757697,-0.4273072,-0.2172595,-0.3574225,0.5979498,0.7952639,0.4406625,0.4163784,-0.000960013,180.11,0.7952642,0.4406627,0.4163786,0.01685668,-0.02836454,0.08138268,0.08781705,-0.3268275,0.3963219,-0.2392455,0.8239384,69.038,-0.5767413,0.6993756,-0.4221883,-0.1083125,1.213938,-0.07901889,1.221319,0.02721632,-0.1542148,-0.1817143,-0.9708022,332.2409,0.1134575,-0.6428798,-0.7575181,True,True,False,False
1772879684898,10.51714,0.1381074,1.114162,0.1224308,1.129345,-0.178279,-0.7303518,0.4099027,0.5165102,117.8031,-0.2082014,-0.8529346,0.478701,-0.10003,0.6338947,-0.06123932,0.644654,0.5233268,0.2273841,-0.7591935,0.313131,143.504,0.5510385,0.2394248,-0.7993951,0.0675261,1.117374,0.2353114,1.143878,0.08548819,1.142715,0.2379953,1.170363,0.1076064,1.134423,0.2252529,1.161566,-0.01324466,0.6465721,0.03101899,0.6474512,-0.004360427,0.6479698,0.07332905,0.6521205,-0.02255639,0.6409159,0.1043894,0.6497531,0.09929889,-0.07494022,0.0475162,0.1331694,0.1110247,-0.06475518,0.02048329,0.130151,0.08869211,-0.06336323,0.005662374,0.1091478,-0.1116884,0.05142015,-0.03294973,0.127295,-0.1539412,0.05603827,-0.02492492,0.1657089,-0.1767091,0.04745357,0.002525397,0.1829872,0.1001048,-0.07654815,0.04541898,0.1339532,0.1206316,-0.06639568,0.02014582,0.1391626,0.1013419,-0.0692486,0.003868074,0.1228027,-0.1116887,0.05117032,-0.0337607,0.127407,-0.1542056,0.05577795,-0.02499192,0.1658769,-0.1768687,0.04728096,0.002482304,0.1830962,0.1045642,-0.07215829,0.02685499,0.1298525,-0.1366075,0.9867043,0.08397584,0.02647939,176.9653,-0.1366554,0.9870505,0.0840053,-0.1422162,0.04986729,-0.01786555,0.1517609,0.1421516,-0.4869682,-0.1917796,0.8401639,65.68513,0.2621115,-0.8979145,-0.35362,0.08189353,1.128439,0.2188921,1.152386,0.6837754,-0.6928837,0.1670279,-0.1564134,197.9976,0.6922963,-0.7015182,0.1691093,0.09036756,-0.05781783,0.0310715,0.1116899,0.1482502,-0.8004048,-0.4555134,0.3603911,137.7516,0.1589301,-0.8580657,-0.4883284,-0.4265684,-0.2205899,-0.3546159,0.5969698,0.7997839,0.4203877,0.4283503,0.01166186,178.6636,0.7998384,0.4204163,0.4283795,0.01810648,-0.02843857,0.0811079,0.08783557,-0.3127861,0.3732669,-0.2467994,0.8378108,66.18069,-0.5729093,0.6836879,-0.4520459,-0.1082173,1.213564,-0.079023,1.22094,0.02733568,-0.1544085,-0.1817103,-0.9707688,332.225,0.1138909,-0.6433247,-0.7570744,True,True,False,False
1772879684912,10.52948,0.1356045,1.113111,0.1226017,1.128023,-0.1789572,-0.7218658,0.420216,0.5199065,117.348,-0.209497,-0.8450553,0.4919276,-0.09997707,0.6336522,-0.06121201,0.6444046,0.5234054,0.2276073,-0.7591071,0.3130468,143.5141,0.5511052,0.2396529,-0.7992809,0.06737912,1.118567,0.2363962,1.145258,0.0848138,1.143972,0.2378562,1.171513,0.1070446,1.134725,0.2246696,1.161695,-0.01318807,0.6462737,0.0310528,0.6471537,-0.004299593,0.6476479,0.07336043,0.6518036,-0.02254074,0.6406409,0.104457,0.6494922,0.0990663,-0.07484822,0.04708798,0.1327918,0.1107143,-0.0643135,0.02053888,0.1296755,0.08758076,-0.06321914,0.005799226,0.1081697,-0.1116834,0.05143934,-0.03294323,0.1272966,-0.1539337,0.05606369,-0.02492137,0.16571,-0.1767435,0.04740037,0.002528474,0.1830067,0.10002,-0.07640933,0.04555528,0.1338569,0.1198217,-0.06622563,0.02017792,0.1383843,0.100218,-0.06875619,0.004025786,0.1216029,-0.1116883,0.05119229,-0.03369394,0.1273978,-0.1541834,0.05580129,-0.02498616,0.1658632,-0.1768585,0.04729071,0.002486074,0.1830889,0.1039658,-0.0718786,0.02682539,0.1292092,-0.133132,0.9869097,0.08986028,0.01449823,178.3386,-0.1331459,0.9870135,0.08986973,-0.1422272,0.04988412,-0.01782213,0.1517717,0.1422873,-0.4872334,-0.1916694,0.8400124,65.71715,0.2622482,-0.8980147,-0.3532639,0.08134956,1.128568,0.219162,1.152526,0.6892331,-0.6950222,0.1568059,-0.1315817,195.122,0.6952783,-0.7011182,0.1581813,0.08968563,-0.0578109,0.03171814,0.1113178,0.1569189,-0.7903684,-0.4650243,0.3666699,136.9792,0.1686663,-0.8495377,-0.4998374,-0.4263442,-0.2217759,-0.3541118,0.5969498,0.7838775,0.4251778,0.4518443,0.02442952,177.2003,0.7841114,0.4253047,0.4519792,0.01865044,-0.02856839,0.08083802,0.08774268,-0.3101536,0.3493178,-0.2424357,0.8502981,63.51178,-0.589308,0.663722,-0.4606405,-0.1083726,1.213961,-0.07882777,1.221335,0.02640744,-0.1550613,-0.182529,-0.9705369,332.1144,0.109596,-0.6435345,-0.757531,True,True,False,False
1772879684926,10.54346,0.133068,1.112907,0.1227455,1.127535,-0.1751561,-0.7120659,0.4315717,0.525384,116.6118,-0.2058565,-0.8368728,0.5072151,-0.09996797,0.6333715,-0.06117946,0.6441242,0.5234054,0.2276073,-0.7591071,0.3130468,143.5141,0.5511052,0.2396529,-0.7992809,0.06779741,1.119328,0.2375813,1.146271,0.08540809,1.144521,0.2376717,1.172054,0.107348,1.134975,0.2238918,1.161818,-0.01319037,0.6459723,0.03109319,0.6468546,-0.004269828,0.6473103,0.07334021,0.6514657,-0.02251043,0.64033,0.104466,0.6491859,0.09830689,-0.07476228,0.04727697,0.1322451,0.1092615,-0.06416522,0.02058397,0.1283703,0.08584294,-0.06304039,0.006000765,0.1066729,-0.1116828,0.05144567,-0.03291902,0.1272925,-0.1538761,0.05611929,-0.02491489,0.1656743,-0.1767197,0.04743718,0.002526857,0.1829932,0.09989668,-0.07629081,0.04567917,0.1337394,0.1190618,-0.06607737,0.02020714,0.13766,0.09918363,-0.0683449,0.0041679,0.120523,-0.1116879,0.05121052,-0.03363818,0.12739,-0.1541612,0.05582417,-0.02498103,0.1658496,-0.1768485,0.04730125,0.002489009,0.183082,0.1033844,-0.07163996,0.02680477,0.1286045,-0.1304041,0.986919,0.09470933,0.003968007,179.5453,-0.1304051,0.9869268,0.09471007,-0.1422371,0.04989926,-0.01778508,0.1517816,0.1424288,-0.4874432,-0.1916589,0.839869,65.74741,0.2624018,-0.8980345,-0.3531002,0.08096032,1.128424,0.2197798,1.152475,0.6985372,-0.6971573,0.1205283,-0.1071934,192.3071,0.7025854,-0.7011974,0.1212268,0.08856607,-0.05758542,0.03249914,0.110527,0.150769,-0.7837675,-0.4733466,0.3727203,136.233,0.1624764,-0.8446283,-0.5101027,-0.4265223,-0.2224623,-0.3539447,0.5972333,0.776539,0.4176493,0.4698558,0.04233242,175.1476,0.7772355,0.4180239,0.4702773,0.01903968,-0.02842414,0.08022019,0.08721078,-0.3289026,0.3117935,-0.2310705,0.8609381,61.15584,-0.6465429,0.6129105,-0.4542286,-0.1082815,1.213948,-0.07870777,1.221307,0.02696282,-0.1559031,-0.1830525,-0.9702881,331.9964,0.1114385,-0.644354,-0.7565637,True,True,False,False
1772879684940,10.55815,0.129743,1.112398,0.1232338,1.126698,-0.1673081,-0.7010323,0.4425466,0.5335861,115.5038,-0.1978231,-0.8288925,0.523262,-0.1000014,0.6333279,-0.0609996,0.6440694,0.5234054,0.2276073,-0.7591071,0.3130468,143.5141,0.5511052,0.2396529,-0.7992809,0.06896073,1.118743,0.2392677,1.14612,0.08634546,1.143683,0.2381429,1.171401,0.1072927,1.135127,0.222174,1.161631,-0.01332056,0.6458222,0.03129693,0.6467173,-0.00429063,0.647229,0.07348272,0.6514012,-0.02250216,0.6402285,0.1045991,0.6491069,0.09687827,-0.07476178,0.04715825,0.1311435,0.1073202,-0.0642204,0.02059983,0.1267527,0.08384322,-0.06116603,0.006229147,0.1039701,-0.1116552,0.05145076,-0.032776,0.1272334,-0.1538354,0.05615538,-0.0249108,0.1656481,-0.1766728,0.04750833,0.002522312,0.1829664,0.09965298,-0.07616735,0.04579859,0.1335279,0.1181138,-0.06592745,0.02023884,0.1367732,0.09794505,-0.06776528,0.004334324,0.1191812,-0.1116852,0.05122992,-0.03356857,0.1273772,-0.1541349,0.05585091,-0.02497536,0.1658332,-0.1768343,0.04731797,0.002491698,0.1830726,0.1026241,-0.07134095,0.02678515,0.1278228,-0.125334,0.9868805,0.1014955,-0.00754663,180.8648,-0.1253376,0.9869086,0.1014984,-0.1422451,0.04991802,-0.01774083,0.1517901,0.1425238,-0.4877348,-0.1915909,0.8396992,65.78326,0.2624497,-0.8981368,-0.3528041,0.08180959,1.128403,0.2201867,1.152592,0.7011573,-0.7020857,0.08403139,-0.09161329,190.5129,0.7041183,-0.7050506,0.08438626,0.08753279,-0.05669579,0.03288348,0.1093514,0.1307651,-0.7764402,-0.4945869,0.3680013,136.8152,0.1406341,-0.8350388,-0.5319138,-0.4268178,-0.2226535,-0.3534923,0.5972477,0.7765644,0.3995049,0.4802478,0.08188955,170.6056,0.7791813,0.4008512,0.4818662,0.01819041,-0.02840269,0.0798133,0.08664737,-0.3501704,0.2828153,-0.2143721,0.866857,59.80917,-0.7023677,0.5672676,-0.4299851,-0.1081509,1.213804,-0.07875965,1.221155,0.02453729,-0.1576638,-0.1820008,-0.9702659,331.9859,0.1013763,-0.6513911,-0.7519401,True,True,False,False
1772879684955,10.57187,0.1280432,1.112374,0.1231546,1.126471,-0.1582591,-0.6913645,0.4498981,0.5427347,114.26,-0.1884252,-0.8231469,0.5356541,-0.100116,0.6334351,-0.06098334,0.6441911,0.5234054,0.2276073,-0.7591071,0.3130468,143.5141,0.5511052,0.2396529,-0.7992809,0.07110792,1.117919,0.2404511,1.145695,0.08867265,1.143106,0.2384237,1.171067,0.1088696,1.134976,0.2215534,1.161511,-0.0134104,0.6459661,0.03129895,0.6468629,-0.004411635,0.64737,0.07354538,0.6515492,-0.02263077,0.640355,0.1046307,0.6492413,0.09578569,-0.07475051,0.04762688,0.1305023,0.1060271,-0.06414618,0.02061489,0.1256243,0.08273299,-0.06062838,0.006345168,0.1027658,-0.1116569,0.05144299,-0.03282177,0.1272435,-0.1538853,0.05612621,-0.02491328,0.165685,-0.1766882,0.04748448,0.002523772,0.1829751,0.09932625,-0.07604765,0.04595305,0.133269,0.1170926,-0.06577695,0.02027062,0.1358241,0.09665984,-0.06716231,0.004504213,0.1177887,-0.1116828,0.05124792,-0.03350547,0.1273657,-0.1541138,0.05587417,-0.02497011,0.1658207,-0.176822,0.04733204,0.002494408,0.1830644,0.1017824,-0.07103786,0.02680483,0.1269824,-0.1199077,0.9866867,0.1082749,-0.0186538,182.1377,-0.1199286,0.9868585,0.1082937,-0.1422514,0.04993482,-0.01770151,0.1517968,0.1426016,-0.488002,-0.191496,0.8395523,65.81424,0.2624833,-0.8982533,-0.3524819,0.08440205,1.128506,0.2216334,1.153157,0.689879,-0.7181562,0.04873903,-0.07709214,188.8429,0.6919382,-0.7202998,0.04888451,0.08701663,-0.05583297,0.03347387,0.1086725,0.108273,-0.7731325,-0.5090433,0.3625164,137.4904,0.1161756,-0.8295614,-0.5461971,-0.4274002,-0.2218826,-0.3538982,0.5976176,0.781278,0.3773021,0.4838254,0.1147216,166.8249,0.7864704,0.3798097,0.4870409,0.01559795,-0.0285058,0.07836665,0.08483636,-0.3673133,0.2614653,-0.1820668,0.8738242,58.18778,-0.7554121,0.5377264,-0.3744364,-0.1079105,1.213318,-0.07878643,1.220653,0.02324821,-0.1593645,-0.1800826,-0.9703776,332.0388,0.09622877,-0.65964,-0.745396,True,True,False,False
1772879684968,10.58641,0.1272485,1.111737,0.1231332,1.125751,-0.1464972,-0.6802797,0.4545726,0.5559874,112.4425,-0.1762498,-0.81844,0.5468932,-0.1006555,0.6337951,-0.06114974,0.6446449,0.5234389,0.2277688,-0.7591379,0.3127986,143.5441,0.551093,0.2398022,-0.7992442,0.07448535,1.11639,0.2426961,1.144892,0.09306722,1.141458,0.2399035,1.170103,0.1119404,1.134377,0.2211833,1.161147,-0.01396482,0.646241,0.03111187,0.6471402,-0.0049241,0.6476518,0.07338595,0.6518148,-0.02324006,0.6407508,0.1045512,0.6496404,0.09567671,-0.07473948,0.04858874,0.1307704,0.1053077,-0.06461427,0.0205493,0.1252477,0.08225404,-0.05961592,0.006395116,0.1017874,-0.1116342,0.05142927,-0.03279044,0.12721,-0.1539052,0.05611432,-0.02491432,0.1656996,-0.1767868,0.047311,0.002532035,0.1830255,0.09903664,-0.07594384,0.0461622,0.1330664,0.1161575,-0.06568469,0.02029273,0.1349771,0.0955167,-0.06656349,0.004654262,0.1165152,-0.111679,0.05126231,-0.03344873,0.1273532,-0.1540973,0.05589322,-0.02496568,0.1658111,-0.1768192,0.04733037,0.002497393,0.1830613,0.1010103,-0.07076174,0.02688,0.1262253,-0.1131185,0.9865322,0.1146233,-0.02863679,183.282,-0.1131649,0.9869368,0.1146703,-0.1422615,0.04994278,-0.01766509,0.1518047,0.1428453,-0.4882199,-0.1915391,0.8393743,65.85178,0.2627989,-0.8981999,-0.3523831,0.086283,1.128362,0.2225095,1.153324,0.6854994,-0.7258103,0.007862784,-0.05681823,186.5144,0.6866086,-0.7269847,0.007875506,0.08772785,-0.05472913,0.03358309,0.1087165,0.07897232,-0.7724702,-0.5123763,0.366775,136.9663,0.0848882,-0.8303365,-0.5507588,-0.4294496,-0.2197506,-0.3552946,0.5991256,0.7902246,0.3421461,0.4897658,0.136422,164.3183,0.7976821,0.3453751,0.4943878,0.013717,-0.02836227,0.07749052,0.0836502,-0.3871837,0.2287175,-0.1563491,0.8793932,56.86153,-0.8132461,0.4804015,-0.3283979,-0.1077692,1.212886,-0.07886437,1.220215,0.02090239,-0.1603717,-0.1797761,-0.9703219,332.0124,0.0864389,-0.6631945,-0.743439,True,True,False,False
1772879684982,10.59974,0.1254516,1.112109,0.1234846,1.125955,-0.1335072,-0.6687394,0.4569285,0.5711216,110.343,-0.162642,-0.814676,0.5566424,-0.1010036,0.6341088,-0.06118585,0.6450111,0.5234391,0.2279558,-0.7591867,0.3125434,143.5749,0.5510445,0.2399778,-0.799225,0.07753088,1.114496,0.2445781,1.143648,0.09659941,1.140669,0.2404281,1.169728,0.1144368,1.133904,0.220346,1.160769,-0.01429549,0.6464798,0.03106089,0.6473834,-0.005216141,0.6478264,0.07328185,0.6519789,-0.02349872,0.6409023,0.1044494,0.6497828,0.09434731,-0.07471157,0.04982465,0.1302526,0.1040685,-0.06377862,0.02063815,0.1237898,0.0808744,-0.05826736,0.006535217,0.09989226,-0.1116326,0.05142575,-0.03277725,0.1272038,-0.1538529,0.05615845,-0.02490932,0.1656652,-0.1767395,0.04738113,0.002527446,0.1829978,0.09864415,-0.0758407,0.04646874,0.1328225,0.1151457,-0.06552516,0.02032164,0.1340337,0.09429117,-0.06586912,0.004811694,0.1151204,-0.1116751,0.05127599,-0.03339253,0.1273406,-0.1540768,0.05591542,-0.02496097,0.1657988,-0.1768125,0.04733462,0.002499909,0.183056,0.1001425,-0.07044533,0.02703829,0.1253879,-0.1060764,0.9861638,0.1215343,-0.03818847,184.3772,-0.1061538,0.9868835,0.121623,-0.1422703,0.04995306,-0.01762879,0.1518121,0.1430638,-0.4884328,-0.1916283,0.839193,65.89,0.2630654,-0.8981289,-0.3523656,0.08805921,1.127973,0.2237877,1.153325,0.6758046,-0.7346746,-0.05109924,-0.0305003,183.4956,0.6761191,-0.7350165,-0.05112302,0.08716507,-0.05328253,0.03416859,0.1077231,0.05753261,-0.7667965,-0.5248688,0.3650015,137.1847,0.0617961,-0.8236204,-0.5637646,-0.4305691,-0.2181233,-0.3562002,0.5998718,0.7932224,0.3106426,0.4955029,0.1696371,160.4666,0.8048878,0.315211,0.50279,0.01194079,-0.02797341,0.07621235,0.08205739,-0.4157501,0.1833309,-0.1182278,0.8829292,56.00452,-0.8855047,0.3904759,-0.2518131,-0.107593,1.21248,-0.0788032,1.219793,0.01841195,-0.1608544,-0.1796314,-0.9703193,332.0112,0.07613675,-0.6651618,-0.7428082,True,True,False,False
1772879684996,10.61331,0.1238949,1.112225,0.1241404,1.125969,-0.1209988,-0.657712,0.4566047,0.5867593,108.1453,-0.1494253,-0.8122294,0.5638757,-0.1016303,0.6347393,-0.06121139,0.6457318,0.5233958,0.2281688,-0.7592549,0.3122947,143.6049,0.5509515,0.2401814,-0.7992281,0.0813357,1.112793,0.2468139,1.142734,0.1007241,1.138784,0.2412448,1.168406,0.1168206,1.133039,0.2189793,1.159904,-0.01492559,0.6469988,0.03101117,0.6479135,-0.005806316,0.6483998,0.07323995,0.652549,-0.0239992,0.641346,0.1043268,0.650219,0.09353131,-0.07475506,0.05023911,0.1298476,0.1024414,-0.06353016,0.02062397,0.1222934,0.0791823,-0.05623932,0.006706089,0.09735332,-0.1116133,0.05142992,-0.03271748,0.1271731,-0.153868,0.0561243,-0.0249139,0.1656684,-0.1766686,0.04748666,0.002520628,0.1829566,0.09824897,-0.0757568,0.04676016,0.1325838,0.1141637,-0.06537096,0.02034501,0.1331189,0.09312337,-0.06512481,0.004958116,0.1137444,-0.1116703,0.05128789,-0.03334035,0.1273275,-0.1540607,0.05593157,-0.02495733,0.1657888,-0.1768014,0.04734637,0.00250151,0.1830483,0.09929743,-0.07012109,0.02719717,0.1245658,-0.09817698,0.9856713,0.1288486,-0.04702502,185.3907,-0.09828571,0.9867629,0.1289913,-0.1422714,0.04996544,-0.01759798,0.1518137,0.143074,-0.4886783,-0.1914924,0.8390793,65.91395,0.2629994,-0.8982907,-0.3520023,0.09038284,1.127646,0.2287396,1.154156,0.6321493,-0.7689019,-0.09513633,0.01124124,178.7118,0.6321892,-0.7689505,-0.09514234,0.08695663,-0.05178164,0.03491401,0.1070597,0.02377963,-0.7535302,-0.5494359,0.3602042,137.7745,0.02549074,-0.8077517,-0.5889715,-0.4319851,-0.2159852,-0.3566873,0.6004054,0.7964785,0.2638871,0.4996076,0.2153558,155.1272,0.8156163,0.2702278,0.5116122,0.009617165,-0.02764618,0.07126038,0.07703793,-0.4156833,0.1484135,-0.04498965,0.8961903,52.67657,-0.9369196,0.3345132,-0.1014034,-0.1074359,1.212105,-0.07859672,1.219392,0.01650455,-0.1612526,-0.1786402,-0.9704704,332.0829,0.06842112,-0.6684873,-0.7405695,True,True,False,False
1772879685010,10.6273,0.1226117,1.111226,0.1269064,1.12515,-0.1077775,-0.6454617,0.4541958,0.6045407,105.6084,-0.1353013,-0.810297,0.5701864,-0.1026745,0.6360454,-0.06113702,0.6471735,0.5232973,0.228633,-0.7593523,0.3118833,143.6545,0.5507694,0.2406358,-0.7992169,0.08387683,1.110828,0.2532423,1.142412,0.1061434,1.135398,0.2451113,1.166394,0.1200559,1.130538,0.2206992,1.158118,-0.01606037,0.648142,0.03106682,0.6490849,-0.006848772,0.6496474,0.07343143,0.6538202,-0.02516774,0.6428066,0.1046096,0.6517492,0.09547382,-0.07488009,0.05233572,0.1321412,0.1013623,-0.06432073,0.02040687,0.1217699,0.07793535,-0.05527252,0.006899811,0.09579445,-0.1115894,0.0513536,-0.03256558,0.1270822,-0.1540271,0.05598418,-0.02485342,0.1657597,-0.1769264,0.0470697,0.002543941,0.1830983,0.09803098,-0.07568793,0.04719811,0.1325383,0.1131582,-0.06528847,0.02034987,0.1322175,0.09193038,-0.06435093,0.005110632,0.1123315,-0.111664,0.05129305,-0.0332795,0.1273081,-0.1540581,0.0559357,-0.02494917,0.1657865,-0.1768112,0.04732464,0.002504843,0.1830522,0.0984944,-0.06981201,0.02744141,0.1238059,-0.08812597,0.9850709,0.1359509,-0.05819326,186.6722,-0.08827557,0.9867432,0.1361817,-0.1422801,0.04995958,-0.01756274,0.1518158,0.1433808,-0.4889436,-0.1914769,0.8388758,65.9568,0.2634113,-0.8982604,-0.3517709,0.09199064,1.127161,0.2311937,1.154298,0.5643876,-0.8129653,-0.1389991,0.03512153,175.9745,0.564736,-0.8134672,-0.1390849,0.08872718,-0.05049939,0.03543502,0.1080664,-0.02726732,-0.7344427,-0.5535181,0.3917505,133.8731,-0.02963608,-0.7982452,-0.6016033,-0.4366989,-0.2129621,-0.3562477,0.6024709,0.7968931,0.1878617,0.525759,0.2307536,153.3171,0.8189958,0.1930722,0.5403416,0.008009359,-0.02716053,0.06880635,0.07440536,-0.4168024,0.1342178,0.04893795,0.8977008,52.28508,-0.9459755,0.3046211,0.1110697,-0.1073546,1.212069,-0.07773153,1.219294,0.01516076,-0.1614838,-0.1782647,-0.970523,332.1079,0.06290551,-0.6700336,-0.7396616,True,True,False,False
1772879685024,10.64114,0.1210017,1.111844,0.1278386,1.125692,-0.09528454,-0.6345796,0.4504503,0.6207448,103.2589,-0.1215344,-0.8093997,0.5745447,-0.1027676,0.6363596,-0.0610781,0.6474915,0.5232736,0.2290577,-0.7594169,0.3114535,143.7063,0.5506629,0.2410471,-0.7991663,0.08277489,1.107337,0.2561174,1.13958,0.1101791,1.133697,0.2461011,1.165322,0.1236096,1.12663,0.2203923,1.15462,-0.01627014,0.6483087,0.03108266,0.6492573,-0.006890674,0.649767,0.07346566,0.6539433,-0.02521157,0.6429915,0.1046819,0.6519448,0.09505658,-0.07435278,0.05807727,0.1339293,0.1001672,-0.06426833,0.02041586,0.1207506,0.07447689,-0.05648697,0.007349744,0.09376355,-0.1115316,0.0512525,-0.03243567,0.1269574,-0.154027,0.05598522,-0.02480922,0.1657533,-0.1769762,0.0469915,0.002548791,0.1831264,0.09779053,-0.07557999,0.04807759,0.1326151,0.112108,-0.065206,0.0203552,0.1312797,0.09051943,-0.0637152,0.005291643,0.1108215,-0.1116533,0.05128977,-0.03321128,0.1272795,-0.1540556,0.0559397,-0.02493785,0.1657838,-0.1768246,0.0472977,0.002508396,0.1830582,0.09760409,-0.06954867,0.02797244,0.1230692,-0.07809156,0.9845739,0.1395518,-0.07100188,188.1431,-0.07828915,0.9870651,0.1399049,-0.1422872,0.04994743,-0.01752427,0.151814,0.1437759,-0.4892428,-0.191625,0.8385999,66.01486,0.2639311,-0.8981087,-0.3517683,0.09353749,1.126486,0.2330729,1.154141,0.5381103,-0.8262425,-0.1498752,0.07278895,171.6516,0.5395415,-0.8284401,-0.1502738,0.08909777,-0.04977569,0.03663959,0.1084366,-0.1007193,-0.7233407,-0.5377153,0.4213031,130.1662,-0.1110564,-0.7975795,-0.5929028,-0.4388244,-0.2116785,-0.3561803,0.6035222,0.8066207,0.09462513,0.5380607,0.2256102,153.9225,0.8279676,0.09712935,0.5523003,0.006462514,-0.02648556,0.06692708,0.07226674,-0.3974929,0.1089436,0.08503777,0.9071381,49.77442,-0.9445376,0.2588758,0.20207,-0.1073586,1.211972,-0.07770422,1.219196,0.01537184,-0.1611587,-0.178978,-0.9704425,332.0696,0.06369565,-0.6677867,-0.7416238,True,True,False,False
1772879685038,10.65512,0.1193017,1.112293,0.1307676,1.12629,-0.08110864,-0.6241127,0.4475612,0.6352903,101.117,-0.1050258,-0.8081498,0.5795373,-0.1027434,0.6366215,-0.06108024,0.6477453,0.5232966,0.2295769,-0.7594569,0.3109349,143.7688,0.5505885,0.2415502,-0.7990655,0.08340722,1.103446,0.2599276,1.136711,0.1130665,1.131867,0.2470338,1.164016,0.1246953,1.125909,0.2201591,1.153989,-0.01647378,0.6483312,0.03106683,0.6492841,-0.006824103,0.6498624,0.07347211,0.6540381,-0.02506297,0.6429721,0.1046114,0.6519086,0.09356615,-0.07387571,0.06194159,0.1343466,0.09798881,-0.06254596,0.02064066,0.1180671,0.07254836,-0.05369082,0.007704489,0.09058326,-0.1114551,0.05111521,-0.03218142,0.1267701,-0.1540689,0.05593003,-0.02479513,0.1657715,-0.1769436,0.04704039,0.002545476,0.1831074,0.09745274,-0.07544371,0.04918617,0.1326954,0.110979,-0.0649933,0.02037803,0.1302142,0.08908243,-0.06291364,0.005484578,0.1091966,-0.1116374,0.05127581,-0.03312894,0.1272386,-0.1540566,0.05593893,-0.02492644,0.1657828,-0.1768341,0.04727713,0.002511361,0.1830621,0.09665594,-0.0692169,0.02872152,0.122304,-0.06749169,0.9839381,0.1433783,-0.08217883,189.4276,-0.06772075,0.9872774,0.1438649,-0.142285,0.04993288,-0.01748248,0.1518023,0.1439807,-0.4896765,-0.1916194,0.8383129,66.07523,0.2640929,-0.8981768,-0.351473,0.09681576,1.125876,0.2391217,1.155054,0.5184574,-0.8335511,-0.1696746,0.08720709,169.9941,0.5204401,-0.8367389,-0.1703235,0.08783511,-0.04733428,0.03709527,0.10645,-0.1155731,-0.7081565,-0.5306486,0.4511868,126.3603,-0.1295038,-0.7935151,-0.5946111,-0.4402831,-0.2104946,-0.3561772,0.6041684,0.7911305,0.05662406,0.5645862,0.2283615,153.5988,0.8126023,0.05816087,0.5799094,0.003184244,-0.02587593,0.06087828,0.06622589,-0.3985535,0.09344118,0.1132299,0.9053193,50.26738,-0.9383649,0.2200004,0.2665914,-0.1072802,1.211632,-0.07740968,1.218833,0.01458049,-0.1610696,-0.1787844,-0.9705051,332.0993,0.06047976,-0.6681156,-0.741596,True,True,False,False
1772879685051,10.66971,0.1185142,1.112846,0.1359189,1.127362,-0.06735361,-0.6153031,0.4460617,0.6464477,99.45139,-0.08827955,-0.8064702,0.5846476,-0.1026901,0.6372155,-0.06111589,0.648324,0.5233137,0.2301134,-0.7595036,0.3103947,143.834,0.5505043,0.2420698,-0.7989663,0.08758643,1.10294,0.2666218,1.138084,0.1196855,1.129952,0.2584586,1.165297,0.1257563,1.126593,0.2237427,1.15546,-0.01695799,0.6484984,0.03111826,0.649466,-0.006691616,0.6502786,0.07341065,0.6544434,-0.02483724,0.6432179,0.1044564,0.6521175,0.09438816,-0.07372868,0.06158604,0.134677,0.1012214,-0.06837101,0.01973876,0.1237335,0.07253281,-0.05128109,0.007981606,0.08918781,-0.1113524,0.05088011,-0.03156409,0.1264296,-0.1540886,0.05590093,-0.02480975,0.1657822,-0.1768633,0.0471615,0.002537854,0.1830608,0.09720519,-0.07530518,0.05018783,0.1328102,0.1101908,-0.06526615,0.02032639,0.1296721,0.08774557,-0.06197397,0.005686285,0.1075751,-0.1116144,0.05124385,-0.03300253,0.1271726,-0.1540592,0.05593586,-0.02491701,0.1657827,-0.1768364,0.04726779,0.002513501,0.183062,0.09586362,-0.06887095,0.02929464,0.1216191,-0.04163239,0.9836693,0.146962,-0.09520285,190.926,-0.04182235,0.9881577,0.1476326,-0.1422736,0.04991499,-0.01742247,0.1517789,0.1439041,-0.4904252,-0.19137,0.8379452,66.15244,0.2636794,-0.8986192,-0.3506524,0.09807874,1.125226,0.24081,1.154877,0.5268998,-0.828393,-0.1626784,0.09837402,168.7089,0.5294679,-0.8324307,-0.1634713,0.08786003,-0.04719573,0.03666906,0.1062612,-0.1351873,-0.7050242,-0.5237366,0.4586561,125.3992,-0.1521327,-0.7933977,-0.589386,-0.4460534,-0.2080431,-0.3556525,0.607235,0.7874192,0.02617984,0.5690807,0.2354416,152.7647,0.810195,0.02693708,0.5855412,0.001921259,-0.02522552,0.05918998,0.0643698,-0.3900468,0.08543957,0.1030921,0.9110082,48.70994,-0.9458234,0.2071822,0.2499877,-0.1071935,1.211335,-0.07737295,1.218527,0.01327023,-0.1610981,-0.1783151,-0.9706055,332.1471,0.0551373,-0.6693565,-0.7408925,True,True,False,False
1772879685066,10.68296,0.1182562,1.113516,0.1371477,1.128146,-0.05441795,-0.6081097,0.4456601,0.6546973,98.2066,-0.07199177,-0.8044937,0.5895823,-0.1026927,0.6375355,-0.06108727,0.6486362,0.5233253,0.2306302,-0.7595521,0.3098728,143.8969,0.5504179,0.24257,-0.7988741,0.08882222,1.100301,0.2683879,1.136038,0.1238145,1.129842,0.2621494,1.166446,0.1280249,1.126097,0.2245138,1.155375,-0.01711397,0.648591,0.03112985,0.6495631,-0.006609504,0.650359,0.07337315,0.6545182,-0.02471526,0.6432639,0.1044196,0.6521524,0.09357558,-0.07314619,0.06448453,0.1351481,0.1033171,-0.06979182,0.01942963,0.1261857,0.0721656,-0.05112459,0.008058451,0.08880617,-0.1112968,0.05078613,-0.03136477,0.1262931,-0.1540564,0.05592686,-0.02479593,0.165759,-0.1768369,0.04720323,0.002535246,0.183046,0.09690042,-0.07512389,0.05138831,0.1329438,0.1096136,-0.06564616,0.02025109,0.1293626,0.08643733,-0.06106296,0.005885475,0.105994,-0.1115877,0.05120542,-0.03286501,0.1270981,-0.154059,0.0559351,-0.02490685,0.1657807,-0.1768365,0.04726237,0.002515327,0.1830606,0.09512717,-0.06852335,0.02995419,0.1210036,-0.01262447,0.9830693,0.1480406,-0.1072348,192.3119,-0.01269769,0.988771,0.1488992,-0.1422591,0.0498959,-0.01735752,0.1517515,0.1438027,-0.4912441,-0.1911762,0.8375272,66.24019,0.2631841,-0.8990629,-0.3498859,0.09881002,1.124756,0.2430927,1.154961,0.5146375,-0.8322276,-0.1801002,0.1005461,168.4588,0.5172588,-0.8364665,-0.1810175,0.08788209,-0.04614588,0.03791313,0.1062549,-0.1177949,-0.7084901,-0.5158388,0.4669869,124.3222,-0.1332123,-0.8012197,-0.5833536,-0.4472461,-0.2070355,-0.3555281,0.6076949,0.7785165,0.03568955,0.5793486,0.2387337,152.3764,0.8016974,0.03675224,0.5965992,0.001189984,-0.02475607,0.0569073,0.06207028,-0.397937,0.07804349,0.1212939,0.9060041,50.08232,-0.9401509,0.1843826,0.2865643,-0.1070485,1.211268,-0.07717965,1.218436,0.0122189,-0.1612632,-0.1785164,-0.9705549,332.123,0.05072606,-0.6694748,-0.7411005,True,True,False,False
1772879685079,10.69688,0.1167039,1.114791,0.1384976,1.129407,-0.04112639,-0.6013018,0.4462806,0.6614972,97.17169,-0.05483902,-0.8017917,0.5950823,-0.1027816,0.6379741,-0.06106777,0.6490796,0.5233133,0.2314478,-0.7596288,0.3090945,143.9907,0.5502587,0.243365,-0.7987422,0.08851199,1.100245,0.2704289,1.136444,0.1282611,1.129419,0.2676859,1.167773,0.1290609,1.126009,0.2256112,1.155618,-0.01740137,0.6486782,0.03110878,0.6496568,-0.006674719,0.6505863,0.07348864,0.6547577,-0.02476263,0.6433519,0.1044662,0.6522484,0.09422764,-0.07143717,0.06655905,0.1356917,0.1059859,-0.07386476,0.01865857,0.1305264,0.0717799,-0.05146694,0.008130632,0.08869784,-0.1112089,0.05067233,-0.03107728,0.1260987,-0.1542022,0.05577704,-0.0247315,0.1658344,-0.1768936,0.04710728,0.002637379,0.1830776,0.09669498,-0.07484052,0.05255441,0.1330901,0.1093348,-0.06627788,0.02012868,0.1294296,0.08531069,-0.06032537,0.006058048,0.1046602,-0.1115586,0.05116444,-0.03272759,0.1270205,-0.15407,0.05592296,-0.02489337,0.1657848,-0.1768409,0.04725045,0.002524708,0.1830619,0.09457823,-0.06820609,0.03050549,0.1205309,0.01935368,0.9820307,0.1454023,-0.1187405,193.6388,0.01949158,0.9890277,0.1464383,-0.1422402,0.04987232,-0.01729237,0.1517186,0.143584,-0.4920769,-0.1907505,0.8371727,66.31448,0.2625231,-0.8996933,-0.3487603,0.09899046,1.124755,0.2436919,1.155101,0.503456,-0.836258,-0.1892779,0.1066705,167.7532,0.506345,-0.8410568,-0.190364,0.08791789,-0.04618504,0.03869135,0.1065816,-0.1351353,-0.7123235,-0.5076865,0.4653905,124.529,-0.152677,-0.8047892,-0.5735886,-0.4486704,-0.2066705,-0.3550941,0.6083664,0.7803223,0.01617652,0.5753372,0.244587,151.6852,0.804765,0.01668323,0.593359,0.001009539,-0.02475524,0.05630812,0.06151785,-0.3980126,0.07181586,0.1361783,0.9043695,50.52304,-0.9326584,0.1682853,0.3191051,-0.106917,1.211456,-0.07682153,1.218589,0.01239849,-0.1615879,-0.1785958,-0.970484,332.0893,0.05141073,-0.670029,-0.740553,True,True,False,False
1772879685093,10.71078,0.1159383,1.116385,0.1387824,1.130937,-0.0284161,-0.5947735,0.4472491,0.6673869,96.26859,-0.03815721,-0.7986635,0.6005673,-0.1028367,0.6379933,-0.06111933,0.649112,0.5234439,0.2321734,-0.7596845,0.3081907,144.0995,0.5502264,0.2440527,-0.7985545,0.08787274,1.099334,0.2706843,1.135574,0.1314263,1.128695,0.2672212,1.167319,0.1304325,1.126372,0.2250068,1.156008,-0.01749603,0.6483786,0.03102582,0.6493562,-0.006642957,0.6502544,0.07341471,0.6544194,-0.024779,0.6429923,0.1044256,0.6518879,0.09362658,-0.06957381,0.06978566,0.1359283,0.1048005,-0.07456078,0.01858738,0.1299536,0.07100151,-0.05133086,0.00827045,0.08800267,-0.1111723,0.05063622,-0.03095641,0.1260223,-0.1542171,0.05576231,-0.02471129,0.1658402,-0.17693,0.04702761,0.002695851,0.1830932,0.09644827,-0.07441705,0.05393985,0.1332279,0.1089702,-0.06694385,0.02000475,0.1294456,0.08416019,-0.05960218,0.006235932,0.1033162,-0.1115275,0.05112197,-0.03258518,0.1269395,-0.1540818,0.05591004,-0.02487873,0.1657893,-0.176848,0.04723253,0.002538469,0.1830644,0.09400143,-0.06785177,0.03121843,0.1200613,0.05179077,0.9803045,0.1400649,-0.1292388,194.8512,0.05222878,0.9885953,0.1412495,-0.1422229,0.04984545,-0.01722233,0.1516856,0.143416,-0.4929123,-0.1903486,0.8368015,66.39221,0.2619441,-0.9002861,-0.3476647,0.0985788,1.124774,0.2441751,1.155186,0.4820053,-0.8428783,-0.2043187,0.1244222,165.7052,0.4857801,-0.8494793,-0.2059188,0.08772279,-0.0452407,0.04026509,0.1065987,-0.147562,-0.7144546,-0.4972354,0.469614,123.9815,-0.1671386,-0.8092392,-0.5632021,-0.4485441,-0.2074349,-0.355472,0.608754,0.778562,0.0008983606,0.5773254,0.2460405,151.5133,0.8032544,0.0009268525,0.5956355,0.001421198,-0.0247736,0.05582488,0.06109147,-0.3929836,0.05622543,0.1640211,0.9030504,50.8761,-0.9149047,0.1308984,0.3818573,-0.1067683,1.211236,-0.07659487,1.218343,0.01352111,-0.1617351,-0.1792813,-0.9703181,332.0106,0.05591113,-0.6687903,-0.7413457,False,False,False,False
1772879685107,10.72375,0.1159383,1.116385,0.1387824,1.130937,-0.0284161,-0.5947735,0.4472491,0.6673869,96.26859,-0.03815721,-0.7986635,0.6005673,-0.1028367,0.6379933,-0.06111933,0.649112,0.5234439,0.2321734,-0.7596845,0.3081907,144.0995,0.5502264,0.2440527,-0.7985545,0.08787274,1.099334,0.2706843,1.135574,0.1314263,1.128695,0.2672212,1.167319,0.1304325,1.126372,0.2250068,1.156008,-0.01749603,0.6483786,0.03102582,0.6493562,-0.006642957,0.6502544,0.07341471,0.6544194,-0.024779,0.6429923,0.1044256,0.6518879,0.09362658,-0.06957381,0.06978566,0.1359283,0.1048005,-0.07456078,0.01858738,0.1299536,0.07100151,-0.05133086,0.00827045,0.08800267,-0.1111723,0.05063622,-0.03095641,0.1260223,-0.1542171,0.05576231,-0.02471129,0.1658402,-0.17693,0.04702761,0.002695851,0.1830932,0.09644827,-0.07441705,0.05393985,0.1332279,0.1089702,-0.06694385,0.02000475,0.1294456,0.08416019,-0.05960218,0.006235932,0.1033162,-0.1115275,0.05112197,-0.03258518,0.1269395,-0.1540818,0.05591004,-0.02487873,0.1657893,-0.176848,0.04723253,0.002538469,0.1830644,0.09400143,-0.06785177,0.03121843,0.1200613,0.05179077,0.9803045,0.1400649,-0.1292388,194.8512,0.05222878,0.9885953,0.1412495,-0.1422229,0.04984545,-0.01722233,0.1516856,0.143416,-0.4929123,-0.1903486,0.8368015,66.39221,0.2619441,-0.9002861,-0.3476647,0.09567054,1.126158,0.2455794,1.156587,0.456008,-0.8583991,-0.2107165,0.1039532,168.0663,0.4584921,-0.8630751,-0.2118644,0.08772279,-0.0452407,0.04026509,0.1065987,-0.147562,-0.7144546,-0.4972354,0.469614,123.9815,-0.1671386,-0.8092392,-0.5632021,-0.4485441,-0.2074349,-0.355472,0.608754,0.778562,0.0008983606,0.5773254,0.2460405,151.5133,0.8032544,0.0009268525,0.5956355,0.004329465,-0.02615833,0.05442065,0.06053602,-0.4005447,0.07798483,0.1912057,0.8927054,53.56963,-0.8888331,0.1730531,0.4242972,-0.1065488,1.211351,-0.07628325,1.218418,0.01488888,-0.1617782,-0.1796731,-0.9702185,331.9634,0.0614655,-0.6678661,-0.7417411,False,False,False,False
1772879685121,10.73831,0.1159383,1.116385,0.1387824,1.130937,-0.0284161,-0.5947735,0.4472491,0.6673869,96.26859,-0.03815721,-0.7986635,0.6005673,-0.1028367,0.6379933,-0.06111933,0.649112,0.5234439,0.2321734,-0.7596845,0.3081907,144.0995,0.5502264,0.2440527,-0.7985545,0.08787274,1.099334,0.2706843,1.135574,0.1314263,1.128695,0.2672212,1.167319,0.1304325,1.126372,0.2250068,1.156008,-0.01749603,0.6483786,0.03102582,0.6493562,-0.006642957,0.6502544,0.07341471,0.6544194,-0.024779,0.6429923,0.1044256,0.6518879,0.09362658,-0.06957381,0.06978566,0.1359283,0.1048005,-0.07456078,0.01858738,0.1299536,0.07100151,-0.05133086,0.00827045,0.08800267,-0.1111723,0.05063622,-0.03095641,0.1260223,-0.1542171,0.05576231,-0.02471129,0.1658402,-0.17693,0.04702761,0.002695851,0.1830932,0.09644827,-0.07441705,0.05393985,0.1332279,0.1089702,-0.06694385,0.02000475,0.1294456,0.08416019,-0.05960218,0.006235932,0.1033162,-0.1115275,0.05112197,-0.03258518,0.1269395,-0.1540818,0.05591004,-0.02487873,0.1657893,-0.176848,0.04723253,0.002538469,0.1830644,0.09400143,-0.06785177,0.03121843,0.1200613,0.05179077,0.9803045,0.1400649,-0.1292388,194.8512,0.05222878,0.9885953,0.1412495,-0.1422229,0.04984545,-0.01722233,0.1516856,0.143416,-0.4929123,-0.1903486,0.8368015,66.39221,0.2619441,-0.9002861,-0.3476647,0.0955864,1.126368,0.2458725,1.156847,0.4553691,-0.8569571,-0.2085507,0.1215323,166.0389,0.4587698,-0.8633568,-0.2101081,0.08772279,-0.0452407,0.04026509,0.1065987,-0.147562,-0.7144546,-0.4972354,0.469614,123.9815,-0.1671386,-0.8092392,-0.5632021,-0.4485441,-0.2074349,-0.355472,0.608754,0.778562,0.0008983606,0.5773254,0.2460405,151.5133,0.8032544,0.0009268525,0.5956355,0.004413605,-0.02636802,0.05412751,0.06037003,-0.3894416,0.06535462,0.1925813,0.8983188,52.12412,-0.8864153,0.1487549,0.4383377,-0.1064071,1.211437,-0.07627177,1.218491,0.01405213,-0.1619569,-0.1797034,-0.9701955,331.9525,0.05798908,-0.6683494,-0.7415844,False,False,False,False
1772879685134,10.7494,0.1159383,1.116385,0.1387824,1.130937,-0.0284161,-0.5947735,0.4472491,0.6673869,96.26859,-0.03815721,-0.7986635,0.6005673,-0.1028367,0.6379933,-0.06111933,0.649112,0.5234439,0.2321734,-0.7596845,0.3081907,144.0995,0.5502264,0.2440527,-0.7985545,0.08787274,1.099334,0.2706843,1.135574,0.1314263,1.128695,0.2672212,1.167319,0.1304325,1.126372,0.2250068,1.156008,-0.01749603,0.6483786,0.03102582,0.6493562,-0.006642957,0.6502544,0.07341471,0.6544194,-0.024779,0.6429923,0.1044256,0.6518879,0.09362658,-0.06957381,0.06978566,0.1359283,0.1048005,-0.07456078,0.01858738,0.1299536,0.07100151,-0.05133086,0.00827045,0.08800267,-0.1111723,0.05063622,-0.03095641,0.1260223,-0.1542171,0.05576231,-0.02471129,0.1658402,-0.17693,0.04702761,0.002695851,0.1830932,0.09644827,-0.07441705,0.05393985,0.1332279,0.1089702,-0.06694385,0.02000475,0.1294456,0.08416019,-0.05960218,0.006235932,0.1033162,-0.1115275,0.05112197,-0.03258518,0.1269395,-0.1540818,0.05591004,-0.02487873,0.1657893,-0.176848,0.04723253,0.002538469,0.1830644,0.09400143,-0.06785177,0.03121843,0.1200613,0.05179077,0.9803045,0.1400649,-0.1292388,194.8512,0.05222878,0.9885953,0.1412495,-0.1422229,0.04984545,-0.01722233,0.1516856,0.143416,-0.4929123,-0.1903486,0.8368015,66.39221,0.2619441,-0.9002861,-0.3476647,0.0958313,1.127162,0.2462161,1.157714,0.4635962,-0.8531166,-0.2119548,0.1111116,167.2412,0.4664847,-0.8584322,-0.2132755,0.08772279,-0.0452407,0.04026509,0.1065987,-0.147562,-0.7144546,-0.4972354,0.469614,123.9815,-0.1671386,-0.8092392,-0.5632021,-0.4485441,-0.2074349,-0.355472,0.608754,0.778562,0.0008983606,0.5773254,0.2460405,151.5133,0.8032544,0.0009268525,0.5956355,0.004168704,-0.02716219,0.05378389,0.0603976,-0.399971,0.06885783,0.1842393,0.8951748,52.93825,-0.8973683,0.1544883,0.4133563,-0.1061904,1.211249,-0.07627714,1.218285,0.01340476,-0.1623734,-0.1791752,-0.9702327,331.9702,0.0553516,-0.6704805,-0.7398595,False,False,False,False
1772879685149,10.76311,0.1159383,1.116385,0.1387824,1.130937,-0.0284161,-0.5947735,0.4472491,0.6673869,96.26859,-0.03815721,-0.7986635,0.6005673,-0.1028367,0.6379933,-0.06111933,0.649112,0.5234439,0.2321734,-0.7596845,0.3081907,144.0995,0.5502264,0.2440527,-0.7985545,0.08787274,1.099334,0.2706843,1.135574,0.1314263,1.128695,0.2672212,1.167319,0.1304325,1.126372,0.2250068,1.156008,-0.01749603,0.6483786,0.03102582,0.6493562,-0.006642957,0.6502544,0.07341471,0.6544194,-0.024779,0.6429923,0.1044256,0.6518879,0.09362658,-0.06957381,0.06978566,0.1359283,0.1048005,-0.07456078,0.01858738,0.1299536,0.07100151,-0.05133086,0.00827045,0.08800267,-0.1111723,0.05063622,-0.03095641,0.1260223,-0.1542171,0.05576231,-0.02471129,0.1658402,-0.17693,0.04702761,0.002695851,0.1830932,0.09644827,-0.07441705,0.05393985,0.1332279,0.1089702,-0.06694385,0.02000475,0.1294456,0.08416019,-0.05960218,0.006235932,0.1033162,-0.1115275,0.05112197,-0.03258518,0.1269395,-0.1540818,0.05591004,-0.02487873,0.1657893,-0.176848,0.04723253,0.002538469,0.1830644,0.09400143,-0.06785177,0.03121843,0.1200613,0.05179077,0.9803045,0.1400649,-0.1292388,194.8512,0.05222878,0.9885953,0.1412495,-0.1422229,0.04984545,-0.01722233,0.1516856,0.143416,-0.4929123,-0.1903486,0.8368015,66.39221,0.2619441,-0.9002861,-0.3476647,0.09511391,1.128641,0.2449808,1.158833,0.4614208,-0.8561049,-0.2033688,0.1132099,166.9992,0.4644064,-0.8616443,-0.2046847,0.08772279,-0.0452407,0.04026509,0.1065987,-0.147562,-0.7144546,-0.4972354,0.469614,123.9815,-0.1671386,-0.8092392,-0.5632021,-0.4485441,-0.2074349,-0.355472,0.608754,0.778562,0.0008983606,0.5773254,0.2460405,151.5133,0.8032544,0.0009268525,0.5956355,0.004886091,-0.02864099,0.05501921,0.06221972,-0.3919943,0.07312682,0.1844241,0.8983212,52.12351,-0.892235,0.1664471,0.4197757,-0.105985,1.211105,-0.0763396,1.218128,0.01259638,-0.1621376,-0.1793881,-0.9702436,331.9753,0.05202305,-0.6696281,-0.7408727,False,False,False,False
1772879685162,10.77728,0.1159383,1.116385,0.1387824,1.130937,-0.0284161,-0.5947735,0.4472491,0.6673869,96.26859,-0.03815721,-0.7986635,0.6005673,-0.1028367,0.6379933,-0.06111933,0.649112,0.5234439,0.2321734,-0.7596845,0.3081907,144.0995,0.5502264,0.2440527,-0.7985545,0.08787274,1.099334,0.2706843,1.135574,0.1314263,1.128695,0.2672212,1.167319,0.1304325,1.126372,0.2250068,1.156008,-0.01749603,0.6483786,0.03102582,0.6493562,-0.006642957,0.6502544,0.07341471,0.6544194,-0.024779,0.6429923,0.1044256,0.6518879,0.09362658,-0.06957381,0.06978566,0.1359283,0.1048005,-0.07456078,0.01858738,0.1299536,0.07100151,-0.05133086,0.00827045,0.08800267,-0.1111723,0.05063622,-0.03095641,0.1260223,-0.1542171,0.05576231,-0.02471129,0.1658402,-0.17693,0.04702761,0.002695851,0.1830932,0.09644827,-0.07441705,0.05393985,0.1332279,0.1089702,-0.06694385,0.02000475,0.1294456,0.08416019,-0.05960218,0.006235932,0.1033162,-0.1115275,0.05112197,-0.03258518,0.1269395,-0.1540818,0.05591004,-0.02487873,0.1657893,-0.176848,0.04723253,0.002538469,0.1830644,0.09400143,-0.06785177,0.03121843,0.1200613,0.05179077,0.9803045,0.1400649,-0.1292388,194.8512,0.05222878,0.9885953,0.1412495,-0.1422229,0.04984545,-0.01722233,0.1516856,0.143416,-0.4929123,-0.1903486,0.8368015,66.39221,0.2619441,-0.9002861,-0.3476647,0.09474495,1.129222,0.2441581,1.159194,0.4533918,-0.8625715,-0.1967161,0.1082077,167.576,0.4560698,-0.8676662,-0.197878,0.08772279,-0.0452407,0.04026509,0.1065987,-0.147562,-0.7144546,-0.4972354,0.469614,123.9815,-0.1671386,-0.8092392,-0.5632021,-0.4485441,-0.2074349,-0.355472,0.608754,0.778562,0.0008983606,0.5773254,0.2460405,151.5133,0.8032544,0.0009268525,0.5956355,0.005255051,-0.02922189,0.05584194,0.06324442,-0.3873687,0.08391821,0.1905611,0.8981035,52.18023,-0.8808154,0.1908168,0.4333059,-0.1057275,1.211215,-0.07627866,1.218211,0.01435787,-0.1614813,-0.1802081,-0.9701766,331.9436,0.05923237,-0.6661795,-0.7434354,False,False,False,False
1772879685177,10.79302,0.1159383,1.116385,0.1387824,1.130937,-0.0284161,-0.5947735,0.4472491,0.6673869,96.26859,-0.03815721,-0.7986635,0.6005673,-0.1028367,0.6379933,-0.06111933,0.649112,0.5234439,0.2321734,-0.7596845,0.3081907,144.0995,0.5502264,0.2440527,-0.7985545,0.08787274,1.099334,0.2706843,1.135574,0.1314263,1.128695,0.2672212,1.167319,0.1304325,1.126372,0.2250068,1.156008,-0.01749603,0.6483786,0.03102582,0.6493562,-0.006642957,0.6502544,0.07341471,0.6544194,-0.024779,0.6429923,0.1044256,0.6518879,0.09362658,-0.06957381,0.06978566,0.1359283,0.1048005,-0.07456078,0.01858738,0.1299536,0.07100151,-0.05133086,0.00827045,0.08800267,-0.1111723,0.05063622,-0.03095641,0.1260223,-0.1542171,0.05576231,-0.02471129,0.1658402,-0.17693,0.04702761,0.002695851,0.1830932,0.09644827,-0.07441705,0.05393985,0.1332279,0.1089702,-0.06694385,0.02000475,0.1294456,0.08416019,-0.05960218,0.006235932,0.1033162,-0.1115275,0.05112197,-0.03258518,0.1269395,-0.1540818,0.05591004,-0.02487873,0.1657893,-0.176848,0.04723253,0.002538469,0.1830644,0.09400143,-0.06785177,0.03121843,0.1200613,0.05179077,0.9803045,0.1400649,-0.1292388,194.8512,0.05222878,0.9885953,0.1412495,-0.1422229,0.04984545,-0.01722233,0.1516856,0.143416,-0.4929123,-0.1903486,0.8368015,66.39221,0.2619441,-0.9002861,-0.3476647,0.09532753,1.130818,0.2399231,1.159913,0.4445503,-0.8733298,-0.1731507,0.09843301,168.7021,0.4467197,-0.8775916,-0.1739957,0.08772279,-0.0452407,0.04026509,0.1065987,-0.147562,-0.7144546,-0.4972354,0.469614,123.9815,-0.1671386,-0.8092392,-0.5632021,-0.4485441,-0.2074349,-0.355472,0.608754,0.778562,0.0008983606,0.5773254,0.2460405,151.5133,0.8032544,0.0009268525,0.5956355,0.004672475,-0.03081775,0.06007688,0.06768158,-0.3727062,0.1087495,0.1923736,0.9012526,51.35361,-0.8601688,0.250983,0.4439791,-0.1055227,1.211492,-0.07613806,1.21846,0.01602071,-0.1615851,-0.1799237,-0.9701861,331.9481,0.06610265,-0.6667121,-0.7423788,False,False,False,False
1772879685190,10.80539,0.1159383,1.116385,0.1387824,1.130937,-0.0284161,-0.5947735,0.4472491,0.6673869,96.26859,-0.03815721,-0.7986635,0.6005673,-0.1028367,0.6379933,-0.06111933,0.649112,0.5234439,0.2321734,-0.7596845,0.3081907,144.0995,0.5502264,0.2440527,-0.7985545,0.08787274,1.099334,0.2706843,1.135574,0.1314263,1.128695,0.2672212,1.167319,0.1304325,1.126372,0.2250068,1.156008,-0.01749603,0.6483786,0.03102582,0.6493562,-0.006642957,0.6502544,0.07341471,0.6544194,-0.024779,0.6429923,0.1044256,0.6518879,0.09362658,-0.06957381,0.06978566,0.1359283,0.1048005,-0.07456078,0.01858738,0.1299536,0.07100151,-0.05133086,0.00827045,0.08800267,-0.1111723,0.05063622,-0.03095641,0.1260223,-0.1542171,0.05576231,-0.02471129,0.1658402,-0.17693,0.04702761,0.002695851,0.1830932,0.09644827,-0.07441705,0.05393985,0.1332279,0.1089702,-0.06694385,0.02000475,0.1294456,0.08416019,-0.05960218,0.006235932,0.1033162,-0.1115275,0.05112197,-0.03258518,0.1269395,-0.1540818,0.05591004,-0.02487873,0.1657893,-0.176848,0.04723253,0.002538469,0.1830644,0.09400143,-0.06785177,0.03121843,0.1200613,0.05179077,0.9803045,0.1400649,-0.1292388,194.8512,0.05222878,0.9885953,0.1412495,-0.1422229,0.04984545,-0.01722233,0.1516856,0.143416,-0.4929123,-0.1903486,0.8368015,66.39221,0.2619441,-0.9002861,-0.3476647,0.09552684,1.131252,0.2385745,1.160075,0.4372455,-0.8806909,-0.1641114,0.07916686,170.9186,0.4386222,-0.8834637,-0.1646281,0.08772279,-0.0452407,0.04026509,0.1065987,-0.147562,-0.7144546,-0.4972354,0.469614,123.9815,-0.1671386,-0.8092392,-0.5632021,-0.4485441,-0.2074349,-0.355472,0.608754,0.778562,0.0008983606,0.5773254,0.2460405,151.5133,0.8032544,0.0009268525,0.5956355,0.004473165,-0.03125179,0.06142551,0.06906357,-0.3739995,0.1317815,0.1955118,0.8969578,52.47797,-0.8459303,0.2980699,0.4422182,-0.1052307,1.211701,-0.07609233,1.21864,0.01669007,-0.161266,-0.1795183,-0.9703031,332.0035,0.06899787,-0.6666846,-0.7421407,False,False,False,False
1772879685204,10.81888,0.1159383,1.116385,0.1387824,1.130937,-0.0284161,-0.5947735,0.4472491,0.6673869,96.26859,-0.03815721,-0.7986635,0.6005673,-0.1028367,0.6379933,-0.06111933,0.649112,0.5234439,0.2321734,-0.7596845,0.3081907,144.0995,0.5502264,0.2440527,-0.7985545,0.08787274,1.099334,0.2706843,1.135574,0.1314263,1.128695,0.2672212,1.167319,0.1304325,1.126372,0.2250068,1.156008,-0.01749603,0.6483786,0.03102582,0.6493562,-0.006642957,0.6502544,0.07341471,0.6544194,-0.024779,0.6429923,0.1044256,0.6518879,0.09362658,-0.06957381,0.06978566,0.1359283,0.1048005,-0.07456078,0.01858738,0.1299536,0.07100151,-0.05133086,0.00827045,0.08800267,-0.1111723,0.05063622,-0.03095641,0.1260223,-0.1542171,0.05576231,-0.02471129,0.1658402,-0.17693,0.04702761,0.002695851,0.1830932,0.09644827,-0.07441705,0.05393985,0.1332279,0.1089702,-0.06694385,0.02000475,0.1294456,0.08416019,-0.05960218,0.006235932,0.1033162,-0.1115275,0.05112197,-0.03258518,0.1269395,-0.1540818,0.05591004,-0.02487873,0.1657893,-0.176848,0.04723253,0.002538469,0.1830644,0.09400143,-0.06785177,0.03121843,0.1200613,0.05179077,0.9803045,0.1400649,-0.1292388,194.8512,0.05222878,0.9885953,0.1412495,-0.1422229,0.04984545,-0.01722233,0.1516856,0.143416,-0.4929123,-0.1903486,0.8368015,66.39221,0.2619441,-0.9002861,-0.3476647,0.0953477,1.131476,0.2368394,1.159923,0.4156395,-0.8915229,-0.1664121,0.0688317,172.1062,0.4166276,-0.8936424,-0.1668078,0.08772279,-0.0452407,0.04026509,0.1065987,-0.147562,-0.7144546,-0.4972354,0.469614,123.9815,-0.1671386,-0.8092392,-0.5632021,-0.4485441,-0.2074349,-0.355472,0.608754,0.778562,0.0008983606,0.5773254,0.2460405,151.5133,0.8032544,0.0009268525,0.5956355,0.004652306,-0.0314759,0.06316061,0.07072227,-0.3742895,0.1455789,0.2168246,0.8897761,54.30976,-0.8200955,0.318974,0.4750785,-0.1049154,1.2117,-0.07611378,1.218613,0.0161812,-0.1611993,-0.1790112,-0.9704164,332.0573,0.0670203,-0.6676651,-0.7414395,False,False,False,False
1772879685218,10.83262,0.1159383,1.116385,0.1387824,1.130937,-0.0284161,-0.5947735,0.4472491,0.6673869,96.26859,-0.03815721,-0.7986635,0.6005673,-0.1028367,0.6379933,-0.06111933,0.649112,0.5234439,0.2321734,-0.7596845,0.3081907,144.0995,0.5502264,0.2440527,-0.7985545,0.08787274,1.099334,0.2706843,1.135574,0.1314263,1.128695,0.2672212,1.167319,0.1304325,1.126372,0.2250068,1.156008,-0.01749603,0.6483786,0.03102582,0.6493562,-0.006642957,0.6502544,0.07341471,0.6544194,-0.024779,0.6429923,0.1044256,0.6518879,0.09362658,-0.06957381,0.06978566,0.1359283,0.1048005,-0.07456078,0.01858738,0.1299536,0.07100151,-0.05133086,0.00827045,0.08800267,-0.1111723,0.05063622,-0.03095641,0.1260223,-0.1542171,0.05576231,-0.02471129,0.1658402,-0.17693,0.04702761,0.002695851,0.1830932,0.09644827,-0.07441705,0.05393985,0.1332279,0.1089702,-0.06694385,0.02000475,0.1294456,0.08416019,-0.05960218,0.006235932,0.1033162,-0.1115275,0.05112197,-0.03258518,0.1269395,-0.1540818,0.05591004,-0.02487873,0.1657893,-0.176848,0.04723253,0.002538469,0.1830644,0.09400143,-0.06785177,0.03121843,0.1200613,0.05179077,0.9803045,0.1400649,-0.1292388,194.8512,0.05222878,0.9885953,0.1412495,-0.1422229,0.04984545,-0.01722233,0.1516856,0.143416,-0.4929123,-0.1903486,0.8368015,66.39221,0.2619441,-0.9002861,-0.3476647,0.09544126,1.13176,0.2319925,1.159228,0.391933,-0.8996478,-0.1747275,0.08057658,170.7566,0.3932116,-0.9025826,-0.1752975,0.08772279,-0.0452407,0.04026509,0.1065987,-0.147562,-0.7144546,-0.4972354,0.469614,123.9815,-0.1671386,-0.8092392,-0.5632021,-0.4485441,-0.2074349,-0.355472,0.608754,0.778562,0.0008983606,0.5773254,0.2460405,151.5133,0.8032544,0.0009268525,0.5956355,0.004558742,-0.03175962,0.06800751,0.07519626,-0.3666098,0.1388689,0.2437285,0.8870791,54.9831,-0.7941847,0.3008308,0.5279877,-0.1045658,1.21154,-0.07618449,1.218428,0.01458697,-0.1614587,-0.1784131,-0.9705087,332.1011,0.06051025,-0.6697693,-0.7401003,False,False,False,False
1772879685232,10.8471,0.1159383,1.116385,0.1387824,1.130937,-0.0284161,-0.5947735,0.4472491,0.6673869,96.26859,-0.03815721,-0.7986635,0.6005673,-0.1028367,0.6379933,-0.06111933,0.649112,0.5234439,0.2321734,-0.7596845,0.3081907,144.0995,0.5502264,0.2440527,-0.7985545,0.08787274,1.099334,0.2706843,1.135574,0.1314263,1.128695,0.2672212,1.167319,0.1304325,1.126372,0.2250068,1.156008,-0.01749603,0.6483786,0.03102582,0.6493562,-0.006642957,0.6502544,0.07341471,0.6544194,-0.024779,0.6429923,0.1044256,0.6518879,0.09362658,-0.06957381,0.06978566,0.1359283,0.1048005,-0.07456078,0.01858738,0.1299536,0.07100151,-0.05133086,0.00827045,0.08800267,-0.1111723,0.05063622,-0.03095641,0.1260223,-0.1542171,0.05576231,-0.02471129,0.1658402,-0.17693,0.04702761,0.002695851,0.1830932,0.09644827,-0.07441705,0.05393985,0.1332279,0.1089702,-0.06694385,0.02000475,0.1294456,0.08416019,-0.05960218,0.006235932,0.1033162,-0.1115275,0.05112197,-0.03258518,0.1269395,-0.1540818,0.05591004,-0.02487873,0.1657893,-0.176848,0.04723253,0.002538469,0.1830644,0.09400143,-0.06785177,0.03121843,0.1200613,0.05179077,0.9803045,0.1400649,-0.1292388,194.8512,0.05222878,0.9885953,0.1412495,-0.1422229,0.04984545,-0.01722233,0.1516856,0.143416,-0.4929123,-0.1903486,0.8368015,66.39221,0.2619441,-0.9002861,-0.3476647,0.09514403,1.131874,0.2307436,1.159066,0.3898417,-0.9021752,-0.1691248,0.07416422,171.4936,0.3909183,-0.9046667,-0.1695919,0.08772279,-0.0452407,0.04026509,0.1065987,-0.147562,-0.7144546,-0.4972354,0.469614,123.9815,-0.1671386,-0.8092392,-0.5632021,-0.4485441,-0.2074349,-0.355472,0.608754,0.778562,0.0008983606,0.5773254,0.2460405,151.5133,0.8032544,0.0009268525,0.5956355,0.004855976,-0.0318737,0.0692564,0.07639346,-0.3652216,0.1478478,0.2435632,0.8862457,55.1896,-0.7884483,0.319177,0.5258095,-0.1041973,1.211387,-0.07618883,1.218245,0.01352089,-0.1612805,-0.1779071,-0.9706466,332.1667,0.05621755,-0.670577,-0.7397072,False,False,False,False
1772879685246,10.8602,0.1159383,1.116385,0.1387824,1.130937,-0.0284161,-0.5947735,0.4472491,0.6673869,96.26859,-0.03815721,-0.7986635,0.6005673,-0.1028367,0.6379933,-0.06111933,0.649112,0.5234439,0.2321734,-0.7596845,0.3081907,144.0995,0.5502264,0.2440527,-0.7985545,0.08787274,1.099334,0.2706843,1.135574,0.1314263,1.128695,0.2672212,1.167319,0.1304325,1.126372,0.2250068,1.156008,-0.01749603,0.6483786,0.03102582,0.6493562,-0.006642957,0.6502544,0.07341471,0.6544194,-0.024779,0.6429923,0.1044256,0.6518879,0.09362658,-0.06957381,0.06978566,0.1359283,0.1048005,-0.07456078,0.01858738,0.1299536,0.07100151,-0.05133086,0.00827045,0.08800267,-0.1111723,0.05063622,-0.03095641,0.1260223,-0.1542171,0.05576231,-0.02471129,0.1658402,-0.17693,0.04702761,0.002695851,0.1830932,0.09644827,-0.07441705,0.05393985,0.1332279,0.1089702,-0.06694385,0.02000475,0.1294456,0.08416019,-0.05960218,0.006235932,0.1033162,-0.1115275,0.05112197,-0.03258518,0.1269395,-0.1540818,0.05591004,-0.02487873,0.1657893,-0.176848,0.04723253,0.002538469,0.1830644,0.09400143,-0.06785177,0.03121843,0.1200613,0.05179077,0.9803045,0.1400649,-0.1292388,194.8512,0.05222878,0.9885953,0.1412495,-0.1422229,0.04984545,-0.01722233,0.1516856,0.143416,-0.4929123,-0.1903486,0.8368015,66.39221,0.2619441,-0.9002861,-0.3476647,0.09486687,1.131959,0.2299668,1.158972,0.3830775,-0.9050804,-0.1685073,0.07540875,171.3506,0.3841713,-0.9076648,-0.1689885,0.08772279,-0.0452407,0.04026509,0.1065987,-0.147562,-0.7144546,-0.4972354,0.469614,123.9815,-0.1671386,-0.8092392,-0.5632021,-0.4485441,-0.2074349,-0.355472,0.608754,0.778562,0.0008983606,0.5773254,0.2460405,151.5133,0.8032544,0.0009268525,0.5956355,0.00513313,-0.03195918,0.07003322,0.07715174,-0.3619348,0.1492835,0.2501016,0.8855321,55.36589,-0.7790606,0.3213311,0.5383409,-0.1038791,1.21141,-0.0760515,1.218232,0.01324802,-0.1610163,-0.1779517,-0.9706861,332.1855,0.05511952,-0.6699219,-0.7403833,False,False,False,False
1772879685261,10.87423,0.1159383,1.116385,0.1387824,1.130937,-0.0284161,-0.5947735,0.4472491,0.6673869,96.26859,-0.03815721,-0.7986635,0.6005673,-0.1028367,0.6379933,-0.06111933,0.649112,0.5234439,0.2321734,-0.7596845,0.3081907,144.0995,0.5502264,0.2440527,-0.7985545,0.08787274,1.099334,0.2706843,1.135574,0.1314263,1.128695,0.2672212,1.167319,0.1304325,1.126372,0.2250068,1.156008,-0.01749603,0.6483786,0.03102582,0.6493562,-0.006642957,0.6502544,0.07341471,0.6544194,-0.024779,0.6429923,0.1044256,0.6518879,0.09362658,-0.06957381,0.06978566,0.1359283,0.1048005,-0.07456078,0.01858738,0.1299536,0.07100151,-0.05133086,0.00827045,0.08800267,-0.1111723,0.05063622,-0.03095641,0.1260223,-0.1542171,0.05576231,-0.02471129,0.1658402,-0.17693,0.04702761,0.002695851,0.1830932,0.09644827,-0.07441705,0.05393985,0.1332279,0.1089702,-0.06694385,0.02000475,0.1294456,0.08416019,-0.05960218,0.006235932,0.1033162,-0.1115275,0.05112197,-0.03258518,0.1269395,-0.1540818,0.05591004,-0.02487873,0.1657893,-0.176848,0.04723253,0.002538469,0.1830644,0.09400143,-0.06785177,0.03121843,0.1200613,0.05179077,0.9803045,0.1400649,-0.1292388,194.8512,0.05222878,0.9885953,0.1412495,-0.1422229,0.04984545,-0.01722233,0.1516856,0.143416,-0.4929123,-0.1903486,0.8368015,66.39221,0.2619441,-0.9002861,-0.3476647,0.09404977,1.132192,0.2288944,1.15892,0.3726411,-0.9091343,-0.1700811,0.07540426,171.3511,0.3737051,-0.91173,-0.1705667,0.08772279,-0.0452407,0.04026509,0.1065987,-0.147562,-0.7144546,-0.4972354,0.469614,123.9815,-0.1671386,-0.8092392,-0.5632021,-0.4485441,-0.2074349,-0.355472,0.608754,0.778562,0.0008983606,0.5773254,0.2460405,151.5133,0.8032544,0.0009268525,0.5956355,0.005950235,-0.03219151,0.07110566,0.07827971,-0.3596998,0.1514921,0.2606671,0.883017,55.98309,-0.7663929,0.3227761,0.5553893,-0.1035099,1.211477,-0.07594378,1.21826,0.01344532,-0.1604878,-0.1778322,-0.9707928,332.2364,0.05604093,-0.6689236,-0.7412159,False,False,False,False
1772879685273,10.8888,0.1159383,1.116385,0.1387824,1.130937,-0.0284161,-0.5947735,0.4472491,0.6673869,96.26859,-0.03815721,-0.7986635,0.6005673,-0.1028367,0.6379933,-0.06111933,0.649112,0.5234439,0.2321734,-0.7596845,0.3081907,144.0995,0.5502264,0.2440527,-0.7985545,0.08787274,1.099334,0.2706843,1.135574,0.1314263,1.128695,0.2672212,1.167319,0.1304325,1.126372,0.2250068,1.156008,-0.01749603,0.6483786,0.03102582,0.6493562,-0.006642957,0.6502544,0.07341471,0.6544194,-0.024779,0.6429923,0.1044256,0.6518879,0.09362658,-0.06957381,0.06978566,0.1359283,0.1048005,-0.07456078,0.01858738,0.1299536,0.07100151,-0.05133086,0.00827045,0.08800267,-0.1111723,0.05063622,-0.03095641,0.1260223,-0.1542171,0.05576231,-0.02471129,0.1658402,-0.17693,0.04702761,0.002695851,0.1830932,0.09644827,-0.07441705,0.05393985,0.1332279,0.1089702,-0.06694385,0.02000475,0.1294456,0.08416019,-0.05960218,0.006235932,0.1033162,-0.1115275,0.05112197,-0.03258518,0.1269395,-0.1540818,0.05591004,-0.02487873,0.1657893,-0.176848,0.04723253,0.002538469,0.1830644,0.09400143,-0.06785177,0.03121843,0.1200613,0.05179077,0.9803045,0.1400649,-0.1292388,194.8512,0.05222878,0.9885953,0.1412495,-0.1422229,0.04984545,-0.01722233,0.1516856,0.143416,-0.4929123,-0.1903486,0.8368015,66.39221,0.2619441,-0.9002861,-0.3476647,0.09377685,1.132295,0.2285973,1.158941,0.3626782,-0.9131389,-0.1703164,0.07506204,171.3904,0.3637042,-0.9157222,-0.1707982,0.08772279,-0.0452407,0.04026509,0.1065987,-0.147562,-0.7144546,-0.4972354,0.469614,123.9815,-0.1671386,-0.8092392,-0.5632021,-0.4485441,-0.2074349,-0.355472,0.608754,0.778562,0.0008983606,0.5773254,0.2460405,151.5133,0.8032544,0.0009268525,0.5956355,0.00622315,-0.03229523,0.07140274,0.07861336,-0.3568013,0.1545576,0.2702902,0.8807657,56.53028,-0.7534567,0.3263789,0.5707712,-0.1031817,1.211381,-0.07587928,1.218133,0.01364623,-0.1603233,-0.1777178,-0.9708381,332.2581,0.05692193,-0.6687497,-0.7413064,False,False,False,False
1772879685287,10.90245,0.1159383,1.116385,0.1387824,1.130937,-0.0284161,-0.5947735,0.4472491,0.6673869,96.26859,-0.03815721,-0.7986635,0.6005673,-0.1028367,0.6379933,-0.06111933,0.649112,0.5234439,0.2321734,-0.7596845,0.3081907,144.0995,0.5502264,0.2440527,-0.7985545,0.08787274,1.099334,0.2706843,1.135574,0.1314263,1.128695,0.2672212,1.167319,0.1304325,1.126372,0.2250068,1.156008,-0.01749603,0.6483786,0.03102582,0.6493562,-0.006642957,0.6502544,0.07341471,0.6544194,-0.024779,0.6429923,0.1044256,0.6518879,0.09362658,-0.06957381,0.06978566,0.1359283,0.1048005,-0.07456078,0.01858738,0.1299536,0.07100151,-0.05133086,0.00827045,0.08800267,-0.1111723,0.05063622,-0.03095641,0.1260223,-0.1542171,0.05576231,-0.02471129,0.1658402,-0.17693,0.04702761,0.002695851,0.1830932,0.09644827,-0.07441705,0.05393985,0.1332279,0.1089702,-0.06694385,0.02000475,0.1294456,0.08416019,-0.05960218,0.006235932,0.1033162,-0.1115275,0.05112197,-0.03258518,0.1269395,-0.1540818,0.05591004,-0.02487873,0.1657893,-0.176848,0.04723253,0.002538469,0.1830644,0.09400143,-0.06785177,0.03121843,0.1200613,0.05179077,0.9803045,0.1400649,-0.1292388,194.8512,0.05222878,0.9885953,0.1412495,-0.1422229,0.04984545,-0.01722233,0.1516856,0.143416,-0.4929123,-0.1903486,0.8368015,66.39221,0.2619441,-0.9002861,-0.3476647,0.09309072,1.132619,0.2273673,1.15896,0.3405436,-0.9218547,-0.171413,0.06950977,172.0283,0.3413693,-0.9240898,-0.1718287,0.08772279,-0.0452407,0.04026509,0.1065987,-0.147562,-0.7144546,-0.4972354,0.469614,123.9815,-0.1671386,-0.8092392,-0.5632021,-0.4485441,-0.2074349,-0.355472,0.608754,0.778562,0.0008983606,0.5773254,0.2460405,151.5133,0.8032544,0.0009268525,0.5956355,0.006909281,-0.032619,0.07263272,0.07992026,-0.3532287,0.164624,0.2911253,0.8737131,58.21395,-0.7261481,0.3384249,0.5984792,-0.102793,1.211348,-0.07584644,1.218066,0.01357993,-0.1605183,-0.1778826,-0.9707766,332.2287,0.05658659,-0.6688684,-0.7412239,False,False,False,False
1772879685302,10.91733,0.1159383,1.116385,0.1387824,1.130937,-0.0284161,-0.5947735,0.4472491,0.6673869,96.26859,-0.03815721,-0.7986635,0.6005673,-0.1028367,0.6379933,-0.06111933,0.649112,0.5234439,0.2321734,-0.7596845,0.3081907,144.0995,0.5502264,0.2440527,-0.7985545,0.08787274,1.099334,0.2706843,1.135574,0.1314263,1.128695,0.2672212,1.167319,0.1304325,1.126372,0.2250068,1.156008,-0.01749603,0.6483786,0.03102582,0.6493562,-0.006642957,0.6502544,0.07341471,0.6544194,-0.024779,0.6429923,0.1044256,0.6518879,0.09362658,-0.06957381,0.06978566,0.1359283,0.1048005,-0.07456078,0.01858738,0.1299536,0.07100151,-0.05133086,0.00827045,0.08800267,-0.1111723,0.05063622,-0.03095641,0.1260223,-0.1542171,0.05576231,-0.02471129,0.1658402,-0.17693,0.04702761,0.002695851,0.1830932,0.09644827,-0.07441705,0.05393985,0.1332279,0.1089702,-0.06694385,0.02000475,0.1294456,0.08416019,-0.05960218,0.006235932,0.1033162,-0.1115275,0.05112197,-0.03258518,0.1269395,-0.1540818,0.05591004,-0.02487873,0.1657893,-0.176848,0.04723253,0.002538469,0.1830644,0.09400143,-0.06785177,0.03121843,0.1200613,0.05179077,0.9803045,0.1400649,-0.1292388,194.8512,0.05222878,0.9885953,0.1412495,-0.1422229,0.04984545,-0.01722233,0.1516856,0.143416,-0.4929123,-0.1903486,0.8368015,66.39221,0.2619441,-0.9002861,-0.3476647,0.09275255,1.132376,0.2269486,1.158613,0.3273634,-0.9267554,-0.1718431,0.06654055,172.3694,0.3280905,-0.9288139,-0.1722248,0.08772279,-0.0452407,0.04026509,0.1065987,-0.147562,-0.7144546,-0.4972354,0.469614,123.9815,-0.1671386,-0.8092392,-0.5632021,-0.4485441,-0.2074349,-0.355472,0.608754,0.778562,0.0008983606,0.5773254,0.2460405,151.5133,0.8032544,0.0009268525,0.5956355,0.007247455,-0.03237617,0.07305144,0.0802325,-0.3507197,0.1703674,0.3033452,0.8694554,59.2092,-0.709942,0.344865,0.6140445,-0.1024171,1.21135,-0.07582769,1.218034,0.01352259,-0.1611364,-0.177875,-0.9706764,332.1809,0.05625274,-0.6703125,-0.7399439,False,False,False,False
1772879685316,10.93042,0.1159383,1.116385,0.1387824,1.130937,-0.0284161,-0.5947735,0.4472491,0.6673869,96.26859,-0.03815721,-0.7986635,0.6005673,-0.1028367,0.6379933,-0.06111933,0.649112,0.5234439,0.2321734,-0.7596845,0.3081907,144.0995,0.5502264,0.2440527,-0.7985545,0.08787274,1.099334,0.2706843,1.135574,0.1314263,1.128695,0.2672212,1.167319,0.1304325,1.126372,0.2250068,1.156008,-0.01749603,0.6483786,0.03102582,0.6493562,-0.006642957,0.6502544,0.07341471,0.6544194,-0.024779,0.6429923,0.1044256,0.6518879,0.09362658,-0.06957381,0.06978566,0.1359283,0.1048005,-0.07456078,0.01858738,0.1299536,0.07100151,-0.05133086,0.00827045,0.08800267,-0.1111723,0.05063622,-0.03095641,0.1260223,-0.1542171,0.05576231,-0.02471129,0.1658402,-0.17693,0.04702761,0.002695851,0.1830932,0.09644827,-0.07441705,0.05393985,0.1332279,0.1089702,-0.06694385,0.02000475,0.1294456,0.08416019,-0.05960218,0.006235932,0.1033162,-0.1115275,0.05112197,-0.03258518,0.1269395,-0.1540818,0.05591004,-0.02487873,0.1657893,-0.176848,0.04723253,0.002538469,0.1830644,0.09400143,-0.06785177,0.03121843,0.1200613,0.05179077,0.9803045,0.1400649,-0.1292388,194.8512,0.05222878,0.9885953,0.1412495,-0.1422229,0.04984545,-0.01722233,0.1516856,0.143416,-0.4929123,-0.1903486,0.8368015,66.39221,0.2619441,-0.9002861,-0.3476647,0.0922939,1.132124,0.2267005,1.158282,0.3119098,-0.9353485,-0.1620541,0.03967384,175.4525,0.3121555,-0.9360855,-0.1621818,0.08772279,-0.0452407,0.04026509,0.1065987,-0.147562,-0.7144546,-0.4972354,0.469614,123.9815,-0.1671386,-0.8092392,-0.5632021,-0.4485441,-0.2074349,-0.355472,0.608754,0.778562,0.0008983606,0.5773254,0.2460405,151.5133,0.8032544,0.0009268525,0.5956355,0.007706106,-0.0321244,0.07329954,0.08040015,-0.352401,0.2011381,0.3119199,0.859106,61.5673,-0.6885552,0.3930031,0.6094594,-0.101999,1.211325,-0.0758233,1.217975,0.01345295,-0.1613252,-0.1779962,-0.9706239,332.1559,0.05591368,-0.6705062,-0.7397949,False,False,False,False
1772879685330,10.94384,0.1159383,1.116385,0.1387824,1.130937,-0.0284161,-0.5947735,0.4472491,0.6673869,96.26859,-0.03815721,-0.7986635,0.6005673,-0.1028367,0.6379933,-0.06111933,0.649112,0.5234439,0.2321734,-0.7596845,0.3081907,144.0995,0.5502264,0.2440527,-0.7985545,0.08787274,1.099334,0.2706843,1.135574,0.1314263,1.128695,0.2672212,1.167319,0.1304325,1.126372,0.2250068,1.156008,-0.01749603,0.6483786,0.03102582,0.6493562,-0.006642957,0.6502544,0.07341471,0.6544194,-0.024779,0.6429923,0.1044256,0.6518879,0.09362658,-0.06957381,0.06978566,0.1359283,0.1048005,-0.07456078,0.01858738,0.1299536,0.07100151,-0.05133086,0.00827045,0.08800267,-0.1111723,0.05063622,-0.03095641,0.1260223,-0.1542171,0.05576231,-0.02471129,0.1658402,-0.17693,0.04702761,0.002695851,0.1830932,0.09644827,-0.07441705,0.05393985,0.1332279,0.1089702,-0.06694385,0.02000475,0.1294456,0.08416019,-0.05960218,0.006235932,0.1033162,-0.1115275,0.05112197,-0.03258518,0.1269395,-0.1540818,0.05591004,-0.02487873,0.1657893,-0.176848,0.04723253,0.002538469,0.1830644,0.09400143,-0.06785177,0.03121843,0.1200613,0.05179077,0.9803045,0.1400649,-0.1292388,194.8512,0.05222878,0.9885953,0.1412495,-0.1422229,0.04984545,-0.01722233,0.1516856,0.143416,-0.4929123,-0.1903486,0.8368015,66.39221,0.2619441,-0.9002861,-0.3476647,0.09087256,1.131097,0.226,1.157028,0.2642712,-0.953671,-0.1402657,-0.03159014,183.6206,0.2644031,-0.9541473,-0.1403357,0.08772279,-0.0452407,0.04026509,0.1065987,-0.147562,-0.7144546,-0.4972354,0.469614,123.9815,-0.1671386,-0.8092392,-0.5632021,-0.4485441,-0.2074349,-0.355472,0.608754,0.778562,0.0008983606,0.5773254,0.2460405,151.5133,0.8032544,0.0009268525,0.5956355,0.009127438,-0.03109694,0.07400002,0.08078571,-0.3568457,0.2798343,0.3389907,0.8242812,68.96867,-0.630268,0.494249,0.5987322,-0.1016187,1.211263,-0.07584921,1.217882,0.01356651,-0.1621529,-0.1783901,-0.970412,332.0551,0.05618646,-0.6715654,-0.7388124,False,False,False,False
1772879685343,10.95826,0.1159383,1.116385,0.1387824,1.130937,-0.0284161,-0.5947735,0.4472491,0.6673869,96.26859,-0.03815721,-0.7986635,0.6005673,-0.1028367,0.6379933,-0.06111933,0.649112,0.5234439,0.2321734,-0.7596845,0.3081907,144.0995,0.5502264,0.2440527,-0.7985545,0.08787274,1.099334,0.2706843,1.135574,0.1314263,1.128695,0.2672212,1.167319,0.1304325,1.126372,0.2250068,1.156008,-0.01749603,0.6483786,0.03102582,0.6493562,-0.006642957,0.6502544,0.07341471,0.6544194,-0.024779,0.6429923,0.1044256,0.6518879,0.09362658,-0.06957381,0.06978566,0.1359283,0.1048005,-0.07456078,0.01858738,0.1299536,0.07100151,-0.05133086,0.00827045,0.08800267,-0.1111723,0.05063622,-0.03095641,0.1260223,-0.1542171,0.05576231,-0.02471129,0.1658402,-0.17693,0.04702761,0.002695851,0.1830932,0.09644827,-0.07441705,0.05393985,0.1332279,0.1089702,-0.06694385,0.02000475,0.1294456,0.08416019,-0.05960218,0.006235932,0.1033162,-0.1115275,0.05112197,-0.03258518,0.1269395,-0.1540818,0.05591004,-0.02487873,0.1657893,-0.176848,0.04723253,0.002538469,0.1830644,0.09400143,-0.06785177,0.03121843,0.1200613,0.05179077,0.9803045,0.1400649,-0.1292388,194.8512,0.05222878,0.9885953,0.1412495,-0.1422229,0.04984545,-0.01722233,0.1516856,0.143416,-0.4929123,-0.1903486,0.8368015,66.39221,0.2619441,-0.9002861,-0.3476647,0.09032896,1.130896,0.2255328,1.156698,0.2334323,-0.9599853,-0.1399068,-0.06605793,187.5752,0.2339433,-0.9620867,-0.1402131,0.08772279,-0.0452407,0.04026509,0.1065987,-0.147562,-0.7144546,-0.4972354,0.469614,123.9815,-0.1671386,-0.8092392,-0.5632021,-0.4485441,-0.2074349,-0.355472,0.608754,0.778562,0.0008983606,0.5773254,0.2460405,151.5133,0.8032544,0.0009268525,0.5956355,0.00967104,-0.03089595,0.07446721,0.08120009,-0.3633441,0.3127903,0.3605626,0.8000863,73.72334,-0.6056895,0.521417,0.6010528,-0.1012409,1.211163,-0.07584666,1.217751,0.01382445,-0.1622808,-0.178692,-0.9703314,332.0169,0.05717813,-0.6711959,-0.7390726,False,False,False,False
1772879685358,10.97161,0.1159383,1.116385,0.1387824,1.130937,-0.0284161,-0.5947735,0.4472491,0.6673869,96.26859,-0.03815721,-0.7986635,0.6005673,-0.1028367,0.6379933,-0.06111933,0.649112,0.5234439,0.2321734,-0.7596845,0.3081907,144.0995,0.5502264,0.2440527,-0.7985545,0.08787274,1.099334,0.2706843,1.135574,0.1314263,1.128695,0.2672212,1.167319,0.1304325,1.126372,0.2250068,1.156008,-0.01749603,0.6483786,0.03102582,0.6493562,-0.006642957,0.6502544,0.07341471,0.6544194,-0.024779,0.6429923,0.1044256,0.6518879,0.09362658,-0.06957381,0.06978566,0.1359283,0.1048005,-0.07456078,0.01858738,0.1299536,0.07100151,-0.05133086,0.00827045,0.08800267,-0.1111723,0.05063622,-0.03095641,0.1260223,-0.1542171,0.05576231,-0.02471129,0.1658402,-0.17693,0.04702761,0.002695851,0.1830932,0.09644827,-0.07441705,0.05393985,0.1332279,0.1089702,-0.06694385,0.02000475,0.1294456,0.08416019,-0.05960218,0.006235932,0.1033162,-0.1115275,0.05112197,-0.03258518,0.1269395,-0.1540818,0.05591004,-0.02487873,0.1657893,-0.176848,0.04723253,0.002538469,0.1830644,0.09400143,-0.06785177,0.03121843,0.1200613,0.05179077,0.9803045,0.1400649,-0.1292388,194.8512,0.05222878,0.9885953,0.1412495,-0.1422229,0.04984545,-0.01722233,0.1516856,0.143416,-0.4929123,-0.1903486,0.8368015,66.39221,0.2619441,-0.9002861,-0.3476647,0.08950548,1.13118,0.2230706,1.156434,0.2206435,-0.9615428,-0.1238863,-0.1067902,192.2606,0.2219125,-0.9670728,-0.1245988,0.08772279,-0.0452407,0.04026509,0.1065987,-0.147562,-0.7144546,-0.4972354,0.469614,123.9815,-0.1671386,-0.8092392,-0.5632021,-0.4485441,-0.2074349,-0.355472,0.608754,0.778562,0.0008983606,0.5773254,0.2460405,151.5133,0.8032544,0.0009268525,0.5956355,0.01049452,-0.0311799,0.07692945,0.08366876,-0.3674677,0.3541671,0.3591878,0.7813562,77.23019,-0.5888098,0.5674977,0.5755425,-0.1008656,1.21112,-0.07578085,1.217673,0.0138877,-0.1621896,-0.1790094,-0.9702872,331.996,0.0573976,-0.6703268,-0.7398428,False,False,False,False
1772879685371,10.98635,0.1159383,1.116385,0.1387824,1.130937,-0.0284161,-0.5947735,0.4472491,0.6673869,96.26859,-0.03815721,-0.7986635,0.6005673,-0.1028367,0.6379933,-0.06111933,0.649112,0.5234439,0.2321734,-0.7596845,0.3081907,144.0995,0.5502264,0.2440527,-0.7985545,0.08787274,1.099334,0.2706843,1.135574,0.1314263,1.128695,0.2672212,1.167319,0.1304325,1.126372,0.2250068,1.156008,-0.01749603,0.6483786,0.03102582,0.6493562,-0.006642957,0.6502544,0.07341471,0.6544194,-0.024779,0.6429923,0.1044256,0.6518879,0.09362658,-0.06957381,0.06978566,0.1359283,0.1048005,-0.07456078,0.01858738,0.1299536,0.07100151,-0.05133086,0.00827045,0.08800267,-0.1111723,0.05063622,-0.03095641,0.1260223,-0.1542171,0.05576231,-0.02471129,0.1658402,-0.17693,0.04702761,0.002695851,0.1830932,0.09644827,-0.07441705,0.05393985,0.1332279,0.1089702,-0.06694385,0.02000475,0.1294456,0.08416019,-0.05960218,0.006235932,0.1033162,-0.1115275,0.05112197,-0.03258518,0.1269395,-0.1540818,0.05591004,-0.02487873,0.1657893,-0.176848,0.04723253,0.002538469,0.1830644,0.09400143,-0.06785177,0.03121843,0.1200613,0.05179077,0.9803045,0.1400649,-0.1292388,194.8512,0.05222878,0.9885953,0.1412495,-0.1422229,0.04984545,-0.01722233,0.1516856,0.143416,-0.4929123,-0.1903486,0.8368015,66.39221,0.2619441,-0.9002861,-0.3476647,0.08912747,1.131182,0.2215511,1.156114,0.1994879,-0.9646668,-0.1129548,-0.1298609,194.9231,0.2011915,-0.9729052,-0.1139194,0.08772279,-0.0452407,0.04026509,0.1065987,-0.147562,-0.7144546,-0.4972354,0.469614,123.9815,-0.1671386,-0.8092392,-0.5632021,-0.4485441,-0.2074349,-0.355472,0.608754,0.778562,0.0008983606,0.5773254,0.2460405,151.5133,0.8032544,0.0009268525,0.5956355,0.01087253,-0.03118157,0.07844891,0.085116,-0.3633901,0.3813622,0.3693578,0.7655622,80.08595,-0.5648298,0.5927645,0.5741057,-0.1003878,1.211075,-0.07579063,1.21759,0.01380043,-0.1621822,-0.1787657,-0.9703346,332.0185,0.05708183,-0.6708239,-0.7394171,False,False,False,False
1772879685384,10.99992,0.1159383,1.116385,0.1387824,1.130937,-0.0284161,-0.5947735,0.4472491,0.6673869,96.26859,-0.03815721,-0.7986635,0.6005673,-0.1028367,0.6379933,-0.06111933,0.649112,0.5234439,0.2321734,-0.7596845,0.3081907,144.0995,0.5502264,0.2440527,-0.7985545,0.08787274,1.099334,0.2706843,1.135574,0.1314263,1.128695,0.2672212,1.167319,0.1304325,1.126372,0.2250068,1.156008,-0.01749603,0.6483786,0.03102582,0.6493562,-0.006642957,0.6502544,0.07341471,0.6544194,-0.024779,0.6429923,0.1044256,0.6518879,0.09362658,-0.06957381,0.06978566,0.1359283,0.1048005,-0.07456078,0.01858738,0.1299536,0.07100151,-0.05133086,0.00827045,0.08800267,-0.1111723,0.05063622,-0.03095641,0.1260223,-0.1542171,0.05576231,-0.02471129,0.1658402,-0.17693,0.04702761,0.002695851,0.1830932,0.09644827,-0.07441705,0.05393985,0.1332279,0.1089702,-0.06694385,0.02000475,0.1294456,0.08416019,-0.05960218,0.006235932,0.1033162,-0.1115275,0.05112197,-0.03258518,0.1269395,-0.1540818,0.05591004,-0.02487873,0.1657893,-0.176848,0.04723253,0.002538469,0.1830644,0.09400143,-0.06785177,0.03121843,0.1200613,0.05179077,0.9803045,0.1400649,-0.1292388,194.8512,0.05222878,0.9885953,0.1412495,-0.1422229,0.04984545,-0.01722233,0.1516856,0.143416,-0.4929123,-0.1903486,0.8368015,66.39221,0.2619441,-0.9002861,-0.3476647,0.08937806,1.131119,0.2195101,1.155683,0.193737,-0.9607279,-0.1091344,-0.1660049,199.1112,0.1964629,-0.9742456,-0.1106699,0.08772279,-0.0452407,0.04026509,0.1065987,-0.147562,-0.7144546,-0.4972354,0.469614,123.9815,-0.1671386,-0.8092392,-0.5632021,-0.4485441,-0.2074349,-0.355472,0.608754,0.778562,0.0008983606,0.5773254,0.2460405,151.5133,0.8032544,0.0009268525,0.5956355,0.01062194,-0.03111899,0.08048995,0.08694739,-0.3762988,0.4099238,0.3651575,0.7463391,83.45152,-0.5653815,0.6159025,0.548642,-0.09987908,1.21099,-0.07575175,1.217461,0.01343402,-0.1623683,-0.1787121,-0.9703186,332.0108,0.05555145,-0.6714143,-0.7389981,False,False,False,False
1772879685399,11.01332,0.1159383,1.116385,0.1387824,1.130937,-0.0284161,-0.5947735,0.4472491,0.6673869,96.26859,-0.03815721,-0.7986635,0.6005673,-0.1028367,0.6379933,-0.06111933,0.649112,0.5234439,0.2321734,-0.7596845,0.3081907,144.0995,0.5502264,0.2440527,-0.7985545,0.08787274,1.099334,0.2706843,1.135574,0.1314263,1.128695,0.2672212,1.167319,0.1304325,1.126372,0.2250068,1.156008,-0.01749603,0.6483786,0.03102582,0.6493562,-0.006642957,0.6502544,0.07341471,0.6544194,-0.024779,0.6429923,0.1044256,0.6518879,0.09362658,-0.06957381,0.06978566,0.1359283,0.1048005,-0.07456078,0.01858738,0.1299536,0.07100151,-0.05133086,0.00827045,0.08800267,-0.1111723,0.05063622,-0.03095641,0.1260223,-0.1542171,0.05576231,-0.02471129,0.1658402,-0.17693,0.04702761,0.002695851,0.1830932,0.09644827,-0.07441705,0.05393985,0.1332279,0.1089702,-0.06694385,0.02000475,0.1294456,0.08416019,-0.05960218,0.006235932,0.1033162,-0.1115275,0.05112197,-0.03258518,0.1269395,-0.1540818,0.05591004,-0.02487873,0.1657893,-0.176848,0.04723253,0.002538469,0.1830644,0.09400143,-0.06785177,0.03121843,0.1200613,0.05179077,0.9803045,0.1400649,-0.1292388,194.8512,0.05222878,0.9885953,0.1412495,-0.1422229,0.04984545,-0.01722233,0.1516856,0.143416,-0.4929123,-0.1903486,0.8368015,66.39221,0.2619441,-0.9002861,-0.3476647,0.0914342,1.131192,0.2160321,1.15526,0.2059442,-0.9423839,-0.1215717,-0.2339231,207.0563,0.2118211,-0.9692764,-0.125041,0.08772279,-0.0452407,0.04026509,0.1065987,-0.147562,-0.7144546,-0.4972354,0.469614,123.9815,-0.1671386,-0.8092392,-0.5632021,-0.4485441,-0.2074349,-0.355472,0.608754,0.778562,0.0008983606,0.5773254,0.2460405,151.5133,0.8032544,0.0009268525,0.5956355,0.008565798,-0.03119218,0.08396792,0.08998299,-0.4226483,0.4461177,0.3417717,0.7110132,89.36519,-0.6010537,0.63443,0.4860381,-0.09936803,1.210817,-0.07574776,1.217246,0.01317577,-0.1626967,-0.1786632,-0.9702761,331.9907,0.05444516,-0.6722981,-0.7382754,False,False,False,False
1772879685413,11.02766,0.1159383,1.116385,0.1387824,1.130937,-0.0284161,-0.5947735,0.4472491,0.6673869,96.26859,-0.03815721,-0.7986635,0.6005673,-0.1028367,0.6379933,-0.06111933,0.649112,0.5234439,0.2321734,-0.7596845,0.3081907,144.0995,0.5502264,0.2440527,-0.7985545,0.08787274,1.099334,0.2706843,1.135574,0.1314263,1.128695,0.2672212,1.167319,0.1304325,1.126372,0.2250068,1.156008,-0.01749603,0.6483786,0.03102582,0.6493562,-0.006642957,0.6502544,0.07341471,0.6544194,-0.024779,0.6429923,0.1044256,0.6518879,0.09362658,-0.06957381,0.06978566,0.1359283,0.1048005,-0.07456078,0.01858738,0.1299536,0.07100151,-0.05133086,0.00827045,0.08800267,-0.1111723,0.05063622,-0.03095641,0.1260223,-0.1542171,0.05576231,-0.02471129,0.1658402,-0.17693,0.04702761,0.002695851,0.1830932,0.09644827,-0.07441705,0.05393985,0.1332279,0.1089702,-0.06694385,0.02000475,0.1294456,0.08416019,-0.05960218,0.006235932,0.1033162,-0.1115275,0.05112197,-0.03258518,0.1269395,-0.1540818,0.05591004,-0.02487873,0.1657893,-0.176848,0.04723253,0.002538469,0.1830644,0.09400143,-0.06785177,0.03121843,0.1200613,0.05179077,0.9803045,0.1400649,-0.1292388,194.8512,0.05222878,0.9885953,0.1412495,-0.1422229,0.04984545,-0.01722233,0.1516856,0.143416,-0.4929123,-0.1903486,0.8368015,66.39221,0.2619441,-0.9002861,-0.3476647,0.09173568,1.131285,0.2157643,1.155325,0.2070434,-0.9385784,-0.1223936,-0.2474338,208.6514,0.2136881,-0.9687003,-0.1263216,0.08772279,-0.0452407,0.04026509,0.1065987,-0.147562,-0.7144546,-0.4972354,0.469614,123.9815,-0.1671386,-0.8092392,-0.5632021,-0.4485441,-0.2074349,-0.355472,0.608754,0.778562,0.0008983606,0.5773254,0.2460405,151.5133,0.8032544,0.0009268525,0.5956355,0.008264318,-0.03128541,0.08423574,0.09023711,-0.4300897,0.4542918,0.3374111,0.7034172,90.59639,-0.6050977,0.6391477,0.4747072,-0.0987072,1.210719,-0.07571568,1.217094,0.01291944,-0.1624866,-0.1784335,-0.970357,332.0291,0.05345766,-0.6723324,-0.7383168,False,False,False,False
1772879685426,11.04089,0.1159383,1.116385,0.1387824,1.130937,-0.0284161,-0.5947735,0.4472491,0.6673869,96.26859,-0.03815721,-0.7986635,0.6005673,-0.1028367,0.6379933,-0.06111933,0.649112,0.5234439,0.2321734,-0.7596845,0.3081907,144.0995,0.5502264,0.2440527,-0.7985545,0.08787274,1.099334,0.2706843,1.135574,0.1314263,1.128695,0.2672212,1.167319,0.1304325,1.126372,0.2250068,1.156008,-0.01749603,0.6483786,0.03102582,0.6493562,-0.006642957,0.6502544,0.07341471,0.6544194,-0.024779,0.6429923,0.1044256,0.6518879,0.09362658,-0.06957381,0.06978566,0.1359283,0.1048005,-0.07456078,0.01858738,0.1299536,0.07100151,-0.05133086,0.00827045,0.08800267,-0.1111723,0.05063622,-0.03095641,0.1260223,-0.1542171,0.05576231,-0.02471129,0.1658402,-0.17693,0.04702761,0.002695851,0.1830932,0.09644827,-0.07441705,0.05393985,0.1332279,0.1089702,-0.06694385,0.02000475,0.1294456,0.08416019,-0.05960218,0.006235932,0.1033162,-0.1115275,0.05112197,-0.03258518,0.1269395,-0.1540818,0.05591004,-0.02487873,0.1657893,-0.176848,0.04723253,0.002538469,0.1830644,0.09400143,-0.06785177,0.03121843,0.1200613,0.05179077,0.9803045,0.1400649,-0.1292388,194.8512,0.05222878,0.9885953,0.1412495,-0.1422229,0.04984545,-0.01722233,0.1516856,0.143416,-0.4929123,-0.1903486,0.8368015,66.39221,0.2619441,-0.9002861,-0.3476647,0.09193814,1.131417,0.2157016,1.155458,0.2068783,-0.9361747,-0.1251305,-0.2551877,209.5694,0.2139623,-0.9682313,-0.1294152,0.08772279,-0.0452407,0.04026509,0.1065987,-0.147562,-0.7144546,-0.4972354,0.469614,123.9815,-0.1671386,-0.8092392,-0.5632021,-0.4485441,-0.2074349,-0.355472,0.608754,0.778562,0.0008983606,0.5773254,0.2460405,151.5133,0.8032544,0.0009268525,0.5956355,0.008061863,-0.03141654,0.08429842,0.09032284,-0.4357363,0.4578479,0.336264,0.6981661,91.4399,-0.6086248,0.6395096,0.4696845,-0.09810919,1.210831,-0.07565034,1.217152,0.01297076,-0.1623898,-0.1785149,-0.9703575,332.0293,0.05367053,-0.6719381,-0.7386603,False,False,False,False
1772879685441,11.05478,0.1159383,1.116385,0.1387824,1.130937,-0.0284161,-0.5947735,0.4472491,0.6673869,96.26859,-0.03815721,-0.7986635,0.6005673,-0.1028367,0.6379933,-0.06111933,0.649112,0.5234439,0.2321734,-0.7596845,0.3081907,144.0995,0.5502264,0.2440527,-0.7985545,0.08787274,1.099334,0.2706843,1.135574,0.1314263,1.128695,0.2672212,1.167319,0.1304325,1.126372,0.2250068,1.156008,-0.01749603,0.6483786,0.03102582,0.6493562,-0.006642957,0.6502544,0.07341471,0.6544194,-0.024779,0.6429923,0.1044256,0.6518879,0.09362658,-0.06957381,0.06978566,0.1359283,0.1048005,-0.07456078,0.01858738,0.1299536,0.07100151,-0.05133086,0.00827045,0.08800267,-0.1111723,0.05063622,-0.03095641,0.1260223,-0.1542171,0.05576231,-0.02471129,0.1658402,-0.17693,0.04702761,0.002695851,0.1830932,0.09644827,-0.07441705,0.05393985,0.1332279,0.1089702,-0.06694385,0.02000475,0.1294456,0.08416019,-0.05960218,0.006235932,0.1033162,-0.1115275,0.05112197,-0.03258518,0.1269395,-0.1540818,0.05591004,-0.02487873,0.1657893,-0.176848,0.04723253,0.002538469,0.1830644,0.09400143,-0.06785177,0.03121843,0.1200613,0.05179077,0.9803045,0.1400649,-0.1292388,194.8512,0.05222878,0.9885953,0.1412495,-0.1422229,0.04984545,-0.01722233,0.1516856,0.143416,-0.4929123,-0.1903486,0.8368015,66.39221,0.2619441,-0.9002861,-0.3476647,0.09216713,1.131863,0.2158696,1.155945,0.1948195,-0.9390323,-0.125271,-0.2541082,209.4415,0.2014313,-0.9709013,-0.1295225,0.08772279,-0.0452407,0.04026509,0.1065987,-0.147562,-0.7144546,-0.4972354,0.469614,123.9815,-0.1671386,-0.8092392,-0.5632021,-0.4485441,-0.2074349,-0.355472,0.608754,0.778562,0.0008983606,0.5773254,0.2460405,151.5133,0.8032544,0.0009268525,0.5956355,0.00783287,-0.03186321,0.08413038,0.09030248,-0.4310739,0.4597425,0.3470445,0.6945303,92.02041,-0.5991602,0.6390074,0.4823657,-0.09756313,1.210914,-0.07562496,1.21719,0.01333337,-0.1621004,-0.1784007,-0.970422,332.0599,0.05523017,-0.6714602,-0.73898,False,False,False,False
1772879685453,11.06961,0.1159383,1.116385,0.1387824,1.130937,-0.0284161,-0.5947735,0.4472491,0.6673869,96.26859,-0.03815721,-0.7986635,0.6005673,-0.1028367,0.6379933,-0.06111933,0.649112,0.5234439,0.2321734,-0.7596845,0.3081907,144.0995,0.5502264,0.2440527,-0.7985545,0.08787274,1.099334,0.2706843,1.135574,0.1314263,1.128695,0.2672212,1.167319,0.1304325,1.126372,0.2250068,1.156008,-0.01749603,0.6483786,0.03102582,0.6493562,-0.006642957,0.6502544,0.07341471,0.6544194,-0.024779,0.6429923,0.1044256,0.6518879,0.09362658,-0.06957381,0.06978566,0.1359283,0.1048005,-0.07456078,0.01858738,0.1299536,0.07100151,-0.05133086,0.00827045,0.08800267,-0.1111723,0.05063622,-0.03095641,0.1260223,-0.1542171,0.05576231,-0.02471129,0.1658402,-0.17693,0.04702761,0.002695851,0.1830932,0.09644827,-0.07441705,0.05393985,0.1332279,0.1089702,-0.06694385,0.02000475,0.1294456,0.08416019,-0.05960218,0.006235932,0.1033162,-0.1115275,0.05112197,-0.03258518,0.1269395,-0.1540818,0.05591004,-0.02487873,0.1657893,-0.176848,0.04723253,0.002538469,0.1830644,0.09400143,-0.06785177,0.03121843,0.1200613,0.05179077,0.9803045,0.1400649,-0.1292388,194.8512,0.05222878,0.9885953,0.1412495,-0.1422229,0.04984545,-0.01722233,0.1516856,0.143416,-0.4929123,-0.1903486,0.8368015,66.39221,0.2619441,-0.9002861,-0.3476647,0.09220716,1.131986,0.2159732,1.156088,0.1913673,-0.9401451,-0.1250342,-0.2527296,209.2782,0.1977881,-0.971689,-0.1292294,0.08772279,-0.0452407,0.04026509,0.1065987,-0.147562,-0.7144546,-0.4972354,0.469614,123.9815,-0.1671386,-0.8092392,-0.5632021,-0.4485441,-0.2074349,-0.355472,0.608754,0.778562,0.0008983606,0.5773254,0.2460405,151.5133,0.8032544,0.0009268525,0.5956355,0.007792845,-0.031986,0.08402684,0.09024601,-0.4290224,0.459732,0.3503258,0.6941602,92.07934,-0.5960129,0.6386757,0.4866849,-0.09681794,1.210941,-0.07568358,1.21716,0.01366725,-0.1620751,-0.1771175,-0.9706566,332.1715,0.05683565,-0.6739939,-0.7365478,False,False,False,False
1772879685468,11.08289,0.1159383,1.116385,0.1387824,1.130937,-0.0284161,-0.5947735,0.4472491,0.6673869,96.26859,-0.03815721,-0.7986635,0.6005673,-0.1028367,0.6379933,-0.06111933,0.649112,0.5234439,0.2321734,-0.7596845,0.3081907,144.0995,0.5502264,0.2440527,-0.7985545,0.08787274,1.099334,0.2706843,1.135574,0.1314263,1.128695,0.2672212,1.167319,0.1304325,1.126372,0.2250068,1.156008,-0.01749603,0.6483786,0.03102582,0.6493562,-0.006642957,0.6502544,0.07341471,0.6544194,-0.024779,0.6429923,0.1044256,0.6518879,0.09362658,-0.06957381,0.06978566,0.1359283,0.1048005,-0.07456078,0.01858738,0.1299536,0.07100151,-0.05133086,0.00827045,0.08800267,-0.1111723,0.05063622,-0.03095641,0.1260223,-0.1542171,0.05576231,-0.02471129,0.1658402,-0.17693,0.04702761,0.002695851,0.1830932,0.09644827,-0.07441705,0.05393985,0.1332279,0.1089702,-0.06694385,0.02000475,0.1294456,0.08416019,-0.05960218,0.006235932,0.1033162,-0.1115275,0.05112197,-0.03258518,0.1269395,-0.1540818,0.05591004,-0.02487873,0.1657893,-0.176848,0.04723253,0.002538469,0.1830644,0.09400143,-0.06785177,0.03121843,0.1200613,0.05179077,0.9803045,0.1400649,-0.1292388,194.8512,0.05222878,0.9885953,0.1412495,-0.1422229,0.04984545,-0.01722233,0.1516856,0.143416,-0.4929123,-0.1903486,0.8368015,66.39221,0.2619441,-0.9002861,-0.3476647,0.09251925,1.131947,0.2169918,1.156266,0.1969632,-0.9437914,-0.1193081,-0.2371263,207.434,0.2027457,-0.9714997,-0.1228108,0.08772279,-0.0452407,0.04026509,0.1065987,-0.147562,-0.7144546,-0.4972354,0.469614,123.9815,-0.1671386,-0.8092392,-0.5632021,-0.4485441,-0.2074349,-0.355472,0.608754,0.778562,0.0008983606,0.5773254,0.2460405,151.5133,0.8032544,0.0009268525,0.5956355,0.007480755,-0.03194737,0.08300823,0.08925784,-0.4193422,0.4514953,0.3479634,0.7065591,90.08873,-0.5925809,0.638017,0.491714,-0.09612183,1.210843,-0.07583135,1.217017,0.01330153,-0.1628375,-0.1763528,-0.9706734,332.1794,0.05533033,-0.6773547,-0.7335741,False,False,False,False
1772879685482,11.09722,0.1159383,1.116385,0.1387824,1.130937,-0.0284161,-0.5947735,0.4472491,0.6673869,96.26859,-0.03815721,-0.7986635,0.6005673,-0.1028367,0.6379933,-0.06111933,0.649112,0.5234439,0.2321734,-0.7596845,0.3081907,144.0995,0.5502264,0.2440527,-0.7985545,0.08787274,1.099334,0.2706843,1.135574,0.1314263,1.128695,0.2672212,1.167319,0.1304325,1.126372,0.2250068,1.156008,-0.01749603,0.6483786,0.03102582,0.6493562,-0.006642957,0.6502544,0.07341471,0.6544194,-0.024779,0.6429923,0.1044256,0.6518879,0.09362658,-0.06957381,0.06978566,0.1359283,0.1048005,-0.07456078,0.01858738,0.1299536,0.07100151,-0.05133086,0.00827045,0.08800267,-0.1111723,0.05063622,-0.03095641,0.1260223,-0.1542171,0.05576231,-0.02471129,0.1658402,-0.17693,0.04702761,0.002695851,0.1830932,0.09644827,-0.07441705,0.05393985,0.1332279,0.1089702,-0.06694385,0.02000475,0.1294456,0.08416019,-0.05960218,0.006235932,0.1033162,-0.1115275,0.05112197,-0.03258518,0.1269395,-0.1540818,0.05591004,-0.02487873,0.1657893,-0.176848,0.04723253,0.002538469,0.1830644,0.09400143,-0.06785177,0.03121843,0.1200613,0.05179077,0.9803045,0.1400649,-0.1292388,194.8512,0.05222878,0.9885953,0.1412495,-0.1422229,0.04984545,-0.01722233,0.1516856,0.143416,-0.4929123,-0.1903486,0.8368015,66.39221,0.2619441,-0.9002861,-0.3476647,0.09264074,1.132185,0.2172147,1.15655,0.1929449,-0.9444834,-0.1209707,-0.2368323,207.3993,0.1985948,-0.9721402,-0.124513,0.08772279,-0.0452407,0.04026509,0.1065987,-0.147562,-0.7144546,-0.4972354,0.469614,123.9815,-0.1671386,-0.8092392,-0.5632021,-0.4485441,-0.2074349,-0.355472,0.608754,0.778562,0.0008983606,0.5773254,0.2460405,151.5133,0.8032544,0.0009268525,0.5956355,0.007359266,-0.03218496,0.08278534,0.08912599,-0.4190065,0.4512475,0.3520313,0.7048995,90.35715,-0.5907263,0.6361806,0.496303,-0.09542234,1.210711,-0.07597499,1.216839,0.01242114,-0.1638262,-0.175335,-0.9707031,332.1936,0.05169394,-0.6818073,-0.7297043,False,False,False,False
1772879685496,11.1105,0.1159383,1.116385,0.1387824,1.130937,-0.0284161,-0.5947735,0.4472491,0.6673869,96.26859,-0.03815721,-0.7986635,0.6005673,-0.1028367,0.6379933,-0.06111933,0.649112,0.5234439,0.2321734,-0.7596845,0.3081907,144.0995,0.5502264,0.2440527,-0.7985545,0.08787274,1.099334,0.2706843,1.135574,0.1314263,1.128695,0.2672212,1.167319,0.1304325,1.126372,0.2250068,1.156008,-0.01749603,0.6483786,0.03102582,0.6493562,-0.006642957,0.6502544,0.07341471,0.6544194,-0.024779,0.6429923,0.1044256,0.6518879,0.09362658,-0.06957381,0.06978566,0.1359283,0.1048005,-0.07456078,0.01858738,0.1299536,0.07100151,-0.05133086,0.00827045,0.08800267,-0.1111723,0.05063622,-0.03095641,0.1260223,-0.1542171,0.05576231,-0.02471129,0.1658402,-0.17693,0.04702761,0.002695851,0.1830932,0.09644827,-0.07441705,0.05393985,0.1332279,0.1089702,-0.06694385,0.02000475,0.1294456,0.08416019,-0.05960218,0.006235932,0.1033162,-0.1115275,0.05112197,-0.03258518,0.1269395,-0.1540818,0.05591004,-0.02487873,0.1657893,-0.176848,0.04723253,0.002538469,0.1830644,0.09400143,-0.06785177,0.03121843,0.1200613,0.05179077,0.9803045,0.1400649,-0.1292388,194.8512,0.05222878,0.9885953,0.1412495,-0.1422229,0.04984545,-0.01722233,0.1516856,0.143416,-0.4929123,-0.1903486,0.8368015,66.39221,0.2619441,-0.9002861,-0.3476647,0.09286184,1.132284,0.2172638,1.156673,0.1945501,-0.9427144,-0.122208,-0.2418785,207.9949,0.2005037,-0.9715635,-0.1259478,0.08772279,-0.0452407,0.04026509,0.1065987,-0.147562,-0.7144546,-0.4972354,0.469614,123.9815,-0.1671386,-0.8092392,-0.5632021,-0.4485441,-0.2074349,-0.355472,0.608754,0.778562,0.0008983606,0.5773254,0.2460405,151.5133,0.8032544,0.0009268525,0.5956355,0.007138163,-0.03228378,0.08273625,0.08909817,-0.4228971,0.4535228,0.3496779,0.7022825,90.77917,-0.5940413,0.637061,0.4911907,-0.09478534,1.210675,-0.07611671,1.216763,0.0114509,-0.164897,-0.1747444,-0.9706401,332.1636,0.0476057,-0.6855385,-0.726478,False,False,False,False
1772879685511,11.12478,0.1159383,1.116385,0.1387824,1.130937,-0.0284161,-0.5947735,0.4472491,0.6673869,96.26859,-0.03815721,-0.7986635,0.6005673,-0.1028367,0.6379933,-0.06111933,0.649112,0.5234439,0.2321734,-0.7596845,0.3081907,144.0995,0.5502264,0.2440527,-0.7985545,0.08787274,1.099334,0.2706843,1.135574,0.1314263,1.128695,0.2672212,1.167319,0.1304325,1.126372,0.2250068,1.156008,-0.01749603,0.6483786,0.03102582,0.6493562,-0.006642957,0.6502544,0.07341471,0.6544194,-0.024779,0.6429923,0.1044256,0.6518879,0.09362658,-0.06957381,0.06978566,0.1359283,0.1048005,-0.07456078,0.01858738,0.1299536,0.07100151,-0.05133086,0.00827045,0.08800267,-0.1111723,0.05063622,-0.03095641,0.1260223,-0.1542171,0.05576231,-0.02471129,0.1658402,-0.17693,0.04702761,0.002695851,0.1830932,0.09644827,-0.07441705,0.05393985,0.1332279,0.1089702,-0.06694385,0.02000475,0.1294456,0.08416019,-0.05960218,0.006235932,0.1033162,-0.1115275,0.05112197,-0.03258518,0.1269395,-0.1540818,0.05591004,-0.02487873,0.1657893,-0.176848,0.04723253,0.002538469,0.1830644,0.09400143,-0.06785177,0.03121843,0.1200613,0.05179077,0.9803045,0.1400649,-0.1292388,194.8512,0.05222878,0.9885953,0.1412495,-0.1422229,0.04984545,-0.01722233,0.1516856,0.143416,-0.4929123,-0.1903486,0.8368015,66.39221,0.2619441,-0.9002861,-0.3476647,0.09399891,1.132176,0.2172284,1.156653,0.2111042,-0.9344724,-0.1194428,-0.2606336,210.2153,0.2186616,-0.967926,-0.1237188,0.08772279,-0.0452407,0.04026509,0.1065987,-0.147562,-0.7144546,-0.4972354,0.469614,123.9815,-0.1671386,-0.8092392,-0.5632021,-0.4485441,-0.2074349,-0.355472,0.608754,0.778562,0.0008983606,0.5773254,0.2460405,151.5133,0.8032544,0.0009268525,0.5956355,0.006001092,-0.03217554,0.08277161,0.08900797,-0.4356131,0.4636371,0.3292591,0.6977611,91.5047,-0.6081173,0.647239,0.4596468,-0.09423225,1.210674,-0.07624028,1.216726,0.01079338,-0.1659117,-0.1741812,-0.970576,332.1331,0.04482391,-0.689016,-0.7233587,False,False,False,False
1772879685524,11.13877,0.1159383,1.116385,0.1387824,1.130937,-0.0284161,-0.5947735,0.4472491,0.6673869,96.26859,-0.03815721,-0.7986635,0.6005673,-0.1028367,0.6379933,-0.06111933,0.649112,0.5234439,0.2321734,-0.7596845,0.3081907,144.0995,0.5502264,0.2440527,-0.7985545,0.08787274,1.099334,0.2706843,1.135574,0.1314263,1.128695,0.2672212,1.167319,0.1304325,1.126372,0.2250068,1.156008,-0.01749603,0.6483786,0.03102582,0.6493562,-0.006642957,0.6502544,0.07341471,0.6544194,-0.024779,0.6429923,0.1044256,0.6518879,0.09362658,-0.06957381,0.06978566,0.1359283,0.1048005,-0.07456078,0.01858738,0.1299536,0.07100151,-0.05133086,0.00827045,0.08800267,-0.1111723,0.05063622,-0.03095641,0.1260223,-0.1542171,0.05576231,-0.02471129,0.1658402,-0.17693,0.04702761,0.002695851,0.1830932,0.09644827,-0.07441705,0.05393985,0.1332279,0.1089702,-0.06694385,0.02000475,0.1294456,0.08416019,-0.05960218,0.006235932,0.1033162,-0.1115275,0.05112197,-0.03258518,0.1269395,-0.1540818,0.05591004,-0.02487873,0.1657893,-0.176848,0.04723253,0.002538469,0.1830644,0.09400143,-0.06785177,0.03121843,0.1200613,0.05179077,0.9803045,0.1400649,-0.1292388,194.8512,0.05222878,0.9885953,0.1412495,-0.1422229,0.04984545,-0.01722233,0.1516856,0.143416,-0.4929123,-0.1903486,0.8368015,66.39221,0.2619441,-0.9002861,-0.3476647,0.09423984,1.132393,0.2172112,1.156882,0.2100952,-0.931829,-0.1232606,-0.2690012,211.2097,0.2181358,-0.9674909,-0.1279779,0.08772279,-0.0452407,0.04026509,0.1065987,-0.147562,-0.7144546,-0.4972354,0.469614,123.9815,-0.1671386,-0.8092392,-0.5632021,-0.4485441,-0.2074349,-0.355472,0.608754,0.778562,0.0008983606,0.5773254,0.2460405,151.5133,0.8032544,0.0009268525,0.5956355,0.005760163,-0.0323931,0.08278883,0.08908693,-0.4420346,0.4671287,0.328954,0.6915098,92.50053,-0.6119249,0.6466637,0.4553834,-0.09362486,1.21071,-0.07633668,1.216721,0.01044785,-0.166881,-0.1737979,-0.9704823,332.0885,0.04332107,-0.6919574,-0.7206374,False,False,False,False
1772879685538,11.15246,0.1159383,1.116385,0.1387824,1.130937,-0.0284161,-0.5947735,0.4472491,0.6673869,96.26859,-0.03815721,-0.7986635,0.6005673,-0.1028367,0.6379933,-0.06111933,0.649112,0.5234439,0.2321734,-0.7596845,0.3081907,144.0995,0.5502264,0.2440527,-0.7985545,0.08787274,1.099334,0.2706843,1.135574,0.1314263,1.128695,0.2672212,1.167319,0.1304325,1.126372,0.2250068,1.156008,-0.01749603,0.6483786,0.03102582,0.6493562,-0.006642957,0.6502544,0.07341471,0.6544194,-0.024779,0.6429923,0.1044256,0.6518879,0.09362658,-0.06957381,0.06978566,0.1359283,0.1048005,-0.07456078,0.01858738,0.1299536,0.07100151,-0.05133086,0.00827045,0.08800267,-0.1111723,0.05063622,-0.03095641,0.1260223,-0.1542171,0.05576231,-0.02471129,0.1658402,-0.17693,0.04702761,0.002695851,0.1830932,0.09644827,-0.07441705,0.05393985,0.1332279,0.1089702,-0.06694385,0.02000475,0.1294456,0.08416019,-0.05960218,0.006235932,0.1033162,-0.1115275,0.05112197,-0.03258518,0.1269395,-0.1540818,0.05591004,-0.02487873,0.1657893,-0.176848,0.04723253,0.002538469,0.1830644,0.09400143,-0.06785177,0.03121843,0.1200613,0.05179077,0.9803045,0.1400649,-0.1292388,194.8512,0.05222878,0.9885953,0.1412495,-0.1422229,0.04984545,-0.01722233,0.1516856,0.143416,-0.4929123,-0.1903486,0.8368015,66.39221,0.2619441,-0.9002861,-0.3476647,0.09477,1.132721,0.2174402,1.157289,0.210904,-0.928666,-0.1251305,-0.2782827,212.3155,0.2195775,-0.9668577,-0.1302765,0.08772279,-0.0452407,0.04026509,0.1065987,-0.147562,-0.7144546,-0.4972354,0.469614,123.9815,-0.1671386,-0.8092392,-0.5632021,-0.4485441,-0.2074349,-0.355472,0.608754,0.778562,0.0008983606,0.5773254,0.2460405,151.5133,0.8032544,0.0009268525,0.5956355,0.005230002,-0.0327208,0.08255976,0.08896133,-0.4480764,0.4718567,0.3261358,0.6857218,93.41521,-0.6156047,0.6482762,0.4480726,-0.09300796,1.210776,-0.07645722,1.216748,0.01017645,-0.1676873,-0.1733181,-0.970432,332.0646,0.04216044,-0.6947185,-0.7180465,False,False,False,False
1772879685551,11.16668,0.1159383,1.116385,0.1387824,1.130937,-0.0284161,-0.5947735,0.4472491,0.6673869,96.26859,-0.03815721,-0.7986635,0.6005673,-0.1028367,0.6379933,-0.06111933,0.649112,0.5234439,0.2321734,-0.7596845,0.3081907,144.0995,0.5502264,0.2440527,-0.7985545,0.08787274,1.099334,0.2706843,1.135574,0.1314263,1.128695,0.2672212,1.167319,0.1304325,1.126372,0.2250068,1.156008,-0.01749603,0.6483786,0.03102582,0.6493562,-0.006642957,0.6502544,0.07341471,0.6544194,-0.024779,0.6429923,0.1044256,0.6518879,0.09362658,-0.06957381,0.06978566,0.1359283,0.1048005,-0.07456078,0.01858738,0.1299536,0.07100151,-0.05133086,0.00827045,0.08800267,-0.1111723,0.05063622,-0.03095641,0.1260223,-0.1542171,0.05576231,-0.02471129,0.1658402,-0.17693,0.04702761,0.002695851,0.1830932,0.09644827,-0.07441705,0.05393985,0.1332279,0.1089702,-0.06694385,0.02000475,0.1294456,0.08416019,-0.05960218,0.006235932,0.1033162,-0.1115275,0.05112197,-0.03258518,0.1269395,-0.1540818,0.05591004,-0.02487873,0.1657893,-0.176848,0.04723253,0.002538469,0.1830644,0.09400143,-0.06785177,0.03121843,0.1200613,0.05179077,0.9803045,0.1400649,-0.1292388,194.8512,0.05222878,0.9885953,0.1412495,-0.1422229,0.04984545,-0.01722233,0.1516856,0.143416,-0.4929123,-0.1903486,0.8368015,66.39221,0.2619441,-0.9002861,-0.3476647,0.09483711,1.132816,0.2174326,1.157387,0.2084129,-0.9287376,-0.1254109,-0.2797905,212.4954,0.2170829,-0.9673734,-0.130628,0.08772279,-0.0452407,0.04026509,0.1065987,-0.147562,-0.7144546,-0.4972354,0.469614,123.9815,-0.1671386,-0.8092392,-0.5632021,-0.4485441,-0.2074349,-0.355472,0.608754,0.778562,0.0008983606,0.5773254,0.2460405,151.5133,0.8032544,0.0009268525,0.5956355,0.005162887,-0.03281641,0.08256744,0.08899974,-0.4481186,0.473228,0.3279506,0.6838813,93.70463,-0.6142032,0.6486188,0.4494978,-0.09245513,1.210773,-0.07655615,1.216708,0.01017425,-0.1684437,-0.1728002,-0.9703934,332.0463,0.04212416,-0.6974028,-0.7154401,False,False,False,False
1772879685565,11.18002,0.1159383,1.116385,0.1387824,1.130937,-0.0284161,-0.5947735,0.4472491,0.6673869,96.26859,-0.03815721,-0.7986635,0.6005673,-0.1028367,0.6379933,-0.06111933,0.649112,0.5234439,0.2321734,-0.7596845,0.3081907,144.0995,0.5502264,0.2440527,-0.7985545,0.08787274,1.099334,0.2706843,1.135574,0.1314263,1.128695,0.2672212,1.167319,0.1304325,1.126372,0.2250068,1.156008,-0.01749603,0.6483786,0.03102582,0.6493562,-0.006642957,0.6502544,0.07341471,0.6544194,-0.024779,0.6429923,0.1044256,0.6518879,0.09362658,-0.06957381,0.06978566,0.1359283,0.1048005,-0.07456078,0.01858738,0.1299536,0.07100151,-0.05133086,0.00827045,0.08800267,-0.1111723,0.05063622,-0.03095641,0.1260223,-0.1542171,0.05576231,-0.02471129,0.1658402,-0.17693,0.04702761,0.002695851,0.1830932,0.09644827,-0.07441705,0.05393985,0.1332279,0.1089702,-0.06694385,0.02000475,0.1294456,0.08416019,-0.05960218,0.006235932,0.1033162,-0.1115275,0.05112197,-0.03258518,0.1269395,-0.1540818,0.05591004,-0.02487873,0.1657893,-0.176848,0.04723253,0.002538469,0.1830644,0.09400143,-0.06785177,0.03121843,0.1200613,0.05179077,0.9803045,0.1400649,-0.1292388,194.8512,0.05222878,0.9885953,0.1412495,-0.1422229,0.04984545,-0.01722233,0.1516856,0.143416,-0.4929123,-0.1903486,0.8368015,66.39221,0.2619441,-0.9002861,-0.3476647,0.09487644,1.132842,0.2174415,1.157416,0.2077484,-0.928954,-0.1252785,-0.2796253,212.4757,0.21638,-0.9675504,-0.1304836,0.08772279,-0.0452407,0.04026509,0.1065987,-0.147562,-0.7144546,-0.4972354,0.469614,123.9815,-0.1671386,-0.8092392,-0.5632021,-0.4485441,-0.2074349,-0.355472,0.608754,0.778562,0.0008983606,0.5773254,0.2460405,151.5133,0.8032544,0.0009268525,0.5956355,0.005123563,-0.0328418,0.08255854,0.08899859,-0.4477099,0.4733471,0.3285361,0.6837855,93.71967,-0.6135674,0.6487021,0.4502448,-0.09197647,1.210874,-0.07666279,1.216779,0.01013255,-0.1690702,-0.1721492,-0.9704006,332.0497,0.04195658,-0.7000809,-0.7128304,False,False,False,False
1772879685580,11.19384,0.1159383,1.116385,0.1387824,1.130937,-0.0284161,-0.5947735,0.4472491,0.6673869,96.26859,-0.03815721,-0.7986635,0.6005673,-0.1028367,0.6379933,-0.06111933,0.649112,0.5234439,0.2321734,-0.7596845,0.3081907,144.0995,0.5502264,0.2440527,-0.7985545,0.08787274,1.099334,0.2706843,1.135574,0.1314263,1.128695,0.2672212,1.167319,0.1304325,1.126372,0.2250068,1.156008,-0.01749603,0.6483786,0.03102582,0.6493562,-0.006642957,0.6502544,0.07341471,0.6544194,-0.024779,0.6429923,0.1044256,0.6518879,0.09362658,-0.06957381,0.06978566,0.1359283,0.1048005,-0.07456078,0.01858738,0.1299536,0.07100151,-0.05133086,0.00827045,0.08800267,-0.1111723,0.05063622,-0.03095641,0.1260223,-0.1542171,0.05576231,-0.02471129,0.1658402,-0.17693,0.04702761,0.002695851,0.1830932,0.09644827,-0.07441705,0.05393985,0.1332279,0.1089702,-0.06694385,0.02000475,0.1294456,0.08416019,-0.05960218,0.006235932,0.1033162,-0.1115275,0.05112197,-0.03258518,0.1269395,-0.1540818,0.05591004,-0.02487873,0.1657893,-0.176848,0.04723253,0.002538469,0.1830644,0.09400143,-0.06785177,0.03121843,0.1200613,0.05179077,0.9803045,0.1400649,-0.1292388,194.8512,0.05222878,0.9885953,0.1412495,-0.1422229,0.04984545,-0.01722233,0.1516856,0.143416,-0.4929123,-0.1903486,0.8368015,66.39221,0.2619441,-0.9002861,-0.3476647,0.09497028,1.132812,0.2174999,1.157406,0.209776,-0.929266,-0.1258568,-0.2768013,212.1388,0.2183058,-0.9670514,-0.1309744,0.08772279,-0.0452407,0.04026509,0.1065987,-0.147562,-0.7144546,-0.4972354,0.469614,123.9815,-0.1671386,-0.8092392,-0.5632021,-0.4485441,-0.2074349,-0.355472,0.608754,0.778562,0.0008983606,0.5773254,0.2460405,151.5133,0.8032544,0.0009268525,0.5956355,0.005029723,-0.03281164,0.08250014,0.08892792,-0.4475173,0.4707525,0.3277813,0.6860613,93.36175,-0.6151069,0.6470435,0.4505313,-0.09152976,1.210926,-0.07675841,1.216803,0.01009328,-0.1696378,-0.1711647,-0.9704761,332.0856,0.04184658,-0.7033153,-0.7096458,False,False,False,False
1772879685593,11.20811,0.1159383,1.116385,0.1387824,1.130937,-0.0284161,-0.5947735,0.4472491,0.6673869,96.26859,-0.03815721,-0.7986635,0.6005673,-0.1028367,0.6379933,-0.06111933,0.649112,0.5234439,0.2321734,-0.7596845,0.3081907,144.0995,0.5502264,0.2440527,-0.7985545,0.08787274,1.099334,0.2706843,1.135574,0.1314263,1.128695,0.2672212,1.167319,0.1304325,1.126372,0.2250068,1.156008,-0.01749603,0.6483786,0.03102582,0.6493562,-0.006642957,0.6502544,0.07341471,0.6544194,-0.024779,0.6429923,0.1044256,0.6518879,0.09362658,-0.06957381,0.06978566,0.1359283,0.1048005,-0.07456078,0.01858738,0.1299536,0.07100151,-0.05133086,0.00827045,0.08800267,-0.1111723,0.05063622,-0.03095641,0.1260223,-0.1542171,0.05576231,-0.02471129,0.1658402,-0.17693,0.04702761,0.002695851,0.1830932,0.09644827,-0.07441705,0.05393985,0.1332279,0.1089702,-0.06694385,0.02000475,0.1294456,0.08416019,-0.05960218,0.006235932,0.1033162,-0.1115275,0.05112197,-0.03258518,0.1269395,-0.1540818,0.05591004,-0.02487873,0.1657893,-0.176848,0.04723253,0.002538469,0.1830644,0.09400143,-0.06785177,0.03121843,0.1200613,0.05179077,0.9803045,0.1400649,-0.1292388,194.8512,0.05222878,0.9885953,0.1412495,-0.1422229,0.04984545,-0.01722233,0.1516856,0.143416,-0.4929123,-0.1903486,0.8368015,66.39221,0.2619441,-0.9002861,-0.3476647,0.09497055,1.132813,0.2174995,1.157407,0.2097451,-0.9292691,-0.1258478,-0.2768182,212.1408,0.2182747,-0.9670595,-0.1309657,0.08772279,-0.0452407,0.04026509,0.1065987,-0.147562,-0.7144546,-0.4972354,0.469614,123.9815,-0.1671386,-0.8092392,-0.5632021,-0.4485441,-0.2074349,-0.355472,0.608754,0.778562,0.0008983606,0.5773254,0.2460405,151.5133,0.8032544,0.0009268525,0.5956355,0.005029455,-0.03281271,0.08250049,0.08892862,-0.4475077,0.4707754,0.3278004,0.6860426,93.3647,-0.6150789,0.6470593,0.4505467,-0.09122869,1.211021,-0.07679723,1.216878,0.009984225,-0.1701221,-0.1705848,-0.9704946,332.0944,0.0414072,-0.7055408,-0.7074599,False,False,False,False
1772879685607,11.22161,0.1159383,1.116385,0.1387824,1.130937,-0.0284161,-0.5947735,0.4472491,0.6673869,96.26859,-0.03815721,-0.7986635,0.6005673,-0.1028367,0.6379933,-0.06111933,0.649112,0.5234439,0.2321734,-0.7596845,0.3081907,144.0995,0.5502264,0.2440527,-0.7985545,0.08787274,1.099334,0.2706843,1.135574,0.1314263,1.128695,0.2672212,1.167319,0.1304325,1.126372,0.2250068,1.156008,-0.01749603,0.6483786,0.03102582,0.6493562,-0.006642957,0.6502544,0.07341471,0.6544194,-0.024779,0.6429923,0.1044256,0.6518879,0.09362658,-0.06957381,0.06978566,0.1359283,0.1048005,-0.07456078,0.01858738,0.1299536,0.07100151,-0.05133086,0.00827045,0.08800267,-0.1111723,0.05063622,-0.03095641,0.1260223,-0.1542171,0.05576231,-0.02471129,0.1658402,-0.17693,0.04702761,0.002695851,0.1830932,0.09644827,-0.07441705,0.05393985,0.1332279,0.1089702,-0.06694385,0.02000475,0.1294456,0.08416019,-0.05960218,0.006235932,0.1033162,-0.1115275,0.05112197,-0.03258518,0.1269395,-0.1540818,0.05591004,-0.02487873,0.1657893,-0.176848,0.04723253,0.002538469,0.1830644,0.09400143,-0.06785177,0.03121843,0.1200613,0.05179077,0.9803045,0.1400649,-0.1292388,194.8512,0.05222878,0.9885953,0.1412495,-0.1422229,0.04984545,-0.01722233,0.1516856,0.143416,-0.4929123,-0.1903486,0.8368015,66.39221,0.2619441,-0.9002861,-0.3476647,0.09497055,1.132813,0.2174995,1.157407,0.2097451,-0.9292691,-0.1258478,-0.2768182,212.1408,0.2182747,-0.9670595,-0.1309657,0.08772279,-0.0452407,0.04026509,0.1065987,-0.147562,-0.7144546,-0.4972354,0.469614,123.9815,-0.1671386,-0.8092392,-0.5632021,-0.4485441,-0.2074349,-0.355472,0.608754,0.778562,0.0008983606,0.5773254,0.2460405,151.5133,0.8032544,0.0009268525,0.5956355,0.005029455,-0.03281271,0.08250049,0.08892862,-0.4475077,0.4707754,0.3278004,0.6860426,93.3647,-0.6150789,0.6470593,0.4505467,-0.09100487,1.211156,-0.07688864,1.217001,0.009947427,-0.1703804,-0.1699318,-0.9705641,332.1274,0.04130257,-0.7074341,-0.7055715,False,False,False,False
1772879685621,11.23621,0.1159383,1.116385,0.1387824,1.130937,-0.0284161,-0.5947735,0.4472491,0.6673869,96.26859,-0.03815721,-0.7986635,0.6005673,-0.1028367,0.6379933,-0.06111933,0.649112,0.5234439,0.2321734,-0.7596845,0.3081907,144.0995,0.5502264,0.2440527,-0.7985545,0.08787274,1.099334,0.2706843,1.135574,0.1314263,1.128695,0.2672212,1.167319,0.1304325,1.126372,0.2250068,1.156008,-0.01749603,0.6483786,0.03102582,0.6493562,-0.006642957,0.6502544,0.07341471,0.6544194,-0.024779,0.6429923,0.1044256,0.6518879,0.09362658,-0.06957381,0.06978566,0.1359283,0.1048005,-0.07456078,0.01858738,0.1299536,0.07100151,-0.05133086,0.00827045,0.08800267,-0.1111723,0.05063622,-0.03095641,0.1260223,-0.1542171,0.05576231,-0.02471129,0.1658402,-0.17693,0.04702761,0.002695851,0.1830932,0.09644827,-0.07441705,0.05393985,0.1332279,0.1089702,-0.06694385,0.02000475,0.1294456,0.08416019,-0.05960218,0.006235932,0.1033162,-0.1115275,0.05112197,-0.03258518,0.1269395,-0.1540818,0.05591004,-0.02487873,0.1657893,-0.176848,0.04723253,0.002538469,0.1830644,0.09400143,-0.06785177,0.03121843,0.1200613,0.05179077,0.9803045,0.1400649,-0.1292388,194.8512,0.05222878,0.9885953,0.1412495,-0.1422229,0.04984545,-0.01722233,0.1516856,0.143416,-0.4929123,-0.1903486,0.8368015,66.39221,0.2619441,-0.9002861,-0.3476647,0.09497055,1.132813,0.2174995,1.157407,0.2097451,-0.9292691,-0.1258478,-0.2768182,212.1408,0.2182747,-0.9670595,-0.1309657,0.08772279,-0.0452407,0.04026509,0.1065987,-0.147562,-0.7144546,-0.4972354,0.469614,123.9815,-0.1671386,-0.8092392,-0.5632021,-0.4485441,-0.2074349,-0.355472,0.608754,0.778562,0.0008983606,0.5773254,0.2460405,151.5133,0.8032544,0.0009268525,0.5956355,0.005029455,-0.03281271,0.08250049,0.08892862,-0.4475077,0.4707754,0.3278004,0.6860426,93.3647,-0.6150789,0.6470593,0.4505467,-0.09076906,1.211265,-0.07686638,1.217091,0.01036109,-0.1701955,-0.169308,-0.9707013,332.1927,0.04311922,-0.7082936,-0.7046002,False,False,False,False
1772879685635,11.25072,0.1159383,1.116385,0.1387824,1.130937,-0.0284161,-0.5947735,0.4472491,0.6673869,96.26859,-0.03815721,-0.7986635,0.6005673,-0.1028367,0.6379933,-0.06111933,0.649112,0.5234439,0.2321734,-0.7596845,0.3081907,144.0995,0.5502264,0.2440527,-0.7985545,0.08787274,1.099334,0.2706843,1.135574,0.1314263,1.128695,0.2672212,1.167319,0.1304325,1.126372,0.2250068,1.156008,-0.01749603,0.6483786,0.03102582,0.6493562,-0.006642957,0.6502544,0.07341471,0.6544194,-0.024779,0.6429923,0.1044256,0.6518879,0.09362658,-0.06957381,0.06978566,0.1359283,0.1048005,-0.07456078,0.01858738,0.1299536,0.07100151,-0.05133086,0.00827045,0.08800267,-0.1111723,0.05063622,-0.03095641,0.1260223,-0.1542171,0.05576231,-0.02471129,0.1658402,-0.17693,0.04702761,0.002695851,0.1830932,0.09644827,-0.07441705,0.05393985,0.1332279,0.1089702,-0.06694385,0.02000475,0.1294456,0.08416019,-0.05960218,0.006235932,0.1033162,-0.1115275,0.05112197,-0.03258518,0.1269395,-0.1540818,0.05591004,-0.02487873,0.1657893,-0.176848,0.04723253,0.002538469,0.1830644,0.09400143,-0.06785177,0.03121843,0.1200613,0.05179077,0.9803045,0.1400649,-0.1292388,194.8512,0.05222878,0.9885953,0.1412495,-0.1422229,0.04984545,-0.01722233,0.1516856,0.143416,-0.4929123,-0.1903486,0.8368015,66.39221,0.2619441,-0.9002861,-0.3476647,0.09497055,1.132813,0.2174995,1.157407,0.2097451,-0.9292691,-0.1258478,-0.2768182,212.1408,0.2182747,-0.9670595,-0.1309657,0.08772279,-0.0452407,0.04026509,0.1065987,-0.147562,-0.7144546,-0.4972354,0.469614,123.9815,-0.1671386,-0.8092392,-0.5632021,-0.4485441,-0.2074349,-0.355472,0.608754,0.778562,0.0008983606,0.5773254,0.2460405,151.5133,0.8032544,0.0009268525,0.5956355,0.005029455,-0.03281271,0.08250049,0.08892862,-0.4475077,0.4707754,0.3278004,0.6860426,93.3647,-0.6150789,0.6470593,0.4505467,-0.09062804,1.211374,-0.07692386,1.217192,0.01066987,-0.1699276,-0.1686857,-0.9708532,332.2653,0.04451811,-0.7089921,-0.7038107,False,False,False,False
1772879685648,11.2644,0.1159383,1.116385,0.1387824,1.130937,-0.0284161,-0.5947735,0.4472491,0.6673869,96.26859,-0.03815721,-0.7986635,0.6005673,-0.1028367,0.6379933,-0.06111933,0.649112,0.5234439,0.2321734,-0.7596845,0.3081907,144.0995,0.5502264,0.2440527,-0.7985545,0.08787274,1.099334,0.2706843,1.135574,0.1314263,1.128695,0.2672212,1.167319,0.1304325,1.126372,0.2250068,1.156008,-0.01749603,0.6483786,0.03102582,0.6493562,-0.006642957,0.6502544,0.07341471,0.6544194,-0.024779,0.6429923,0.1044256,0.6518879,0.09362658,-0.06957381,0.06978566,0.1359283,0.1048005,-0.07456078,0.01858738,0.1299536,0.07100151,-0.05133086,0.00827045,0.08800267,-0.1111723,0.05063622,-0.03095641,0.1260223,-0.1542171,0.05576231,-0.02471129,0.1658402,-0.17693,0.04702761,0.002695851,0.1830932,0.09644827,-0.07441705,0.05393985,0.1332279,0.1089702,-0.06694385,0.02000475,0.1294456,0.08416019,-0.05960218,0.006235932,0.1033162,-0.1115275,0.05112197,-0.03258518,0.1269395,-0.1540818,0.05591004,-0.02487873,0.1657893,-0.176848,0.04723253,0.002538469,0.1830644,0.09400143,-0.06785177,0.03121843,0.1200613,0.05179077,0.9803045,0.1400649,-0.1292388,194.8512,0.05222878,0.9885953,0.1412495,-0.1422229,0.04984545,-0.01722233,0.1516856,0.143416,-0.4929123,-0.1903486,0.8368015,66.39221,0.2619441,-0.9002861,-0.3476647,0.09497055,1.132813,0.2174995,1.157407,0.2097451,-0.9292691,-0.1258478,-0.2768182,212.1408,0.2182747,-0.9670595,-0.1309657,0.08772279,-0.0452407,0.04026509,0.1065987,-0.147562,-0.7144546,-0.4972354,0.469614,123.9815,-0.1671386,-0.8092392,-0.5632021,-0.4485441,-0.2074349,-0.355472,0.608754,0.778562,0.0008983606,0.5773254,0.2460405,151.5133,0.8032544,0.0009268525,0.5956355,0.005029455,-0.03281271,0.08250049,0.08892862,-0.4475077,0.4707754,0.3278004,0.6860426,93.3647,-0.6150789,0.6470593,0.4505467,-0.09055311,1.211371,-0.07696398,1.217187,0.01122429,-0.1697125,-0.1680926,-0.9709874,332.3296,0.04693793,-0.7097068,-0.7029327,False,False,False,False
1772879685662,11.2773,0.1159383,1.116385,0.1387824,1.130937,-0.0284161,-0.5947735,0.4472491,0.6673869,96.26859,-0.03815721,-0.7986635,0.6005673,-0.1028367,0.6379933,-0.06111933,0.649112,0.5234439,0.2321734,-0.7596845,0.3081907,144.0995,0.5502264,0.2440527,-0.7985545,0.08787274,1.099334,0.2706843,1.135574,0.1314263,1.128695,0.2672212,1.167319,0.1304325,1.126372,0.2250068,1.156008,-0.01749603,0.6483786,0.03102582,0.6493562,-0.006642957,0.6502544,0.07341471,0.6544194,-0.024779,0.6429923,0.1044256,0.6518879,0.09362658,-0.06957381,0.06978566,0.1359283,0.1048005,-0.07456078,0.01858738,0.1299536,0.07100151,-0.05133086,0.00827045,0.08800267,-0.1111723,0.05063622,-0.03095641,0.1260223,-0.1542171,0.05576231,-0.02471129,0.1658402,-0.17693,0.04702761,0.002695851,0.1830932,0.09644827,-0.07441705,0.05393985,0.1332279,0.1089702,-0.06694385,0.02000475,0.1294456,0.08416019,-0.05960218,0.006235932,0.1033162,-0.1115275,0.05112197,-0.03258518,0.1269395,-0.1540818,0.05591004,-0.02487873,0.1657893,-0.176848,0.04723253,0.002538469,0.1830644,0.09400143,-0.06785177,0.03121843,0.1200613,0.05179077,0.9803045,0.1400649,-0.1292388,194.8512,0.05222878,0.9885953,0.1412495,-0.1422229,0.04984545,-0.01722233,0.1516856,0.143416,-0.4929123,-0.1903486,0.8368015,66.39221,0.2619441,-0.9002861,-0.3476647,0.09497055,1.132813,0.2174995,1.157407,0.2097451,-0.9292691,-0.1258478,-0.2768182,212.1408,0.2182747,-0.9670595,-0.1309657,0.08772279,-0.0452407,0.04026509,0.1065987,-0.147562,-0.7144546,-0.4972354,0.469614,123.9815,-0.1671386,-0.8092392,-0.5632021,-0.4485441,-0.2074349,-0.355472,0.608754,0.778562,0.0008983606,0.5773254,0.2460405,151.5133,0.8032544,0.0009268525,0.5956355,0.005029455,-0.03281271,0.08250049,0.08892862,-0.4475077,0.4707754,0.3278004,0.6860426,93.3647,-0.6150789,0.6470593,0.4505467,-0.09018543,1.211447,-0.07703794,1.217239,0.01111235,-0.1693506,-0.1674368,-0.9711652,332.4149,0.04661069,-0.7103403,-0.7023128,False,False,False,False
1772879685675,11.29076,0.1159383,1.116385,0.1387824,1.130937,-0.0284161,-0.5947735,0.4472491,0.6673869,96.26859,-0.03815721,-0.7986635,0.6005673,-0.1028367,0.6379933,-0.06111933,0.649112,0.5234439,0.2321734,-0.7596845,0.3081907,144.0995,0.5502264,0.2440527,-0.7985545,0.08787274,1.099334,0.2706843,1.135574,0.1314263,1.128695,0.2672212,1.167319,0.1304325,1.126372,0.2250068,1.156008,-0.01749603,0.6483786,0.03102582,0.6493562,-0.006642957,0.6502544,0.07341471,0.6544194,-0.024779,0.6429923,0.1044256,0.6518879,0.09362658,-0.06957381,0.06978566,0.1359283,0.1048005,-0.07456078,0.01858738,0.1299536,0.07100151,-0.05133086,0.00827045,0.08800267,-0.1111723,0.05063622,-0.03095641,0.1260223,-0.1542171,0.05576231,-0.02471129,0.1658402,-0.17693,0.04702761,0.002695851,0.1830932,0.09644827,-0.07441705,0.05393985,0.1332279,0.1089702,-0.06694385,0.02000475,0.1294456,0.08416019,-0.05960218,0.006235932,0.1033162,-0.1115275,0.05112197,-0.03258518,0.1269395,-0.1540818,0.05591004,-0.02487873,0.1657893,-0.176848,0.04723253,0.002538469,0.1830644,0.09400143,-0.06785177,0.03121843,0.1200613,0.05179077,0.9803045,0.1400649,-0.1292388,194.8512,0.05222878,0.9885953,0.1412495,-0.1422229,0.04984545,-0.01722233,0.1516856,0.143416,-0.4929123,-0.1903486,0.8368015,66.39221,0.2619441,-0.9002861,-0.3476647,0.09497055,1.132813,0.2174995,1.157407,0.2097451,-0.9292691,-0.1258478,-0.2768182,212.1408,0.2182747,-0.9670595,-0.1309657,0.08772279,-0.0452407,0.04026509,0.1065987,-0.147562,-0.7144546,-0.4972354,0.469614,123.9815,-0.1671386,-0.8092392,-0.5632021,-0.4485441,-0.2074349,-0.355472,0.608754,0.778562,0.0008983606,0.5773254,0.2460405,151.5133,0.8032544,0.0009268525,0.5956355,0.005029455,-0.03281271,0.08250049,0.08892862,-0.4475077,0.4707754,0.3278004,0.6860426,93.3647,-0.6150789,0.6470593,0.4505467,-0.09021559,1.211483,-0.0770581,1.217279,0.01119,-0.168878,-0.1666822,-0.9713764,332.5165,0.04710672,-0.7109287,-0.7016847,False,False,False,False
1772879685690,11.30475,0.1159383,1.116385,0.1387824,1.130937,-0.0284161,-0.5947735,0.4472491,0.6673869,96.26859,-0.03815721,-0.7986635,0.6005673,-0.1028367,0.6379933,-0.06111933,0.649112,0.5234439,0.2321734,-0.7596845,0.3081907,144.0995,0.5502264,0.2440527,-0.7985545,0.08787274,1.099334,0.2706843,1.135574,0.1314263,1.128695,0.2672212,1.167319,0.1304325,1.126372,0.2250068,1.156008,-0.01749603,0.6483786,0.03102582,0.6493562,-0.006642957,0.6502544,0.07341471,0.6544194,-0.024779,0.6429923,0.1044256,0.6518879,0.09362658,-0.06957381,0.06978566,0.1359283,0.1048005,-0.07456078,0.01858738,0.1299536,0.07100151,-0.05133086,0.00827045,0.08800267,-0.1111723,0.05063622,-0.03095641,0.1260223,-0.1542171,0.05576231,-0.02471129,0.1658402,-0.17693,0.04702761,0.002695851,0.1830932,0.09644827,-0.07441705,0.05393985,0.1332279,0.1089702,-0.06694385,0.02000475,0.1294456,0.08416019,-0.05960218,0.006235932,0.1033162,-0.1115275,0.05112197,-0.03258518,0.1269395,-0.1540818,0.05591004,-0.02487873,0.1657893,-0.176848,0.04723253,0.002538469,0.1830644,0.09400143,-0.06785177,0.03121843,0.1200613,0.05179077,0.9803045,0.1400649,-0.1292388,194.8512,0.05222878,0.9885953,0.1412495,-0.1422229,0.04984545,-0.01722233,0.1516856,0.143416,-0.4929123,-0.1903486,0.8368015,66.39221,0.2619441,-0.9002861,-0.3476647,0.09497055,1.132813,0.2174995,1.157407,0.2097451,-0.9292691,-0.1258478,-0.2768182,212.1408,0.2182747,-0.9670595,-0.1309657,0.08772279,-0.0452407,0.04026509,0.1065987,-0.147562,-0.7144546,-0.4972354,0.469614,123.9815,-0.1671386,-0.8092392,-0.5632021,-0.4485441,-0.2074349,-0.355472,0.608754,0.778562,0.0008983606,0.5773254,0.2460405,151.5133,0.8032544,0.0009268525,0.5956355,0.005029455,-0.03281271,0.08250049,0.08892862,-0.4475077,0.4707754,0.3278004,0.6860426,93.3647,-0.6150789,0.6470593,0.4505467,-0.09021087,1.211518,-0.07704239,1.217313,0.01151752,-0.1681053,-0.1664688,-0.9715431,332.5971,0.04862537,-0.7097169,-0.7028081,False,False,False,False
1772879685704,11.31933,0.1159383,1.116385,0.1387824,1.130937,-0.0284161,-0.5947735,0.4472491,0.6673869,96.26859,-0.03815721,-0.7986635,0.6005673,-0.1028367,0.6379933,-0.06111933,0.649112,0.5234439,0.2321734,-0.7596845,0.3081907,144.0995,0.5502264,0.2440527,-0.7985545,0.08787274,1.099334,0.2706843,1.135574,0.1314263,1.128695,0.2672212,1.167319,0.1304325,1.126372,0.2250068,1.156008,-0.01749603,0.6483786,0.03102582,0.6493562,-0.006642957,0.6502544,0.07341471,0.6544194,-0.024779,0.6429923,0.1044256,0.6518879,0.09362658,-0.06957381,0.06978566,0.1359283,0.1048005,-0.07456078,0.01858738,0.1299536,0.07100151,-0.05133086,0.00827045,0.08800267,-0.1111723,0.05063622,-0.03095641,0.1260223,-0.1542171,0.05576231,-0.02471129,0.1658402,-0.17693,0.04702761,0.002695851,0.1830932,0.09644827,-0.07441705,0.05393985,0.1332279,0.1089702,-0.06694385,0.02000475,0.1294456,0.08416019,-0.05960218,0.006235932,0.1033162,-0.1115275,0.05112197,-0.03258518,0.1269395,-0.1540818,0.05591004,-0.02487873,0.1657893,-0.176848,0.04723253,0.002538469,0.1830644,0.09400143,-0.06785177,0.03121843,0.1200613,0.05179077,0.9803045,0.1400649,-0.1292388,194.8512,0.05222878,0.9885953,0.1412495,-0.1422229,0.04984545,-0.01722233,0.1516856,0.143416,-0.4929123,-0.1903486,0.8368015,66.39221,0.2619441,-0.9002861,-0.3476647,0.09497064,1.132813,0.2174994,1.157407,0.2097487,-0.9292659,-0.1258519,-0.2768244,212.1415,0.218279,-0.967058,-0.1309702,0.08772279,-0.0452407,0.04026509,0.1065987,-0.147562,-0.7144546,-0.4972354,0.469614,123.9815,-0.1671386,-0.8092392,-0.5632021,-0.4485441,-0.2074349,-0.355472,0.608754,0.778562,0.0008983606,0.5773254,0.2460405,151.5133,0.8032544,0.0009268525,0.5956355,0.005029358,-0.03281271,0.08250061,0.08892873,-0.4475149,0.4707763,0.3277967,0.6860391,93.36523,-0.615086,0.6470576,0.4505395,-0.09023213,1.211557,-0.07700448,1.217351,0.01218786,-0.1670361,-0.1663146,-0.9717458,332.6953,0.0516369,-0.7076903,-0.7046334,False,False,False,False
1772879685719,11.33358,0.1159383,1.116385,0.1387824,1.130937,-0.0284161,-0.5947735,0.4472491,0.6673869,96.26859,-0.03815721,-0.7986635,0.6005673,-0.1028367,0.6379933,-0.06111933,0.649112,0.5234439,0.2321734,-0.7596845,0.3081907,144.0995,0.5502264,0.2440527,-0.7985545,0.08787274,1.099334,0.2706843,1.135574,0.1314263,1.128695,0.2672212,1.167319,0.1304325,1.126372,0.2250068,1.156008,-0.01749603,0.6483786,0.03102582,0.6493562,-0.006642957,0.6502544,0.07341471,0.6544194,-0.024779,0.6429923,0.1044256,0.6518879,0.09362658,-0.06957381,0.06978566,0.1359283,0.1048005,-0.07456078,0.01858738,0.1299536,0.07100151,-0.05133086,0.00827045,0.08800267,-0.1111723,0.05063622,-0.03095641,0.1260223,-0.1542171,0.05576231,-0.02471129,0.1658402,-0.17693,0.04702761,0.002695851,0.1830932,0.09644827,-0.07441705,0.05393985,0.1332279,0.1089702,-0.06694385,0.02000475,0.1294456,0.08416019,-0.05960218,0.006235932,0.1033162,-0.1115275,0.05112197,-0.03258518,0.1269395,-0.1540818,0.05591004,-0.02487873,0.1657893,-0.176848,0.04723253,0.002538469,0.1830644,0.09400143,-0.06785177,0.03121843,0.1200613,0.05179077,0.9803045,0.1400649,-0.1292388,194.8512,0.05222878,0.9885953,0.1412495,-0.1422229,0.04984545,-0.01722233,0.1516856,0.143416,-0.4929123,-0.1903486,0.8368015,66.39221,0.2619441,-0.9002861,-0.3476647,0.09497064,1.132813,0.2174994,1.157407,0.2097487,-0.9292659,-0.1258519,-0.2768244,212.1415,0.218279,-0.967058,-0.1309702,0.08772279,-0.0452407,0.04026509,0.1065987,-0.147562,-0.7144546,-0.4972354,0.469614,123.9815,-0.1671386,-0.8092392,-0.5632021,-0.4485441,-0.2074349,-0.355472,0.608754,0.778562,0.0008983606,0.5773254,0.2460405,151.5133,0.8032544,0.0009268525,0.5956355,0.005029358,-0.03281271,0.08250061,0.08892873,-0.4475149,0.4707763,0.3277967,0.6860391,93.36523,-0.615086,0.6470576,0.4505395,-0.0902875,1.211635,-0.07695252,1.217428,0.01313078,-0.1660751,-0.1658972,-0.9719695,332.8042,0.0558503,-0.7063816,-0.7056249,False,False,False,False
1772879685732,11.3474,0.1159383,1.116385,0.1387824,1.130937,-0.0284161,-0.5947735,0.4472491,0.6673869,96.26859,-0.03815721,-0.7986635,0.6005673,-0.1028367,0.6379933,-0.06111933,0.649112,0.5234439,0.2321734,-0.7596845,0.3081907,144.0995,0.5502264,0.2440527,-0.7985545,0.08787274,1.099334,0.2706843,1.135574,0.1314263,1.128695,0.2672212,1.167319,0.1304325,1.126372,0.2250068,1.156008,-0.01749603,0.6483786,0.03102582,0.6493562,-0.006642957,0.6502544,0.07341471,0.6544194,-0.024779,0.6429923,0.1044256,0.6518879,0.09362658,-0.06957381,0.06978566,0.1359283,0.1048005,-0.07456078,0.01858738,0.1299536,0.07100151,-0.05133086,0.00827045,0.08800267,-0.1111723,0.05063622,-0.03095641,0.1260223,-0.1542171,0.05576231,-0.02471129,0.1658402,-0.17693,0.04702761,0.002695851,0.1830932,0.09644827,-0.07441705,0.05393985,0.1332279,0.1089702,-0.06694385,0.02000475,0.1294456,0.08416019,-0.05960218,0.006235932,0.1033162,-0.1115275,0.05112197,-0.03258518,0.1269395,-0.1540818,0.05591004,-0.02487873,0.1657893,-0.176848,0.04723253,0.002538469,0.1830644,0.09400143,-0.06785177,0.03121843,0.1200613,0.05179077,0.9803045,0.1400649,-0.1292388,194.8512,0.05222878,0.9885953,0.1412495,-0.1422229,0.04984545,-0.01722233,0.1516856,0.143416,-0.4929123,-0.1903486,0.8368015,66.39221,0.2619441,-0.9002861,-0.3476647,0.09497064,1.132813,0.2174994,1.157407,0.2097487,-0.9292659,-0.1258519,-0.2768244,212.1415,0.218279,-0.967058,-0.1309702,0.08772279,-0.0452407,0.04026509,0.1065987,-0.147562,-0.7144546,-0.4972354,0.469614,123.9815,-0.1671386,-0.8092392,-0.5632021,-0.4485441,-0.2074349,-0.355472,0.608754,0.778562,0.0008983606,0.5773254,0.2460405,151.5133,0.8032544,0.0009268525,0.5956355,0.005029358,-0.03281271,0.08250061,0.08892873,-0.4475149,0.4707763,0.3277967,0.6860391,93.36523,-0.615086,0.6470576,0.4505395,-0.09032302,1.211774,-0.07691631,1.217567,0.01402282,-0.1654426,-0.1655486,-0.9721243,332.8797,0.0598075,-0.705615,-0.706067,False,False,False,False
1772879685745,11.36045,0.1159383,1.116385,0.1387824,1.130937,-0.0284161,-0.5947735,0.4472491,0.6673869,96.26859,-0.03815721,-0.7986635,0.6005673,-0.1028367,0.6379933,-0.06111933,0.649112,0.5234439,0.2321734,-0.7596845,0.3081907,144.0995,0.5502264,0.2440527,-0.7985545,0.08787274,1.099334,0.2706843,1.135574,0.1314263,1.128695,0.2672212,1.167319,0.1304325,1.126372,0.2250068,1.156008,-0.01749603,0.6483786,0.03102582,0.6493562,-0.006642957,0.6502544,0.07341471,0.6544194,-0.024779,0.6429923,0.1044256,0.6518879,0.09362658,-0.06957381,0.06978566,0.1359283,0.1048005,-0.07456078,0.01858738,0.1299536,0.07100151,-0.05133086,0.00827045,0.08800267,-0.1111723,0.05063622,-0.03095641,0.1260223,-0.1542171,0.05576231,-0.02471129,0.1658402,-0.17693,0.04702761,0.002695851,0.1830932,0.09644827,-0.07441705,0.05393985,0.1332279,0.1089702,-0.06694385,0.02000475,0.1294456,0.08416019,-0.05960218,0.006235932,0.1033162,-0.1115275,0.05112197,-0.03258518,0.1269395,-0.1540818,0.05591004,-0.02487873,0.1657893,-0.176848,0.04723253,0.002538469,0.1830644,0.09400143,-0.06785177,0.03121843,0.1200613,0.05179077,0.9803045,0.1400649,-0.1292388,194.8512,0.05222878,0.9885953,0.1412495,-0.1422229,0.04984545,-0.01722233,0.1516856,0.143416,-0.4929123,-0.1903486,0.8368015,66.39221,0.2619441,-0.9002861,-0.3476647,0.09497064,1.132813,0.2174994,1.157407,0.2097487,-0.9292659,-0.1258519,-0.2768244,212.1415,0.218279,-0.967058,-0.1309702,0.08772279,-0.0452407,0.04026509,0.1065987,-0.147562,-0.7144546,-0.4972354,0.469614,123.9815,-0.1671386,-0.8092392,-0.5632021,-0.4485441,-0.2074349,-0.355472,0.608754,0.778562,0.0008983606,0.5773254,0.2460405,151.5133,0.8032544,0.0009268525,0.5956355,0.005029358,-0.03281271,0.08250061,0.08892873,-0.4475149,0.4707763,0.3277967,0.6860391,93.36523,-0.615086,0.6470576,0.4505395,-0.09032838,1.211913,-0.07687844,1.217704,0.01487068,-0.1647637,-0.1654021,-0.972252,332.9422,0.06356733,-0.7043114,-0.7070401,False,False,False,False
1772879685760,11.37423,0.1159383,1.116385,0.1387824,1.130937,-0.0284161,-0.5947735,0.4472491,0.6673869,96.26859,-0.03815721,-0.7986635,0.6005673,-0.1028367,0.6379933,-0.06111933,0.649112,0.5234439,0.2321734,-0.7596845,0.3081907,144.0995,0.5502264,0.2440527,-0.7985545,0.08787274,1.099334,0.2706843,1.135574,0.1314263,1.128695,0.2672212,1.167319,0.1304325,1.126372,0.2250068,1.156008,-0.01749603,0.6483786,0.03102582,0.6493562,-0.006642957,0.6502544,0.07341471,0.6544194,-0.024779,0.6429923,0.1044256,0.6518879,0.09362658,-0.06957381,0.06978566,0.1359283,0.1048005,-0.07456078,0.01858738,0.1299536,0.07100151,-0.05133086,0.00827045,0.08800267,-0.1111723,0.05063622,-0.03095641,0.1260223,-0.1542171,0.05576231,-0.02471129,0.1658402,-0.17693,0.04702761,0.002695851,0.1830932,0.09644827,-0.07441705,0.05393985,0.1332279,0.1089702,-0.06694385,0.02000475,0.1294456,0.08416019,-0.05960218,0.006235932,0.1033162,-0.1115275,0.05112197,-0.03258518,0.1269395,-0.1540818,0.05591004,-0.02487873,0.1657893,-0.176848,0.04723253,0.002538469,0.1830644,0.09400143,-0.06785177,0.03121843,0.1200613,0.05179077,0.9803045,0.1400649,-0.1292388,194.8512,0.05222878,0.9885953,0.1412495,-0.1422229,0.04984545,-0.01722233,0.1516856,0.143416,-0.4929123,-0.1903486,0.8368015,66.39221,0.2619441,-0.9002861,-0.3476647,0.09497064,1.132813,0.2174994,1.157407,0.2097487,-0.9292659,-0.1258519,-0.2768244,212.1415,0.218279,-0.967058,-0.1309702,0.08772279,-0.0452407,0.04026509,0.1065987,-0.147562,-0.7144546,-0.4972354,0.469614,123.9815,-0.1671386,-0.8092392,-0.5632021,-0.4485441,-0.2074349,-0.355472,0.608754,0.778562,0.0008983606,0.5773254,0.2460405,151.5133,0.8032544,0.0009268525,0.5956355,0.005029358,-0.03281271,0.08250061,0.08892873,-0.4475149,0.4707763,0.3277967,0.6860391,93.36523,-0.615086,0.6470576,0.4505395,-0.09029845,1.21203,-0.07685438,1.217817,0.01572392,-0.1642473,-0.1653445,-0.9723358,332.9832,0.06731486,-0.7031507,-0.7078481,False,False,False,False
1772879685773,11.3888,0.1159383,1.116385,0.1387824,1.130937,-0.0284161,-0.5947735,0.4472491,0.6673869,96.26859,-0.03815721,-0.7986635,0.6005673,-0.1028367,0.6379933,-0.06111933,0.649112,0.5234439,0.2321734,-0.7596845,0.3081907,144.0995,0.5502264,0.2440527,-0.7985545,0.08787274,1.099334,0.2706843,1.135574,0.1314263,1.128695,0.2672212,1.167319,0.1304325,1.126372,0.2250068,1.156008,-0.01749603,0.6483786,0.03102582,0.6493562,-0.006642957,0.6502544,0.07341471,0.6544194,-0.024779,0.6429923,0.1044256,0.6518879,0.09362658,-0.06957381,0.06978566,0.1359283,0.1048005,-0.07456078,0.01858738,0.1299536,0.07100151,-0.05133086,0.00827045,0.08800267,-0.1111723,0.05063622,-0.03095641,0.1260223,-0.1542171,0.05576231,-0.02471129,0.1658402,-0.17693,0.04702761,0.002695851,0.1830932,0.09644827,-0.07441705,0.05393985,0.1332279,0.1089702,-0.06694385,0.02000475,0.1294456,0.08416019,-0.05960218,0.006235932,0.1033162,-0.1115275,0.05112197,-0.03258518,0.1269395,-0.1540818,0.05591004,-0.02487873,0.1657893,-0.176848,0.04723253,0.002538469,0.1830644,0.09400143,-0.06785177,0.03121843,0.1200613,0.05179077,0.9803045,0.1400649,-0.1292388,194.8512,0.05222878,0.9885953,0.1412495,-0.1422229,0.04984545,-0.01722233,0.1516856,0.143416,-0.4929123,-0.1903486,0.8368015,66.39221,0.2619441,-0.9002861,-0.3476647,0.09497064,1.132813,0.2174994,1.157407,0.2097487,-0.9292659,-0.1258519,-0.2768244,212.1415,0.218279,-0.967058,-0.1309702,0.08772279,-0.0452407,0.04026509,0.1065987,-0.147562,-0.7144546,-0.4972354,0.469614,123.9815,-0.1671386,-0.8092392,-0.5632021,-0.4485441,-0.2074349,-0.355472,0.608754,0.778562,0.0008983606,0.5773254,0.2460405,151.5133,0.8032544,0.0009268525,0.5956355,0.005029358,-0.03281271,0.08250061,0.08892873,-0.4475149,0.4707763,0.3277967,0.6860391,93.36523,-0.615086,0.6470576,0.4505395,-0.09022838,1.212154,-0.07683731,1.217934,0.0160589,-0.1635531,-0.1651843,-0.9724745,333.0514,0.06891958,-0.7019166,-0.7089172,False,False,False,False
1772879685788,11.40256,0.1159383,1.116385,0.1387824,1.130937,-0.0284161,-0.5947735,0.4472491,0.6673869,96.26859,-0.03815721,-0.7986635,0.6005673,-0.1028367,0.6379933,-0.06111933,0.649112,0.5234439,0.2321734,-0.7596845,0.3081907,144.0995,0.5502264,0.2440527,-0.7985545,0.08787274,1.099334,0.2706843,1.135574,0.1314263,1.128695,0.2672212,1.167319,0.1304325,1.126372,0.2250068,1.156008,-0.01749603,0.6483786,0.03102582,0.6493562,-0.006642957,0.6502544,0.07341471,0.6544194,-0.024779,0.6429923,0.1044256,0.6518879,0.09362658,-0.06957381,0.06978566,0.1359283,0.1048005,-0.07456078,0.01858738,0.1299536,0.07100151,-0.05133086,0.00827045,0.08800267,-0.1111723,0.05063622,-0.03095641,0.1260223,-0.1542171,0.05576231,-0.02471129,0.1658402,-0.17693,0.04702761,0.002695851,0.1830932,0.09644827,-0.07441705,0.05393985,0.1332279,0.1089702,-0.06694385,0.02000475,0.1294456,0.08416019,-0.05960218,0.006235932,0.1033162,-0.1115275,0.05112197,-0.03258518,0.1269395,-0.1540818,0.05591004,-0.02487873,0.1657893,-0.176848,0.04723253,0.002538469,0.1830644,0.09400143,-0.06785177,0.03121843,0.1200613,0.05179077,0.9803045,0.1400649,-0.1292388,194.8512,0.05222878,0.9885953,0.1412495,-0.1422229,0.04984545,-0.01722233,0.1516856,0.143416,-0.4929123,-0.1903486,0.8368015,66.39221,0.2619441,-0.9002861,-0.3476647,0.09497064,1.132813,0.2174994,1.157407,0.2097487,-0.9292659,-0.1258519,-0.2768244,212.1415,0.218279,-0.967058,-0.1309702,0.08772279,-0.0452407,0.04026509,0.1065987,-0.147562,-0.7144546,-0.4972354,0.469614,123.9815,-0.1671386,-0.8092392,-0.5632021,-0.4485441,-0.2074349,-0.355472,0.608754,0.778562,0.0008983606,0.5773254,0.2460405,151.5133,0.8032544,0.0009268525,0.5956355,0.005029358,-0.03281271,0.08250061,0.08892873,-0.4475149,0.4707763,0.3277967,0.6860391,93.36523,-0.615086,0.6470576,0.4505395,-0.09019348,1.212306,-0.07678294,1.218079,0.01642219,-0.1631314,-0.1648893,-0.9725893,333.1079,0.07062406,-0.701551,-0.7091109,False,False,False,False
1772879685802,11.4168,0.1159383,1.116385,0.1387824,1.130937,-0.0284161,-0.5947735,0.4472491,0.6673869,96.26859,-0.03815721,-0.7986635,0.6005673,-0.1028367,0.6379933,-0.06111933,0.649112,0.5234439,0.2321734,-0.7596845,0.3081907,144.0995,0.5502264,0.2440527,-0.7985545,0.08787274,1.099334,0.2706843,1.135574,0.1314263,1.128695,0.2672212,1.167319,0.1304325,1.126372,0.2250068,1.156008,-0.01749603,0.6483786,0.03102582,0.6493562,-0.006642957,0.6502544,0.07341471,0.6544194,-0.024779,0.6429923,0.1044256,0.6518879,0.09362658,-0.06957381,0.06978566,0.1359283,0.1048005,-0.07456078,0.01858738,0.1299536,0.07100151,-0.05133086,0.00827045,0.08800267,-0.1111723,0.05063622,-0.03095641,0.1260223,-0.1542171,0.05576231,-0.02471129,0.1658402,-0.17693,0.04702761,0.002695851,0.1830932,0.09644827,-0.07441705,0.05393985,0.1332279,0.1089702,-0.06694385,0.02000475,0.1294456,0.08416019,-0.05960218,0.006235932,0.1033162,-0.1115275,0.05112197,-0.03258518,0.1269395,-0.1540818,0.05591004,-0.02487873,0.1657893,-0.176848,0.04723253,0.002538469,0.1830644,0.09400143,-0.06785177,0.03121843,0.1200613,0.05179077,0.9803045,0.1400649,-0.1292388,194.8512,0.05222878,0.9885953,0.1412495,-0.1422229,0.04984545,-0.01722233,0.1516856,0.143416,-0.4929123,-0.1903486,0.8368015,66.39221,0.2619441,-0.9002861,-0.3476647,0.09497064,1.132813,0.2174994,1.157407,0.2097487,-0.9292659,-0.1258519,-0.2768244,212.1415,0.218279,-0.967058,-0.1309702,0.08772279,-0.0452407,0.04026509,0.1065987,-0.147562,-0.7144546,-0.4972354,0.469614,123.9815,-0.1671386,-0.8092392,-0.5632021,-0.4485441,-0.2074349,-0.355472,0.608754,0.778562,0.0008983606,0.5773254,0.2460405,151.5133,0.8032544,0.0009268525,0.5956355,0.005029358,-0.03281271,0.08250061,0.08892873,-0.4475149,0.4707763,0.3277967,0.6860391,93.36523,-0.615086,0.6470576,0.4505395,-0.09009903,1.212472,-0.07674899,1.218235,0.01673232,-0.1624457,-0.1648558,-0.9727045,333.1647,0.07210732,-0.7000538,-0.71044,False,False,False,False
1772879685815,11.43058,0.1159383,1.116385,0.1387824,1.130937,-0.0284161,-0.5947735,0.4472491,0.6673869,96.26859,-0.03815721,-0.7986635,0.6005673,-0.1028367,0.6379933,-0.06111933,0.649112,0.5234439,0.2321734,-0.7596845,0.3081907,144.0995,0.5502264,0.2440527,-0.7985545,0.08787274,1.099334,0.2706843,1.135574,0.1314263,1.128695,0.2672212,1.167319,0.1304325,1.126372,0.2250068,1.156008,-0.01749603,0.6483786,0.03102582,0.6493562,-0.006642957,0.6502544,0.07341471,0.6544194,-0.024779,0.6429923,0.1044256,0.6518879,0.09362658,-0.06957381,0.06978566,0.1359283,0.1048005,-0.07456078,0.01858738,0.1299536,0.07100151,-0.05133086,0.00827045,0.08800267,-0.1111723,0.05063622,-0.03095641,0.1260223,-0.1542171,0.05576231,-0.02471129,0.1658402,-0.17693,0.04702761,0.002695851,0.1830932,0.09644827,-0.07441705,0.05393985,0.1332279,0.1089702,-0.06694385,0.02000475,0.1294456,0.08416019,-0.05960218,0.006235932,0.1033162,-0.1115275,0.05112197,-0.03258518,0.1269395,-0.1540818,0.05591004,-0.02487873,0.1657893,-0.176848,0.04723253,0.002538469,0.1830644,0.09400143,-0.06785177,0.03121843,0.1200613,0.05179077,0.9803045,0.1400649,-0.1292388,194.8512,0.05222878,0.9885953,0.1412495,-0.1422229,0.04984545,-0.01722233,0.1516856,0.143416,-0.4929123,-0.1903486,0.8368015,66.39221,0.2619441,-0.9002861,-0.3476647,0.09497064,1.132813,0.2174994,1.157407,0.2097487,-0.9292659,-0.1258519,-0.2768244,212.1415,0.218279,-0.967058,-0.1309702,0.08772279,-0.0452407,0.04026509,0.1065987,-0.147562,-0.7144546,-0.4972354,0.469614,123.9815,-0.1671386,-0.8092392,-0.5632021,-0.4485441,-0.2074349,-0.355472,0.608754,0.778562,0.0008983606,0.5773254,0.2460405,151.5133,0.8032544,0.0009268525,0.5956355,0.005029358,-0.03281271,0.08250061,0.08892873,-0.4475149,0.4707763,0.3277967,0.6860391,93.36523,-0.615086,0.6470576,0.4505395,-0.08992326,1.212638,-0.07677125,1.218389,0.01703867,-0.1620891,-0.1645174,-0.9728159,333.2198,0.07357582,-0.6999277,-0.7104136,False,False,False,False
1772879685829,11.44383,0.1159383,1.116385,0.1387824,1.130937,-0.0284161,-0.5947735,0.4472491,0.6673869,96.26859,-0.03815721,-0.7986635,0.6005673,-0.1028367,0.6379933,-0.06111933,0.649112,0.5234439,0.2321734,-0.7596845,0.3081907,144.0995,0.5502264,0.2440527,-0.7985545,0.08787274,1.099334,0.2706843,1.135574,0.1314263,1.128695,0.2672212,1.167319,0.1304325,1.126372,0.2250068,1.156008,-0.01749603,0.6483786,0.03102582,0.6493562,-0.006642957,0.6502544,0.07341471,0.6544194,-0.024779,0.6429923,0.1044256,0.6518879,0.09362658,-0.06957381,0.06978566,0.1359283,0.1048005,-0.07456078,0.01858738,0.1299536,0.07100151,-0.05133086,0.00827045,0.08800267,-0.1111723,0.05063622,-0.03095641,0.1260223,-0.1542171,0.05576231,-0.02471129,0.1658402,-0.17693,0.04702761,0.002695851,0.1830932,0.09644827,-0.07441705,0.05393985,0.1332279,0.1089702,-0.06694385,0.02000475,0.1294456,0.08416019,-0.05960218,0.006235932,0.1033162,-0.1115275,0.05112197,-0.03258518,0.1269395,-0.1540818,0.05591004,-0.02487873,0.1657893,-0.176848,0.04723253,0.002538469,0.1830644,0.09400143,-0.06785177,0.03121843,0.1200613,0.05179077,0.9803045,0.1400649,-0.1292388,194.8512,0.05222878,0.9885953,0.1412495,-0.1422229,0.04984545,-0.01722233,0.1516856,0.143416,-0.4929123,-0.1903486,0.8368015,66.39221,0.2619441,-0.9002861,-0.3476647,0.09497064,1.132813,0.2174994,1.157407,0.2097487,-0.9292659,-0.1258519,-0.2768244,212.1415,0.218279,-0.967058,-0.1309702,0.08772279,-0.0452407,0.04026509,0.1065987,-0.147562,-0.7144546,-0.4972354,0.469614,123.9815,-0.1671386,-0.8092392,-0.5632021,-0.4485441,-0.2074349,-0.355472,0.608754,0.778562,0.0008983606,0.5773254,0.2460405,151.5133,0.8032544,0.0009268525,0.5956355,0.005029358,-0.03281271,0.08250061,0.08892873,-0.4475149,0.4707763,0.3277967,0.6860391,93.36523,-0.615086,0.6470576,0.4505395,-0.08963957,1.212819,-0.07683078,1.218552,0.01737444,-0.1616407,-0.16405,-0.9729635,333.2929,0.07522745,-0.6998678,-0.7102996,False,False,False,False
1772879685843,11.45803,0.1159383,1.116385,0.1387824,1.130937,-0.0284161,-0.5947735,0.4472491,0.6673869,96.26859,-0.03815721,-0.7986635,0.6005673,-0.1028367,0.6379933,-0.06111933,0.649112,0.5234439,0.2321734,-0.7596845,0.3081907,144.0995,0.5502264,0.2440527,-0.7985545,0.08787274,1.099334,0.2706843,1.135574,0.1314263,1.128695,0.2672212,1.167319,0.1304325,1.126372,0.2250068,1.156008,-0.01749603,0.6483786,0.03102582,0.6493562,-0.006642957,0.6502544,0.07341471,0.6544194,-0.024779,0.6429923,0.1044256,0.6518879,0.09362658,-0.06957381,0.06978566,0.1359283,0.1048005,-0.07456078,0.01858738,0.1299536,0.07100151,-0.05133086,0.00827045,0.08800267,-0.1111723,0.05063622,-0.03095641,0.1260223,-0.1542171,0.05576231,-0.02471129,0.1658402,-0.17693,0.04702761,0.002695851,0.1830932,0.09644827,-0.07441705,0.05393985,0.1332279,0.1089702,-0.06694385,0.02000475,0.1294456,0.08416019,-0.05960218,0.006235932,0.1033162,-0.1115275,0.05112197,-0.03258518,0.1269395,-0.1540818,0.05591004,-0.02487873,0.1657893,-0.176848,0.04723253,0.002538469,0.1830644,0.09400143,-0.06785177,0.03121843,0.1200613,0.05179077,0.9803045,0.1400649,-0.1292388,194.8512,0.05222878,0.9885953,0.1412495,-0.1422229,0.04984545,-0.01722233,0.1516856,0.143416,-0.4929123,-0.1903486,0.8368015,66.39221,0.2619441,-0.9002861,-0.3476647,0.09497064,1.132813,0.2174994,1.157407,0.2097487,-0.9292659,-0.1258519,-0.2768244,212.1415,0.218279,-0.967058,-0.1309702,0.08772279,-0.0452407,0.04026509,0.1065987,-0.147562,-0.7144546,-0.4972354,0.469614,123.9815,-0.1671386,-0.8092392,-0.5632021,-0.4485441,-0.2074349,-0.355472,0.608754,0.778562,0.0008983606,0.5773254,0.2460405,151.5133,0.8032544,0.0009268525,0.5956355,0.005029358,-0.03281271,0.08250061,0.08892873,-0.4475149,0.4707763,0.3277967,0.6860391,93.36523,-0.615086,0.6470576,0.4505395,-0.08932284,1.213032,-0.07687908,1.218743,0.01828319,-0.1612024,-0.1635159,-0.9731095,333.3655,0.07937376,-0.699836,-0.7098798,False,False,False,False
1772879685857,11.47145,0.1159383,1.116385,0.1387824,1.130937,-0.0284161,-0.5947735,0.4472491,0.6673869,96.26859,-0.03815721,-0.7986635,0.6005673,-0.1028367,0.6379933,-0.06111933,0.649112,0.5234439,0.2321734,-0.7596845,0.3081907,144.0995,0.5502264,0.2440527,-0.7985545,0.08787274,1.099334,0.2706843,1.135574,0.1314263,1.128695,0.2672212,1.167319,0.1304325,1.126372,0.2250068,1.156008,-0.01749603,0.6483786,0.03102582,0.6493562,-0.006642957,0.6502544,0.07341471,0.6544194,-0.024779,0.6429923,0.1044256,0.6518879,0.09362658,-0.06957381,0.06978566,0.1359283,0.1048005,-0.07456078,0.01858738,0.1299536,0.07100151,-0.05133086,0.00827045,0.08800267,-0.1111723,0.05063622,-0.03095641,0.1260223,-0.1542171,0.05576231,-0.02471129,0.1658402,-0.17693,0.04702761,0.002695851,0.1830932,0.09644827,-0.07441705,0.05393985,0.1332279,0.1089702,-0.06694385,0.02000475,0.1294456,0.08416019,-0.05960218,0.006235932,0.1033162,-0.1115275,0.05112197,-0.03258518,0.1269395,-0.1540818,0.05591004,-0.02487873,0.1657893,-0.176848,0.04723253,0.002538469,0.1830644,0.09400143,-0.06785177,0.03121843,0.1200613,0.05179077,0.9803045,0.1400649,-0.1292388,194.8512,0.05222878,0.9885953,0.1412495,-0.1422229,0.04984545,-0.01722233,0.1516856,0.143416,-0.4929123,-0.1903486,0.8368015,66.39221,0.2619441,-0.9002861,-0.3476647,0.09497064,1.132813,0.2174994,1.157407,0.2097487,-0.9292659,-0.1258519,-0.2768244,212.1415,0.218279,-0.967058,-0.1309702,0.08772279,-0.0452407,0.04026509,0.1065987,-0.147562,-0.7144546,-0.4972354,0.469614,123.9815,-0.1671386,-0.8092392,-0.5632021,-0.4485441,-0.2074349,-0.355472,0.608754,0.778562,0.0008983606,0.5773254,0.2460405,151.5133,0.8032544,0.0009268525,0.5956355,0.005029358,-0.03281271,0.08250061,0.08892873,-0.4475149,0.4707763,0.3277967,0.6860391,93.36523,-0.615086,0.6470576,0.4505395,-0.08869762,1.21334,-0.07687937,1.219004,0.01931106,-0.1607784,-0.1623125,-0.9733612,333.491,0.08422588,-0.7012406,-0.7079317,False,False,False,False
1772879685871,11.48594,0.1159383,1.116385,0.1387824,1.130937,-0.0284161,-0.5947735,0.4472491,0.6673869,96.26859,-0.03815721,-0.7986635,0.6005673,-0.1028367,0.6379933,-0.06111933,0.649112,0.5234439,0.2321734,-0.7596845,0.3081907,144.0995,0.5502264,0.2440527,-0.7985545,0.08787274,1.099334,0.2706843,1.135574,0.1314263,1.128695,0.2672212,1.167319,0.1304325,1.126372,0.2250068,1.156008,-0.01749603,0.6483786,0.03102582,0.6493562,-0.006642957,0.6502544,0.07341471,0.6544194,-0.024779,0.6429923,0.1044256,0.6518879,0.09362658,-0.06957381,0.06978566,0.1359283,0.1048005,-0.07456078,0.01858738,0.1299536,0.07100151,-0.05133086,0.00827045,0.08800267,-0.1111723,0.05063622,-0.03095641,0.1260223,-0.1542171,0.05576231,-0.02471129,0.1658402,-0.17693,0.04702761,0.002695851,0.1830932,0.09644827,-0.07441705,0.05393985,0.1332279,0.1089702,-0.06694385,0.02000475,0.1294456,0.08416019,-0.05960218,0.006235932,0.1033162,-0.1115275,0.05112197,-0.03258518,0.1269395,-0.1540818,0.05591004,-0.02487873,0.1657893,-0.176848,0.04723253,0.002538469,0.1830644,0.09400143,-0.06785177,0.03121843,0.1200613,0.05179077,0.9803045,0.1400649,-0.1292388,194.8512,0.05222878,0.9885953,0.1412495,-0.1422229,0.04984545,-0.01722233,0.1516856,0.143416,-0.4929123,-0.1903486,0.8368015,66.39221,0.2619441,-0.9002861,-0.3476647,0.09497064,1.132813,0.2174994,1.157407,0.2097487,-0.9292659,-0.1258519,-0.2768244,212.1415,0.218279,-0.967058,-0.1309702,0.08772279,-0.0452407,0.04026509,0.1065987,-0.147562,-0.7144546,-0.4972354,0.469614,123.9815,-0.1671386,-0.8092392,-0.5632021,-0.4485441,-0.2074349,-0.355472,0.608754,0.778562,0.0008983606,0.5773254,0.2460405,151.5133,0.8032544,0.0009268525,0.5956355,0.005029358,-0.03281271,0.08250061,0.08892873,-0.4475149,0.4707763,0.3277967,0.6860391,93.36523,-0.615086,0.6470576,0.4505395,-0.08822021,1.213528,-0.07692172,1.219159,0.02022303,-0.1603358,-0.1613947,-0.9735683,333.5947,0.0885437,-0.7020079,-0.7066444,False,False,False,False
1772879685885,11.49954,0.1159383,1.116385,0.1387824,1.130937,-0.0284161,-0.5947735,0.4472491,0.6673869,96.26859,-0.03815721,-0.7986635,0.6005673,-0.1028367,0.6379933,-0.06111933,0.649112,0.5234439,0.2321734,-0.7596845,0.3081907,144.0995,0.5502264,0.2440527,-0.7985545,0.08787274,1.099334,0.2706843,1.135574,0.1314263,1.128695,0.2672212,1.167319,0.1304325,1.126372,0.2250068,1.156008,-0.01749603,0.6483786,0.03102582,0.6493562,-0.006642957,0.6502544,0.07341471,0.6544194,-0.024779,0.6429923,0.1044256,0.6518879,0.09362658,-0.06957381,0.06978566,0.1359283,0.1048005,-0.07456078,0.01858738,0.1299536,0.07100151,-0.05133086,0.00827045,0.08800267,-0.1111723,0.05063622,-0.03095641,0.1260223,-0.1542171,0.05576231,-0.02471129,0.1658402,-0.17693,0.04702761,0.002695851,0.1830932,0.09644827,-0.07441705,0.05393985,0.1332279,0.1089702,-0.06694385,0.02000475,0.1294456,0.08416019,-0.05960218,0.006235932,0.1033162,-0.1115275,0.05112197,-0.03258518,0.1269395,-0.1540818,0.05591004,-0.02487873,0.1657893,-0.176848,0.04723253,0.002538469,0.1830644,0.09400143,-0.06785177,0.03121843,0.1200613,0.05179077,0.9803045,0.1400649,-0.1292388,194.8512,0.05222878,0.9885953,0.1412495,-0.1422229,0.04984545,-0.01722233,0.1516856,0.143416,-0.4929123,-0.1903486,0.8368015,66.39221,0.2619441,-0.9002861,-0.3476647,0.09497064,1.132813,0.2174994,1.157407,0.2097487,-0.9292659,-0.1258519,-0.2768244,212.1415,0.218279,-0.967058,-0.1309702,0.08772279,-0.0452407,0.04026509,0.1065987,-0.147562,-0.7144546,-0.4972354,0.469614,123.9815,-0.1671386,-0.8092392,-0.5632021,-0.4485441,-0.2074349,-0.355472,0.608754,0.778562,0.0008983606,0.5773254,0.2460405,151.5133,0.8032544,0.0009268525,0.5956355,0.005029358,-0.03281271,0.08250061,0.08892873,-0.4475149,0.4707763,0.3277967,0.6860391,93.36523,-0.615086,0.6470576,0.4505395,-0.08784322,1.213637,-0.07697388,1.219244,0.02044326,-0.1603262,-0.1611277,-0.9736095,333.6154,0.08957687,-0.7025062,-0.7060183,False,False,False,False
1772879685899,11.51334,0.1159383,1.116385,0.1387824,1.130937,-0.0284161,-0.5947735,0.4472491,0.6673869,96.26859,-0.03815721,-0.7986635,0.6005673,-0.1028367,0.6379933,-0.06111933,0.649112,0.5234439,0.2321734,-0.7596845,0.3081907,144.0995,0.5502264,0.2440527,-0.7985545,0.08787274,1.099334,0.2706843,1.135574,0.1314263,1.128695,0.2672212,1.167319,0.1304325,1.126372,0.2250068,1.156008,-0.01749603,0.6483786,0.03102582,0.6493562,-0.006642957,0.6502544,0.07341471,0.6544194,-0.024779,0.6429923,0.1044256,0.6518879,0.09362658,-0.06957381,0.06978566,0.1359283,0.1048005,-0.07456078,0.01858738,0.1299536,0.07100151,-0.05133086,0.00827045,0.08800267,-0.1111723,0.05063622,-0.03095641,0.1260223,-0.1542171,0.05576231,-0.02471129,0.1658402,-0.17693,0.04702761,0.002695851,0.1830932,0.09644827,-0.07441705,0.05393985,0.1332279,0.1089702,-0.06694385,0.02000475,0.1294456,0.08416019,-0.05960218,0.006235932,0.1033162,-0.1115275,0.05112197,-0.03258518,0.1269395,-0.1540818,0.05591004,-0.02487873,0.1657893,-0.176848,0.04723253,0.002538469,0.1830644,0.09400143,-0.06785177,0.03121843,0.1200613,0.05179077,0.9803045,0.1400649,-0.1292388,194.8512,0.05222878,0.9885953,0.1412495,-0.1422229,0.04984545,-0.01722233,0.1516856,0.143416,-0.4929123,-0.1903486,0.8368015,66.39221,0.2619441,-0.9002861,-0.3476647,0.09497064,1.132813,0.2174994,1.157407,0.2097487,-0.9292659,-0.1258519,-0.2768244,212.1415,0.218279,-0.967058,-0.1309702,0.08772279,-0.0452407,0.04026509,0.1065987,-0.147562,-0.7144546,-0.4972354,0.469614,123.9815,-0.1671386,-0.8092392,-0.5632021,-0.4485441,-0.2074349,-0.355472,0.608754,0.778562,0.0008983606,0.5773254,0.2460405,151.5133,0.8032544,0.0009268525,0.5956355,0.005029358,-0.03281271,0.08250061,0.08892873,-0.4475149,0.4707763,0.3277967,0.6860391,93.36523,-0.615086,0.6470576,0.4505395,-0.08732959,1.213908,-0.07700184,1.219479,0.02035045,-0.160838,-0.1592272,-0.9738397,333.7312,0.08955643,-0.7078013,-0.7007126,False,False,False,False
1772879685912,11.52748,0.1159383,1.116385,0.1387824,1.130937,-0.0284161,-0.5947735,0.4472491,0.6673869,96.26859,-0.03815721,-0.7986635,0.6005673,-0.1028367,0.6379933,-0.06111933,0.649112,0.5234439,0.2321734,-0.7596845,0.3081907,144.0995,0.5502264,0.2440527,-0.7985545,0.08787274,1.099334,0.2706843,1.135574,0.1314263,1.128695,0.2672212,1.167319,0.1304325,1.126372,0.2250068,1.156008,-0.01749603,0.6483786,0.03102582,0.6493562,-0.006642957,0.6502544,0.07341471,0.6544194,-0.024779,0.6429923,0.1044256,0.6518879,0.09362658,-0.06957381,0.06978566,0.1359283,0.1048005,-0.07456078,0.01858738,0.1299536,0.07100151,-0.05133086,0.00827045,0.08800267,-0.1111723,0.05063622,-0.03095641,0.1260223,-0.1542171,0.05576231,-0.02471129,0.1658402,-0.17693,0.04702761,0.002695851,0.1830932,0.09644827,-0.07441705,0.05393985,0.1332279,0.1089702,-0.06694385,0.02000475,0.1294456,0.08416019,-0.05960218,0.006235932,0.1033162,-0.1115275,0.05112197,-0.03258518,0.1269395,-0.1540818,0.05591004,-0.02487873,0.1657893,-0.176848,0.04723253,0.002538469,0.1830644,0.09400143,-0.06785177,0.03121843,0.1200613,0.05179077,0.9803045,0.1400649,-0.1292388,194.8512,0.05222878,0.9885953,0.1412495,-0.1422229,0.04984545,-0.01722233,0.1516856,0.143416,-0.4929123,-0.1903486,0.8368015,66.39221,0.2619441,-0.9002861,-0.3476647,0.09497064,1.132813,0.2174994,1.157407,0.2097487,-0.9292659,-0.1258519,-0.2768244,212.1415,0.218279,-0.967058,-0.1309702,0.08772279,-0.0452407,0.04026509,0.1065987,-0.147562,-0.7144546,-0.4972354,0.469614,123.9815,-0.1671386,-0.8092392,-0.5632021,-0.4485441,-0.2074349,-0.355472,0.608754,0.778562,0.0008983606,0.5773254,0.2460405,151.5133,0.8032544,0.0009268525,0.5956355,0.005029358,-0.03281271,0.08250061,0.08892873,-0.4475149,0.4707763,0.3277967,0.6860391,93.36523,-0.615086,0.6470576,0.4505395,-0.08679776,1.214038,-0.07709048,1.219575,0.02037984,-0.1618816,-0.1583666,-0.9738065,333.7145,0.08962966,-0.7119483,-0.6964894,False,False,False,False
1772879685927,11.54133,0.1159383,1.116385,0.1387824,1.130937,-0.0284161,-0.5947735,0.4472491,0.6673869,96.26859,-0.03815721,-0.7986635,0.6005673,-0.1028367,0.6379933,-0.06111933,0.649112,0.5234439,0.2321734,-0.7596845,0.3081907,144.0995,0.5502264,0.2440527,-0.7985545,0.08787274,1.099334,0.2706843,1.135574,0.1314263,1.128695,0.2672212,1.167319,0.1304325,1.126372,0.2250068,1.156008,-0.01749603,0.6483786,0.03102582,0.6493562,-0.006642957,0.6502544,0.07341471,0.6544194,-0.024779,0.6429923,0.1044256,0.6518879,0.09362658,-0.06957381,0.06978566,0.1359283,0.1048005,-0.07456078,0.01858738,0.1299536,0.07100151,-0.05133086,0.00827045,0.08800267,-0.1111723,0.05063622,-0.03095641,0.1260223,-0.1542171,0.05576231,-0.02471129,0.1658402,-0.17693,0.04702761,0.002695851,0.1830932,0.09644827,-0.07441705,0.05393985,0.1332279,0.1089702,-0.06694385,0.02000475,0.1294456,0.08416019,-0.05960218,0.006235932,0.1033162,-0.1115275,0.05112197,-0.03258518,0.1269395,-0.1540818,0.05591004,-0.02487873,0.1657893,-0.176848,0.04723253,0.002538469,0.1830644,0.09400143,-0.06785177,0.03121843,0.1200613,0.05179077,0.9803045,0.1400649,-0.1292388,194.8512,0.05222878,0.9885953,0.1412495,-0.1422229,0.04984545,-0.01722233,0.1516856,0.143416,-0.4929123,-0.1903486,0.8368015,66.39221,0.2619441,-0.9002861,-0.3476647,0.09497064,1.132813,0.2174994,1.157407,0.2097487,-0.9292659,-0.1258519,-0.2768244,212.1415,0.218279,-0.967058,-0.1309702,0.08772279,-0.0452407,0.04026509,0.1065987,-0.147562,-0.7144546,-0.4972354,0.469614,123.9815,-0.1671386,-0.8092392,-0.5632021,-0.4485441,-0.2074349,-0.355472,0.608754,0.778562,0.0008983606,0.5773254,0.2460405,151.5133,0.8032544,0.0009268525,0.5956355,0.005029358,-0.03281271,0.08250061,0.08892873,-0.4475149,0.4707763,0.3277967,0.6860391,93.36523,-0.615086,0.6470576,0.4505395,-0.08624148,1.214237,-0.07712287,1.219737,0.02032212,-0.1629166,-0.1572929,-0.9738091,333.7158,0.08938025,-0.7165356,-0.6918017,False,False,False,False
1772879685940,11.55544,0.1159383,1.116385,0.1387824,1.130937,-0.0284161,-0.5947735,0.4472491,0.6673869,96.26859,-0.03815721,-0.7986635,0.6005673,-0.1028367,0.6379933,-0.06111933,0.649112,0.5234439,0.2321734,-0.7596845,0.3081907,144.0995,0.5502264,0.2440527,-0.7985545,0.08787274,1.099334,0.2706843,1.135574,0.1314263,1.128695,0.2672212,1.167319,0.1304325,1.126372,0.2250068,1.156008,-0.01749603,0.6483786,0.03102582,0.6493562,-0.006642957,0.6502544,0.07341471,0.6544194,-0.024779,0.6429923,0.1044256,0.6518879,0.09362658,-0.06957381,0.06978566,0.1359283,0.1048005,-0.07456078,0.01858738,0.1299536,0.07100151,-0.05133086,0.00827045,0.08800267,-0.1111723,0.05063622,-0.03095641,0.1260223,-0.1542171,0.05576231,-0.02471129,0.1658402,-0.17693,0.04702761,0.002695851,0.1830932,0.09644827,-0.07441705,0.05393985,0.1332279,0.1089702,-0.06694385,0.02000475,0.1294456,0.08416019,-0.05960218,0.006235932,0.1033162,-0.1115275,0.05112197,-0.03258518,0.1269395,-0.1540818,0.05591004,-0.02487873,0.1657893,-0.176848,0.04723253,0.002538469,0.1830644,0.09400143,-0.06785177,0.03121843,0.1200613,0.05179077,0.9803045,0.1400649,-0.1292388,194.8512,0.05222878,0.9885953,0.1412495,-0.1422229,0.04984545,-0.01722233,0.1516856,0.143416,-0.4929123,-0.1903486,0.8368015,66.39221,0.2619441,-0.9002861,-0.3476647,0.09497064,1.132813,0.2174994,1.157407,0.2097487,-0.9292659,-0.1258519,-0.2768244,212.1415,0.218279,-0.967058,-0.1309702,0.08772279,-0.0452407,0.04026509,0.1065987,-0.147562,-0.7144546,-0.4972354,0.469614,123.9815,-0.1671386,-0.8092392,-0.5632021,-0.4485441,-0.2074349,-0.355472,0.608754,0.778562,0.0008983606,0.5773254,0.2460405,151.5133,0.8032544,0.0009268525,0.5956355,0.005029358,-0.03281271,0.08250061,0.08892873,-0.4475149,0.4707763,0.3277967,0.6860391,93.36523,-0.615086,0.6470576,0.4505395,-0.08567165,1.214439,-0.07712865,1.219897,0.02038637,-0.1637809,-0.156985,-0.9737124,333.6671,0.08949998,-0.7190289,-0.6891934,False,False,False,False
1772879685954,11.56851,0.1159383,1.116385,0.1387824,1.130937,-0.0284161,-0.5947735,0.4472491,0.6673869,96.26859,-0.03815721,-0.7986635,0.6005673,-0.1028367,0.6379933,-0.06111933,0.649112,0.5234439,0.2321734,-0.7596845,0.3081907,144.0995,0.5502264,0.2440527,-0.7985545,0.08787274,1.099334,0.2706843,1.135574,0.1314263,1.128695,0.2672212,1.167319,0.1304325,1.126372,0.2250068,1.156008,-0.01749603,0.6483786,0.03102582,0.6493562,-0.006642957,0.6502544,0.07341471,0.6544194,-0.024779,0.6429923,0.1044256,0.6518879,0.09362658,-0.06957381,0.06978566,0.1359283,0.1048005,-0.07456078,0.01858738,0.1299536,0.07100151,-0.05133086,0.00827045,0.08800267,-0.1111723,0.05063622,-0.03095641,0.1260223,-0.1542171,0.05576231,-0.02471129,0.1658402,-0.17693,0.04702761,0.002695851,0.1830932,0.09644827,-0.07441705,0.05393985,0.1332279,0.1089702,-0.06694385,0.02000475,0.1294456,0.08416019,-0.05960218,0.006235932,0.1033162,-0.1115275,0.05112197,-0.03258518,0.1269395,-0.1540818,0.05591004,-0.02487873,0.1657893,-0.176848,0.04723253,0.002538469,0.1830644,0.09400143,-0.06785177,0.03121843,0.1200613,0.05179077,0.9803045,0.1400649,-0.1292388,194.8512,0.05222878,0.9885953,0.1412495,-0.1422229,0.04984545,-0.01722233,0.1516856,0.143416,-0.4929123,-0.1903486,0.8368015,66.39221,0.2619441,-0.9002861,-0.3476647,0.09497064,1.132813,0.2174994,1.157407,0.2097487,-0.9292659,-0.1258519,-0.2768244,212.1415,0.218279,-0.967058,-0.1309702,0.08772279,-0.0452407,0.04026509,0.1065987,-0.147562,-0.7144546,-0.4972354,0.469614,123.9815,-0.1671386,-0.8092392,-0.5632021,-0.4485441,-0.2074349,-0.355472,0.608754,0.778562,0.0008983606,0.5773254,0.2460405,151.5133,0.8032544,0.0009268525,0.5956355,0.005029358,-0.03281271,0.08250061,0.08892873,-0.4475149,0.4707763,0.3277967,0.6860391,93.36523,-0.615086,0.6470576,0.4505395,-0.08514608,1.214669,-0.07711858,1.220089,0.02044555,-0.1646168,-0.156563,-0.9736382,333.6298,0.08963501,-0.7216939,-0.6863853,False,False,False,False
1772879685969,11.58253,0.1159383,1.116385,0.1387824,1.130937,-0.0284161,-0.5947735,0.4472491,0.6673869,96.26859,-0.03815721,-0.7986635,0.6005673,-0.1028367,0.6379933,-0.06111933,0.649112,0.5234439,0.2321734,-0.7596845,0.3081907,144.0995,0.5502264,0.2440527,-0.7985545,0.08787274,1.099334,0.2706843,1.135574,0.1314263,1.128695,0.2672212,1.167319,0.1304325,1.126372,0.2250068,1.156008,-0.01749603,0.6483786,0.03102582,0.6493562,-0.006642957,0.6502544,0.07341471,0.6544194,-0.024779,0.6429923,0.1044256,0.6518879,0.09362658,-0.06957381,0.06978566,0.1359283,0.1048005,-0.07456078,0.01858738,0.1299536,0.07100151,-0.05133086,0.00827045,0.08800267,-0.1111723,0.05063622,-0.03095641,0.1260223,-0.1542171,0.05576231,-0.02471129,0.1658402,-0.17693,0.04702761,0.002695851,0.1830932,0.09644827,-0.07441705,0.05393985,0.1332279,0.1089702,-0.06694385,0.02000475,0.1294456,0.08416019,-0.05960218,0.006235932,0.1033162,-0.1115275,0.05112197,-0.03258518,0.1269395,-0.1540818,0.05591004,-0.02487873,0.1657893,-0.176848,0.04723253,0.002538469,0.1830644,0.09400143,-0.06785177,0.03121843,0.1200613,0.05179077,0.9803045,0.1400649,-0.1292388,194.8512,0.05222878,0.9885953,0.1412495,-0.1422229,0.04984545,-0.01722233,0.1516856,0.143416,-0.4929123,-0.1903486,0.8368015,66.39221,0.2619441,-0.9002861,-0.3476647,0.09497064,1.132813,0.2174994,1.157407,0.2097487,-0.9292659,-0.1258519,-0.2768244,212.1415,0.218279,-0.967058,-0.1309702,0.08772279,-0.0452407,0.04026509,0.1065987,-0.147562,-0.7144546,-0.4972354,0.469614,123.9815,-0.1671386,-0.8092392,-0.5632021,-0.4485441,-0.2074349,-0.355472,0.608754,0.778562,0.0008983606,0.5773254,0.2460405,151.5133,0.8032544,0.0009268525,0.5956355,0.005029358,-0.03281271,0.08250061,0.08892873,-0.4475149,0.4707763,0.3277967,0.6860391,93.36523,-0.615086,0.6470576,0.4505395,-0.08466652,1.214835,-0.07703654,1.220216,0.02090021,-0.1652929,-0.1558795,-0.9736236,333.6225,0.09160337,-0.7244613,-0.6832031,False,False,False,False
1772879685982,11.59728,0.1159383,1.116385,0.1387824,1.130937,-0.0284161,-0.5947735,0.4472491,0.6673869,96.26859,-0.03815721,-0.7986635,0.6005673,-0.1028367,0.6379933,-0.06111933,0.649112,0.5234439,0.2321734,-0.7596845,0.3081907,144.0995,0.5502264,0.2440527,-0.7985545,0.08787274,1.099334,0.2706843,1.135574,0.1314263,1.128695,0.2672212,1.167319,0.1304325,1.126372,0.2250068,1.156008,-0.01749603,0.6483786,0.03102582,0.6493562,-0.006642957,0.6502544,0.07341471,0.6544194,-0.024779,0.6429923,0.1044256,0.6518879,0.09362658,-0.06957381,0.06978566,0.1359283,0.1048005,-0.07456078,0.01858738,0.1299536,0.07100151,-0.05133086,0.00827045,0.08800267,-0.1111723,0.05063622,-0.03095641,0.1260223,-0.1542171,0.05576231,-0.02471129,0.1658402,-0.17693,0.04702761,0.002695851,0.1830932,0.09644827,-0.07441705,0.05393985,0.1332279,0.1089702,-0.06694385,0.02000475,0.1294456,0.08416019,-0.05960218,0.006235932,0.1033162,-0.1115275,0.05112197,-0.03258518,0.1269395,-0.1540818,0.05591004,-0.02487873,0.1657893,-0.176848,0.04723253,0.002538469,0.1830644,0.09400143,-0.06785177,0.03121843,0.1200613,0.05179077,0.9803045,0.1400649,-0.1292388,194.8512,0.05222878,0.9885953,0.1412495,-0.1422229,0.04984545,-0.01722233,0.1516856,0.143416,-0.4929123,-0.1903486,0.8368015,66.39221,0.2619441,-0.9002861,-0.3476647,0.09497064,1.132813,0.2174994,1.157407,0.2097487,-0.9292659,-0.1258519,-0.2768244,212.1415,0.218279,-0.967058,-0.1309702,0.08772279,-0.0452407,0.04026509,0.1065987,-0.147562,-0.7144546,-0.4972354,0.469614,123.9815,-0.1671386,-0.8092392,-0.5632021,-0.4485441,-0.2074349,-0.355472,0.608754,0.778562,0.0008983606,0.5773254,0.2460405,151.5133,0.8032544,0.0009268525,0.5956355,0.005029358,-0.03281271,0.08250061,0.08892873,-0.4475149,0.4707763,0.3277967,0.6860391,93.36523,-0.615086,0.6470576,0.4505395,-0.08412655,1.215034,-0.07690208,1.220368,0.02171797,-0.1656054,-0.1552943,-0.9736462,333.6338,0.09522768,-0.7261365,-0.6809253,False,False,False,False
1772879685995,11.61038,0.1159383,1.116385,0.1387824,1.130937,-0.0284161,-0.5947735,0.4472491,0.6673869,96.26859,-0.03815721,-0.7986635,0.6005673,-0.1028367,0.6379933,-0.06111933,0.649112,0.5234439,0.2321734,-0.7596845,0.3081907,144.0995,0.5502264,0.2440527,-0.7985545,0.08787274,1.099334,0.2706843,1.135574,0.1314263,1.128695,0.2672212,1.167319,0.1304325,1.126372,0.2250068,1.156008,-0.01749603,0.6483786,0.03102582,0.6493562,-0.006642957,0.6502544,0.07341471,0.6544194,-0.024779,0.6429923,0.1044256,0.6518879,0.09362658,-0.06957381,0.06978566,0.1359283,0.1048005,-0.07456078,0.01858738,0.1299536,0.07100151,-0.05133086,0.00827045,0.08800267,-0.1111723,0.05063622,-0.03095641,0.1260223,-0.1542171,0.05576231,-0.02471129,0.1658402,-0.17693,0.04702761,0.002695851,0.1830932,0.09644827,-0.07441705,0.05393985,0.1332279,0.1089702,-0.06694385,0.02000475,0.1294456,0.08416019,-0.05960218,0.006235932,0.1033162,-0.1115275,0.05112197,-0.03258518,0.1269395,-0.1540818,0.05591004,-0.02487873,0.1657893,-0.176848,0.04723253,0.002538469,0.1830644,0.09400143,-0.06785177,0.03121843,0.1200613,0.05179077,0.9803045,0.1400649,-0.1292388,194.8512,0.05222878,0.9885953,0.1412495,-0.1422229,0.04984545,-0.01722233,0.1516856,0.143416,-0.4929123,-0.1903486,0.8368015,66.39221,0.2619441,-0.9002861,-0.3476647,0.09497064,1.132813,0.2174994,1.157407,0.2097487,-0.9292659,-0.1258519,-0.2768244,212.1415,0.218279,-0.967058,-0.1309702,0.08772279,-0.0452407,0.04026509,0.1065987,-0.147562,-0.7144546,-0.4972354,0.469614,123.9815,-0.1671386,-0.8092392,-0.5632021,-0.4485441,-0.2074349,-0.355472,0.608754,0.778562,0.0008983606,0.5773254,0.2460405,151.5133,0.8032544,0.0009268525,0.5956355,0.005029358,-0.03281271,0.08250061,0.08892873,-0.4475149,0.4707763,0.3277967,0.6860391,93.36523,-0.615086,0.6470576,0.4505395,-0.08356004,1.21509,-0.07682113,1.22038,0.022625,-0.1654601,-0.1558127,-0.9735674,333.5943,0.09905878,-0.7244321,-0.6821928,False,False,False,False
1772879686010,11.62422,0.1159383,1.116385,0.1387824,1.130937,-0.0284161,-0.5947735,0.4472491,0.6673869,96.26859,-0.03815721,-0.7986635,0.6005673,-0.1028367,0.6379933,-0.06111933,0.649112,0.5234439,0.2321734,-0.7596845,0.3081907,144.0995,0.5502264,0.2440527,-0.7985545,0.08787274,1.099334,0.2706843,1.135574,0.1314263,1.128695,0.2672212,1.167319,0.1304325,1.126372,0.2250068,1.156008,-0.01749603,0.6483786,0.03102582,0.6493562,-0.006642957,0.6502544,0.07341471,0.6544194,-0.024779,0.6429923,0.1044256,0.6518879,0.09362658,-0.06957381,0.06978566,0.1359283,0.1048005,-0.07456078,0.01858738,0.1299536,0.07100151,-0.05133086,0.00827045,0.08800267,-0.1111723,0.05063622,-0.03095641,0.1260223,-0.1542171,0.05576231,-0.02471129,0.1658402,-0.17693,0.04702761,0.002695851,0.1830932,0.09644827,-0.07441705,0.05393985,0.1332279,0.1089702,-0.06694385,0.02000475,0.1294456,0.08416019,-0.05960218,0.006235932,0.1033162,-0.1115275,0.05112197,-0.03258518,0.1269395,-0.1540818,0.05591004,-0.02487873,0.1657893,-0.176848,0.04723253,0.002538469,0.1830644,0.09400143,-0.06785177,0.03121843,0.1200613,0.05179077,0.9803045,0.1400649,-0.1292388,194.8512,0.05222878,0.9885953,0.1412495,-0.1422229,0.04984545,-0.01722233,0.1516856,0.143416,-0.4929123,-0.1903486,0.8368015,66.39221,0.2619441,-0.9002861,-0.3476647,0.09497064,1.132813,0.2174994,1.157407,0.2097487,-0.9292659,-0.1258519,-0.2768244,212.1415,0.218279,-0.967058,-0.1309702,0.08772279,-0.0452407,0.04026509,0.1065987,-0.147562,-0.7144546,-0.4972354,0.469614,123.9815,-0.1671386,-0.8092392,-0.5632021,-0.4485441,-0.2074349,-0.355472,0.608754,0.778562,0.0008983606,0.5773254,0.2460405,151.5133,0.8032544,0.0009268525,0.5956355,0.005029358,-0.03281271,0.08250061,0.08892873,-0.4475149,0.4707763,0.3277967,0.6860391,93.36523,-0.615086,0.6470576,0.4505395,-0.08307558,1.215308,-0.07662926,1.220552,0.02311579,-0.1652746,-0.1551338,-0.9736958,333.6587,0.1014509,-0.7253598,-0.6808538,False,False,False,False
1772879686023,11.63863,0.1159383,1.116385,0.1387824,1.130937,-0.0284161,-0.5947735,0.4472491,0.6673869,96.26859,-0.03815721,-0.7986635,0.6005673,-0.1028367,0.6379933,-0.06111933,0.649112,0.5234439,0.2321734,-0.7596845,0.3081907,144.0995,0.5502264,0.2440527,-0.7985545,0.08787274,1.099334,0.2706843,1.135574,0.1314263,1.128695,0.2672212,1.167319,0.1304325,1.126372,0.2250068,1.156008,-0.01749603,0.6483786,0.03102582,0.6493562,-0.006642957,0.6502544,0.07341471,0.6544194,-0.024779,0.6429923,0.1044256,0.6518879,0.09362658,-0.06957381,0.06978566,0.1359283,0.1048005,-0.07456078,0.01858738,0.1299536,0.07100151,-0.05133086,0.00827045,0.08800267,-0.1111723,0.05063622,-0.03095641,0.1260223,-0.1542171,0.05576231,-0.02471129,0.1658402,-0.17693,0.04702761,0.002695851,0.1830932,0.09644827,-0.07441705,0.05393985,0.1332279,0.1089702,-0.06694385,0.02000475,0.1294456,0.08416019,-0.05960218,0.006235932,0.1033162,-0.1115275,0.05112197,-0.03258518,0.1269395,-0.1540818,0.05591004,-0.02487873,0.1657893,-0.176848,0.04723253,0.002538469,0.1830644,0.09400143,-0.06785177,0.03121843,0.1200613,0.05179077,0.9803045,0.1400649,-0.1292388,194.8512,0.05222878,0.9885953,0.1412495,-0.1422229,0.04984545,-0.01722233,0.1516856,0.143416,-0.4929123,-0.1903486,0.8368015,66.39221,0.2619441,-0.9002861,-0.3476647,0.09497064,1.132813,0.2174994,1.157407,0.2097487,-0.9292659,-0.1258519,-0.2768244,212.1415,0.218279,-0.967058,-0.1309702,0.08772279,-0.0452407,0.04026509,0.1065987,-0.147562,-0.7144546,-0.4972354,0.469614,123.9815,-0.1671386,-0.8092392,-0.5632021,-0.4485441,-0.2074349,-0.355472,0.608754,0.778562,0.0008983606,0.5773254,0.2460405,151.5133,0.8032544,0.0009268525,0.5956355,0.005029358,-0.03281271,0.08250061,0.08892873,-0.4475149,0.4707763,0.3277967,0.6860391,93.36523,-0.615086,0.6470576,0.4505395,-0.08250311,1.215309,-0.07660417,1.220513,0.02417253,-0.1648296,-0.1553821,-0.973706,333.6639,0.1061091,-0.7235453,-0.6820737,False,False,False,False
1772879686037,11.65223,0.1159383,1.116385,0.1387824,1.130937,-0.0284161,-0.5947735,0.4472491,0.6673869,96.26859,-0.03815721,-0.7986635,0.6005673,-0.1028367,0.6379933,-0.06111933,0.649112,0.5234439,0.2321734,-0.7596845,0.3081907,144.0995,0.5502264,0.2440527,-0.7985545,0.08787274,1.099334,0.2706843,1.135574,0.1314263,1.128695,0.2672212,1.167319,0.1304325,1.126372,0.2250068,1.156008,-0.01749603,0.6483786,0.03102582,0.6493562,-0.006642957,0.6502544,0.07341471,0.6544194,-0.024779,0.6429923,0.1044256,0.6518879,0.09362658,-0.06957381,0.06978566,0.1359283,0.1048005,-0.07456078,0.01858738,0.1299536,0.07100151,-0.05133086,0.00827045,0.08800267,-0.1111723,0.05063622,-0.03095641,0.1260223,-0.1542171,0.05576231,-0.02471129,0.1658402,-0.17693,0.04702761,0.002695851,0.1830932,0.09644827,-0.07441705,0.05393985,0.1332279,0.1089702,-0.06694385,0.02000475,0.1294456,0.08416019,-0.05960218,0.006235932,0.1033162,-0.1115275,0.05112197,-0.03258518,0.1269395,-0.1540818,0.05591004,-0.02487873,0.1657893,-0.176848,0.04723253,0.002538469,0.1830644,0.09400143,-0.06785177,0.03121843,0.1200613,0.05179077,0.9803045,0.1400649,-0.1292388,194.8512,0.05222878,0.9885953,0.1412495,-0.1422229,0.04984545,-0.01722233,0.1516856,0.143416,-0.4929123,-0.1903486,0.8368015,66.39221,0.2619441,-0.9002861,-0.3476647,0.09497064,1.132813,0.2174994,1.157407,0.2097487,-0.9292659,-0.1258519,-0.2768244,212.1415,0.218279,-0.967058,-0.1309702,0.08772279,-0.0452407,0.04026509,0.1065987,-0.147562,-0.7144546,-0.4972354,0.469614,123.9815,-0.1671386,-0.8092392,-0.5632021,-0.4485441,-0.2074349,-0.355472,0.608754,0.778562,0.0008983606,0.5773254,0.2460405,151.5133,0.8032544,0.0009268525,0.5956355,0.005029358,-0.03281271,0.08250061,0.08892873,-0.4475149,0.4707763,0.3277967,0.6860391,93.36523,-0.615086,0.6470576,0.4505395,-0.08206571,1.215358,-0.07649934,1.220526,0.02421562,-0.1647762,-0.1546352,-0.9738328,333.7278,0.1065522,-0.7250386,-0.6804169,False,False,False,False
1772879686052,11.66686,0.1159383,1.116385,0.1387824,1.130937,-0.0284161,-0.5947735,0.4472491,0.6673869,96.26859,-0.03815721,-0.7986635,0.6005673,-0.1028367,0.6379933,-0.06111933,0.649112,0.5234439,0.2321734,-0.7596845,0.3081907,144.0995,0.5502264,0.2440527,-0.7985545,0.08787274,1.099334,0.2706843,1.135574,0.1314263,1.128695,0.2672212,1.167319,0.1304325,1.126372,0.2250068,1.156008,-0.01749603,0.6483786,0.03102582,0.6493562,-0.006642957,0.6502544,0.07341471,0.6544194,-0.024779,0.6429923,0.1044256,0.6518879,0.09362658,-0.06957381,0.06978566,0.1359283,0.1048005,-0.07456078,0.01858738,0.1299536,0.07100151,-0.05133086,0.00827045,0.08800267,-0.1111723,0.05063622,-0.03095641,0.1260223,-0.1542171,0.05576231,-0.02471129,0.1658402,-0.17693,0.04702761,0.002695851,0.1830932,0.09644827,-0.07441705,0.05393985,0.1332279,0.1089702,-0.06694385,0.02000475,0.1294456,0.08416019,-0.05960218,0.006235932,0.1033162,-0.1115275,0.05112197,-0.03258518,0.1269395,-0.1540818,0.05591004,-0.02487873,0.1657893,-0.176848,0.04723253,0.002538469,0.1830644,0.09400143,-0.06785177,0.03121843,0.1200613,0.05179077,0.9803045,0.1400649,-0.1292388,194.8512,0.05222878,0.9885953,0.1412495,-0.1422229,0.04984545,-0.01722233,0.1516856,0.143416,-0.4929123,-0.1903486,0.8368015,66.39221,0.2619441,-0.9002861,-0.3476647,0.09497064,1.132813,0.2174994,1.157407,0.2097487,-0.9292659,-0.1258519,-0.2768244,212.1415,0.218279,-0.967058,-0.1309702,0.08772279,-0.0452407,0.04026509,0.1065987,-0.147562,-0.7144546,-0.4972354,0.469614,123.9815,-0.1671386,-0.8092392,-0.5632021,-0.4485441,-0.2074349,-0.355472,0.608754,0.778562,0.0008983606,0.5773254,0.2460405,151.5133,0.8032544,0.0009268525,0.5956355,0.005029358,-0.03281271,0.08250061,0.08892873,-0.4475149,0.4707763,0.3277967,0.6860391,93.36523,-0.615086,0.6470576,0.4505395,-0.08147752,1.21533,-0.07643277,1.220454,0.02459541,-0.1643674,-0.1541013,-0.973977,333.8005,0.1085187,-0.7252137,-0.6799182,False,False,False,False
1772879686065,11.68002,0.1159383,1.116385,0.1387824,1.130937,-0.0284161,-0.5947735,0.4472491,0.6673869,96.26859,-0.03815721,-0.7986635,0.6005673,-0.1028367,0.6379933,-0.06111933,0.649112,0.5234439,0.2321734,-0.7596845,0.3081907,144.0995,0.5502264,0.2440527,-0.7985545,0.08787274,1.099334,0.2706843,1.135574,0.1314263,1.128695,0.2672212,1.167319,0.1304325,1.126372,0.2250068,1.156008,-0.01749603,0.6483786,0.03102582,0.6493562,-0.006642957,0.6502544,0.07341471,0.6544194,-0.024779,0.6429923,0.1044256,0.6518879,0.09362658,-0.06957381,0.06978566,0.1359283,0.1048005,-0.07456078,0.01858738,0.1299536,0.07100151,-0.05133086,0.00827045,0.08800267,-0.1111723,0.05063622,-0.03095641,0.1260223,-0.1542171,0.05576231,-0.02471129,0.1658402,-0.17693,0.04702761,0.002695851,0.1830932,0.09644827,-0.07441705,0.05393985,0.1332279,0.1089702,-0.06694385,0.02000475,0.1294456,0.08416019,-0.05960218,0.006235932,0.1033162,-0.1115275,0.05112197,-0.03258518,0.1269395,-0.1540818,0.05591004,-0.02487873,0.1657893,-0.176848,0.04723253,0.002538469,0.1830644,0.09400143,-0.06785177,0.03121843,0.1200613,0.05179077,0.9803045,0.1400649,-0.1292388,194.8512,0.05222878,0.9885953,0.1412495,-0.1422229,0.04984545,-0.01722233,0.1516856,0.143416,-0.4929123,-0.1903486,0.8368015,66.39221,0.2619441,-0.9002861,-0.3476647,0.09497064,1.132813,0.2174994,1.157407,0.2097487,-0.9292659,-0.1258519,-0.2768244,212.1415,0.218279,-0.967058,-0.1309702,0.08772279,-0.0452407,0.04026509,0.1065987,-0.147562,-0.7144546,-0.4972354,0.469614,123.9815,-0.1671386,-0.8092392,-0.5632021,-0.4485441,-0.2074349,-0.355472,0.608754,0.778562,0.0008983606,0.5773254,0.2460405,151.5133,0.8032544,0.0009268525,0.5956355,0.005029358,-0.03281271,0.08250061,0.08892873,-0.4475149,0.4707763,0.3277967,0.6860391,93.36523,-0.615086,0.6470576,0.4505395,-0.08094984,1.21528,-0.07635333,1.220364,0.02429518,-0.1638997,-0.1540485,-0.9740717,333.8485,0.1073871,-0.7244527,-0.6809096,False,False,False,False
1772879686080,11.69387,0.1159383,1.116385,0.1387824,1.130937,-0.0284161,-0.5947735,0.4472491,0.6673869,96.26859,-0.03815721,-0.7986635,0.6005673,-0.1028367,0.6379933,-0.06111933,0.649112,0.5234439,0.2321734,-0.7596845,0.3081907,144.0995,0.5502264,0.2440527,-0.7985545,0.08787274,1.099334,0.2706843,1.135574,0.1314263,1.128695,0.2672212,1.167319,0.1304325,1.126372,0.2250068,1.156008,-0.01749603,0.6483786,0.03102582,0.6493562,-0.006642957,0.6502544,0.07341471,0.6544194,-0.024779,0.6429923,0.1044256,0.6518879,0.09362658,-0.06957381,0.06978566,0.1359283,0.1048005,-0.07456078,0.01858738,0.1299536,0.07100151,-0.05133086,0.00827045,0.08800267,-0.1111723,0.05063622,-0.03095641,0.1260223,-0.1542171,0.05576231,-0.02471129,0.1658402,-0.17693,0.04702761,0.002695851,0.1830932,0.09644827,-0.07441705,0.05393985,0.1332279,0.1089702,-0.06694385,0.02000475,0.1294456,0.08416019,-0.05960218,0.006235932,0.1033162,-0.1115275,0.05112197,-0.03258518,0.1269395,-0.1540818,0.05591004,-0.02487873,0.1657893,-0.176848,0.04723253,0.002538469,0.1830644,0.09400143,-0.06785177,0.03121843,0.1200613,0.05179077,0.9803045,0.1400649,-0.1292388,194.8512,0.05222878,0.9885953,0.1412495,-0.1422229,0.04984545,-0.01722233,0.1516856,0.143416,-0.4929123,-0.1903486,0.8368015,66.39221,0.2619441,-0.9002861,-0.3476647,0.09497064,1.132813,0.2174994,1.157407,0.2097487,-0.9292659,-0.1258519,-0.2768244,212.1415,0.218279,-0.967058,-0.1309702,0.08772279,-0.0452407,0.04026509,0.1065987,-0.147562,-0.7144546,-0.4972354,0.469614,123.9815,-0.1671386,-0.8092392,-0.5632021,-0.4485441,-0.2074349,-0.355472,0.608754,0.778562,0.0008983606,0.5773254,0.2460405,151.5133,0.8032544,0.0009268525,0.5956355,0.005029358,-0.03281271,0.08250061,0.08892873,-0.4475149,0.4707763,0.3277967,0.6860391,93.36523,-0.615086,0.6470576,0.4505395,-0.08045734,1.215326,-0.07622232,1.220369,0.02403224,-0.1634254,-0.1532078,-0.9742905,333.9595,0.1066699,-0.7253823,-0.6800306,False,False,False,False
1772879686094,11.70832,0.1159383,1.116385,0.1387824,1.130937,-0.0284161,-0.5947735,0.4472491,0.6673869,96.26859,-0.03815721,-0.7986635,0.6005673,-0.1028367,0.6379933,-0.06111933,0.649112,0.5234439,0.2321734,-0.7596845,0.3081907,144.0995,0.5502264,0.2440527,-0.7985545,0.08787274,1.099334,0.2706843,1.135574,0.1314263,1.128695,0.2672212,1.167319,0.1304325,1.126372,0.2250068,1.156008,-0.01749603,0.6483786,0.03102582,0.6493562,-0.006642957,0.6502544,0.07341471,0.6544194,-0.024779,0.6429923,0.1044256,0.6518879,0.09362658,-0.06957381,0.06978566,0.1359283,0.1048005,-0.07456078,0.01858738,0.1299536,0.07100151,-0.05133086,0.00827045,0.08800267,-0.1111723,0.05063622,-0.03095641,0.1260223,-0.1542171,0.05576231,-0.02471129,0.1658402,-0.17693,0.04702761,0.002695851,0.1830932,0.09644827,-0.07441705,0.05393985,0.1332279,0.1089702,-0.06694385,0.02000475,0.1294456,0.08416019,-0.05960218,0.006235932,0.1033162,-0.1115275,0.05112197,-0.03258518,0.1269395,-0.1540818,0.05591004,-0.02487873,0.1657893,-0.176848,0.04723253,0.002538469,0.1830644,0.09400143,-0.06785177,0.03121843,0.1200613,0.05179077,0.9803045,0.1400649,-0.1292388,194.8512,0.05222878,0.9885953,0.1412495,-0.1422229,0.04984545,-0.01722233,0.1516856,0.143416,-0.4929123,-0.1903486,0.8368015,66.39221,0.2619441,-0.9002861,-0.3476647,0.09497064,1.132813,0.2174994,1.157407,0.2097487,-0.9292659,-0.1258519,-0.2768244,212.1415,0.218279,-0.967058,-0.1309702,0.08772279,-0.0452407,0.04026509,0.1065987,-0.147562,-0.7144546,-0.4972354,0.469614,123.9815,-0.1671386,-0.8092392,-0.5632021,-0.4485441,-0.2074349,-0.355472,0.608754,0.778562,0.0008983606,0.5773254,0.2460405,151.5133,0.8032544,0.0009268525,0.5956355,0.005029358,-0.03281271,0.08250061,0.08892873,-0.4475149,0.4707763,0.3277967,0.6860391,93.36523,-0.615086,0.6470576,0.4505395,-0.08003378,1.21536,-0.07606479,1.220365,0.02391492,-0.1633385,-0.1525421,-0.9744124,334.0216,0.1063985,-0.7266998,-0.6786665,False,False,False,False
1772879686107,11.72192,0.1159383,1.116385,0.1387824,1.130937,-0.0284161,-0.5947735,0.4472491,0.6673869,96.26859,-0.03815721,-0.7986635,0.6005673,-0.1028367,0.6379933,-0.06111933,0.649112,0.5234439,0.2321734,-0.7596845,0.3081907,144.0995,0.5502264,0.2440527,-0.7985545,0.08787274,1.099334,0.2706843,1.135574,0.1314263,1.128695,0.2672212,1.167319,0.1304325,1.126372,0.2250068,1.156008,-0.01749603,0.6483786,0.03102582,0.6493562,-0.006642957,0.6502544,0.07341471,0.6544194,-0.024779,0.6429923,0.1044256,0.6518879,0.09362658,-0.06957381,0.06978566,0.1359283,0.1048005,-0.07456078,0.01858738,0.1299536,0.07100151,-0.05133086,0.00827045,0.08800267,-0.1111723,0.05063622,-0.03095641,0.1260223,-0.1542171,0.05576231,-0.02471129,0.1658402,-0.17693,0.04702761,0.002695851,0.1830932,0.09644827,-0.07441705,0.05393985,0.1332279,0.1089702,-0.06694385,0.02000475,0.1294456,0.08416019,-0.05960218,0.006235932,0.1033162,-0.1115275,0.05112197,-0.03258518,0.1269395,-0.1540818,0.05591004,-0.02487873,0.1657893,-0.176848,0.04723253,0.002538469,0.1830644,0.09400143,-0.06785177,0.03121843,0.1200613,0.05179077,0.9803045,0.1400649,-0.1292388,194.8512,0.05222878,0.9885953,0.1412495,-0.1422229,0.04984545,-0.01722233,0.1516856,0.143416,-0.4929123,-0.1903486,0.8368015,66.39221,0.2619441,-0.9002861,-0.3476647,0.09497064,1.132813,0.2174994,1.157407,0.2097487,-0.9292659,-0.1258519,-0.2768244,212.1415,0.218279,-0.967058,-0.1309702,0.08772279,-0.0452407,0.04026509,0.1065987,-0.147562,-0.7144546,-0.4972354,0.469614,123.9815,-0.1671386,-0.8092392,-0.5632021,-0.4485441,-0.2074349,-0.355472,0.608754,0.778562,0.0008983606,0.5773254,0.2460405,151.5133,0.8032544,0.0009268525,0.5956355,0.005029358,-0.03281271,0.08250061,0.08892873,-0.4475149,0.4707763,0.3277967,0.6860391,93.36523,-0.615086,0.6470576,0.4505395,-0.07955731,1.215291,-0.07594588,1.220258,0.02385184,-0.1628373,-0.1521878,-0.9745532,334.0935,0.1064072,-0.7264459,-0.6789366,False,False,False,False
1772879686120,11.73612,0.1159383,1.116385,0.1387824,1.130937,-0.0284161,-0.5947735,0.4472491,0.6673869,96.26859,-0.03815721,-0.7986635,0.6005673,-0.1028367,0.6379933,-0.06111933,0.649112,0.5234439,0.2321734,-0.7596845,0.3081907,144.0995,0.5502264,0.2440527,-0.7985545,0.08787274,1.099334,0.2706843,1.135574,0.1314263,1.128695,0.2672212,1.167319,0.1304325,1.126372,0.2250068,1.156008,-0.01749603,0.6483786,0.03102582,0.6493562,-0.006642957,0.6502544,0.07341471,0.6544194,-0.024779,0.6429923,0.1044256,0.6518879,0.09362658,-0.06957381,0.06978566,0.1359283,0.1048005,-0.07456078,0.01858738,0.1299536,0.07100151,-0.05133086,0.00827045,0.08800267,-0.1111723,0.05063622,-0.03095641,0.1260223,-0.1542171,0.05576231,-0.02471129,0.1658402,-0.17693,0.04702761,0.002695851,0.1830932,0.09644827,-0.07441705,0.05393985,0.1332279,0.1089702,-0.06694385,0.02000475,0.1294456,0.08416019,-0.05960218,0.006235932,0.1033162,-0.1115275,0.05112197,-0.03258518,0.1269395,-0.1540818,0.05591004,-0.02487873,0.1657893,-0.176848,0.04723253,0.002538469,0.1830644,0.09400143,-0.06785177,0.03121843,0.1200613,0.05179077,0.9803045,0.1400649,-0.1292388,194.8512,0.05222878,0.9885953,0.1412495,-0.1422229,0.04984545,-0.01722233,0.1516856,0.143416,-0.4929123,-0.1903486,0.8368015,66.39221,0.2619441,-0.9002861,-0.3476647,0.09497064,1.132813,0.2174994,1.157407,0.2097487,-0.9292659,-0.1258519,-0.2768244,212.1415,0.218279,-0.967058,-0.1309702,0.08772279,-0.0452407,0.04026509,0.1065987,-0.147562,-0.7144546,-0.4972354,0.469614,123.9815,-0.1671386,-0.8092392,-0.5632021,-0.4485441,-0.2074349,-0.355472,0.608754,0.778562,0.0008983606,0.5773254,0.2460405,151.5133,0.8032544,0.0009268525,0.5956355,0.005029358,-0.03281271,0.08250061,0.08892873,-0.4475149,0.4707763,0.3277967,0.6860391,93.36523,-0.615086,0.6470576,0.4505395,-0.07914598,1.215265,-0.07582468,1.220197,0.02361146,-0.1626202,-0.1521565,-0.9746002,334.1175,0.105431,-0.7261391,-0.6794162,False,False,False,False
1772879686135,11.75014,0.1159383,1.116385,0.1387824,1.130937,-0.0284161,-0.5947735,0.4472491,0.6673869,96.26859,-0.03815721,-0.7986635,0.6005673,-0.1028367,0.6379933,-0.06111933,0.649112,0.5234439,0.2321734,-0.7596845,0.3081907,144.0995,0.5502264,0.2440527,-0.7985545,0.08787274,1.099334,0.2706843,1.135574,0.1314263,1.128695,0.2672212,1.167319,0.1304325,1.126372,0.2250068,1.156008,-0.01749603,0.6483786,0.03102582,0.6493562,-0.006642957,0.6502544,0.07341471,0.6544194,-0.024779,0.6429923,0.1044256,0.6518879,0.09362658,-0.06957381,0.06978566,0.1359283,0.1048005,-0.07456078,0.01858738,0.1299536,0.07100151,-0.05133086,0.00827045,0.08800267,-0.1111723,0.05063622,-0.03095641,0.1260223,-0.1542171,0.05576231,-0.02471129,0.1658402,-0.17693,0.04702761,0.002695851,0.1830932,0.09644827,-0.07441705,0.05393985,0.1332279,0.1089702,-0.06694385,0.02000475,0.1294456,0.08416019,-0.05960218,0.006235932,0.1033162,-0.1115275,0.05112197,-0.03258518,0.1269395,-0.1540818,0.05591004,-0.02487873,0.1657893,-0.176848,0.04723253,0.002538469,0.1830644,0.09400143,-0.06785177,0.03121843,0.1200613,0.05179077,0.9803045,0.1400649,-0.1292388,194.8512,0.05222878,0.9885953,0.1412495,-0.1422229,0.04984545,-0.01722233,0.1516856,0.143416,-0.4929123,-0.1903486,0.8368015,66.39221,0.2619441,-0.9002861,-0.3476647,0.09497064,1.132813,0.2174994,1.157407,0.2097487,-0.9292659,-0.1258519,-0.2768244,212.1415,0.218279,-0.967058,-0.1309702,0.08772279,-0.0452407,0.04026509,0.1065987,-0.147562,-0.7144546,-0.4972354,0.469614,123.9815,-0.1671386,-0.8092392,-0.5632021,-0.4485441,-0.2074349,-0.355472,0.608754,0.778562,0.0008983606,0.5773254,0.2460405,151.5133,0.8032544,0.0009268525,0.5956355,0.005029358,-0.03281271,0.08250061,0.08892873,-0.4475149,0.4707763,0.3277967,0.6860391,93.36523,-0.615086,0.6470576,0.4505395,-0.07874188,1.215301,-0.07570668,1.2202,0.02318902,-0.1623424,-0.1516352,-0.9747379,334.188,0.1038228,-0.7268461,-0.6789072,False,False,False,False
1772879686149,11.76359,0.1159383,1.116385,0.1387824,1.130937,-0.0284161,-0.5947735,0.4472491,0.6673869,96.26859,-0.03815721,-0.7986635,0.6005673,-0.1028367,0.6379933,-0.06111933,0.649112,0.5234439,0.2321734,-0.7596845,0.3081907,144.0995,0.5502264,0.2440527,-0.7985545,0.08787274,1.099334,0.2706843,1.135574,0.1314263,1.128695,0.2672212,1.167319,0.1304325,1.126372,0.2250068,1.156008,-0.01749603,0.6483786,0.03102582,0.6493562,-0.006642957,0.6502544,0.07341471,0.6544194,-0.024779,0.6429923,0.1044256,0.6518879,0.09362658,-0.06957381,0.06978566,0.1359283,0.1048005,-0.07456078,0.01858738,0.1299536,0.07100151,-0.05133086,0.00827045,0.08800267,-0.1111723,0.05063622,-0.03095641,0.1260223,-0.1542171,0.05576231,-0.02471129,0.1658402,-0.17693,0.04702761,0.002695851,0.1830932,0.09644827,-0.07441705,0.05393985,0.1332279,0.1089702,-0.06694385,0.02000475,0.1294456,0.08416019,-0.05960218,0.006235932,0.1033162,-0.1115275,0.05112197,-0.03258518,0.1269395,-0.1540818,0.05591004,-0.02487873,0.1657893,-0.176848,0.04723253,0.002538469,0.1830644,0.09400143,-0.06785177,0.03121843,0.1200613,0.05179077,0.9803045,0.1400649,-0.1292388,194.8512,0.05222878,0.9885953,0.1412495,-0.1422229,0.04984545,-0.01722233,0.1516856,0.143416,-0.4929123,-0.1903486,0.8368015,66.39221,0.2619441,-0.9002861,-0.3476647,0.09497064,1.132813,0.2174994,1.157407,0.2097487,-0.9292659,-0.1258519,-0.2768244,212.1415,0.218279,-0.967058,-0.1309702,0.08772279,-0.0452407,0.04026509,0.1065987,-0.147562,-0.7144546,-0.4972354,0.469614,123.9815,-0.1671386,-0.8092392,-0.5632021,-0.4485441,-0.2074349,-0.355472,0.608754,0.778562,0.0008983606,0.5773254,0.2460405,151.5133,0.8032544,0.0009268525,0.5956355,0.005029358,-0.03281271,0.08250061,0.08892873,-0.4475149,0.4707763,0.3277967,0.6860391,93.36523,-0.615086,0.6470576,0.4505395,-0.07837273,1.215244,-0.0755314,1.220109,0.02307075,-0.1621435,-0.1509439,-0.9748811,334.2616,0.1035836,-0.7279958,-0.6777119,False,False,False,False
1772879686162,11.77794,0.1159383,1.116385,0.1387824,1.130937,-0.0284161,-0.5947735,0.4472491,0.6673869,96.26859,-0.03815721,-0.7986635,0.6005673,-0.1028367,0.6379933,-0.06111933,0.649112,0.5234439,0.2321734,-0.7596845,0.3081907,144.0995,0.5502264,0.2440527,-0.7985545,0.08787274,1.099334,0.2706843,1.135574,0.1314263,1.128695,0.2672212,1.167319,0.1304325,1.126372,0.2250068,1.156008,-0.01749603,0.6483786,0.03102582,0.6493562,-0.006642957,0.6502544,0.07341471,0.6544194,-0.024779,0.6429923,0.1044256,0.6518879,0.09362658,-0.06957381,0.06978566,0.1359283,0.1048005,-0.07456078,0.01858738,0.1299536,0.07100151,-0.05133086,0.00827045,0.08800267,-0.1111723,0.05063622,-0.03095641,0.1260223,-0.1542171,0.05576231,-0.02471129,0.1658402,-0.17693,0.04702761,0.002695851,0.1830932,0.09644827,-0.07441705,0.05393985,0.1332279,0.1089702,-0.06694385,0.02000475,0.1294456,0.08416019,-0.05960218,0.006235932,0.1033162,-0.1115275,0.05112197,-0.03258518,0.1269395,-0.1540818,0.05591004,-0.02487873,0.1657893,-0.176848,0.04723253,0.002538469,0.1830644,0.09400143,-0.06785177,0.03121843,0.1200613,0.05179077,0.9803045,0.1400649,-0.1292388,194.8512,0.05222878,0.9885953,0.1412495,-0.1422229,0.04984545,-0.01722233,0.1516856,0.143416,-0.4929123,-0.1903486,0.8368015,66.39221,0.2619441,-0.9002861,-0.3476647,0.09497064,1.132813,0.2174994,1.157407,0.2097487,-0.9292659,-0.1258519,-0.2768244,212.1415,0.218279,-0.967058,-0.1309702,0.08772279,-0.0452407,0.04026509,0.1065987,-0.147562,-0.7144546,-0.4972354,0.469614,123.9815,-0.1671386,-0.8092392,-0.5632021,-0.4485441,-0.2074349,-0.355472,0.608754,0.778562,0.0008983606,0.5773254,0.2460405,151.5133,0.8032544,0.0009268525,0.5956355,0.005029358,-0.03281271,0.08250061,0.08892873,-0.4475149,0.4707763,0.3277967,0.6860391,93.36523,-0.615086,0.6470576,0.4505395,-0.07804892,1.21517,-0.07537419,1.220005,0.02290565,-0.1618909,-0.1501124,-0.9750554,334.3514,0.1031964,-0.7293642,-0.6762986,False,False,False,False
1772879686177,11.79109,0.1159383,1.116385,0.1387824,1.130937,-0.0284161,-0.5947735,0.4472491,0.6673869,96.26859,-0.03815721,-0.7986635,0.6005673,-0.1028367,0.6379933,-0.06111933,0.649112,0.5234439,0.2321734,-0.7596845,0.3081907,144.0995,0.5502264,0.2440527,-0.7985545,0.08787274,1.099334,0.2706843,1.135574,0.1314263,1.128695,0.2672212,1.167319,0.1304325,1.126372,0.2250068,1.156008,-0.01749603,0.6483786,0.03102582,0.6493562,-0.006642957,0.6502544,0.07341471,0.6544194,-0.024779,0.6429923,0.1044256,0.6518879,0.09362658,-0.06957381,0.06978566,0.1359283,0.1048005,-0.07456078,0.01858738,0.1299536,0.07100151,-0.05133086,0.00827045,0.08800267,-0.1111723,0.05063622,-0.03095641,0.1260223,-0.1542171,0.05576231,-0.02471129,0.1658402,-0.17693,0.04702761,0.002695851,0.1830932,0.09644827,-0.07441705,0.05393985,0.1332279,0.1089702,-0.06694385,0.02000475,0.1294456,0.08416019,-0.05960218,0.006235932,0.1033162,-0.1115275,0.05112197,-0.03258518,0.1269395,-0.1540818,0.05591004,-0.02487873,0.1657893,-0.176848,0.04723253,0.002538469,0.1830644,0.09400143,-0.06785177,0.03121843,0.1200613,0.05179077,0.9803045,0.1400649,-0.1292388,194.8512,0.05222878,0.9885953,0.1412495,-0.1422229,0.04984545,-0.01722233,0.1516856,0.143416,-0.4929123,-0.1903486,0.8368015,66.39221,0.2619441,-0.9002861,-0.3476647,0.09497064,1.132813,0.2174994,1.157407,0.2097487,-0.9292659,-0.1258519,-0.2768244,212.1415,0.218279,-0.967058,-0.1309702,0.08772279,-0.0452407,0.04026509,0.1065987,-0.147562,-0.7144546,-0.4972354,0.469614,123.9815,-0.1671386,-0.8092392,-0.5632021,-0.4485441,-0.2074349,-0.355472,0.608754,0.778562,0.0008983606,0.5773254,0.2460405,151.5133,0.8032544,0.0009268525,0.5956355,0.005029358,-0.03281271,0.08250061,0.08892873,-0.4475149,0.4707763,0.3277967,0.6860391,93.36523,-0.615086,0.6470576,0.4505395,-0.07771681,1.215077,-0.07522652,1.219882,0.02265794,-0.1615327,-0.149759,-0.9751749,334.4132,0.1023228,-0.7294782,-0.6763085,False,False,False,False
1772879686191,11.80511,0.1159383,1.116385,0.1387824,1.130937,-0.0284161,-0.5947735,0.4472491,0.6673869,96.26859,-0.03815721,-0.7986635,0.6005673,-0.1028367,0.6379933,-0.06111933,0.649112,0.5234439,0.2321734,-0.7596845,0.3081907,144.0995,0.5502264,0.2440527,-0.7985545,0.08787274,1.099334,0.2706843,1.135574,0.1314263,1.128695,0.2672212,1.167319,0.1304325,1.126372,0.2250068,1.156008,-0.01749603,0.6483786,0.03102582,0.6493562,-0.006642957,0.6502544,0.07341471,0.6544194,-0.024779,0.6429923,0.1044256,0.6518879,0.09362658,-0.06957381,0.06978566,0.1359283,0.1048005,-0.07456078,0.01858738,0.1299536,0.07100151,-0.05133086,0.00827045,0.08800267,-0.1111723,0.05063622,-0.03095641,0.1260223,-0.1542171,0.05576231,-0.02471129,0.1658402,-0.17693,0.04702761,0.002695851,0.1830932,0.09644827,-0.07441705,0.05393985,0.1332279,0.1089702,-0.06694385,0.02000475,0.1294456,0.08416019,-0.05960218,0.006235932,0.1033162,-0.1115275,0.05112197,-0.03258518,0.1269395,-0.1540818,0.05591004,-0.02487873,0.1657893,-0.176848,0.04723253,0.002538469,0.1830644,0.09400143,-0.06785177,0.03121843,0.1200613,0.05179077,0.9803045,0.1400649,-0.1292388,194.8512,0.05222878,0.9885953,0.1412495,-0.1422229,0.04984545,-0.01722233,0.1516856,0.143416,-0.4929123,-0.1903486,0.8368015,66.39221,0.2619441,-0.9002861,-0.3476647,0.09497064,1.132813,0.2174994,1.157407,0.2097487,-0.9292659,-0.1258519,-0.2768244,212.1415,0.218279,-0.967058,-0.1309702,0.08772279,-0.0452407,0.04026509,0.1065987,-0.147562,-0.7144546,-0.4972354,0.469614,123.9815,-0.1671386,-0.8092392,-0.5632021,-0.4485441,-0.2074349,-0.355472,0.608754,0.778562,0.0008983606,0.5773254,0.2460405,151.5133,0.8032544,0.0009268525,0.5956355,0.005029358,-0.03281271,0.08250061,0.08892873,-0.4475149,0.4707763,0.3277967,0.6860391,93.36523,-0.615086,0.6470576,0.4505395,-0.07744337,1.215056,-0.07506598,1.219833,0.02210523,-0.161315,-0.149393,-0.9752797,334.4675,0.1000355,-0.7300184,-0.6760665,False,False,False,False
1772879686205,11.81955,0.1159383,1.116385,0.1387824,1.130937,-0.0284161,-0.5947735,0.4472491,0.6673869,96.26859,-0.03815721,-0.7986635,0.6005673,-0.1028367,0.6379933,-0.06111933,0.649112,0.5234439,0.2321734,-0.7596845,0.3081907,144.0995,0.5502264,0.2440527,-0.7985545,0.08787274,1.099334,0.2706843,1.135574,0.1314263,1.128695,0.2672212,1.167319,0.1304325,1.126372,0.2250068,1.156008,-0.01749603,0.6483786,0.03102582,0.6493562,-0.006642957,0.6502544,0.07341471,0.6544194,-0.024779,0.6429923,0.1044256,0.6518879,0.09362658,-0.06957381,0.06978566,0.1359283,0.1048005,-0.07456078,0.01858738,0.1299536,0.07100151,-0.05133086,0.00827045,0.08800267,-0.1111723,0.05063622,-0.03095641,0.1260223,-0.1542171,0.05576231,-0.02471129,0.1658402,-0.17693,0.04702761,0.002695851,0.1830932,0.09644827,-0.07441705,0.05393985,0.1332279,0.1089702,-0.06694385,0.02000475,0.1294456,0.08416019,-0.05960218,0.006235932,0.1033162,-0.1115275,0.05112197,-0.03258518,0.1269395,-0.1540818,0.05591004,-0.02487873,0.1657893,-0.176848,0.04723253,0.002538469,0.1830644,0.09400143,-0.06785177,0.03121843,0.1200613,0.05179077,0.9803045,0.1400649,-0.1292388,194.8512,0.05222878,0.9885953,0.1412495,-0.1422229,0.04984545,-0.01722233,0.1516856,0.143416,-0.4929123,-0.1903486,0.8368015,66.39221,0.2619441,-0.9002861,-0.3476647,0.09497064,1.132813,0.2174994,1.157407,0.2097487,-0.9292659,-0.1258519,-0.2768244,212.1415,0.218279,-0.967058,-0.1309702,0.08772279,-0.0452407,0.04026509,0.1065987,-0.147562,-0.7144546,-0.4972354,0.469614,123.9815,-0.1671386,-0.8092392,-0.5632021,-0.4485441,-0.2074349,-0.355472,0.608754,0.778562,0.0008983606,0.5773254,0.2460405,151.5133,0.8032544,0.0009268525,0.5956355,0.005029358,-0.03281271,0.08250061,0.08892873,-0.4475149,0.4707763,0.3277967,0.6860391,93.36523,-0.615086,0.6470576,0.4505395,-0.07725474,1.214934,-0.07488335,1.219688,0.02216498,-0.1611357,-0.1489085,-0.9753821,334.5207,0.1005117,-0.7307035,-0.6752567,False,False,False,False
1772879686219,11.83286,0.1159383,1.116385,0.1387824,1.130937,-0.0284161,-0.5947735,0.4472491,0.6673869,96.26859,-0.03815721,-0.7986635,0.6005673,-0.1028367,0.6379933,-0.06111933,0.649112,0.5234439,0.2321734,-0.7596845,0.3081907,144.0995,0.5502264,0.2440527,-0.7985545,0.08787274,1.099334,0.2706843,1.135574,0.1314263,1.128695,0.2672212,1.167319,0.1304325,1.126372,0.2250068,1.156008,-0.01749603,0.6483786,0.03102582,0.6493562,-0.006642957,0.6502544,0.07341471,0.6544194,-0.024779,0.6429923,0.1044256,0.6518879,0.09362658,-0.06957381,0.06978566,0.1359283,0.1048005,-0.07456078,0.01858738,0.1299536,0.07100151,-0.05133086,0.00827045,0.08800267,-0.1111723,0.05063622,-0.03095641,0.1260223,-0.1542171,0.05576231,-0.02471129,0.1658402,-0.17693,0.04702761,0.002695851,0.1830932,0.09644827,-0.07441705,0.05393985,0.1332279,0.1089702,-0.06694385,0.02000475,0.1294456,0.08416019,-0.05960218,0.006235932,0.1033162,-0.1115275,0.05112197,-0.03258518,0.1269395,-0.1540818,0.05591004,-0.02487873,0.1657893,-0.176848,0.04723253,0.002538469,0.1830644,0.09400143,-0.06785177,0.03121843,0.1200613,0.05179077,0.9803045,0.1400649,-0.1292388,194.8512,0.05222878,0.9885953,0.1412495,-0.1422229,0.04984545,-0.01722233,0.1516856,0.143416,-0.4929123,-0.1903486,0.8368015,66.39221,0.2619441,-0.9002861,-0.3476647,0.09497064,1.132813,0.2174994,1.157407,0.2097487,-0.9292659,-0.1258519,-0.2768244,212.1415,0.218279,-0.967058,-0.1309702,0.08772279,-0.0452407,0.04026509,0.1065987,-0.147562,-0.7144546,-0.4972354,0.469614,123.9815,-0.1671386,-0.8092392,-0.5632021,-0.4485441,-0.2074349,-0.355472,0.608754,0.778562,0.0008983606,0.5773254,0.2460405,151.5133,0.8032544,0.0009268525,0.5956355,0.005029358,-0.03281271,0.08250061,0.08892873,-0.4475149,0.4707763,0.3277967,0.6860391,93.36523,-0.615086,0.6470576,0.4505395,-0.07705355,1.214954,-0.07468618,1.219684,0.0219072,-0.1605932,-0.1487359,-0.9755037,334.584,0.09958594,-0.7300259,-0.6761246,False,False,False,False
1772879686232,11.84744,0.1159383,1.116385,0.1387824,1.130937,-0.0284161,-0.5947735,0.4472491,0.6673869,96.26859,-0.03815721,-0.7986635,0.6005673,-0.1028367,0.6379933,-0.06111933,0.649112,0.5234439,0.2321734,-0.7596845,0.3081907,144.0995,0.5502264,0.2440527,-0.7985545,0.08787274,1.099334,0.2706843,1.135574,0.1314263,1.128695,0.2672212,1.167319,0.1304325,1.126372,0.2250068,1.156008,-0.01749603,0.6483786,0.03102582,0.6493562,-0.006642957,0.6502544,0.07341471,0.6544194,-0.024779,0.6429923,0.1044256,0.6518879,0.09362658,-0.06957381,0.06978566,0.1359283,0.1048005,-0.07456078,0.01858738,0.1299536,0.07100151,-0.05133086,0.00827045,0.08800267,-0.1111723,0.05063622,-0.03095641,0.1260223,-0.1542171,0.05576231,-0.02471129,0.1658402,-0.17693,0.04702761,0.002695851,0.1830932,0.09644827,-0.07441705,0.05393985,0.1332279,0.1089702,-0.06694385,0.02000475,0.1294456,0.08416019,-0.05960218,0.006235932,0.1033162,-0.1115275,0.05112197,-0.03258518,0.1269395,-0.1540818,0.05591004,-0.02487873,0.1657893,-0.176848,0.04723253,0.002538469,0.1830644,0.09400143,-0.06785177,0.03121843,0.1200613,0.05179077,0.9803045,0.1400649,-0.1292388,194.8512,0.05222878,0.9885953,0.1412495,-0.1422229,0.04984545,-0.01722233,0.1516856,0.143416,-0.4929123,-0.1903486,0.8368015,66.39221,0.2619441,-0.9002861,-0.3476647,0.09497064,1.132813,0.2174994,1.157407,0.2097487,-0.9292659,-0.1258519,-0.2768244,212.1415,0.218279,-0.967058,-0.1309702,0.08772279,-0.0452407,0.04026509,0.1065987,-0.147562,-0.7144546,-0.4972354,0.469614,123.9815,-0.1671386,-0.8092392,-0.5632021,-0.4485441,-0.2074349,-0.355472,0.608754,0.778562,0.0008983606,0.5773254,0.2460405,151.5133,0.8032544,0.0009268525,0.5956355,0.005029358,-0.03281271,0.08250061,0.08892873,-0.4475149,0.4707763,0.3277967,0.6860391,93.36523,-0.615086,0.6470576,0.4505395,-0.07687454,1.214865,-0.07450513,1.219573,0.02189806,-0.1602136,-0.1485203,-0.9755992,334.6337,0.09973658,-0.7297064,-0.6764482,False,False,False,False
1772879686245,11.86055,0.1159383,1.116385,0.1387824,1.130937,-0.0284161,-0.5947735,0.4472491,0.6673869,96.26859,-0.03815721,-0.7986635,0.6005673,-0.1028367,0.6379933,-0.06111933,0.649112,0.5234439,0.2321734,-0.7596845,0.3081907,144.0995,0.5502264,0.2440527,-0.7985545,0.08787274,1.099334,0.2706843,1.135574,0.1314263,1.128695,0.2672212,1.167319,0.1304325,1.126372,0.2250068,1.156008,-0.01749603,0.6483786,0.03102582,0.6493562,-0.006642957,0.6502544,0.07341471,0.6544194,-0.024779,0.6429923,0.1044256,0.6518879,0.09362658,-0.06957381,0.06978566,0.1359283,0.1048005,-0.07456078,0.01858738,0.1299536,0.07100151,-0.05133086,0.00827045,0.08800267,-0.1111723,0.05063622,-0.03095641,0.1260223,-0.1542171,0.05576231,-0.02471129,0.1658402,-0.17693,0.04702761,0.002695851,0.1830932,0.09644827,-0.07441705,0.05393985,0.1332279,0.1089702,-0.06694385,0.02000475,0.1294456,0.08416019,-0.05960218,0.006235932,0.1033162,-0.1115275,0.05112197,-0.03258518,0.1269395,-0.1540818,0.05591004,-0.02487873,0.1657893,-0.176848,0.04723253,0.002538469,0.1830644,0.09400143,-0.06785177,0.03121843,0.1200613,0.05179077,0.9803045,0.1400649,-0.1292388,194.8512,0.05222878,0.9885953,0.1412495,-0.1422229,0.04984545,-0.01722233,0.1516856,0.143416,-0.4929123,-0.1903486,0.8368015,66.39221,0.2619441,-0.9002861,-0.3476647,0.09497064,1.132813,0.2174994,1.157407,0.2097487,-0.9292659,-0.1258519,-0.2768244,212.1415,0.218279,-0.967058,-0.1309702,0.08772279,-0.0452407,0.04026509,0.1065987,-0.147562,-0.7144546,-0.4972354,0.469614,123.9815,-0.1671386,-0.8092392,-0.5632021,-0.4485441,-0.2074349,-0.355472,0.608754,0.778562,0.0008983606,0.5773254,0.2460405,151.5133,0.8032544,0.0009268525,0.5956355,0.005029358,-0.03281271,0.08250061,0.08892873,-0.4475149,0.4707763,0.3277967,0.6860391,93.36523,-0.615086,0.6470576,0.4505395,-0.07683729,1.214791,-0.07429056,1.219483,0.02160037,-0.1598448,-0.1482954,-0.9757006,334.6867,0.09858306,-0.7295243,-0.6768134,False,False,False,False
1772879686260,11.87446,0.1159383,1.116385,0.1387824,1.130937,-0.0284161,-0.5947735,0.4472491,0.6673869,96.26859,-0.03815721,-0.7986635,0.6005673,-0.1028367,0.6379933,-0.06111933,0.649112,0.5234439,0.2321734,-0.7596845,0.3081907,144.0995,0.5502264,0.2440527,-0.7985545,0.08787274,1.099334,0.2706843,1.135574,0.1314263,1.128695,0.2672212,1.167319,0.1304325,1.126372,0.2250068,1.156008,-0.01749603,0.6483786,0.03102582,0.6493562,-0.006642957,0.6502544,0.07341471,0.6544194,-0.024779,0.6429923,0.1044256,0.6518879,0.09362658,-0.06957381,0.06978566,0.1359283,0.1048005,-0.07456078,0.01858738,0.1299536,0.07100151,-0.05133086,0.00827045,0.08800267,-0.1111723,0.05063622,-0.03095641,0.1260223,-0.1542171,0.05576231,-0.02471129,0.1658402,-0.17693,0.04702761,0.002695851,0.1830932,0.09644827,-0.07441705,0.05393985,0.1332279,0.1089702,-0.06694385,0.02000475,0.1294456,0.08416019,-0.05960218,0.006235932,0.1033162,-0.1115275,0.05112197,-0.03258518,0.1269395,-0.1540818,0.05591004,-0.02487873,0.1657893,-0.176848,0.04723253,0.002538469,0.1830644,0.09400143,-0.06785177,0.03121843,0.1200613,0.05179077,0.9803045,0.1400649,-0.1292388,194.8512,0.05222878,0.9885953,0.1412495,-0.1422229,0.04984545,-0.01722233,0.1516856,0.143416,-0.4929123,-0.1903486,0.8368015,66.39221,0.2619441,-0.9002861,-0.3476647,0.09497064,1.132813,0.2174994,1.157407,0.2097487,-0.9292659,-0.1258519,-0.2768244,212.1415,0.218279,-0.967058,-0.1309702,0.08772279,-0.0452407,0.04026509,0.1065987,-0.147562,-0.7144546,-0.4972354,0.469614,123.9815,-0.1671386,-0.8092392,-0.5632021,-0.4485441,-0.2074349,-0.355472,0.608754,0.778562,0.0008983606,0.5773254,0.2460405,151.5133,0.8032544,0.0009268525,0.5956355,0.005029358,-0.03281271,0.08250061,0.08892873,-0.4475149,0.4707763,0.3277967,0.6860391,93.36523,-0.615086,0.6470576,0.4505395,-0.07656356,1.214724,-0.07414477,1.21939,0.02144166,-0.1593844,-0.1479943,-0.9758251,334.7519,0.09810746,-0.7292718,-0.6771557,False,False,False,False
1772879686274,11.8889,0.1159383,1.116385,0.1387824,1.130937,-0.0284161,-0.5947735,0.4472491,0.6673869,96.26859,-0.03815721,-0.7986635,0.6005673,-0.1028367,0.6379933,-0.06111933,0.649112,0.5234439,0.2321734,-0.7596845,0.3081907,144.0995,0.5502264,0.2440527,-0.7985545,0.08787274,1.099334,0.2706843,1.135574,0.1314263,1.128695,0.2672212,1.167319,0.1304325,1.126372,0.2250068,1.156008,-0.01749603,0.6483786,0.03102582,0.6493562,-0.006642957,0.6502544,0.07341471,0.6544194,-0.024779,0.6429923,0.1044256,0.6518879,0.09362658,-0.06957381,0.06978566,0.1359283,0.1048005,-0.07456078,0.01858738,0.1299536,0.07100151,-0.05133086,0.00827045,0.08800267,-0.1111723,0.05063622,-0.03095641,0.1260223,-0.1542171,0.05576231,-0.02471129,0.1658402,-0.17693,0.04702761,0.002695851,0.1830932,0.09644827,-0.07441705,0.05393985,0.1332279,0.1089702,-0.06694385,0.02000475,0.1294456,0.08416019,-0.05960218,0.006235932,0.1033162,-0.1115275,0.05112197,-0.03258518,0.1269395,-0.1540818,0.05591004,-0.02487873,0.1657893,-0.176848,0.04723253,0.002538469,0.1830644,0.09400143,-0.06785177,0.03121843,0.1200613,0.05179077,0.9803045,0.1400649,-0.1292388,194.8512,0.05222878,0.9885953,0.1412495,-0.1422229,0.04984545,-0.01722233,0.1516856,0.143416,-0.4929123,-0.1903486,0.8368015,66.39221,0.2619441,-0.9002861,-0.3476647,0.09497064,1.132813,0.2174994,1.157407,0.2097487,-0.9292659,-0.1258519,-0.2768244,212.1415,0.218279,-0.967058,-0.1309702,0.08772279,-0.0452407,0.04026509,0.1065987,-0.147562,-0.7144546,-0.4972354,0.469614,123.9815,-0.1671386,-0.8092392,-0.5632021,-0.4485441,-0.2074349,-0.355472,0.608754,0.778562,0.0008983606,0.5773254,0.2460405,151.5133,0.8032544,0.0009268525,0.5956355,0.005029358,-0.03281271,0.08250061,0.08892873,-0.4475149,0.4707763,0.3277967,0.6860391,93.36523,-0.615086,0.6470576,0.4505395,-0.07660011,1.214643,-0.07391241,1.219298,0.02125765,-0.1589352,-0.1477551,-0.9759386,334.8115,0.09749184,-0.7289085,-0.6776345,False,False,False,False
1772879686288,11.9024,0.1159383,1.116385,0.1387824,1.130937,-0.0284161,-0.5947735,0.4472491,0.6673869,96.26859,-0.03815721,-0.7986635,0.6005673,-0.1028367,0.6379933,-0.06111933,0.649112,0.5234439,0.2321734,-0.7596845,0.3081907,144.0995,0.5502264,0.2440527,-0.7985545,0.08787274,1.099334,0.2706843,1.135574,0.1314263,1.128695,0.2672212,1.167319,0.1304325,1.126372,0.2250068,1.156008,-0.01749603,0.6483786,0.03102582,0.6493562,-0.006642957,0.6502544,0.07341471,0.6544194,-0.024779,0.6429923,0.1044256,0.6518879,0.09362658,-0.06957381,0.06978566,0.1359283,0.1048005,-0.07456078,0.01858738,0.1299536,0.07100151,-0.05133086,0.00827045,0.08800267,-0.1111723,0.05063622,-0.03095641,0.1260223,-0.1542171,0.05576231,-0.02471129,0.1658402,-0.17693,0.04702761,0.002695851,0.1830932,0.09644827,-0.07441705,0.05393985,0.1332279,0.1089702,-0.06694385,0.02000475,0.1294456,0.08416019,-0.05960218,0.006235932,0.1033162,-0.1115275,0.05112197,-0.03258518,0.1269395,-0.1540818,0.05591004,-0.02487873,0.1657893,-0.176848,0.04723253,0.002538469,0.1830644,0.09400143,-0.06785177,0.03121843,0.1200613,0.05179077,0.9803045,0.1400649,-0.1292388,194.8512,0.05222878,0.9885953,0.1412495,-0.1422229,0.04984545,-0.01722233,0.1516856,0.143416,-0.4929123,-0.1903486,0.8368015,66.39221,0.2619441,-0.9002861,-0.3476647,0.09497064,1.132813,0.2174994,1.157407,0.2097487,-0.9292659,-0.1258519,-0.2768244,212.1415,0.218279,-0.967058,-0.1309702,0.08772279,-0.0452407,0.04026509,0.1065987,-0.147562,-0.7144546,-0.4972354,0.469614,123.9815,-0.1671386,-0.8092392,-0.5632021,-0.4485441,-0.2074349,-0.355472,0.608754,0.778562,0.0008983606,0.5773254,0.2460405,151.5133,0.8032544,0.0009268525,0.5956355,0.005029358,-0.03281271,0.08250061,0.08892873,-0.4475149,0.4707763,0.3277967,0.6860391,93.36523,-0.615086,0.6470576,0.4505395,-0.07669766,1.214475,-0.07372929,1.219126,0.02119819,-0.1582655,-0.1476624,-0.9760628,334.8768,0.09746787,-0.7276942,-0.6789418,False,False,False,False
1772879686302,11.91702,0.1159383,1.116385,0.1387824,1.130937,-0.0284161,-0.5947735,0.4472491,0.6673869,96.26859,-0.03815721,-0.7986635,0.6005673,-0.1028367,0.6379933,-0.06111933,0.649112,0.5234439,0.2321734,-0.7596845,0.3081907,144.0995,0.5502264,0.2440527,-0.7985545,0.08787274,1.099334,0.2706843,1.135574,0.1314263,1.128695,0.2672212,1.167319,0.1304325,1.126372,0.2250068,1.156008,-0.01749603,0.6483786,0.03102582,0.6493562,-0.006642957,0.6502544,0.07341471,0.6544194,-0.024779,0.6429923,0.1044256,0.6518879,0.09362658,-0.06957381,0.06978566,0.1359283,0.1048005,-0.07456078,0.01858738,0.1299536,0.07100151,-0.05133086,0.00827045,0.08800267,-0.1111723,0.05063622,-0.03095641,0.1260223,-0.1542171,0.05576231,-0.02471129,0.1658402,-0.17693,0.04702761,0.002695851,0.1830932,0.09644827,-0.07441705,0.05393985,0.1332279,0.1089702,-0.06694385,0.02000475,0.1294456,0.08416019,-0.05960218,0.006235932,0.1033162,-0.1115275,0.05112197,-0.03258518,0.1269395,-0.1540818,0.05591004,-0.02487873,0.1657893,-0.176848,0.04723253,0.002538469,0.1830644,0.09400143,-0.06785177,0.03121843,0.1200613,0.05179077,0.9803045,0.1400649,-0.1292388,194.8512,0.05222878,0.9885953,0.1412495,-0.1422229,0.04984545,-0.01722233,0.1516856,0.143416,-0.4929123,-0.1903486,0.8368015,66.39221,0.2619441,-0.9002861,-0.3476647,0.09497064,1.132813,0.2174994,1.157407,0.2097487,-0.9292659,-0.1258519,-0.2768244,212.1415,0.218279,-0.967058,-0.1309702,0.08772279,-0.0452407,0.04026509,0.1065987,-0.147562,-0.7144546,-0.4972354,0.469614,123.9815,-0.1671386,-0.8092392,-0.5632021,-0.4485441,-0.2074349,-0.355472,0.608754,0.778562,0.0008983606,0.5773254,0.2460405,151.5133,0.8032544,0.0009268525,0.5956355,0.005029358,-0.03281271,0.08250061,0.08892873,-0.4475149,0.4707763,0.3277967,0.6860391,93.36523,-0.615086,0.6470576,0.4505395,-0.07679313,1.214335,-0.07352625,1.21898,0.02084315,-0.1577272,-0.1478609,-0.9761275,334.9109,0.09596367,-0.7261897,-0.6807643,False,False,False,False
1772879686316,11.93022,0.1159383,1.116385,0.1387824,1.130937,-0.0284161,-0.5947735,0.4472491,0.6673869,96.26859,-0.03815721,-0.7986635,0.6005673,-0.1028367,0.6379933,-0.06111933,0.649112,0.5234439,0.2321734,-0.7596845,0.3081907,144.0995,0.5502264,0.2440527,-0.7985545,0.08787274,1.099334,0.2706843,1.135574,0.1314263,1.128695,0.2672212,1.167319,0.1304325,1.126372,0.2250068,1.156008,-0.01749603,0.6483786,0.03102582,0.6493562,-0.006642957,0.6502544,0.07341471,0.6544194,-0.024779,0.6429923,0.1044256,0.6518879,0.09362658,-0.06957381,0.06978566,0.1359283,0.1048005,-0.07456078,0.01858738,0.1299536,0.07100151,-0.05133086,0.00827045,0.08800267,-0.1111723,0.05063622,-0.03095641,0.1260223,-0.1542171,0.05576231,-0.02471129,0.1658402,-0.17693,0.04702761,0.002695851,0.1830932,0.09644827,-0.07441705,0.05393985,0.1332279,0.1089702,-0.06694385,0.02000475,0.1294456,0.08416019,-0.05960218,0.006235932,0.1033162,-0.1115275,0.05112197,-0.03258518,0.1269395,-0.1540818,0.05591004,-0.02487873,0.1657893,-0.176848,0.04723253,0.002538469,0.1830644,0.09400143,-0.06785177,0.03121843,0.1200613,0.05179077,0.9803045,0.1400649,-0.1292388,194.8512,0.05222878,0.9885953,0.1412495,-0.1422229,0.04984545,-0.01722233,0.1516856,0.143416,-0.4929123,-0.1903486,0.8368015,66.39221,0.2619441,-0.9002861,-0.3476647,0.09497064,1.132813,0.2174994,1.157407,0.2097487,-0.9292659,-0.1258519,-0.2768244,212.1415,0.218279,-0.967058,-0.1309702,0.08772279,-0.0452407,0.04026509,0.1065987,-0.147562,-0.7144546,-0.4972354,0.469614,123.9815,-0.1671386,-0.8092392,-0.5632021,-0.4485441,-0.2074349,-0.355472,0.608754,0.778562,0.0008983606,0.5773254,0.2460405,151.5133,0.8032544,0.0009268525,0.5956355,0.005029358,-0.03281271,0.08250061,0.08892873,-0.4475149,0.4707763,0.3277967,0.6860391,93.36523,-0.615086,0.6470576,0.4505395,-0.07694601,1.214215,-0.07328737,1.218856,0.02066547,-0.1571814,-0.1479906,-0.9761996,334.949,0.095288,-0.7247598,-0.6823812,False,False,False,False
1772879686330,11.9441,0.1159383,1.116385,0.1387824,1.130937,-0.0284161,-0.5947735,0.4472491,0.6673869,96.26859,-0.03815721,-0.7986635,0.6005673,-0.1028367,0.6379933,-0.06111933,0.649112,0.5234439,0.2321734,-0.7596845,0.3081907,144.0995,0.5502264,0.2440527,-0.7985545,0.08787274,1.099334,0.2706843,1.135574,0.1314263,1.128695,0.2672212,1.167319,0.1304325,1.126372,0.2250068,1.156008,-0.01749603,0.6483786,0.03102582,0.6493562,-0.006642957,0.6502544,0.07341471,0.6544194,-0.024779,0.6429923,0.1044256,0.6518879,0.09362658,-0.06957381,0.06978566,0.1359283,0.1048005,-0.07456078,0.01858738,0.1299536,0.07100151,-0.05133086,0.00827045,0.08800267,-0.1111723,0.05063622,-0.03095641,0.1260223,-0.1542171,0.05576231,-0.02471129,0.1658402,-0.17693,0.04702761,0.002695851,0.1830932,0.09644827,-0.07441705,0.05393985,0.1332279,0.1089702,-0.06694385,0.02000475,0.1294456,0.08416019,-0.05960218,0.006235932,0.1033162,-0.1115275,0.05112197,-0.03258518,0.1269395,-0.1540818,0.05591004,-0.02487873,0.1657893,-0.176848,0.04723253,0.002538469,0.1830644,0.09400143,-0.06785177,0.03121843,0.1200613,0.05179077,0.9803045,0.1400649,-0.1292388,194.8512,0.05222878,0.9885953,0.1412495,-0.1422229,0.04984545,-0.01722233,0.1516856,0.143416,-0.4929123,-0.1903486,0.8368015,66.39221,0.2619441,-0.9002861,-0.3476647,0.09497064,1.132813,0.2174994,1.157407,0.2097487,-0.9292659,-0.1258519,-0.2768244,212.1415,0.218279,-0.967058,-0.1309702,0.08772279,-0.0452407,0.04026509,0.1065987,-0.147562,-0.7144546,-0.4972354,0.469614,123.9815,-0.1671386,-0.8092392,-0.5632021,-0.4485441,-0.2074349,-0.355472,0.608754,0.778562,0.0008983606,0.5773254,0.2460405,151.5133,0.8032544,0.0009268525,0.5956355,0.005029358,-0.03281271,0.08250061,0.08892873,-0.4475149,0.4707763,0.3277967,0.6860391,93.36523,-0.615086,0.6470576,0.4505395,-0.07715716,1.214127,-0.07300629,1.218764,0.02066195,-0.1566516,-0.1482937,-0.9762389,334.9698,0.09534949,-0.7229062,-0.6843367,False,False,False,False
1772879686344,11.95908,0.1159383,1.116385,0.1387824,1.130937,-0.0284161,-0.5947735,0.4472491,0.6673869,96.26859,-0.03815721,-0.7986635,0.6005673,-0.1028367,0.6379933,-0.06111933,0.649112,0.5234439,0.2321734,-0.7596845,0.3081907,144.0995,0.5502264,0.2440527,-0.7985545,0.08787274,1.099334,0.2706843,1.135574,0.1314263,1.128695,0.2672212,1.167319,0.1304325,1.126372,0.2250068,1.156008,-0.01749603,0.6483786,0.03102582,0.6493562,-0.006642957,0.6502544,0.07341471,0.6544194,-0.024779,0.6429923,0.1044256,0.6518879,0.09362658,-0.06957381,0.06978566,0.1359283,0.1048005,-0.07456078,0.01858738,0.1299536,0.07100151,-0.05133086,0.00827045,0.08800267,-0.1111723,0.05063622,-0.03095641,0.1260223,-0.1542171,0.05576231,-0.02471129,0.1658402,-0.17693,0.04702761,0.002695851,0.1830932,0.09644827,-0.07441705,0.05393985,0.1332279,0.1089702,-0.06694385,0.02000475,0.1294456,0.08416019,-0.05960218,0.006235932,0.1033162,-0.1115275,0.05112197,-0.03258518,0.1269395,-0.1540818,0.05591004,-0.02487873,0.1657893,-0.176848,0.04723253,0.002538469,0.1830644,0.09400143,-0.06785177,0.03121843,0.1200613,0.05179077,0.9803045,0.1400649,-0.1292388,194.8512,0.05222878,0.9885953,0.1412495,-0.1422229,0.04984545,-0.01722233,0.1516856,0.143416,-0.4929123,-0.1903486,0.8368015,66.39221,0.2619441,-0.9002861,-0.3476647,0.09497064,1.132813,0.2174994,1.157407,0.2097487,-0.9292659,-0.1258519,-0.2768244,212.1415,0.218279,-0.967058,-0.1309702,0.08772279,-0.0452407,0.04026509,0.1065987,-0.147562,-0.7144546,-0.4972354,0.469614,123.9815,-0.1671386,-0.8092392,-0.5632021,-0.4485441,-0.2074349,-0.355472,0.608754,0.778562,0.0008983606,0.5773254,0.2460405,151.5133,0.8032544,0.0009268525,0.5956355,0.005029358,-0.03281271,0.08250061,0.08892873,-0.4475149,0.4707763,0.3277967,0.6860391,93.36523,-0.615086,0.6470576,0.4505395,-0.07735337,1.214051,-0.07273354,1.218686,0.02068532,-0.1564407,-0.1484662,-0.976246,334.9735,0.09547145,-0.7220395,-0.6852339,False,False,False,False
1772879686358,11.97194,0.1159383,1.116385,0.1387824,1.130937,-0.0284161,-0.5947735,0.4472491,0.6673869,96.26859,-0.03815721,-0.7986635,0.6005673,-0.1028367,0.6379933,-0.06111933,0.649112,0.5234439,0.2321734,-0.7596845,0.3081907,144.0995,0.5502264,0.2440527,-0.7985545,0.08787274,1.099334,0.2706843,1.135574,0.1314263,1.128695,0.2672212,1.167319,0.1304325,1.126372,0.2250068,1.156008,-0.01749603,0.6483786,0.03102582,0.6493562,-0.006642957,0.6502544,0.07341471,0.6544194,-0.024779,0.6429923,0.1044256,0.6518879,0.09362658,-0.06957381,0.06978566,0.1359283,0.1048005,-0.07456078,0.01858738,0.1299536,0.07100151,-0.05133086,0.00827045,0.08800267,-0.1111723,0.05063622,-0.03095641,0.1260223,-0.1542171,0.05576231,-0.02471129,0.1658402,-0.17693,0.04702761,0.002695851,0.1830932,0.09644827,-0.07441705,0.05393985,0.1332279,0.1089702,-0.06694385,0.02000475,0.1294456,0.08416019,-0.05960218,0.006235932,0.1033162,-0.1115275,0.05112197,-0.03258518,0.1269395,-0.1540818,0.05591004,-0.02487873,0.1657893,-0.176848,0.04723253,0.002538469,0.1830644,0.09400143,-0.06785177,0.03121843,0.1200613,0.05179077,0.9803045,0.1400649,-0.1292388,194.8512,0.05222878,0.9885953,0.1412495,-0.1422229,0.04984545,-0.01722233,0.1516856,0.143416,-0.4929123,-0.1903486,0.8368015,66.39221,0.2619441,-0.9002861,-0.3476647,0.09497064,1.132813,0.2174994,1.157407,0.2097487,-0.9292659,-0.1258519,-0.2768244,212.1415,0.218279,-0.967058,-0.1309702,0.08772279,-0.0452407,0.04026509,0.1065987,-0.147562,-0.7144546,-0.4972354,0.469614,123.9815,-0.1671386,-0.8092392,-0.5632021,-0.4485441,-0.2074349,-0.355472,0.608754,0.778562,0.0008983606,0.5773254,0.2460405,151.5133,0.8032544,0.0009268525,0.5956355,0.005029358,-0.03281271,0.08250061,0.08892873,-0.4475149,0.4707763,0.3277967,0.6860391,93.36523,-0.615086,0.6470576,0.4505395,-0.07768927,1.214016,-0.07241985,1.218653,0.02068204,-0.1563198,-0.1489769,-0.9761876,334.9427,0.09534062,-0.7206074,-0.6867577,False,False,False,False
1772879686371,11.9865,0.1159383,1.116385,0.1387824,1.130937,-0.0284161,-0.5947735,0.4472491,0.6673869,96.26859,-0.03815721,-0.7986635,0.6005673,-0.1028367,0.6379933,-0.06111933,0.649112,0.5234439,0.2321734,-0.7596845,0.3081907,144.0995,0.5502264,0.2440527,-0.7985545,0.08787274,1.099334,0.2706843,1.135574,0.1314263,1.128695,0.2672212,1.167319,0.1304325,1.126372,0.2250068,1.156008,-0.01749603,0.6483786,0.03102582,0.6493562,-0.006642957,0.6502544,0.07341471,0.6544194,-0.024779,0.6429923,0.1044256,0.6518879,0.09362658,-0.06957381,0.06978566,0.1359283,0.1048005,-0.07456078,0.01858738,0.1299536,0.07100151,-0.05133086,0.00827045,0.08800267,-0.1111723,0.05063622,-0.03095641,0.1260223,-0.1542171,0.05576231,-0.02471129,0.1658402,-0.17693,0.04702761,0.002695851,0.1830932,0.09644827,-0.07441705,0.05393985,0.1332279,0.1089702,-0.06694385,0.02000475,0.1294456,0.08416019,-0.05960218,0.006235932,0.1033162,-0.1115275,0.05112197,-0.03258518,0.1269395,-0.1540818,0.05591004,-0.02487873,0.1657893,-0.176848,0.04723253,0.002538469,0.1830644,0.09400143,-0.06785177,0.03121843,0.1200613,0.05179077,0.9803045,0.1400649,-0.1292388,194.8512,0.05222878,0.9885953,0.1412495,-0.1422229,0.04984545,-0.01722233,0.1516856,0.143416,-0.4929123,-0.1903486,0.8368015,66.39221,0.2619441,-0.9002861,-0.3476647,0.09497064,1.132813,0.2174994,1.157407,0.2097487,-0.9292659,-0.1258519,-0.2768244,212.1415,0.218279,-0.967058,-0.1309702,0.08772279,-0.0452407,0.04026509,0.1065987,-0.147562,-0.7144546,-0.4972354,0.469614,123.9815,-0.1671386,-0.8092392,-0.5632021,-0.4485441,-0.2074349,-0.355472,0.608754,0.778562,0.0008983606,0.5773254,0.2460405,151.5133,0.8032544,0.0009268525,0.5956355,0.005029358,-0.03281271,0.08250061,0.08892873,-0.4475149,0.4707763,0.3277967,0.6860391,93.36523,-0.615086,0.6470576,0.4505395,-0.07782219,1.213988,-0.07213642,1.218617,0.02075119,-0.1559335,-0.1493717,-0.9761876,334.9427,0.09565942,-0.7188268,-0.688578,False,False,False,False
1772879686384,12,0.1159383,1.116385,0.1387824,1.130937,-0.0284161,-0.5947735,0.4472491,0.6673869,96.26859,-0.03815721,-0.7986635,0.6005673,-0.1028367,0.6379933,-0.06111933,0.649112,0.5234439,0.2321734,-0.7596845,0.3081907,144.0995,0.5502264,0.2440527,-0.7985545,0.08787274,1.099334,0.2706843,1.135574,0.1314263,1.128695,0.2672212,1.167319,0.1304325,1.126372,0.2250068,1.156008,-0.01749603,0.6483786,0.03102582,0.6493562,-0.006642957,0.6502544,0.07341471,0.6544194,-0.024779,0.6429923,0.1044256,0.6518879,0.09362658,-0.06957381,0.06978566,0.1359283,0.1048005,-0.07456078,0.01858738,0.1299536,0.07100151,-0.05133086,0.00827045,0.08800267,-0.1111723,0.05063622,-0.03095641,0.1260223,-0.1542171,0.05576231,-0.02471129,0.1658402,-0.17693,0.04702761,0.002695851,0.1830932,0.09644827,-0.07441705,0.05393985,0.1332279,0.1089702,-0.06694385,0.02000475,0.1294456,0.08416019,-0.05960218,0.006235932,0.1033162,-0.1115275,0.05112197,-0.03258518,0.1269395,-0.1540818,0.05591004,-0.02487873,0.1657893,-0.176848,0.04723253,0.002538469,0.1830644,0.09400143,-0.06785177,0.03121843,0.1200613,0.05179077,0.9803045,0.1400649,-0.1292388,194.8512,0.05222878,0.9885953,0.1412495,-0.1422229,0.04984545,-0.01722233,0.1516856,0.143416,-0.4929123,-0.1903486,0.8368015,66.39221,0.2619441,-0.9002861,-0.3476647,0.09497064,1.132813,0.2174994,1.157407,0.2097487,-0.9292659,-0.1258519,-0.2768244,212.1415,0.218279,-0.967058,-0.1309702,0.08772279,-0.0452407,0.04026509,0.1065987,-0.147562,-0.7144546,-0.4972354,0.469614,123.9815,-0.1671386,-0.8092392,-0.5632021,-0.4485441,-0.2074349,-0.355472,0.608754,0.778562,0.0008983606,0.5773254,0.2460405,151.5133,0.8032544,0.0009268525,0.5956355,0.005029358,-0.03281271,0.08250061,0.08892873,-0.4475149,0.4707763,0.3277967,0.6860391,93.36523,-0.615086,0.6470576,0.4505395,-0.07807908,1.213905,-0.07190167,1.218537,0.02076517,-0.1558076,-0.1496717,-0.9761615,334.9289,0.09567197,-0.7178569,-0.6895868,False,False,False,False
1772879686399,12.01372,0.1159383,1.116385,0.1387824,1.130937,-0.0284161,-0.5947735,0.4472491,0.6673869,96.26859,-0.03815721,-0.7986635,0.6005673,-0.1028367,0.6379933,-0.06111933,0.649112,0.5234439,0.2321734,-0.7596845,0.3081907,144.0995,0.5502264,0.2440527,-0.7985545,0.08787274,1.099334,0.2706843,1.135574,0.1314263,1.128695,0.2672212,1.167319,0.1304325,1.126372,0.2250068,1.156008,-0.01749603,0.6483786,0.03102582,0.6493562,-0.006642957,0.6502544,0.07341471,0.6544194,-0.024779,0.6429923,0.1044256,0.6518879,0.09362658,-0.06957381,0.06978566,0.1359283,0.1048005,-0.07456078,0.01858738,0.1299536,0.07100151,-0.05133086,0.00827045,0.08800267,-0.1111723,0.05063622,-0.03095641,0.1260223,-0.1542171,0.05576231,-0.02471129,0.1658402,-0.17693,0.04702761,0.002695851,0.1830932,0.09644827,-0.07441705,0.05393985,0.1332279,0.1089702,-0.06694385,0.02000475,0.1294456,0.08416019,-0.05960218,0.006235932,0.1033162,-0.1115275,0.05112197,-0.03258518,0.1269395,-0.1540818,0.05591004,-0.02487873,0.1657893,-0.176848,0.04723253,0.002538469,0.1830644,0.09400143,-0.06785177,0.03121843,0.1200613,0.05179077,0.9803045,0.1400649,-0.1292388,194.8512,0.05222878,0.9885953,0.1412495,-0.1422229,0.04984545,-0.01722233,0.1516856,0.143416,-0.4929123,-0.1903486,0.8368015,66.39221,0.2619441,-0.9002861,-0.3476647,0.09497064,1.132813,0.2174994,1.157407,0.2097487,-0.9292659,-0.1258519,-0.2768244,212.1415,0.218279,-0.967058,-0.1309702,0.08772279,-0.0452407,0.04026509,0.1065987,-0.147562,-0.7144546,-0.4972354,0.469614,123.9815,-0.1671386,-0.8092392,-0.5632021,-0.4485441,-0.2074349,-0.355472,0.608754,0.778562,0.0008983606,0.5773254,0.2460405,151.5133,0.8032544,0.0009268525,0.5956355,0.005029358,-0.03281271,0.08250061,0.08892873,-0.4475149,0.4707763,0.3277967,0.6860391,93.36523,-0.615086,0.6470576,0.4505395,-0.07837415,1.213783,-0.07162156,1.218417,0.02077382,-0.1557119,-0.1499561,-0.9761329,334.9138,0.09565511,-0.716991,-0.6904879,False,False,False,False
1772879686413,12.02754,0.1159383,1.116385,0.1387824,1.130937,-0.0284161,-0.5947735,0.4472491,0.6673869,96.26859,-0.03815721,-0.7986635,0.6005673,-0.1028367,0.6379933,-0.06111933,0.649112,0.5234439,0.2321734,-0.7596845,0.3081907,144.0995,0.5502264,0.2440527,-0.7985545,0.08787274,1.099334,0.2706843,1.135574,0.1314263,1.128695,0.2672212,1.167319,0.1304325,1.126372,0.2250068,1.156008,-0.01749603,0.6483786,0.03102582,0.6493562,-0.006642957,0.6502544,0.07341471,0.6544194,-0.024779,0.6429923,0.1044256,0.6518879,0.09362658,-0.06957381,0.06978566,0.1359283,0.1048005,-0.07456078,0.01858738,0.1299536,0.07100151,-0.05133086,0.00827045,0.08800267,-0.1111723,0.05063622,-0.03095641,0.1260223,-0.1542171,0.05576231,-0.02471129,0.1658402,-0.17693,0.04702761,0.002695851,0.1830932,0.09644827,-0.07441705,0.05393985,0.1332279,0.1089702,-0.06694385,0.02000475,0.1294456,0.08416019,-0.05960218,0.006235932,0.1033162,-0.1115275,0.05112197,-0.03258518,0.1269395,-0.1540818,0.05591004,-0.02487873,0.1657893,-0.176848,0.04723253,0.002538469,0.1830644,0.09400143,-0.06785177,0.03121843,0.1200613,0.05179077,0.9803045,0.1400649,-0.1292388,194.8512,0.05222878,0.9885953,0.1412495,-0.1422229,0.04984545,-0.01722233,0.1516856,0.143416,-0.4929123,-0.1903486,0.8368015,66.39221,0.2619441,-0.9002861,-0.3476647,0.09497064,1.132813,0.2174994,1.157407,0.2097487,-0.9292659,-0.1258519,-0.2768244,212.1415,0.218279,-0.967058,-0.1309702,0.08772279,-0.0452407,0.04026509,0.1065987,-0.147562,-0.7144546,-0.4972354,0.469614,123.9815,-0.1671386,-0.8092392,-0.5632021,-0.4485441,-0.2074349,-0.355472,0.608754,0.778562,0.0008983606,0.5773254,0.2460405,151.5133,0.8032544,0.0009268525,0.5956355,0.005029358,-0.03281271,0.08250061,0.08892873,-0.4475149,0.4707763,0.3277967,0.6860391,93.36523,-0.615086,0.6470576,0.4505395,-0.07860305,1.213666,-0.07135137,1.2183,0.02067618,-0.1556297,-0.1500561,-0.9761328,334.9137,0.09520526,-0.7166105,-0.6909466,False,False,False,False
1772879686426,12.04106,0.1159383,1.116385,0.1387824,1.130937,-0.0284161,-0.5947735,0.4472491,0.6673869,96.26859,-0.03815721,-0.7986635,0.6005673,-0.1028367,0.6379933,-0.06111933,0.649112,0.5234439,0.2321734,-0.7596845,0.3081907,144.0995,0.5502264,0.2440527,-0.7985545,0.08787274,1.099334,0.2706843,1.135574,0.1314263,1.128695,0.2672212,1.167319,0.1304325,1.126372,0.2250068,1.156008,-0.01749603,0.6483786,0.03102582,0.6493562,-0.006642957,0.6502544,0.07341471,0.6544194,-0.024779,0.6429923,0.1044256,0.6518879,0.09362658,-0.06957381,0.06978566,0.1359283,0.1048005,-0.07456078,0.01858738,0.1299536,0.07100151,-0.05133086,0.00827045,0.08800267,-0.1111723,0.05063622,-0.03095641,0.1260223,-0.1542171,0.05576231,-0.02471129,0.1658402,-0.17693,0.04702761,0.002695851,0.1830932,0.09644827,-0.07441705,0.05393985,0.1332279,0.1089702,-0.06694385,0.02000475,0.1294456,0.08416019,-0.05960218,0.006235932,0.1033162,-0.1115275,0.05112197,-0.03258518,0.1269395,-0.1540818,0.05591004,-0.02487873,0.1657893,-0.176848,0.04723253,0.002538469,0.1830644,0.09400143,-0.06785177,0.03121843,0.1200613,0.05179077,0.9803045,0.1400649,-0.1292388,194.8512,0.05222878,0.9885953,0.1412495,-0.1422229,0.04984545,-0.01722233,0.1516856,0.143416,-0.4929123,-0.1903486,0.8368015,66.39221,0.2619441,-0.9002861,-0.3476647,0.09497064,1.132813,0.2174994,1.157407,0.2097487,-0.9292659,-0.1258519,-0.2768244,212.1415,0.218279,-0.967058,-0.1309702,0.08772279,-0.0452407,0.04026509,0.1065987,-0.147562,-0.7144546,-0.4972354,0.469614,123.9815,-0.1671386,-0.8092392,-0.5632021,-0.4485441,-0.2074349,-0.355472,0.608754,0.778562,0.0008983606,0.5773254,0.2460405,151.5133,0.8032544,0.0009268525,0.5956355,0.005029358,-0.03281271,0.08250061,0.08892873,-0.4475149,0.4707763,0.3277967,0.6860391,93.36523,-0.615086,0.6470576,0.4505395,-0.07883049,1.213531,-0.07107765,1.218164,0.02055351,-0.155517,-0.1503844,-0.9761028,334.8979,0.09458175,-0.7156476,-0.6920288,False,False,False,False
1772879686440,12.05508,0.1159383,1.116385,0.1387824,1.130937,-0.0284161,-0.5947735,0.4472491,0.6673869,96.26859,-0.03815721,-0.7986635,0.6005673,-0.1028367,0.6379933,-0.06111933,0.649112,0.5234439,0.2321734,-0.7596845,0.3081907,144.0995,0.5502264,0.2440527,-0.7985545,0.08787274,1.099334,0.2706843,1.135574,0.1314263,1.128695,0.2672212,1.167319,0.1304325,1.126372,0.2250068,1.156008,-0.01749603,0.6483786,0.03102582,0.6493562,-0.006642957,0.6502544,0.07341471,0.6544194,-0.024779,0.6429923,0.1044256,0.6518879,0.09362658,-0.06957381,0.06978566,0.1359283,0.1048005,-0.07456078,0.01858738,0.1299536,0.07100151,-0.05133086,0.00827045,0.08800267,-0.1111723,0.05063622,-0.03095641,0.1260223,-0.1542171,0.05576231,-0.02471129,0.1658402,-0.17693,0.04702761,0.002695851,0.1830932,0.09644827,-0.07441705,0.05393985,0.1332279,0.1089702,-0.06694385,0.02000475,0.1294456,0.08416019,-0.05960218,0.006235932,0.1033162,-0.1115275,0.05112197,-0.03258518,0.1269395,-0.1540818,0.05591004,-0.02487873,0.1657893,-0.176848,0.04723253,0.002538469,0.1830644,0.09400143,-0.06785177,0.03121843,0.1200613,0.05179077,0.9803045,0.1400649,-0.1292388,194.8512,0.05222878,0.9885953,0.1412495,-0.1422229,0.04984545,-0.01722233,0.1516856,0.143416,-0.4929123,-0.1903486,0.8368015,66.39221,0.2619441,-0.9002861,-0.3476647,0.09497064,1.132813,0.2174994,1.157407,0.2097487,-0.9292659,-0.1258519,-0.2768244,212.1415,0.218279,-0.967058,-0.1309702,0.08772279,-0.0452407,0.04026509,0.1065987,-0.147562,-0.7144546,-0.4972354,0.469614,123.9815,-0.1671386,-0.8092392,-0.5632021,-0.4485441,-0.2074349,-0.355472,0.608754,0.778562,0.0008983606,0.5773254,0.2460405,151.5133,0.8032544,0.0009268525,0.5956355,0.005029358,-0.03281271,0.08250061,0.08892873,-0.4475149,0.4707763,0.3277967,0.6860391,93.36523,-0.615086,0.6470576,0.4505395,-0.07899553,1.213395,-0.07076988,1.218022,0.02029907,-0.1552019,-0.1506718,-0.9761139,334.9038,0.09343245,-0.7143621,-0.6935114,False,False,False,False
1772879686454,12.06979,0.1159383,1.116385,0.1387824,1.130937,-0.0284161,-0.5947735,0.4472491,0.6673869,96.26859,-0.03815721,-0.7986635,0.6005673,-0.1028367,0.6379933,-0.06111933,0.649112,0.5234439,0.2321734,-0.7596845,0.3081907,144.0995,0.5502264,0.2440527,-0.7985545,0.08787274,1.099334,0.2706843,1.135574,0.1314263,1.128695,0.2672212,1.167319,0.1304325,1.126372,0.2250068,1.156008,-0.01749603,0.6483786,0.03102582,0.6493562,-0.006642957,0.6502544,0.07341471,0.6544194,-0.024779,0.6429923,0.1044256,0.6518879,0.09362658,-0.06957381,0.06978566,0.1359283,0.1048005,-0.07456078,0.01858738,0.1299536,0.07100151,-0.05133086,0.00827045,0.08800267,-0.1111723,0.05063622,-0.03095641,0.1260223,-0.1542171,0.05576231,-0.02471129,0.1658402,-0.17693,0.04702761,0.002695851,0.1830932,0.09644827,-0.07441705,0.05393985,0.1332279,0.1089702,-0.06694385,0.02000475,0.1294456,0.08416019,-0.05960218,0.006235932,0.1033162,-0.1115275,0.05112197,-0.03258518,0.1269395,-0.1540818,0.05591004,-0.02487873,0.1657893,-0.176848,0.04723253,0.002538469,0.1830644,0.09400143,-0.06785177,0.03121843,0.1200613,0.05179077,0.9803045,0.1400649,-0.1292388,194.8512,0.05222878,0.9885953,0.1412495,-0.1422229,0.04984545,-0.01722233,0.1516856,0.143416,-0.4929123,-0.1903486,0.8368015,66.39221,0.2619441,-0.9002861,-0.3476647,0.09507453,1.132861,0.2173185,1.157429,0.2089969,-0.931398,-0.1261511,-0.2700075,211.3294,0.2170589,-0.9673263,-0.1310174,0.08772279,-0.0452407,0.04026509,0.1065987,-0.147562,-0.7144546,-0.4972354,0.469614,123.9815,-0.1671386,-0.8092392,-0.5632021,-0.4485441,-0.2074349,-0.355472,0.608754,0.778562,0.0008983606,0.5773254,0.2460405,151.5133,0.8032544,0.0009268525,0.5956355,0.004925467,-0.03286111,0.08268151,0.08910861,-0.4442538,0.4663944,0.3305278,0.6898308,92.76658,-0.6136349,0.6442172,0.4565486,-0.07928426,1.213335,-0.07040519,1.21796,0.01989933,-0.15532,-0.1509768,-0.9760563,334.8734,0.09148352,-0.7140551,-0.6940883,False,False,False,False
1772879686469,12.08325,0.1159383,1.116385,0.1387824,1.130937,-0.0284161,-0.5947735,0.4472491,0.6673869,96.26859,-0.03815721,-0.7986635,0.6005673,-0.1028367,0.6379933,-0.06111933,0.649112,0.5234439,0.2321734,-0.7596845,0.3081907,144.0995,0.5502264,0.2440527,-0.7985545,0.08787274,1.099334,0.2706843,1.135574,0.1314263,1.128695,0.2672212,1.167319,0.1304325,1.126372,0.2250068,1.156008,-0.01749603,0.6483786,0.03102582,0.6493562,-0.006642957,0.6502544,0.07341471,0.6544194,-0.024779,0.6429923,0.1044256,0.6518879,0.09362658,-0.06957381,0.06978566,0.1359283,0.1048005,-0.07456078,0.01858738,0.1299536,0.07100151,-0.05133086,0.00827045,0.08800267,-0.1111723,0.05063622,-0.03095641,0.1260223,-0.1542171,0.05576231,-0.02471129,0.1658402,-0.17693,0.04702761,0.002695851,0.1830932,0.09644827,-0.07441705,0.05393985,0.1332279,0.1089702,-0.06694385,0.02000475,0.1294456,0.08416019,-0.05960218,0.006235932,0.1033162,-0.1115275,0.05112197,-0.03258518,0.1269395,-0.1540818,0.05591004,-0.02487873,0.1657893,-0.176848,0.04723253,0.002538469,0.1830644,0.09400143,-0.06785177,0.03121843,0.1200613,0.05179077,0.9803045,0.1400649,-0.1292388,194.8512,0.05222878,0.9885953,0.1412495,-0.1422229,0.04984545,-0.01722233,0.1516856,0.143416,-0.4929123,-0.1903486,0.8368015,66.39221,0.2619441,-0.9002861,-0.3476647,0.09511545,1.133397,0.2166271,1.157827,0.1974998,-0.9324122,-0.124127,-0.2760324,212.0471,0.2054832,-0.9701024,-0.1291445,0.08772279,-0.0452407,0.04026509,0.1065987,-0.147562,-0.7144546,-0.4972354,0.469614,123.9815,-0.1671386,-0.8092392,-0.5632021,-0.4485441,-0.2074349,-0.355472,0.608754,0.778562,0.0008983606,0.5773254,0.2460405,151.5133,0.8032544,0.0009268525,0.5956355,0.004884556,-0.03339684,0.08337292,0.08994582,-0.4415586,0.4739824,0.3381149,0.6826751,93.89394,-0.604277,0.6486492,0.4627133,-0.07960684,1.213276,-0.07007714,1.217903,0.01950715,-0.1553547,-0.151163,-0.9760298,334.8595,0.08963165,-0.7138256,-0.6945655,True,True,False,False
1772879686482,12.09812,0.209106,1.08131,0.172408,1.114756,-0.3992291,-0.6640345,-0.5953242,0.2127521,155.4326,-0.4085831,-0.679593,-0.6092728,-0.100123,0.6265945,-0.06106506,0.6374749,0.5241476,0.2299728,-0.7651603,0.2948079,145.708,0.5485259,0.240669,-0.8007482,0.09458581,1.151086,0.1901169,1.170509,0.0727873,1.13582,0.2414354,1.163476,0.06587557,1.11401,0.2236028,1.138137,-0.01285089,0.6381156,0.02766391,0.6388442,-0.002964888,0.6364831,0.07347223,0.6407165,-0.02147286,0.6283643,0.1048394,0.637412,0.1003896,-0.08066066,0.04138872,0.1352673,0.1479329,-0.06546262,0.01222589,0.1622312,0.1324615,-0.08134609,-0.006477054,0.1555802,-0.1097718,0.0483073,-0.03519316,0.124988,-0.1551193,0.05436218,-0.02491026,0.1662461,-0.1777056,0.04605398,0.003606223,0.1836117,0.09675557,-0.07490387,0.05296124,0.1333309,0.1120081,-0.06682836,0.01939824,0.1318641,0.08792625,-0.06129755,0.005244699,0.1073123,-0.1113907,0.05090251,-0.03278853,0.1267834,-0.1541627,0.05578935,-0.02488119,0.1658242,-0.1769149,0.04714064,0.002621721,0.1831065,0.09627355,-0.06884258,0.03082173,0.1223024,0.02144788,0.9863759,0.1348584,-0.09173832,190.5272,0.0215387,0.9905528,0.1354295,-0.142113,0.04969003,-0.01732767,0.1515435,0.1427948,-0.4921348,-0.1916298,0.837073,66.33538,0.2610073,-0.8995479,-0.3502702,0.0950008,1.13383,0.2162265,1.158167,0.1888406,-0.9337568,-0.1231653,-0.2779709,212.2783,0.1965883,-0.9720665,-0.1282185,0.1152705,-0.06330124,0.01918082,0.1328994,0.4044813,-0.2145362,-0.6941298,0.5554755,112.5131,0.4864285,-0.2580009,-0.8347594,-0.4208846,-0.2418606,-0.369377,0.6099834,0.9448968,-0.1253444,0.2863386,-0.09730987,191.1686,0.9494025,-0.1259421,0.2877039,0.004999205,-0.0338304,0.08377349,0.09048473,-0.4387015,0.4776674,0.3447065,0.6786402,94.52505,-0.5973027,0.6503558,0.4693263,-0.07984193,1.213117,-0.06980003,1.217743,0.01937199,-0.1551362,-0.1513238,-0.9760423,334.866,0.0890336,-0.7130055,-0.6954835,True,True,False,False
1772879686496,12.11393,0.2083949,1.081406,0.1718374,1.114628,-0.4016164,-0.662375,-0.595821,0.2120406,155.5161,-0.4109613,-0.6777872,-0.6096846,-0.100201,0.6266708,-0.06106783,0.6375624,0.5241476,0.2299728,-0.7651603,0.2948079,145.708,0.5485259,0.240669,-0.8007482,0.09393006,1.151394,0.1895581,1.170668,0.07283343,1.136258,0.2392932,1.163464,0.06555572,1.11486,0.2229862,1.13883,-0.01288272,0.638234,0.02765498,0.6389627,-0.00304259,0.6365612,0.07347327,0.6407946,-0.02155333,0.6284377,0.1048382,0.6374869,0.1002573,-0.08113496,0.04098976,0.1353313,0.1461958,-0.0664106,0.01234337,0.1610464,0.1321086,-0.08151802,-0.006366985,0.1553654,-0.1097876,0.0483091,-0.03525384,0.1250197,-0.1551233,0.05436087,-0.02491027,0.1662494,-0.1777058,0.0460542,0.00361038,0.183612,0.09705487,-0.07543644,0.05193803,0.1334461,0.1149302,-0.06679266,0.01879525,0.1342515,0.09170256,-0.06302582,0.004252235,0.1113539,-0.1112536,0.05068085,-0.03299924,0.1266289,-0.1542448,0.05566726,-0.02488367,0.1658599,-0.1769825,0.04704778,0.002706223,0.1831492,0.09843321,-0.06983929,0.0304441,0.1244728,-0.007269273,0.9904536,0.1267975,-0.05358347,186.1432,-0.007279731,0.9918786,0.1269799,-0.1420024,0.04953264,-0.01743696,0.1514008,0.1421687,-0.4913236,-0.1929273,0.8373579,66.27567,0.2600702,-0.8987818,-0.3529233,0.0945934,1.135053,0.2149276,1.159089,0.1806714,-0.9339117,-0.1217064,-0.2834683,212.9346,0.1883993,-0.9738578,-0.1269122,0.1149758,-0.06321452,0.01901078,0.1325779,0.4031745,-0.220135,-0.6918323,0.557099,112.2892,0.4854914,-0.2650803,-0.833085,-0.4205765,-0.2421264,-0.3697258,0.6100876,0.9441678,-0.1314166,0.2838522,-0.1034652,191.8775,0.9492623,-0.1321257,0.2853838,0.005406603,-0.03505301,0.08507238,0.09216971,-0.4373159,0.483772,0.3496289,0.6726658,95.45371,-0.5910102,0.6537932,0.4725057,-0.08014798,1.212994,-0.06955554,1.217627,0.0191979,-0.1547369,-0.1518226,-0.9760317,334.8605,0.08821416,-0.7110146,-0.6976232,True,True,False,False
1772879686510,12.12829,0.2071915,1.08223,0.1705751,1.115009,-0.4037567,-0.6609826,-0.5960046,0.2118045,155.5438,-0.4131297,-0.676327,-0.6098406,-0.100321,0.6268216,-0.06111867,0.6377344,0.5242344,0.2302127,-0.7650393,0.2947803,145.7113,0.548612,0.2409179,-0.8006146,0.09267817,1.152557,0.188127,1.171481,0.07238188,1.13664,0.234916,1.162917,0.0648793,1.116253,0.2213577,1.139837,-0.01293725,0.6385002,0.02756579,0.6392259,-0.003179621,0.6366681,0.07343856,0.6408975,-0.02170499,0.6285369,0.1048106,0.6375853,0.1000467,-0.08177185,0.04088209,0.1355261,0.1430469,-0.06828626,0.01218322,0.1589776,0.131374,-0.0818048,-0.006167552,0.1548845,-0.1097882,0.04826511,-0.03541587,0.125049,-0.1551242,0.0543603,-0.02490992,0.16625,-0.1777179,0.04603484,0.003615819,0.183619,0.09732525,-0.07600899,0.05093887,0.1335827,0.1174712,-0.06692764,0.0181977,0.1364183,0.09528778,-0.06472293,0.003310569,0.1152379,-0.1111212,0.05046253,-0.03321764,0.1264824,-0.1543243,0.05554914,-0.02488605,0.1658946,-0.177049,0.04695624,0.002788426,0.1831911,0.1003127,-0.0708409,0.03013371,0.126448,-0.03204625,0.9925116,0.1166123,-0.01718666,181.9695,-0.03205099,0.9926582,0.1166295,-0.141895,0.04937722,-0.01755036,0.1512624,0.1416108,-0.4904568,-0.1943208,0.8376384,66.21686,0.2592536,-0.8979021,-0.3557521,0.09451657,1.135437,0.2145373,1.159387,0.1723701,-0.9350413,-0.1216246,-0.2849453,213.1112,0.1798249,-0.975481,-0.1268847,0.114407,-0.06309517,0.01912666,0.1320446,0.3999846,-0.2283535,-0.6912201,0.5568498,112.3236,0.4815534,-0.2749216,-0.8321804,-0.419354,-0.2429934,-0.3709298,0.6103216,0.9443597,-0.1356228,0.2784404,-0.1107348,192.7154,0.9502035,-0.136462,0.2801634,0.005483434,-0.03543723,0.08546275,0.09268089,-0.4349933,0.4865245,0.3562412,0.6687056,96.06553,-0.58504,0.6543463,0.4791232,-0.08042756,1.212851,-0.06930727,1.217489,0.0191498,-0.1544258,-0.1523356,-0.976002,334.8448,0.08793928,-0.7091507,-0.6995518,True,True,False,False
1772879686524,12.14179,0.2064906,1.082458,0.1698105,1.114984,-0.4058563,-0.659628,-0.5961111,0.2117149,155.5543,-0.4152698,-0.6749276,-0.6099375,-0.1003936,0.6268438,-0.06112518,0.6377681,0.5243046,0.2304265,-0.7649358,0.294757,145.7141,0.5486812,0.2411398,-0.8005002,0.09217077,1.153039,0.1878366,1.171869,0.07242069,1.136926,0.233191,1.162851,0.0646342,1.117006,0.2207491,1.140443,-0.01301434,0.6385427,0.02754217,0.6392689,-0.003263649,0.6366481,0.07344022,0.6408783,-0.02178064,0.6284885,0.1047991,0.6375383,0.1001427,-0.08182019,0.04065089,0.1355566,0.141669,-0.06885984,0.01211445,0.1579827,0.1310594,-0.08184126,-0.006082544,0.1546336,-0.1097707,0.04824071,-0.03545602,0.1250356,-0.1551201,0.05436418,-0.02490953,0.1662474,-0.1777065,0.046053,0.003614351,0.1836125,0.09755836,-0.07648981,0.05008765,0.1337053,0.1194733,-0.06708751,0.01769437,0.1381582,0.09824751,-0.0661393,0.002533389,0.1184626,-0.1110094,0.0502787,-0.03340284,0.1263598,-0.1543901,0.0554511,-0.02488799,0.1659233,-0.1771034,0.0468815,0.002856762,0.1832256,0.1017604,-0.0716622,0.02987723,0.1279972,-0.05230514,0.9928628,0.1064214,0.01273668,178.5405,-0.05230939,0.9929433,0.10643,-0.1418033,0.04924721,-0.01764747,0.1511452,0.1411338,-0.489729,-0.1955017,0.8378698,66.16828,0.2585484,-0.897153,-0.3581469,0.09409414,1.136649,0.2128159,1.160222,0.1604903,-0.9356704,-0.1205085,-0.2902441,213.7451,0.1677098,-0.9777603,-0.1259294,0.1141758,-0.06285611,0.01893238,0.1317021,0.398008,-0.2338062,-0.6888013,0.5589966,112.0271,0.4800078,-0.2819762,-0.8307118,-0.4188973,-0.2431955,-0.3715215,0.6104484,0.9434775,-0.1418673,0.2761505,-0.1160386,193.3271,0.9498942,-0.1428322,0.2780287,0.005905859,-0.03664923,0.08718412,0.09475819,-0.4324112,0.4930042,0.3643689,0.6612133,97.21506,-0.576396,0.6571654,0.4856969,-0.08074256,1.212672,-0.06903814,1.217317,0.01879188,-0.1543267,-0.152679,-0.9759709,334.8285,0.08624054,-0.708243,-0.7006813,True,True,False,False
1772879686538,12.15671,0.2054625,1.08348,0.1677627,1.115477,-0.4077817,-0.6584007,-0.596173,0.2116615,155.5605,-0.417235,-0.6736639,-0.6099937,-0.1005214,0.6269744,-0.06101466,0.6379061,0.5243046,0.2304265,-0.7649358,0.294757,145.7141,0.5486812,0.2411398,-0.8005002,0.09141977,1.154399,0.1863946,1.172919,0.0721115,1.137658,0.2306219,1.163036,0.0638563,1.118507,0.2190901,1.14155,-0.01316146,0.6386703,0.02764229,0.6394036,-0.003389519,0.6367714,0.07354255,0.6410131,-0.02190047,0.6286106,0.1049014,0.6376796,0.1003323,-0.08168717,0.04053474,0.1355818,0.1405557,-0.06911555,0.01167021,0.1570638,0.1310545,-0.08186255,-0.006081626,0.1546407,-0.1097549,0.04823003,-0.0354447,0.1250144,-0.1551114,0.05437117,-0.0249088,0.1662415,-0.1776993,0.04606507,0.003611892,0.1836085,0.09777525,-0.07689617,0.04934074,0.133819,0.1211217,-0.06724607,0.01722336,0.1396035,0.1008126,-0.06736865,0.001859808,0.1212649,-0.1109114,0.05011852,-0.03356249,0.1262523,-0.1544465,0.05536667,-0.02488962,0.1659479,-0.17715,0.04681767,0.002915804,0.1832553,0.1029322,-0.07236146,0.02966662,0.1292723,-0.07000069,0.9921525,0.09624794,0.03833632,175.6059,-0.07005218,0.9928824,0.09631874,-0.1417225,0.04913439,-0.01773176,0.1510426,0.1407137,-0.4891123,-0.1965234,0.8380617,66.128,0.257918,-0.8965071,-0.360213,0.09411476,1.137013,0.2124027,1.160505,0.1540595,-0.9363689,-0.118253,-0.2923956,214.0029,0.1611,-0.9791607,-0.1236571,0.113946,-0.06262466,0.01881873,0.1313761,0.394092,-0.2443211,-0.6857588,0.5610114,111.7485,0.4760668,-0.2951422,-0.8284031,-0.417324,-0.2440986,-0.3726709,0.6104318,0.9429781,-0.1493338,0.2700186,-0.1248277,194.3416,0.9504116,-0.1505111,0.2721472,0.005885243,-0.03701305,0.0875973,0.09527795,-0.4294482,0.4969546,0.3684208,0.6579336,97.71507,-0.5702589,0.6598998,0.4892213,-0.08093052,1.212447,-0.06880267,1.217091,0.01849071,-0.1542488,-0.1528661,-0.9759597,334.8226,0.08483884,-0.7077224,-0.701378,True,True,False,False
1772879686552,12.16992,0.2053068,1.08371,0.1668718,1.115537,-0.409483,-0.6574812,-0.596015,0.2116798,155.5584,-0.4189773,-0.6727257,-0.6098344,-0.1006012,0.6270494,-0.06096378,0.6379876,0.5243046,0.2304265,-0.7649358,0.294757,145.7141,0.5486812,0.2411398,-0.8005002,0.09153269,1.154973,0.1857362,1.173388,0.07203174,1.138011,0.2299607,1.163246,0.063752,1.119144,0.2187093,1.142095,-0.01323447,0.6387908,0.02768462,0.6395274,-0.003511932,0.6368963,0.07364962,0.6411502,-0.02199589,0.6287101,0.1049778,0.6377935,0.1002728,-0.08172148,0.04056847,0.1355686,0.1405299,-0.06937169,0.01140308,0.1571341,0.1312689,-0.08192223,-0.006142182,0.1548564,-0.1097583,0.04820234,-0.03548224,0.1250173,-0.1551628,0.05430333,-0.02489404,0.166265,-0.177724,0.04603553,0.00361491,0.183625,0.09798936,-0.07730983,0.04858871,0.1339387,0.1227855,-0.0674283,0.0167244,0.1410764,0.1034235,-0.0686163,0.001173812,0.1241209,-0.1108125,0.04995425,-0.03372706,0.1261442,-0.1545079,0.05527551,-0.02488999,0.1659747,-0.1771992,0.04675062,0.002975737,0.1832867,0.1040583,-0.07306084,0.02945261,0.1305123,-0.0880712,0.9904291,0.08477132,0.06408947,172.6508,-0.08825263,0.9924694,0.08494595,-0.1416391,0.04901753,-0.01782011,0.1509367,0.1402445,-0.4884936,-0.197477,0.838277,66.08276,0.2572138,-0.8959164,-0.3621806,0.09416456,1.137321,0.2120506,1.160746,0.1501102,-0.9365025,-0.1163584,-0.2947725,214.2878,0.1570901,-0.9800485,-0.1217689,0.1140883,-0.06258005,0.01858989,0.1314457,0.3932211,-0.2502106,-0.6840222,0.5611466,111.7297,0.4750673,-0.3022903,-0.8263968,-0.4169769,-0.2442168,-0.3730885,0.6104971,0.9422252,-0.1527806,0.2679222,-0.1307199,195.0224,0.95038,-0.1541029,0.270241,0.005835444,-0.03732097,0.0879494,0.09571835,-0.4277441,0.5003266,0.3704147,0.6553636,98.10555,-0.5663131,0.662409,0.4904118,-0.08122156,1.212214,-0.06853018,1.216863,0.01792227,-0.1545287,-0.1531074,-0.9758882,334.785,0.0821102,-0.7079672,-0.7014557,True,True,False,False
1772879686566,12.18373,0.2051662,1.083845,0.165791,1.115482,-0.4111722,-0.6567371,-0.5956443,0.2117587,155.5491,-0.4207131,-0.6719762,-0.6094658,-0.1008101,0.627171,-0.06091272,0.6381351,0.5243046,0.2304265,-0.7649358,0.294757,145.7141,0.5486812,0.2411398,-0.8005002,0.09153432,1.155308,0.1848074,1.173571,0.07226732,1.138379,0.2296243,1.163553,0.06361045,1.11965,0.2182725,1.1425,-0.01342844,0.6389971,0.02771633,0.6397389,-0.003767055,0.6370239,0.0737503,0.6412899,-0.02220595,0.6288348,0.1050331,0.6379328,0.10019,-0.08187715,0.04048289,0.1355757,0.14076,-0.06907651,0.01121528,0.1571964,0.1316055,-0.08194657,-0.006252423,0.1551591,-0.109762,0.04815251,-0.03555493,0.1250221,-0.1551978,0.05426478,-0.0248502,0.1662786,-0.1777283,0.04603228,0.003615059,0.1836284,0.09815794,-0.07765972,0.04796775,0.1340407,0.1241625,-0.06755456,0.01630236,0.1422874,0.1055825,-0.06963749,0.0006049104,0.1264808,-0.110732,0.04981622,-0.03386709,0.1260564,-0.1545608,0.05519808,-0.02488695,0.1659977,-0.1772397,0.04669559,0.003024713,0.1833127,0.1049437,-0.07362343,0.02926558,0.1314917,-0.103881,0.9881308,0.07456178,0.08512782,170.2332,-0.1042594,0.9917308,0.07483343,-0.1415676,0.04891966,-0.01789683,0.150847,0.1398491,-0.4879658,-0.1982907,0.8384584,66.04464,0.2566199,-0.8954064,-0.3638591,0.09436233,1.138237,0.2102412,1.16133,0.1389739,-0.9366447,-0.1277258,-0.2950749,214.3241,0.1454502,-0.9802931,-0.133678,0.1144302,-0.06236497,0.01836658,0.1316092,0.3919904,-0.254645,-0.6838661,0.5602024,111.8604,0.473215,-0.3074102,-0.8255705,-0.4167093,-0.2441543,-0.3735229,0.6105549,0.9419729,-0.1542999,0.2658224,-0.1349712,195.5139,0.950672,-0.1557248,0.2682772,0.005637668,-0.03823674,0.08975877,0.09772649,-0.4322445,0.4963357,0.3832078,0.648049,99.21068,-0.5675488,0.6517023,0.5031623,-0.08152928,1.212144,-0.06825367,1.216799,0.01723533,-0.1544357,-0.1536844,-0.9758247,334.7517,0.07886037,-0.7066218,-0.7031844,True,True,False,False
1772879686579,12.19754,0.2047026,1.083886,0.164157,1.115195,-0.4137532,-0.6559867,-0.5945897,0.2120208,155.5184,-0.4233787,-0.6712475,-0.6084222,-0.101357,0.6286362,-0.06054552,0.6396269,0.5243046,0.2304265,-0.7649358,0.294757,145.7141,0.5486812,0.2411398,-0.8005002,0.09143643,1.156263,0.1826216,1.174161,0.0723394,1.138469,0.2275682,1.163242,0.06390914,1.119995,0.2159865,1.142419,-0.01404167,0.6405268,0.02809732,0.6412966,-0.004355584,0.6384471,0.07413107,0.6427512,-0.02275045,0.6302915,0.1054031,0.6394488,0.09956384,-0.08245772,0.04118678,0.1356782,0.1398504,-0.06958275,0.01097536,0.1565898,0.1303456,-0.08237351,-0.006129432,0.1543144,-0.1097701,0.04805957,-0.03554869,0.1249916,-0.1551902,0.0542657,-0.02478999,0.1662628,-0.1777298,0.04603999,0.003620028,0.1836319,0.09827023,-0.07804292,0.04742616,0.1341528,0.1254154,-0.06771655,0.01587691,0.1434107,0.1075603,-0.0706547,6.704994E-05,0.1286907,-0.1106552,0.04967592,-0.0340014,0.1259697,-0.1546111,0.05512361,-0.0248792,0.1660186,-0.1772788,0.04664322,0.00307226,0.183338,0.1056922,-0.07419802,0.02910991,0.1323767,-0.1192785,0.9852774,0.06416258,0.1043273,168.0232,-0.1199329,0.9906837,0.06451464,-0.1414975,0.04882178,-0.01797085,0.1507583,0.1394988,-0.4874499,-0.199222,0.838596,66.01568,0.2560768,-0.8948077,-0.3657103,0.09473041,1.138665,0.2099269,1.161723,0.1334504,-0.9383562,-0.1288038,-0.2916989,213.9194,0.139518,-0.9810206,-0.1346601,0.113935,-0.06254034,0.01898082,0.1313498,0.38051,-0.256674,-0.6812338,0.570308,110.4566,0.4632282,-0.3124717,-0.8293257,-0.4147587,-0.2431484,-0.3744043,0.609364,0.9415771,-0.1687506,0.2597489,-0.1322365,195.1977,0.949919,-0.1702457,0.2620502,0.005269594,-0.03866506,0.09007315,0.09816276,-0.4294523,0.4946609,0.3891439,0.6476486,99.27091,-0.5636306,0.649213,0.5107281,-0.08185769,1.21196,-0.06794675,1.21662,0.01729549,-0.1541659,-0.1543117,-0.9757672,334.7216,0.07904297,-0.7045611,-0.7052275,True,True,False,False
1772879686593,12.21075,0.2043482,1.083767,0.1637186,1.11495,-0.4172666,-0.6547891,-0.593146,0.2128794,155.4177,-0.4270554,-0.67015,-0.6070607,-0.1015435,0.6290342,-0.06044983,0.6400385,0.5243046,0.2304265,-0.7649358,0.294757,145.7141,0.5486812,0.2411398,-0.8005002,0.09143613,1.15658,0.1826941,1.174485,0.07264411,1.138732,0.22723,1.163453,0.06410328,1.120406,0.2157616,1.142791,-0.01412568,0.6411268,0.02813456,0.6418993,-0.004569334,0.6389388,0.07432763,0.6432638,-0.0230725,0.6308811,0.1056531,0.6400827,0.09944268,-0.08262259,0.04117696,0.1356867,0.1392033,-0.07002921,0.01091781,0.1562077,0.1297355,-0.08277353,-0.006060891,0.1540114,-0.1097859,0.04798761,-0.03577077,0.1250412,-0.155297,0.05417495,-0.02479918,0.1663342,-0.1778772,0.04580144,0.003636636,0.1837153,0.09836381,-0.07840843,0.0469274,0.1342591,0.1265159,-0.06790113,0.01548111,0.1444178,0.1093301,-0.07162193,-0.0004220361,0.1307018,-0.1105858,0.04954117,-0.03414262,0.1258939,-0.1546658,0.0550479,-0.02487282,0.1660435,-0.1773266,0.04657604,0.003117304,0.1833678,0.1063261,-0.07473941,0.02894757,0.133151,-0.1336454,0.9821227,0.0539243,0.1211036,166.0884,-0.1346364,0.9894049,0.05432413,-0.1414379,0.04872014,-0.01804799,0.1506787,0.1393503,-0.4868628,-0.2002497,0.838717,65.99023,0.2558916,-0.8940356,-0.3677223,0.09539983,1.139185,0.2098923,1.162282,0.1271258,-0.941819,-0.1279398,-0.2836324,212.9543,0.1325701,-0.9821531,-0.1334189,0.113401,-0.06274575,0.01918859,0.1310154,0.3789355,-0.257857,-0.6793663,0.5730438,110.0745,0.4623845,-0.3146421,-0.828976,-0.4145337,-0.2427683,-0.374935,0.6093857,0.9397365,-0.1748234,0.2616382,-0.1337072,195.3677,0.9482509,-0.1764074,0.2640087,0.004600167,-0.0391854,0.09010769,0.09836694,-0.4227251,0.4912216,0.3964973,0.6502268,98.88259,-0.5564075,0.6465653,0.5218854,-0.08216091,1.211846,-0.06762315,1.216509,0.01700878,-0.1538925,-0.154941,-0.9757157,334.6946,0.07765117,-0.7025746,-0.7073615,True,True,False,False
1772879686607,12.22491,0.2039548,1.083686,0.1634076,1.114753,-0.422603,-0.6526742,-0.5909075,0.2150617,155.1617,-0.4327286,-0.6683124,-0.6050658,-0.1017115,0.6290614,-0.06043307,0.6400903,0.5243046,0.2304265,-0.7649358,0.294757,145.7141,0.5486812,0.2411398,-0.8005002,0.0914555,1.156744,0.1839374,1.174842,0.07325043,1.139077,0.2276331,1.163907,0.06473686,1.120991,0.216019,1.143449,-0.01426854,0.6412616,0.02813317,0.642037,-0.004733902,0.6389841,0.07435276,0.6433129,-0.02328221,0.6309672,0.1057176,0.6401858,0.09965944,-0.08260592,0.04073371,0.1357018,0.1385124,-0.07053305,0.01077456,0.1558097,0.1287563,-0.08323631,-0.005896352,0.1534315,-0.1097984,0.0479283,-0.03586492,0.1250564,-0.1553095,0.05416388,-0.02481055,0.166344,-0.1779228,0.04572804,0.003641911,0.1837412,0.09846312,-0.07873016,0.04645268,0.134355,0.1274354,-0.06810286,0.01512037,0.1452804,0.1108191,-0.07251213,-0.0008416243,0.1324371,-0.1105255,0.04941755,-0.03427463,0.1258282,-0.1547152,0.05498014,-0.02486805,0.1660663,-0.1773723,0.04651104,0.003157513,0.1833962,0.106858,-0.07522254,0.02875307,0.1338051,-0.1463239,0.9790225,0.04431623,0.134686,164.5191,-0.1476694,0.9880251,0.04472374,-0.141388,0.04862544,-0.01811935,0.1506098,0.1392941,-0.4862936,-0.2012899,0.8388076,65.97117,0.255854,-0.8932193,-0.3697273,0.09687223,1.140367,0.2092853,1.163452,0.1237659,-0.9428251,-0.140449,-0.2757478,212.0132,0.1287578,-0.9808528,-0.1461138,0.1125148,-0.06315028,0.01943263,0.1304805,0.3805009,-0.2584814,-0.6761028,0.5755793,109.7196,0.4653045,-0.3160901,-0.8267882,-0.4148203,-0.2425413,-0.3758368,0.6100454,0.9360928,-0.1820877,0.2684214,-0.1361044,195.645,0.9448854,-0.183798,0.2709427,0.003127776,-0.04036653,0.09071475,0.09933985,-0.4269837,0.4797021,0.4054428,0.6505284,98.8371,-0.5622037,0.6316174,0.5338411,-0.08245627,1.211685,-0.06738888,1.216355,0.01675367,-0.1536531,-0.1556964,-0.9756376,334.6538,0.07636537,-0.7003704,-0.7096841,True,True,False,False
1772879686620,12.23934,0.203817,1.083759,0.1632223,1.114772,-0.429373,-0.6492816,-0.5879953,0.2198492,154.5997,-0.4401416,-0.6655655,-0.6027421,-0.1018306,0.6286047,-0.06042797,0.63966,0.5243046,0.2304265,-0.7649358,0.294757,145.7141,0.5486812,0.2411398,-0.8005002,0.09212944,1.157646,0.1855706,1.176039,0.07397659,1.138979,0.2293213,1.164188,0.06638655,1.121373,0.2154677,1.143814,-0.01446708,0.6407536,0.02816847,0.6415356,-0.004820068,0.6384673,0.07427472,0.6427912,-0.02331133,0.6303833,0.1056218,0.6395956,0.09946809,-0.08275237,0.04112085,0.1357674,0.1381725,-0.07129739,0.01009076,0.1558101,0.1260153,-0.08439425,-0.005406782,0.1517613,-0.109794,0.04790899,-0.03576763,0.1250173,-0.1552281,0.05423363,-0.02482131,0.1662923,-0.1778264,0.04588636,0.003631368,0.1836871,0.09854522,-0.07905873,0.04601713,0.1344582,0.1283125,-0.06836382,0.01470951,0.1461303,0.1120604,-0.07348277,-0.001214544,0.1340102,-0.1104657,0.04929432,-0.03439659,0.1257606,-0.1547571,0.05491916,-0.02486423,0.1660846,-0.1774094,0.04646001,0.003196222,0.1834198,0.1073368,-0.07572039,0.02853454,0.134421,-0.1581806,0.9760221,0.03418089,0.1455728,163.2591,-0.1598838,0.9865312,0.03454892,-0.1413366,0.0485372,-0.01818549,0.1505411,0.1391347,-0.4857874,-0.2022953,0.8388855,65.95478,0.2556175,-0.892486,-0.3716559,0.09789352,1.140882,0.2095902,1.164097,0.1147161,-0.946889,-0.1447808,-0.263211,210.5214,0.118909,-0.9814982,-0.1500726,0.1105103,-0.06421141,0.02068177,0.1294734,0.371997,-0.2532386,-0.6781986,0.5809777,108.9613,0.4570439,-0.3111347,-0.8332502,-0.4150289,-0.2425917,-0.3781914,0.6116604,0.9346206,-0.1933298,0.2705188,-0.1262051,194.5007,0.9421539,-0.1948881,0.2726993,0.00210648,-0.04088175,0.09040985,0.09924563,-0.4209286,0.4708314,0.4177777,0.6531454,98.44167,-0.5558775,0.621779,0.5517163,-0.08273979,1.211442,-0.06719861,1.216122,0.01622938,-0.1535683,-0.1562794,-0.9755666,334.6167,0.07386927,-0.698978,-0.711318,True,True,False,False
1772879686635,12.25313,0.2031587,1.083656,0.1627531,1.114483,-0.436447,-0.6455473,-0.584796,0.2253803,153.9495,-0.4479729,-0.6625953,-0.6002396,-0.101798,0.6284807,-0.06042419,0.6395325,0.524299,0.2301776,-0.7650072,0.2947764,145.7117,0.5486788,0.2408808,-0.8005798,0.09232135,1.158175,0.1872695,1.176844,0.07509041,1.13907,0.2308316,1.164647,0.0673216,1.121657,0.2162425,1.144294,-0.0144825,0.6406408,0.0281922,0.6414244,-0.00481413,0.6383999,0.07427089,0.6427237,-0.02324883,0.6302519,0.1055836,0.6394575,0.09934767,-0.08282557,0.04134134,0.1357908,0.137447,-0.07151597,0.01003452,0.155264,0.1245524,-0.08495571,-0.005114818,0.1508541,-0.1097985,0.04787979,-0.03572863,0.1249989,-0.155218,0.05420318,-0.02482764,0.166274,-0.1777815,0.04595932,0.003626496,0.1836619,0.09861196,-0.07937203,0.04562823,0.1345592,0.1290722,-0.06862599,0.01432067,0.1468817,0.1130994,-0.07443701,-0.001538942,0.1354057,-0.1104102,0.04917667,-0.03450738,0.1256962,-0.1547954,0.05485961,-0.02486118,0.1661002,-0.1774403,0.04641837,0.003232009,0.1834399,0.1077464,-0.07619272,0.0283137,0.1349677,-0.1695109,0.9730649,0.02424991,0.154346,162.2423,-0.1715668,0.9848667,0.02454402,-0.1412862,0.04845574,-0.01824655,0.1504749,0.1388574,-0.4853586,-0.2031111,0.8389824,65.93435,0.2551783,-0.8919435,-0.3732573,0.100034,1.141806,0.2103211,1.165317,0.1066759,-0.9520859,-0.1538327,-0.2418439,207.9908,0.1099394,-0.9812129,-0.1585389,0.1091673,-0.06463221,0.02131876,0.1286441,0.3712511,-0.2530507,-0.673877,0.5865388,108.1765,0.4583793,-0.3124387,-0.8320279,-0.4158688,-0.2424261,-0.3789755,0.6126497,0.929519,-0.2066851,0.2788217,-0.1246371,194.3196,0.9368238,-0.2083094,0.2810129,-3.39523E-05,-0.0418061,0.08967893,0.09894474,-0.414453,0.4531604,0.4329741,0.6598547,97.42243,-0.5515792,0.6030934,0.5762283,-0.08299761,1.211295,-0.06698878,1.215981,0.01550178,-0.1533431,-0.1569319,-0.9755091,334.5867,0.07047576,-0.6971437,-0.7134597,True,True,False,False
1772879686649,12.26739,0.2032713,1.083814,0.1625631,1.114629,-0.4443669,-0.642215,-0.5796355,0.2326386,153.0951,-0.4569028,-0.6603323,-0.5959874,-0.1017377,0.6284312,-0.06050456,0.6394819,0.524299,0.2301776,-0.7650072,0.2947764,145.7117,0.5486788,0.2408808,-0.8005798,0.09343667,1.159263,0.1889095,1.178264,0.07769081,1.139036,0.2312373,1.164864,0.06981421,1.121936,0.2174972,1.144954,-0.01433942,0.6407998,0.02808004,0.641575,-0.004778017,0.6383947,0.07422478,0.642713,-0.02318783,0.6302013,0.1055021,0.6393919,0.09872948,-0.08318857,0.04221901,0.1358319,0.1349156,-0.07230777,0.01026773,0.1534146,0.1224971,-0.08517279,-0.004681861,0.1492711,-0.1098353,0.04778831,-0.03593263,0.1250547,-0.1552528,0.05415307,-0.02482901,0.1662903,-0.1777804,0.04596068,0.003626399,0.1836612,0.09862133,-0.07967632,0.04535641,0.134654,0.1295381,-0.06891953,0.01399753,0.1473972,0.1138487,-0.07529297,-0.001789527,0.1365055,-0.1103644,0.04906597,-0.03462102,0.1256439,-0.1548319,0.05480327,-0.02485862,0.1661152,-0.1774674,0.04638188,0.003263454,0.1834574,0.1079804,-0.07664205,0.02816891,0.1353782,-0.1791535,0.9704901,0.01575042,0.1606396,161.5119,-0.1815108,0.9832596,0.01595766,-0.1412408,0.04837995,-0.01830979,0.1504156,0.1385807,-0.4849009,-0.2039127,0.8390984,65.90993,0.2547534,-0.8913953,-0.3748536,0.1011531,1.142139,0.2109501,1.165853,0.09380099,-0.958571,-0.1519805,-0.2219125,205.6428,0.09619958,-0.9830826,-0.1558668,0.1076241,-0.06496241,0.02233427,0.1276788,0.3704186,-0.2466164,-0.667553,0.5969452,106.6972,0.4617063,-0.3073936,-0.8320677,-0.4174089,-0.2417222,-0.3807265,0.6145018,0.9220054,-0.2240319,0.2933735,-0.1168255,193.4179,0.9283624,-0.2255765,0.2953962,-0.001153104,-0.04213905,0.08904988,0.09852365,-0.3988073,0.4433393,0.4481098,0.6660336,96.47667,-0.5346503,0.5943509,0.6007463,-0.08340135,1.211148,-0.06677462,1.215852,0.01514354,-0.1531972,-0.1574629,-0.9754521,334.5571,0.06876814,-0.6956817,-0.7150527,True,True,False,False
1772879686663,12.28028,0.2025818,1.083833,0.1618018,1.114411,-0.4524807,-0.6392961,-0.5731953,0.2408504,152.1265,-0.4662047,-0.6586862,-0.5905806,-0.1017354,0.6284226,-0.06056998,0.6394793,0.524299,0.2301776,-0.7650072,0.2947764,145.7117,0.5486788,0.2408808,-0.8005798,0.09334247,1.158979,0.1911679,1.178342,0.07899291,1.139091,0.2332239,1.165402,0.07109565,1.122024,0.2192363,1.14545,-0.01433047,0.6408657,0.02800295,0.6416373,-0.004781474,0.6383966,0.07417116,0.6427087,-0.02319942,0.6302124,0.1054523,0.6393951,0.09883691,-0.08324328,0.04176506,0.1358032,0.1343977,-0.07252726,0.01028888,0.1530647,0.1214202,-0.08534278,-0.0044304,0.1484786,-0.1098418,0.0477398,-0.03599039,0.1250585,-0.1552644,0.05414107,-0.02482809,0.1662971,-0.1777954,0.04593622,0.003627941,0.1836695,0.09863906,-0.07996956,0.04506117,0.1347416,0.1299376,-0.06921612,0.01369265,0.1478585,0.1144712,-0.07611915,-0.002006629,0.1374838,-0.1103214,0.04895695,-0.03473359,0.1255947,-0.1548674,0.05474884,-0.02485611,0.16613,-0.1774944,0.04634524,0.003293418,0.1834748,0.108195,-0.07706846,0.02798219,0.1357523,-0.1880573,0.968052,0.007742326,0.1656797,160.9266,-0.1906928,0.9816183,0.007850828,-0.141198,0.04830498,-0.01837253,0.1503589,0.1383411,-0.484439,-0.2047486,0.8392012,65.88827,0.2543872,-0.8908058,-0.3765,0.1019862,1.142583,0.211488,1.166458,0.09937503,-0.9591863,-0.1527306,-0.21624,204.9766,0.1017832,-0.9824303,-0.1564317,0.1063914,-0.06526037,0.02291145,0.1268975,0.3744688,-0.2502055,-0.6575053,0.6040342,105.6813,0.4698724,-0.3139504,-0.8250182,-0.4184406,-0.2412248,-0.3814577,0.6154607,0.912295,-0.2394096,0.3096038,-0.1206102,193.8546,0.9190037,-0.2411701,0.3118805,-0.001986213,-0.04258263,0.08851202,0.09824257,-0.3986824,0.4381243,0.4452963,0.6714244,95.64581,-0.5379798,0.5912025,0.6008803,-0.08371142,1.21104,-0.06654989,1.215753,0.01500055,-0.1527844,-0.1576714,-0.9754853,334.5744,0.06816434,-0.6942713,-0.7164783,True,True,False,False
1772879686677,12.29398,0.2020612,1.0842,0.161512,1.114632,-0.459938,-0.6380748,-0.5649487,0.2493005,151.1278,-0.4749334,-0.6588781,-0.5833678,-0.1016979,0.6283855,-0.06064503,0.6394441,0.524299,0.2301776,-0.7650072,0.2947764,145.7117,0.5486788,0.2408808,-0.8005798,0.09330314,1.158956,0.1933445,1.178671,0.08021533,1.139264,0.2347458,1.16596,0.07290596,1.122188,0.2204038,1.145949,-0.01426203,0.6409777,0.02788707,0.6417426,-0.004775119,0.6384276,0.0741442,0.6427363,-0.02317468,0.6301936,0.105392,0.6393657,0.09871576,-0.08341251,0.04156449,0.1357573,0.1333154,-0.07321726,0.01038663,0.1524521,0.119395,-0.08556869,-0.003908586,0.1469437,-0.1098434,0.04765561,-0.03612363,0.1250661,-0.1553152,0.0540684,-0.0248358,0.166322,-0.1778096,0.0459136,0.003629483,0.1836776,0.0986448,-0.08022756,0.04479913,0.1348118,0.1301907,-0.06951596,0.0134449,0.1481987,0.1148401,-0.07682729,-0.002149158,0.1381858,-0.1102856,0.04885943,-0.03483776,0.1255541,-0.154901,0.05469785,-0.02485459,0.1661443,-0.177518,0.04631289,0.003318602,0.1834899,0.108337,-0.07743789,0.02779618,0.1360374,-0.1945023,0.966298,0.001402354,0.1686268,160.584,-0.197328,0.9803364,0.001422727,-0.1411599,0.04823783,-0.01843175,0.1503088,0.1380929,-0.4840186,-0.2054497,0.8393133,65.86465,0.2540116,-0.890316,-0.3779094,0.1027175,1.143234,0.2118915,1.167233,0.1215288,-0.9565787,-0.1555834,-0.2144334,204.7646,0.124423,-0.97936,-0.1592887,0.1049887,-0.06594452,0.02344889,0.1261791,0.3697548,-0.2507145,-0.6648152,0.5987024,106.446,0.4616328,-0.313013,-0.830011,-0.4193361,-0.2410465,-0.3820948,0.6163949,0.9116073,-0.2370257,0.3153278,-0.1155834,193.2746,0.9177583,-0.238625,0.3174554,-0.002717495,-0.04323375,0.08810852,0.09818174,-0.4080231,0.4311956,0.4285681,0.6811146,94.1384,-0.5572739,0.5889226,0.585334,-0.08404782,1.210947,-0.06633846,1.215672,0.01466952,-0.152327,-0.1582314,-0.9754713,334.567,0.06664122,-0.6919965,-0.718819,True,True,False,False
1772879686691,12.3086,0.20132,1.085093,0.1614557,1.115358,-0.4676375,-0.6391357,-0.5527235,0.2594562,149.9244,-0.4842197,-0.661799,-0.5723228,-0.1015366,0.6282201,-0.06067259,0.6392584,0.524299,0.2301776,-0.7650072,0.2947764,145.7117,0.5486788,0.2408808,-0.8005798,0.09257036,1.158688,0.194868,1.178602,0.0815349,1.139553,0.2351156,1.166409,0.07583848,1.12244,0.2209711,1.146495,-0.01406527,0.6410018,0.02782107,0.6417595,-0.004679006,0.6382669,0.07418117,0.6425803,-0.02299515,0.6300022,0.1053436,0.6391626,0.09778281,-0.08425942,0.04120703,0.1354959,0.1307102,-0.07442594,0.0107621,0.1507985,0.1158236,-0.08519822,-0.002939709,0.143814,-0.1098569,0.04754529,-0.03628584,0.125083,-0.1553587,0.05401705,-0.02477328,0.1663367,-0.1777896,0.0459458,0.003627308,0.1836664,0.09857649,-0.0805471,0.04451444,0.1348581,0.1302319,-0.06990509,0.01323228,0.1483987,0.1149181,-0.07749072,-0.002211813,0.1386213,-0.1102516,0.04875528,-0.03495253,0.1255157,-0.1549373,0.05464389,-0.02484814,0.1661594,-0.1775395,0.0462838,0.003343068,0.1835038,0.1083454,-0.07784223,0.02759385,0.1362335,-0.1985415,0.9652218,-0.003056443,0.1700556,160.4179,-0.2014761,0.9794885,-0.003101619,-0.1411162,0.04816825,-0.01849925,0.1502537,0.1378068,-0.4835483,-0.2062405,0.8394374,65.83849,0.2535746,-0.8897647,-0.3794978,0.1030089,1.143291,0.2124281,1.167412,0.1084446,-0.9619226,-0.1509573,-0.2003914,203.1197,0.1106898,-0.9818383,-0.1540827,0.1030804,-0.06663916,0.02408771,0.1250862,0.3605389,-0.2453139,-0.683895,0.5849107,108.4066,0.4445074,-0.3024468,-0.8431722,-0.4200692,-0.2412586,-0.3828663,0.6174548,0.9158525,-0.2212209,0.319601,-0.1006531,191.5536,0.9205272,-0.2223501,0.3212323,-0.003008865,-0.04329085,0.08757195,0.09773432,-0.3930643,0.4268394,0.44139,0.6844587,93.61391,-0.5391445,0.585472,0.6054304,-0.08432737,1.21074,-0.06627806,1.215482,0.01496565,-0.1518165,-0.1582333,-0.975546,334.606,0.06808902,-0.6907178,-0.7199122,True,True,False,False
1772879686705,12.32227,0.2006518,1.085425,0.1609015,1.115481,-0.4750551,-0.640742,-0.5403777,0.2678887,148.9227,-0.4930771,-0.6650496,-0.5608778,-0.1015199,0.6282287,-0.06066583,0.6392636,0.524299,0.2301776,-0.7650072,0.2947764,145.7117,0.5486788,0.2408808,-0.8005798,0.0920956,1.158141,0.1967805,1.178344,0.08275027,1.139758,0.235743,1.166821,0.07681075,1.122613,0.2232667,1.147173,-0.01406241,0.6410063,0.02783534,0.6417645,-0.004710909,0.6382858,0.07421051,0.6426026,-0.0229562,0.6299794,0.1053251,0.6391357,0.09793052,-0.08437417,0.04061856,0.1354963,0.1292274,-0.07505478,0.01100462,0.1498468,0.1154713,-0.08524795,-0.002843335,0.1435581,-0.1098592,0.04753835,-0.03627132,0.1250782,-0.1553686,0.05397505,-0.02473989,0.1663273,-0.1777655,0.04598492,0.003624551,0.1836527,0.09852213,-0.08086915,0.04418661,0.1349032,0.1301474,-0.07033844,0.01304482,0.1485126,0.1149646,-0.07814349,-0.002264955,0.1390266,-0.1102186,0.04865288,-0.0350635,0.1254779,-0.1549736,0.05458761,-0.02483903,0.1661734,-0.1775586,0.04625865,0.003366755,0.1835163,0.1083155,-0.07825976,0.02737087,0.1364038,-0.2023983,0.9641878,-0.007305569,0.1712409,160.28,-0.2054327,0.9786431,-0.007415096,-0.1410699,0.04810093,-0.01856603,0.150197,0.1374444,-0.4831142,-0.2069142,0.839581,65.8082,0.2530111,-0.8893289,-0.3808929,0.1025588,1.143104,0.2130591,1.167304,0.1047744,-0.9630352,-0.1570555,-0.1921437,202.1558,0.1067638,-0.9813203,-0.1600375,0.102174,-0.06719254,0.02414914,0.1246497,0.3569309,-0.2557733,-0.6751781,0.5927184,107.2997,0.4431668,-0.3175691,-0.8383037,-0.4206522,-0.2411262,-0.3828991,0.6178202,0.9076566,-0.2336123,0.331497,-0.1081429,192.4165,0.913011,-0.2349904,0.3334526,-0.00255879,-0.04310417,0.08694096,0.09707341,-0.3921899,0.4184195,0.4482221,0.6857182,93.41577,-0.5388206,0.5748569,0.615802,-0.08464716,1.210607,-0.06618054,1.215366,0.01488464,-0.1512536,-0.1584923,-0.9755926,334.6303,0.06778428,-0.6888055,-0.7217703,True,True,False,False
1772879686718,12.33705,0.198789,1.084911,0.1612519,1.114698,-0.483381,-0.6420606,-0.5275415,0.2753198,148.0379,-0.5028133,-0.6678721,-0.5487491,-0.1016102,0.6282923,-0.06068932,0.6393427,0.524299,0.2301776,-0.7650072,0.2947764,145.7117,0.5486788,0.2408808,-0.8005798,0.09053848,1.157111,0.1987941,1.177549,0.08335433,1.13909,0.2354595,1.166154,0.07829031,1.122233,0.2243972,1.147122,-0.0141339,0.6411379,0.02779175,0.6418956,-0.004837174,0.6383964,0.07423989,0.6427169,-0.02305483,0.6300591,0.105307,0.6392148,0.09751508,-0.08492549,0.04023598,0.135427,0.1259642,-0.0759618,0.01140862,0.1475376,0.1127742,-0.08472246,-0.002062552,0.141068,-0.1098598,0.0475033,-0.03633571,0.1250841,-0.1554181,0.053914,-0.02472882,0.1663521,-0.1777716,0.04596737,0.00362134,0.1836541,0.09844247,-0.08118998,0.04387414,0.1349358,0.1298165,-0.07078321,0.01291541,0.148423,0.1147914,-0.07866385,-0.002248946,0.1391766,-0.1101902,0.04856195,-0.03516413,0.1254459,-0.1550087,0.05453433,-0.02483032,0.1661874,-0.1775754,0.04623561,0.003386891,0.1835272,0.1081629,-0.07865214,0.02717571,0.1364694,-0.2046461,0.9637235,-0.009579713,0.1710708,160.2998,-0.207708,0.9781426,-0.009723044,-0.1410271,0.04804057,-0.01862809,0.1501451,0.1370881,-0.4827311,-0.2074459,0.8397284,65.77711,0.2524612,-0.8889966,-0.382032,0.1027302,1.143412,0.2138664,1.167768,0.07824498,-0.9690776,-0.1639818,-0.1669617,199.2224,0.07935891,-0.9828739,-0.1663163,0.1006273,-0.06777095,0.0247373,0.1238172,0.3431697,-0.25732,-0.6773887,0.5976334,106.5988,0.4280155,-0.3209401,-0.8448671,-0.421114,-0.2412232,-0.3822684,0.6177822,0.9045053,-0.2418437,0.3357476,-0.1032268,191.85,0.909363,-0.2431426,0.3375507,-0.002730221,-0.04341173,0.08613361,0.09649369,-0.3751939,0.4018702,0.47754,0.6853361,93.47592,-0.5152156,0.5518474,0.655757,-0.08496825,1.210515,-0.06603443,1.215289,0.01482364,-0.1507113,-0.1585642,-0.9756658,334.6685,0.06760667,-0.6873543,-0.7231694,True,True,False,False
1772879686731,12.34982,0.1974839,1.084587,0.1611598,1.114137,-0.4923785,-0.6431416,-0.5141826,0.2820438,147.2356,-0.5132142,-0.670357,-0.5359409,-0.1016563,0.6282681,-0.06070701,0.6393279,0.524299,0.2301776,-0.7650072,0.2947764,145.7117,0.5486788,0.2408808,-0.8005798,0.09027373,1.157687,0.2002723,1.178345,0.08401198,1.139148,0.236187,1.166405,0.0793386,1.122442,0.2264406,1.147801,-0.01414566,0.6411397,0.02774431,0.6418957,-0.004903798,0.6384398,0.0742619,0.642763,-0.02314864,0.6300989,0.1053294,0.6392611,0.09725874,-0.08498803,0.04105129,0.1355265,0.1243384,-0.0767388,0.01153143,0.1465669,0.1117964,-0.08456536,-0.001786139,0.1401889,-0.1098469,0.04750957,-0.03638603,0.1250897,-0.1554638,0.05384941,-0.02474611,0.1663765,-0.1778094,0.04588643,0.003624596,0.1836706,0.09834187,-0.08151273,0.04363425,0.1349792,0.129351,-0.07128932,0.0127978,0.1482485,0.1145369,-0.07916536,-0.002209616,0.1392506,-0.110161,0.04847252,-0.03526796,0.1254148,-0.1550474,0.05447612,-0.02482316,0.1662033,-0.1775953,0.04620594,0.003407091,0.1835393,0.1079254,-0.07906238,0.02705462,0.1364943,-0.2060156,0.9635644,-0.01136868,0.1702113,160.3998,-0.2090664,0.9778334,-0.01153703,-0.1409846,0.04797784,-0.01869243,0.1500931,0.1367384,-0.4823428,-0.2078899,0.8398987,65.74115,0.2519394,-0.8887129,-0.3830356,0.1027782,1.14368,0.2145717,1.168165,0.06542486,-0.9691699,-0.1779206,-0.1573966,198.1116,0.06625064,-0.9814026,-0.1801663,0.09973837,-0.06807597,0.02519005,0.1233557,0.3326795,-0.259729,-0.6595745,0.621954,103.0821,0.4248488,-0.3316874,-0.8423107,-0.4220175,-0.2413471,-0.3823487,0.6184964,0.8896989,-0.2733479,0.3500318,-0.1058053,192.1471,0.894721,-0.2748909,0.3520076,-0.002778158,-0.04368007,0.08542831,0.09598783,-0.3759219,0.3893227,0.4939452,0.6805357,94.22897,-0.5130533,0.5313426,0.67413,-0.08533864,1.210408,-0.06586745,1.215199,0.01498598,-0.1499656,-0.1589155,-0.9757211,334.6974,0.06842387,-0.6847215,-0.7255858,True,True,False,False
1772879686746,12.36325,0.1963029,1.084073,0.1619494,1.113543,-0.5002428,-0.6436662,-0.5032284,0.2867268,146.6758,-0.5221673,-0.6718767,-0.5252838,-0.1016968,0.6283262,-0.06072517,0.6393932,0.524299,0.2301776,-0.7650072,0.2947764,145.7117,0.5486788,0.2408808,-0.8005798,0.08998341,1.15812,0.2017499,1.179001,0.08459031,1.13915,0.2373322,1.166681,0.08108154,1.122482,0.2273814,1.148148,-0.01415696,0.6411787,0.02771535,0.6419335,-0.004946355,0.6385251,0.07425395,0.6428471,-0.02321338,0.6301906,0.1053343,0.6393546,0.09667224,-0.08529832,0.04182748,0.1355392,0.1227859,-0.07735194,0.01166131,0.1455874,0.1093551,-0.08409979,-0.001114376,0.1379585,-0.1098408,0.04754402,-0.03639654,0.1251005,-0.1554785,0.05382786,-0.02475926,0.1663852,-0.1778314,0.04584447,0.003626533,0.1836815,0.09821793,-0.08179375,0.04350013,0.1350157,0.1288636,-0.07173936,0.01271343,0.1480338,0.1141522,-0.07953165,-0.002128315,0.1391422,-0.1101373,0.04840359,-0.03535174,0.1253909,-0.1550794,0.054428,-0.02481842,0.1662167,-0.1776128,0.0461791,0.003423381,0.1835499,0.1076482,-0.07940281,0.02700509,0.1364633,-0.2055275,0.963995,-0.01163984,0.1683348,160.618,-0.2085029,0.9779505,-0.01180835,-0.1409514,0.04792758,-0.01874417,0.1500523,0.1364692,-0.4820321,-0.2081903,0.8400465,65.70995,0.2515495,-0.8885146,-0.3837507,0.1027152,1.144204,0.2165231,1.169032,0.08402817,-0.9717823,-0.1671495,-0.1436651,196.52,0.08490899,-0.9819689,-0.1689017,0.0984409,-0.06863781,0.02582977,0.1227556,0.3132149,-0.2572707,-0.657153,0.6354985,101.0861,0.4056651,-0.3332081,-0.8511218,-0.4227646,-0.2414685,-0.3822977,0.6190221,0.8841838,-0.2926923,0.3503378,-0.09906525,191.3707,0.8885546,-0.2941392,0.3520696,-0.002715163,-0.04420424,0.08347689,0.09449749,-0.3682242,0.3828716,0.4790337,0.6988184,91.33544,-0.5147836,0.5352608,0.669697,-0.08566879,1.210364,-0.06566695,1.215168,0.01487505,-0.1490348,-0.1592813,-0.9758058,334.7418,0.06803469,-0.681647,-0.7285119,True,True,False,False
1772879686760,12.37846,0.1954527,1.083683,0.1629374,1.113157,-0.5078602,-0.6441647,-0.4926373,0.2905827,146.2143,-0.5307627,-0.673214,-0.5148533,-0.1017848,0.6286193,-0.06065801,0.6396888,0.524299,0.2301776,-0.7650072,0.2947764,145.7117,0.5486788,0.2408808,-0.8005798,0.08968643,1.158149,0.2036487,1.179332,0.08562436,1.139357,0.2394918,1.1674,0.082021,1.122886,0.2299907,1.149129,-0.01416995,0.641487,0.02774206,0.6422429,-0.00503001,0.638801,0.07427508,0.6431243,-0.02328042,0.6304505,0.1053635,0.639618,0.09636054,-0.08575193,0.04183675,0.1356063,0.1220799,-0.07737989,0.01145962,0.1449913,0.1088438,-0.08397489,-0.001024447,0.1374766,-0.1098268,0.04758676,-0.03647052,0.125126,-0.1554329,0.05384528,-0.02476662,0.1663493,-0.1777947,0.04588455,0.003621429,0.1836558,0.09807338,-0.0821018,0.04337067,0.1350559,0.1283357,-0.07217835,0.01261585,0.14778,0.1137391,-0.07987746,-0.002042403,0.1390006,-0.1101131,0.04834002,-0.03543881,0.1253697,-0.1551069,0.05438265,-0.02481439,0.1662269,-0.177627,0.04615618,0.003438794,0.1835581,0.1073382,-0.0797535,0.02697079,0.1364168,-0.2052577,0.964381,-0.01144761,0.1664562,160.8363,-0.2081618,0.9780255,-0.01160958,-0.1409175,0.04788171,-0.01879717,0.1500125,0.1361946,-0.4817033,-0.2084726,0.8402096,65.67548,0.2511602,-0.8883224,-0.38445,0.1028592,1.144175,0.2169636,1.169098,0.07341946,-0.9732844,-0.1670806,-0.1393239,196.0175,0.07414258,-0.9828705,-0.1687262,0.09838342,-0.06910882,0.02606156,0.1230225,0.3225197,-0.2486431,-0.6670031,0.6239108,102.7954,0.4126954,-0.3181632,-0.8534955,-0.4245872,-0.2416987,-0.3818184,0.6200628,0.8819875,-0.2767442,0.3696693,-0.09410509,190.7996,0.8859187,-0.2779777,0.371317,-0.00285922,-0.04417503,0.08303645,0.09409921,-0.3620951,0.3816881,0.4883999,0.6961803,91.75731,-0.5044041,0.5316975,0.6803486,-0.08600555,1.210279,-0.06554211,1.2151,0.01478568,-0.1483664,-0.1596207,-0.9758535,334.7668,0.06769193,-0.6792522,-0.730777,True,True,False,False
1772879686773,12.39104,0.1950203,1.083718,0.1631689,1.11315,-0.5134903,-0.644571,-0.4846545,0.2931997,145.9008,-0.5370949,-0.6742013,-0.5069336,-0.1018306,0.6286081,-0.06063442,0.6396828,0.524299,0.2301776,-0.7650072,0.2947764,145.7117,0.5486788,0.2408808,-0.8005798,0.08951291,1.158084,0.2046281,1.179425,0.08649701,1.140038,0.2405806,1.168353,0.0828694,1.123559,0.2313933,1.150128,-0.01418661,0.6414894,0.02775285,0.6422462,-0.00508399,0.6388098,0.07432002,0.6431386,-0.02334997,0.6304727,0.1054125,0.6396505,0.09612712,-0.08619393,0.04136594,0.1355764,0.1217008,-0.07746233,0.01141452,0.1447128,0.1085212,-0.08391574,-0.0009862147,0.1371848,-0.1098257,0.04759767,-0.03650339,0.1251388,-0.1554549,0.05382432,-0.02476704,0.1663631,-0.1778189,0.04584298,0.003623925,0.1836689,0.09790362,-0.08245873,0.04319581,0.1350942,0.127757,-0.07263924,0.01251107,0.1474952,0.113284,-0.08022969,-0.001950278,0.1388303,-0.110088,0.04827527,-0.03553167,0.125349,-0.1551373,0.05433395,-0.02481026,0.1662387,-0.1776437,0.04612886,0.003454942,0.1835677,0.1069962,-0.08013728,0.02691132,0.1363612,-0.2049993,0.9647526,-0.01079189,0.1646551,161.0456,-0.207836,0.9781026,-0.01094123,-0.1408829,0.04783314,-0.01885366,0.1499716,0.1359342,-0.4813489,-0.2087528,0.8403853,65.63834,0.250806,-0.888115,-0.3851604,0.1030447,1.14432,0.2174928,1.169354,0.07752413,-0.97392,-0.1632985,-0.1371257,195.7631,0.07826344,-0.9832078,-0.1648558,0.09766146,-0.06961343,0.02566604,0.122648,0.3139964,-0.2537936,-0.6636081,0.6297774,101.9326,0.4042305,-0.326727,-0.8543111,-0.4250268,-0.2415722,-0.3817896,0.6202969,0.8777175,-0.2862658,0.3713563,-0.09878606,191.3385,0.8820317,-0.2876728,0.3731816,-0.003044732,-0.04431987,0.08250718,0.09370675,-0.3597699,0.3816368,0.4844859,0.7001376,91.12392,-0.5038738,0.5344992,0.6785439,-0.08630406,1.210169,-0.06543698,1.215006,0.01478577,-0.1479189,-0.1598035,-0.9758915,334.7867,0.06774504,-0.6777307,-0.7321835,True,True,False,False
1772879686788,12.40556,0.1949051,1.083286,0.1631825,1.112711,-0.5186369,-0.6452405,-0.4765935,0.2958702,145.5806,-0.5429456,-0.6754831,-0.4989316,-0.1018746,0.6284863,-0.06061922,0.6395687,0.524299,0.2301776,-0.7650072,0.2947764,145.7117,0.5486788,0.2408808,-0.8005798,0.08981991,1.158075,0.2051446,1.17953,0.08770424,1.140192,0.2413906,1.168759,0.08403926,1.123581,0.2323365,1.150425,-0.01421,0.641371,0.02778208,0.6421297,-0.005128552,0.6386814,0.07433039,0.6430126,-0.02339688,0.6303548,0.1054307,0.639539,0.09588441,-0.08645906,0.04157131,0.1356361,0.1213234,-0.0774416,0.01141151,0.1443842,0.1080093,-0.08384675,-0.0009588152,0.1367378,-0.1098453,0.04760892,-0.03651457,0.1251635,-0.1554489,0.05382893,-0.02476397,0.1663585,-0.1778218,0.04583802,0.003624275,0.1836705,0.09775573,-0.08275172,0.04307683,0.1351282,0.1272857,-0.07299097,0.01243053,0.1472544,0.1128976,-0.08049461,-0.001877662,0.1386679,-0.1100703,0.04822647,-0.03560366,0.125335,-0.1551601,0.05429696,-0.02480687,0.1662474,-0.1776568,0.04610756,0.003467344,0.1835752,0.1067103,-0.08044111,0.02687555,0.136309,-0.204815,0.9650689,-0.00998458,0.1630743,161.2292,-0.2075938,0.9781628,-0.01012005,-0.1408579,0.04779614,-0.01889697,0.1499417,0.1357495,-0.4810661,-0.208982,0.8405202,65.60982,0.2505619,-0.8879358,-0.385732,0.1034334,1.144207,0.2188705,1.169536,0.08126477,-0.9761652,-0.1514985,-0.1324609,195.2236,0.08198722,-0.9848434,-0.1528453,0.09758161,-0.07017981,0.02580145,0.1229353,0.3106157,-0.2549929,-0.668801,0.6254613,102.5679,0.3980951,-0.326807,-0.8571566,-0.4256283,-0.2416275,-0.3819419,0.6208244,0.8773906,-0.2818361,0.3754309,-0.09902562,191.3661,0.8817243,-0.2832282,0.3772852,-0.003433421,-0.04420745,0.08112955,0.09245589,-0.3502083,0.3845034,0.4789498,0.7071906,89.98642,-0.495328,0.5438343,0.6774176,-0.08653284,1.210176,-0.06521621,1.215018,0.01475085,-0.1471078,-0.1604423,-0.9759098,334.7964,0.0676104,-0.6742671,-0.7353861,True,True,False,False
1772879686801,12.41986,0.195159,1.082882,0.163732,1.112442,-0.5238992,-0.6457021,-0.4683205,0.2987883,145.2303,-0.5489768,-0.6766101,-0.4907376,-0.1017986,0.6282643,-0.06067936,0.6393442,0.524299,0.2301776,-0.7650072,0.2947764,145.7117,0.5486788,0.2408808,-0.8005798,0.08994692,1.157425,0.2057403,1.179005,0.08918,1.140405,0.2431247,1.169439,0.08552842,1.123634,0.234405,1.151006,-0.01405629,0.6412033,0.02777192,0.6419584,-0.005047802,0.6384355,0.07424785,0.6427583,-0.02329413,0.6300948,0.1053403,0.6392642,0.09506636,-0.08744736,0.04130836,0.1356135,0.1212931,-0.07748627,0.01129499,0.1443735,0.1079916,-0.0837306,-0.001143571,0.1366539,-0.109925,0.04762147,-0.03658498,0.1252588,-0.1554241,0.05385032,-0.02475905,0.1663416,-0.1777928,0.04588515,0.003621176,0.1836542,0.09753076,-0.08314452,0.0429289,0.1351597,0.1267845,-0.07336701,0.01233554,0.1470006,0.1124872,-0.0807653,-0.001816254,0.1384908,-0.1100581,0.04817586,-0.03568575,0.1253283,-0.1551822,0.0542596,-0.02480287,0.1662552,-0.1776682,0.04608896,0.003480213,0.1835818,0.1063654,-0.08080891,0.02683312,0.1362486,-0.2046694,0.9652556,-0.008312064,0.1622437,161.3257,-0.2074175,0.9782162,-0.008423671,-0.1408354,0.04775906,-0.01894478,0.1499148,0.1355469,-0.4807147,-0.2092759,0.8406807,65.57585,0.2503031,-0.8876954,-0.3864522,0.1037155,1.144243,0.2194098,1.169696,0.08101355,-0.9787505,-0.140859,-0.1250718,194.3698,0.08165473,-0.9864967,-0.1419738,0.09765694,-0.07088225,0.02556402,0.1233478,0.3142201,-0.2597691,-0.6711851,0.6191095,103.4977,0.400125,-0.3307877,-0.854681,-0.4270862,-0.2415519,-0.3817278,0.6216639,0.875049,-0.2745233,0.384516,-0.1052332,192.0812,0.8799346,-0.276056,0.3866628,-0.003715523,-0.04424274,0.08059023,0.09201093,-0.3386455,0.3854057,0.4774294,0.7133322,88.98663,-0.4832091,0.5499307,0.6812382,-0.08679499,1.21024,-0.06496395,1.215086,0.01482193,-0.1464688,-0.1608715,-0.9759342,334.8092,0.06797019,-0.6716744,-0.7377222,True,True,False,False
1772879686816,12.43296,0.1951343,1.082677,0.1639345,1.112269,-0.5278535,-0.6458692,-0.4621032,0.3011386,144.948,-0.553549,-0.6773096,-0.484598,-0.1017223,0.628213,-0.06073818,0.6392872,0.524299,0.2301776,-0.7650072,0.2947764,145.7117,0.5486788,0.2408808,-0.8005798,0.09022141,1.157445,0.2062717,1.179138,0.09021576,1.140704,0.2439485,1.169981,0.08626524,1.123877,0.2357661,1.151576,-0.01389378,0.6412248,0.02773722,0.6419748,-0.004973028,0.6383899,0.07419443,0.6427062,-0.02321624,0.6300411,0.1052794,0.6391983,0.09471557,-0.08775026,0.04145157,0.1356074,0.1209979,-0.07750596,0.01138335,0.1441431,0.1080658,-0.08384557,-0.0011965,0.1367835,-0.1099867,0.04762772,-0.03668229,0.1253438,-0.15543,0.05384497,-0.02475994,0.1663455,-0.1777908,0.04588817,0.003621042,0.1836529,0.09729866,-0.08352424,0.0428071,0.1351879,0.1263074,-0.07370824,0.01225704,0.1467539,0.1121227,-0.08101925,-0.001765158,0.1383428,-0.1100522,0.04813067,-0.03576791,0.1253291,-0.1552026,0.05422541,-0.02479933,0.1662626,-0.1776783,0.0460724,0.003491823,0.1835877,0.1060269,-0.0811608,0.02681076,0.1361895,-0.2049883,0.9652744,-0.006775937,0.1617999,161.3772,-0.2077254,0.9781631,-0.006866411,-0.1408181,0.04772574,-0.01899165,0.1498939,0.1353695,-0.4803414,-0.2095775,0.8408476,65.54054,0.2500951,-0.8874307,-0.3871944,0.1044131,1.144011,0.2210072,1.169832,0.07641367,-0.9797869,-0.1334477,-0.1279473,194.702,0.07704692,-0.9879066,-0.1345536,0.09738111,-0.07133491,0.02556371,0.1233907,0.319684,-0.2637301,-0.6691752,0.616809,103.833,0.4061475,-0.33506,-0.8501641,-0.4277222,-0.2414975,-0.3817163,0.6220729,0.8706297,-0.2716001,0.3946027,-0.1119211,192.8521,0.8761342,-0.2733173,0.3970975,-0.004413098,-0.044011,0.07899278,0.09053344,-0.3329074,0.3924218,0.4781971,0.7116922,89.25449,-0.4738951,0.5586141,0.6807157,-0.08708946,1.210295,-0.06473587,1.21515,0.01522732,-0.1458212,-0.1613682,-0.975943,334.8138,0.06984177,-0.6688252,-0.7401331,True,True,False,False
1772879686828,12.44689,0.1952879,1.082396,0.1642404,1.112067,-0.5323304,-0.6459087,-0.45431,0.3050062,144.4829,-0.5589648,-0.6782259,-0.4770408,-0.1015898,0.6285064,-0.06088796,0.6395687,0.5243517,0.2300603,-0.7648667,0.2951383,145.6683,0.5487982,0.2407862,-0.8005265,0.09065691,1.156944,0.2074698,1.17889,0.09154787,1.140901,0.2458453,1.170673,0.0877017,1.123996,0.237835,1.152225,-0.0136874,0.6417112,0.02764396,0.6424522,-0.004901346,0.6387924,0.07409839,0.6430944,-0.02313298,0.6304089,0.1051322,0.6395336,0.09441121,-0.08809121,0.04123518,0.1355503,0.1212867,-0.07749933,0.01129567,0.1443752,0.1082666,-0.08365587,-0.001246922,0.1368266,-0.1100636,0.04763228,-0.03682774,0.1254556,-0.1554444,0.05384959,-0.02475927,0.1663604,-0.1777592,0.0459388,0.003617592,0.183635,0.09707911,-0.08387148,0.04268758,0.1352073,0.1259256,-0.07399649,0.01218394,0.1465646,0.1118295,-0.08121973,-0.001725755,0.1382225,-0.1100531,0.04809278,-0.03584849,0.1253384,-0.155221,0.05419684,-0.02479628,0.16627,-0.1776844,0.04606224,0.003501386,0.1835912,0.1057345,-0.0814699,0.02678807,0.1361423,-0.205008,0.9652597,-0.005086306,0.1619244,161.3628,-0.2077496,0.9781684,-0.005154327,-0.1408047,0.04769916,-0.01903744,0.1498787,0.1351881,-0.4799569,-0.2098639,0.8410249,65.503,0.2498873,-0.8871719,-0.387921,0.1048757,1.144144,0.2219855,1.170189,0.06367056,-0.9818457,-0.1330957,-0.1192084,193.6928,0.06412784,-0.9888974,-0.1340516,0.09758309,-0.0715347,0.02524832,0.1236008,0.3141284,-0.2757296,-0.6697567,0.6137774,104.2737,0.3978931,-0.349255,-0.8483525,-0.4295985,-0.2403775,-0.381197,0.6226133,0.8697493,-0.2712643,0.3940845,-0.1210349,193.9037,0.8761908,-0.2732733,0.3970031,-0.00487572,-0.04414415,0.07801446,0.08977046,-0.3235689,0.3885733,0.4899688,0.710102,89.51359,-0.4595503,0.551873,0.6958806,-0.08726479,1.210257,-0.06458794,1.215117,0.01564905,-0.1448483,-0.1614333,-0.9760703,334.8809,0.07196464,-0.6661078,-0.7423766,True,True,False,False
1772879686842,12.46078,0.1950728,1.082105,0.1638822,1.111694,-0.5367401,-0.6467105,-0.4433507,0.3116342,143.6845,-0.5648693,-0.680603,-0.4665857,-0.1015539,0.6286938,-0.06097932,0.6397559,0.5244186,0.2299156,-0.7646832,0.295607,145.6121,0.5489514,0.2406713,-0.8004559,0.09145619,1.157473,0.2083816,1.179632,0.09290358,1.14063,0.2471547,1.170792,0.08890489,1.123727,0.2400648,1.152518,-0.01369923,0.6420169,0.02759865,0.6427559,-0.004957919,0.6391422,0.07408234,0.6434404,-0.02321877,0.6307749,0.1051109,0.639894,0.09440076,-0.08762087,0.0425204,0.1356352,0.1211113,-0.07747005,0.01133312,0.1442151,0.1087335,-0.08356377,-0.001380041,0.1371415,-0.1100707,0.04763463,-0.03684262,0.1254671,-0.1554697,0.05382994,-0.02476116,0.1663779,-0.1777826,0.04590105,0.003620282,0.1836482,0.09686352,-0.08417328,0.04267412,0.135236,0.1255381,-0.07427609,0.01211546,0.1463678,0.1115803,-0.0814084,-0.001697928,0.1381317,-0.1100545,0.0480559,-0.03592851,0.1253484,-0.155241,0.0541673,-0.02479345,0.1662786,-0.1776923,0.04604927,0.003510956,0.1835958,0.1054277,-0.0817573,0.02685447,0.1360898,-0.2051733,0.9652224,-0.003846013,0.1619717,161.3573,-0.2079188,0.9781384,-0.003897478,-0.1407925,0.04767191,-0.019083,0.1498643,0.1350267,-0.4795737,-0.2101337,0.841202,65.46546,0.249716,-0.8869153,-0.3886177,0.1053645,1.144298,0.2228082,1.17054,0.07305294,-0.9823874,-0.1257955,-0.1172776,193.47,0.07356056,-0.9892136,-0.1266696,0.09770752,-0.07175557,0.02578211,0.1239368,0.3050857,-0.2834038,-0.6625007,0.622654,102.9796,0.3898872,-0.3621787,-0.8466492,-0.4309521,-0.2395338,-0.3811499,0.6231945,0.8627383,-0.2839427,0.3990363,-0.1258144,194.4556,0.8696486,-0.286217,0.4022326,-0.005364515,-0.04429805,0.07719177,0.0891609,-0.3207299,0.3897542,0.480636,0.7170867,88.37106,-0.4601681,0.5592011,0.689594,-0.08757221,1.210211,-0.06442228,1.215084,0.01596585,-0.1443099,-0.1614993,-0.9761341,334.9144,0.07351813,-0.6645058,-0.7436578,True,True,False,False
1772879686857,12.47432,0.1948021,1.081777,0.1640401,1.11135,-0.5404888,-0.6479227,-0.4325013,0.3178217,142.9375,-0.5700454,-0.6833543,-0.4561526,-0.1015096,0.6289029,-0.06105072,0.6399611,0.5244731,0.2297938,-0.7645572,0.2959312,145.5732,0.5490661,0.2405691,-0.8004079,0.09175688,1.157252,0.2097235,1.179676,0.09403745,1.140214,0.2484333,1.170748,0.09016023,1.123293,0.2420206,1.152602,-0.01370511,0.6423069,0.02756461,0.6430442,-0.004972961,0.6394377,0.07403526,0.6437287,-0.02323201,0.6310651,0.1050481,0.6401703,0.09430839,-0.08745016,0.04312972,0.1356532,0.1206122,-0.07753915,0.01144679,0.1438425,0.1086023,-0.08341591,-0.001347832,0.136947,-0.1100749,0.04762625,-0.03684076,0.125467,-0.1554557,0.0538424,-0.02476,0.1663687,-0.1777589,0.04593023,0.003617033,0.1836325,0.09665843,-0.0844363,0.04271069,0.1352647,0.1251427,-0.07453801,0.01206179,0.1461578,0.1113413,-0.08156954,-0.001669827,0.1380335,-0.1100561,0.04802141,-0.03600173,0.1253576,-0.1552582,0.05414123,-0.02479077,0.1662858,-0.1776977,0.04603971,0.003519471,0.1835987,0.1051189,-0.08201619,0.02696005,0.1360275,-0.2052167,0.9652417,-0.002697388,0.161825,161.3743,-0.2079577,0.978134,-0.002733416,-0.1407806,0.0476476,-0.01912491,0.1498507,0.1348628,-0.4792225,-0.2103925,0.8413637,65.43118,0.2495291,-0.8866783,-0.3892774,0.1063461,1.14434,0.2249756,1.171084,0.0791974,-0.9810304,-0.1368863,-0.1121134,192.8743,0.07969987,-0.9872546,-0.1377548,0.09739501,-0.07187977,0.02663084,0.1239423,0.3032087,-0.2886242,-0.6690053,0.6141601,104.2182,0.3842066,-0.3657261,-0.8477205,-0.4320765,-0.2388426,-0.3811424,0.6237029,0.863126,-0.2738926,0.4051306,-0.1259605,194.4725,0.8700555,-0.2760915,0.4083832,-0.006346077,-0.04434037,0.07502441,0.08737851,-0.3286193,0.3787823,0.4802656,0.7196378,87.95084,-0.4732763,0.5455208,0.6916768,-0.08766226,1.210153,-0.06430091,1.215027,0.01631905,-0.1435588,-0.1615442,-0.9762316,334.9659,0.07529667,-0.6623852,-0.7453707,True,True,False,False
1772879686870,12.48912,0.1948088,1.081833,0.16468,1.111501,-0.5436329,-0.6493731,-0.4214311,0.3243051,142.153,-0.5746936,-0.6864753,-0.4455098,-0.1014199,0.6288631,-0.06108633,0.6399112,0.5244731,0.2297938,-0.7645572,0.2959312,145.5732,0.5490661,0.2405691,-0.8004079,0.09243294,1.157476,0.2117744,1.180315,0.09545915,1.140083,0.2504167,1.171157,0.09166986,1.123174,0.2447165,1.153174,-0.01360872,0.6422579,0.02757672,0.6429937,-0.004890707,0.6394221,0.07402568,0.6437114,-0.0231457,0.6310291,0.1050121,0.6401258,0.09447493,-0.08703159,0.04382445,0.1357225,0.1203298,-0.07747744,0.01149542,0.1435763,0.1087533,-0.08320688,-0.001385078,0.13694,-0.1101195,0.04763562,-0.03682272,0.1255045,-0.1554832,0.05381887,-0.02476211,0.1663871,-0.1777584,0.04592529,0.003616668,0.1836307,0.09648732,-0.08463969,0.04279797,0.1352973,0.1247656,-0.07476836,0.0120174,0.1459492,0.1111385,-0.08169785,-0.001647512,0.1379457,-0.1100611,0.04799118,-0.03606607,0.1253689,-0.1552759,0.05411597,-0.02478852,0.1662937,-0.1777024,0.04603074,0.003527088,0.1836012,0.1048331,-0.08223033,0.02710271,0.1359646,-0.205246,0.9652997,-0.001832046,0.161454,161.4174,-0.2079746,0.9781325,-0.001856402,-0.1407718,0.04762589,-0.01916189,0.1498403,0.1346865,-0.4789126,-0.2105599,0.8415264,65.39668,0.2493198,-0.8865208,-0.3897699,0.1068102,1.144418,0.2257396,1.171349,0.07154265,-0.9818354,-0.1376052,-0.1092968,192.5496,0.07197383,-0.9877528,-0.1384345,0.09763727,-0.07154027,0.02678268,0.1239692,0.289282,-0.2831645,-0.6763901,0.6153296,104.0483,0.3669834,-0.3592227,-0.858069,-0.4344052,-0.2383733,-0.3810323,0.6250722,0.8637469,-0.2757967,0.4064971,-0.1124182,192.9095,0.8692571,-0.2775562,0.4090903,-0.006810173,-0.04441762,0.07426043,0.08679812,-0.3249004,0.3776658,0.4871306,0.7172952,88.33678,-0.4662954,0.5420238,0.6991273,-0.08779511,1.210141,-0.06418046,1.215017,0.01625469,-0.1428462,-0.1618188,-0.9762917,334.9977,0.07509352,-0.6599218,-0.7475718,True,True,False,False
1772879686885,12.50264,0.1946154,1.081805,0.1645718,1.111423,-0.5462902,-0.6506467,-0.4117377,0.3296939,141.4996,-0.5786434,-0.6891802,-0.4361221,-0.1013591,0.6287708,-0.06103455,0.639806,0.5244731,0.2297938,-0.7645572,0.2959312,145.5732,0.5490661,0.2405691,-0.8004079,0.09286205,1.157591,0.2128743,1.180659,0.09647996,1.140161,0.2522751,1.171716,0.09286284,1.123057,0.2461976,1.15347,-0.01360419,0.6420797,0.02767864,0.6428199,-0.004822586,0.6393049,0.07405074,0.6435973,-0.02309911,0.6309537,0.1050672,0.6400588,0.09465139,-0.08662343,0.04436121,0.1357587,0.1209496,-0.07726838,0.01134317,0.1439718,0.1087645,-0.08298486,-0.001362398,0.1368139,-0.1101329,0.0476564,-0.03671106,0.1254914,-0.1554549,0.05384299,-0.02475964,0.166368,-0.1777612,0.04590311,0.003616072,0.1836279,0.09633105,-0.08480854,0.04293103,0.1353338,0.1244408,-0.07498115,0.01196001,0.1457763,0.1109364,-0.0818074,-0.001623244,0.1378476,-0.1100672,0.04796268,-0.03612097,0.1253792,-0.1552911,0.05409273,-0.02478606,0.1663,-0.1777074,0.04601988,0.003534662,0.1836035,0.1045697,-0.08241482,0.02727434,0.1359078,-0.2047004,0.9655312,-0.001005267,0.1607678,161.4971,-0.2073982,0.9782562,-0.001018516,-0.1407667,0.0476045,-0.01919243,0.1498326,0.1345588,-0.4786341,-0.2107403,0.8416602,65.3683,0.2491794,-0.8863472,-0.3902543,0.1072437,1.144451,0.226377,1.171544,0.06697515,-0.9818837,-0.1392461,-0.1096783,192.5935,0.06738167,-0.9878433,-0.1400912,0.09757952,-0.07150641,0.02714182,0.1239823,0.2786057,-0.2901896,-0.6732853,0.6203676,103.314,0.3552234,-0.3699929,-0.8584415,-0.4352199,-0.2382447,-0.3811679,0.6256723,0.8607851,-0.2829117,0.407101,-0.1152348,193.2343,0.8665577,-0.284809,0.4098311,-0.007243671,-0.04445076,0.07362303,0.0863058,-0.3245946,0.37777,0.4911802,0.7146121,88.77718,-0.464024,0.5400409,0.7021664,-0.0880908,1.210104,-0.06400049,1.214993,0.01609043,-0.1424401,-0.1617083,-0.9763721,335.0403,0.07445953,-0.6591512,-0.7483159,False,False,False,False
1772879686898,12.51646,0.1946154,1.081805,0.1645718,1.111423,-0.5462902,-0.6506467,-0.4117377,0.3296939,141.4996,-0.5786434,-0.6891802,-0.4361221,-0.1013591,0.6287708,-0.06103455,0.639806,0.5244731,0.2297938,-0.7645572,0.2959312,145.5732,0.5490661,0.2405691,-0.8004079,0.09286205,1.157591,0.2128743,1.180659,0.09647996,1.140161,0.2522751,1.171716,0.09286284,1.123057,0.2461976,1.15347,-0.01360419,0.6420797,0.02767864,0.6428199,-0.004822586,0.6393049,0.07405074,0.6435973,-0.02309911,0.6309537,0.1050672,0.6400588,0.09465139,-0.08662343,0.04436121,0.1357587,0.1209496,-0.07726838,0.01134317,0.1439718,0.1087645,-0.08298486,-0.001362398,0.1368139,-0.1101329,0.0476564,-0.03671106,0.1254914,-0.1554549,0.05384299,-0.02475964,0.166368,-0.1777612,0.04590311,0.003616072,0.1836279,0.09633105,-0.08480854,0.04293103,0.1353338,0.1244408,-0.07498115,0.01196001,0.1457763,0.1109364,-0.0818074,-0.001623244,0.1378476,-0.1100672,0.04796268,-0.03612097,0.1253792,-0.1552911,0.05409273,-0.02478606,0.1663,-0.1777074,0.04601988,0.003534662,0.1836035,0.1045697,-0.08241482,0.02727434,0.1359078,-0.2047004,0.9655312,-0.001005267,0.1607678,161.4971,-0.2073982,0.9782562,-0.001018516,-0.1407667,0.0476045,-0.01919243,0.1498326,0.1345588,-0.4786341,-0.2107403,0.8416602,65.3683,0.2491794,-0.8863472,-0.3902543,0.1076756,1.144388,0.2269202,1.171628,0.05751067,-0.9820488,-0.1415583,-0.1106077,192.7007,0.05786572,-0.9881117,-0.1424322,0.09757952,-0.07150641,0.02714182,0.1239823,0.2786057,-0.2901896,-0.6732853,0.6203676,103.314,0.3552234,-0.3699929,-0.8584415,-0.4352199,-0.2382447,-0.3811679,0.6256723,0.8607851,-0.2829117,0.407101,-0.1152348,193.2343,0.8665577,-0.284809,0.4098311,-0.00767561,-0.04438818,0.07307979,0.08584801,-0.3232193,0.3786741,0.4991691,0.7092007,89.66016,-0.4584627,0.5371213,0.7080345,-0.08821072,1.210054,-0.06384415,1.214943,0.01651442,-0.1420315,-0.1618017,-0.976409,335.0599,0.07648072,-0.6577688,-0.7493272,False,False,False,False
1772879686912,12.52898,0.1946154,1.081805,0.1645718,1.111423,-0.5462902,-0.6506467,-0.4117377,0.3296939,141.4996,-0.5786434,-0.6891802,-0.4361221,-0.1013591,0.6287708,-0.06103455,0.639806,0.5244731,0.2297938,-0.7645572,0.2959312,145.5732,0.5490661,0.2405691,-0.8004079,0.09286205,1.157591,0.2128743,1.180659,0.09647996,1.140161,0.2522751,1.171716,0.09286284,1.123057,0.2461976,1.15347,-0.01360419,0.6420797,0.02767864,0.6428199,-0.004822586,0.6393049,0.07405074,0.6435973,-0.02309911,0.6309537,0.1050672,0.6400588,0.09465139,-0.08662343,0.04436121,0.1357587,0.1209496,-0.07726838,0.01134317,0.1439718,0.1087645,-0.08298486,-0.001362398,0.1368139,-0.1101329,0.0476564,-0.03671106,0.1254914,-0.1554549,0.05384299,-0.02475964,0.166368,-0.1777612,0.04590311,0.003616072,0.1836279,0.09633105,-0.08480854,0.04293103,0.1353338,0.1244408,-0.07498115,0.01196001,0.1457763,0.1109364,-0.0818074,-0.001623244,0.1378476,-0.1100672,0.04796268,-0.03612097,0.1253792,-0.1552911,0.05409273,-0.02478606,0.1663,-0.1777074,0.04601988,0.003534662,0.1836035,0.1045697,-0.08241482,0.02727434,0.1359078,-0.2047004,0.9655312,-0.001005267,0.1607678,161.4971,-0.2073982,0.9782562,-0.001018516,-0.1407667,0.0476045,-0.01919243,0.1498326,0.1345588,-0.4786341,-0.2107403,0.8416602,65.3683,0.2491794,-0.8863472,-0.3902543,0.1083465,1.14462,0.2277609,1.172079,0.05458206,-0.9815466,-0.1444708,-0.1127619,192.9491,0.05493242,-0.987847,-0.1453981,0.09757952,-0.07150641,0.02714182,0.1239823,0.2786057,-0.2901896,-0.6732853,0.6203676,103.314,0.3552234,-0.3699929,-0.8584415,-0.4352199,-0.2382447,-0.3811679,0.6256723,0.8607851,-0.2829117,0.407101,-0.1152348,193.2343,0.8665577,-0.284809,0.4098311,-0.008346461,-0.04461992,0.07223915,0.08531761,-0.3253337,0.3790248,0.5019366,0.7060864,90.16525,-0.4594293,0.5352507,0.7088239,-0.08831522,1.210038,-0.06367832,1.214927,0.0163146,-0.1414904,-0.1620783,-0.9764451,335.0791,0.07561247,-0.6557584,-0.7511761,False,False,False,False
1772879686926,12.54088,0.1946154,1.081805,0.1645718,1.111423,-0.5462902,-0.6506467,-0.4117377,0.3296939,141.4996,-0.5786434,-0.6891802,-0.4361221,-0.1013591,0.6287708,-0.06103455,0.639806,0.5244731,0.2297938,-0.7645572,0.2959312,145.5732,0.5490661,0.2405691,-0.8004079,0.09286205,1.157591,0.2128743,1.180659,0.09647996,1.140161,0.2522751,1.171716,0.09286284,1.123057,0.2461976,1.15347,-0.01360419,0.6420797,0.02767864,0.6428199,-0.004822586,0.6393049,0.07405074,0.6435973,-0.02309911,0.6309537,0.1050672,0.6400588,0.09465139,-0.08662343,0.04436121,0.1357587,0.1209496,-0.07726838,0.01134317,0.1439718,0.1087645,-0.08298486,-0.001362398,0.1368139,-0.1101329,0.0476564,-0.03671106,0.1254914,-0.1554549,0.05384299,-0.02475964,0.166368,-0.1777612,0.04590311,0.003616072,0.1836279,0.09633105,-0.08480854,0.04293103,0.1353338,0.1244408,-0.07498115,0.01196001,0.1457763,0.1109364,-0.0818074,-0.001623244,0.1378476,-0.1100672,0.04796268,-0.03612097,0.1253792,-0.1552911,0.05409273,-0.02478606,0.1663,-0.1777074,0.04601988,0.003534662,0.1836035,0.1045697,-0.08241482,0.02727434,0.1359078,-0.2047004,0.9655312,-0.001005267,0.1607678,161.4971,-0.2073982,0.9782562,-0.001018516,-0.1407667,0.0476045,-0.01919243,0.1498326,0.1345588,-0.4786341,-0.2107403,0.8416602,65.3683,0.2491794,-0.8863472,-0.3902543,0.109084,1.144824,0.2286669,1.172523,0.04789,-0.9815672,-0.1460966,-0.1135265,193.0373,0.04820162,-0.9879543,-0.1470472,0.09757952,-0.07150641,0.02714182,0.1239823,0.2786057,-0.2901896,-0.6732853,0.6203676,103.314,0.3552234,-0.3699929,-0.8584415,-0.4352199,-0.2382447,-0.3811679,0.6256723,0.8607851,-0.2829117,0.407101,-0.1152348,193.2343,0.8665577,-0.284809,0.4098311,-0.009083964,-0.04482436,0.07133314,0.08473582,-0.3243962,0.3797131,0.5075174,0.7021477,90.80088,-0.4555925,0.5332814,0.7127738,-0.0884132,1.209987,-0.06350273,1.214873,0.01648544,-0.1408445,-0.1619528,-0.9765564,335.1382,0.07658318,-0.654294,-0.7523527,False,False,False,False
1772879686940,12.5548,0.1946154,1.081805,0.1645718,1.111423,-0.5462902,-0.6506467,-0.4117377,0.3296939,141.4996,-0.5786434,-0.6891802,-0.4361221,-0.1013591,0.6287708,-0.06103455,0.639806,0.5244731,0.2297938,-0.7645572,0.2959312,145.5732,0.5490661,0.2405691,-0.8004079,0.09286205,1.157591,0.2128743,1.180659,0.09647996,1.140161,0.2522751,1.171716,0.09286284,1.123057,0.2461976,1.15347,-0.01360419,0.6420797,0.02767864,0.6428199,-0.004822586,0.6393049,0.07405074,0.6435973,-0.02309911,0.6309537,0.1050672,0.6400588,0.09465139,-0.08662343,0.04436121,0.1357587,0.1209496,-0.07726838,0.01134317,0.1439718,0.1087645,-0.08298486,-0.001362398,0.1368139,-0.1101329,0.0476564,-0.03671106,0.1254914,-0.1554549,0.05384299,-0.02475964,0.166368,-0.1777612,0.04590311,0.003616072,0.1836279,0.09633105,-0.08480854,0.04293103,0.1353338,0.1244408,-0.07498115,0.01196001,0.1457763,0.1109364,-0.0818074,-0.001623244,0.1378476,-0.1100672,0.04796268,-0.03612097,0.1253792,-0.1552911,0.05409273,-0.02478606,0.1663,-0.1777074,0.04601988,0.003534662,0.1836035,0.1045697,-0.08241482,0.02727434,0.1359078,-0.2047004,0.9655312,-0.001005267,0.1607678,161.4971,-0.2073982,0.9782562,-0.001018516,-0.1407667,0.0476045,-0.01919243,0.1498326,0.1345588,-0.4786341,-0.2107403,0.8416602,65.3683,0.2491794,-0.8863472,-0.3902543,0.1111281,1.145052,0.2316743,1.173528,0.03072223,-0.9833962,-0.1399896,-0.1113158,192.7823,0.03091436,-0.9895462,-0.140865,0.09757952,-0.07150641,0.02714182,0.1239823,0.2786057,-0.2901896,-0.6732853,0.6203676,103.314,0.3552234,-0.3699929,-0.8584415,-0.4352199,-0.2382447,-0.3811679,0.6256723,0.8607851,-0.2829117,0.407101,-0.1152348,193.2343,0.8665577,-0.284809,0.4098311,-0.01112806,-0.04505241,0.06832574,0.08259516,-0.3123349,0.3842809,0.519397,0.696421,91.71889,-0.4352289,0.5354834,0.7237634,-0.08851215,1.209931,-0.06332081,1.214816,0.01655439,-0.1404963,-0.1618528,-0.976622,335.1732,0.07701004,-0.6535808,-0.7529296,False,False,False,False
1772879686954,12.56919,0.1946154,1.081805,0.1645718,1.111423,-0.5462902,-0.6506467,-0.4117377,0.3296939,141.4996,-0.5786434,-0.6891802,-0.4361221,-0.1013591,0.6287708,-0.06103455,0.639806,0.5244731,0.2297938,-0.7645572,0.2959312,145.5732,0.5490661,0.2405691,-0.8004079,0.09286205,1.157591,0.2128743,1.180659,0.09647996,1.140161,0.2522751,1.171716,0.09286284,1.123057,0.2461976,1.15347,-0.01360419,0.6420797,0.02767864,0.6428199,-0.004822586,0.6393049,0.07405074,0.6435973,-0.02309911,0.6309537,0.1050672,0.6400588,0.09465139,-0.08662343,0.04436121,0.1357587,0.1209496,-0.07726838,0.01134317,0.1439718,0.1087645,-0.08298486,-0.001362398,0.1368139,-0.1101329,0.0476564,-0.03671106,0.1254914,-0.1554549,0.05384299,-0.02475964,0.166368,-0.1777612,0.04590311,0.003616072,0.1836279,0.09633105,-0.08480854,0.04293103,0.1353338,0.1244408,-0.07498115,0.01196001,0.1457763,0.1109364,-0.0818074,-0.001623244,0.1378476,-0.1100672,0.04796268,-0.03612097,0.1253792,-0.1552911,0.05409273,-0.02478606,0.1663,-0.1777074,0.04601988,0.003534662,0.1836035,0.1045697,-0.08241482,0.02727434,0.1359078,-0.2047004,0.9655312,-0.001005267,0.1607678,161.4971,-0.2073982,0.9782562,-0.001018516,-0.1407667,0.0476045,-0.01919243,0.1498326,0.1345588,-0.4786341,-0.2107403,0.8416602,65.3683,0.2491794,-0.8863472,-0.3902543,0.1118239,1.145266,0.2325549,1.173976,0.02462377,-0.983759,-0.1412219,-0.1080195,192.4023,0.0247687,-0.989549,-0.142053,0.09757952,-0.07150641,0.02714182,0.1239823,0.2786057,-0.2901896,-0.6732853,0.6203676,103.314,0.3552234,-0.3699929,-0.8584415,-0.4352199,-0.2382447,-0.3811679,0.6256723,0.8607851,-0.2829117,0.407101,-0.1152348,193.2343,0.8665577,-0.284809,0.4098311,-0.01182393,-0.04526556,0.0674451,0.08208299,-0.3092913,0.3821514,0.5251232,0.6946546,92.00061,-0.4299632,0.5312502,0.7300032,-0.08857737,1.209862,-0.06313816,1.214742,0.01656048,-0.1399204,-0.1618978,-0.9766971,335.2133,0.07716098,-0.6519372,-0.7543374,False,False,False,False
1772879686969,12.58344,0.1946154,1.081805,0.1645718,1.111423,-0.5462902,-0.6506467,-0.4117377,0.3296939,141.4996,-0.5786434,-0.6891802,-0.4361221,-0.1013591,0.6287708,-0.06103455,0.639806,0.5244731,0.2297938,-0.7645572,0.2959312,145.5732,0.5490661,0.2405691,-0.8004079,0.09286205,1.157591,0.2128743,1.180659,0.09647996,1.140161,0.2522751,1.171716,0.09286284,1.123057,0.2461976,1.15347,-0.01360419,0.6420797,0.02767864,0.6428199,-0.004822586,0.6393049,0.07405074,0.6435973,-0.02309911,0.6309537,0.1050672,0.6400588,0.09465139,-0.08662343,0.04436121,0.1357587,0.1209496,-0.07726838,0.01134317,0.1439718,0.1087645,-0.08298486,-0.001362398,0.1368139,-0.1101329,0.0476564,-0.03671106,0.1254914,-0.1554549,0.05384299,-0.02475964,0.166368,-0.1777612,0.04590311,0.003616072,0.1836279,0.09633105,-0.08480854,0.04293103,0.1353338,0.1244408,-0.07498115,0.01196001,0.1457763,0.1109364,-0.0818074,-0.001623244,0.1378476,-0.1100672,0.04796268,-0.03612097,0.1253792,-0.1552911,0.05409273,-0.02478606,0.1663,-0.1777074,0.04601988,0.003534662,0.1836035,0.1045697,-0.08241482,0.02727434,0.1359078,-0.2047004,0.9655312,-0.001005267,0.1607678,161.4971,-0.2073982,0.9782562,-0.001018516,-0.1407667,0.0476045,-0.01919243,0.1498326,0.1345588,-0.4786341,-0.2107403,0.8416602,65.3683,0.2491794,-0.8863472,-0.3902543,0.1132376,1.145311,0.2349581,1.174634,0.0321064,-0.9865761,-0.1330293,-0.08910781,190.2246,0.03223463,-0.9905164,-0.1335606,0.09757952,-0.07150641,0.02714182,0.1239823,0.2786057,-0.2901896,-0.6732853,0.6203676,103.314,0.3552234,-0.3699929,-0.8584415,-0.4352199,-0.2382447,-0.3811679,0.6256723,0.8607851,-0.2829117,0.407101,-0.1152348,193.2343,0.8665577,-0.284809,0.4098311,-0.0132376,-0.04531109,0.06504191,0.08036654,-0.2966563,0.3720996,0.5204295,0.7090067,89.69171,-0.4206686,0.5276498,0.7379866,-0.08861576,1.209786,-0.06295547,1.21466,0.0165368,-0.1395157,-0.1618863,-0.9767573,335.2454,0.07714918,-0.6508831,-0.7552486,False,False,False,False
1772879686982,12.59726,0.1946154,1.081805,0.1645718,1.111423,-0.5462902,-0.6506467,-0.4117377,0.3296939,141.4996,-0.5786434,-0.6891802,-0.4361221,-0.1013591,0.6287708,-0.06103455,0.639806,0.5244731,0.2297938,-0.7645572,0.2959312,145.5732,0.5490661,0.2405691,-0.8004079,0.09286205,1.157591,0.2128743,1.180659,0.09647996,1.140161,0.2522751,1.171716,0.09286284,1.123057,0.2461976,1.15347,-0.01360419,0.6420797,0.02767864,0.6428199,-0.004822586,0.6393049,0.07405074,0.6435973,-0.02309911,0.6309537,0.1050672,0.6400588,0.09465139,-0.08662343,0.04436121,0.1357587,0.1209496,-0.07726838,0.01134317,0.1439718,0.1087645,-0.08298486,-0.001362398,0.1368139,-0.1101329,0.0476564,-0.03671106,0.1254914,-0.1554549,0.05384299,-0.02475964,0.166368,-0.1777612,0.04590311,0.003616072,0.1836279,0.09633105,-0.08480854,0.04293103,0.1353338,0.1244408,-0.07498115,0.01196001,0.1457763,0.1109364,-0.0818074,-0.001623244,0.1378476,-0.1100672,0.04796268,-0.03612097,0.1253792,-0.1552911,0.05409273,-0.02478606,0.1663,-0.1777074,0.04601988,0.003534662,0.1836035,0.1045697,-0.08241482,0.02727434,0.1359078,-0.2047004,0.9655312,-0.001005267,0.1607678,161.4971,-0.2073982,0.9782562,-0.001018516,-0.1407667,0.0476045,-0.01919243,0.1498326,0.1345588,-0.4786341,-0.2107403,0.8416602,65.3683,0.2491794,-0.8863472,-0.3902543,0.1136115,1.145314,0.2355891,1.174799,0.02679057,-0.9879648,-0.1285605,-0.08173121,189.3762,0.0268805,-0.9912812,-0.1289921,0.09757952,-0.07150641,0.02714182,0.1239823,0.2786057,-0.2901896,-0.6732853,0.6203676,103.314,0.3552234,-0.3699929,-0.8584415,-0.4352199,-0.2382447,-0.3811679,0.6256723,0.8607851,-0.2829117,0.407101,-0.1152348,193.2343,0.8665577,-0.284809,0.4098311,-0.0136115,-0.04531384,0.06441094,0.07992112,-0.2876555,0.3700963,0.5244805,0.7107766,89.40373,-0.4089397,0.52614,0.7456172,-0.08865714,1.209788,-0.06270853,1.214652,0.01643229,-0.1394878,-0.1616459,-0.9768028,335.2697,0.07673597,-0.6513837,-0.7548584,False,False,False,False
1772879686996,12.61037,0.1946154,1.081805,0.1645718,1.111423,-0.5462902,-0.6506467,-0.4117377,0.3296939,141.4996,-0.5786434,-0.6891802,-0.4361221,-0.1013591,0.6287708,-0.06103455,0.639806,0.5244731,0.2297938,-0.7645572,0.2959312,145.5732,0.5490661,0.2405691,-0.8004079,0.09286205,1.157591,0.2128743,1.180659,0.09647996,1.140161,0.2522751,1.171716,0.09286284,1.123057,0.2461976,1.15347,-0.01360419,0.6420797,0.02767864,0.6428199,-0.004822586,0.6393049,0.07405074,0.6435973,-0.02309911,0.6309537,0.1050672,0.6400588,0.09465139,-0.08662343,0.04436121,0.1357587,0.1209496,-0.07726838,0.01134317,0.1439718,0.1087645,-0.08298486,-0.001362398,0.1368139,-0.1101329,0.0476564,-0.03671106,0.1254914,-0.1554549,0.05384299,-0.02475964,0.166368,-0.1777612,0.04590311,0.003616072,0.1836279,0.09633105,-0.08480854,0.04293103,0.1353338,0.1244408,-0.07498115,0.01196001,0.1457763,0.1109364,-0.0818074,-0.001623244,0.1378476,-0.1100672,0.04796268,-0.03612097,0.1253792,-0.1552911,0.05409273,-0.02478606,0.1663,-0.1777074,0.04601988,0.003534662,0.1836035,0.1045697,-0.08241482,0.02727434,0.1359078,-0.2047004,0.9655312,-0.001005267,0.1607678,161.4971,-0.2073982,0.9782562,-0.001018516,-0.1407667,0.0476045,-0.01919243,0.1498326,0.1345588,-0.4786341,-0.2107403,0.8416602,65.3683,0.2491794,-0.8863472,-0.3902543,0.1139026,1.145288,0.2361281,1.174911,0.02758757,-0.9885299,-0.1266763,-0.07746559,188.8858,0.02767072,-0.9915093,-0.1270581,0.09757952,-0.07150641,0.02714182,0.1239823,0.2786057,-0.2901896,-0.6732853,0.6203676,103.314,0.3552234,-0.3699929,-0.8584415,-0.4352199,-0.2382447,-0.3811679,0.6256723,0.8607851,-0.2829117,0.407101,-0.1152348,193.2343,0.8665577,-0.284809,0.4098311,-0.01390258,-0.04528809,0.06387191,0.07952303,-0.2844274,0.3679456,0.5240446,0.7135087,88.95779,-0.4059499,0.5251516,0.7479444,-0.0886548,1.209814,-0.06245237,1.214664,0.01623748,-0.1392009,-0.1617757,-0.9768255,335.2819,0.07586291,-0.6503584,-0.7558301,False,False,False,False
1772879687010,12.62426,0.1946154,1.081805,0.1645718,1.111423,-0.5462902,-0.6506467,-0.4117377,0.3296939,141.4996,-0.5786434,-0.6891802,-0.4361221,-0.1013591,0.6287708,-0.06103455,0.639806,0.5244731,0.2297938,-0.7645572,0.2959312,145.5732,0.5490661,0.2405691,-0.8004079,0.09286205,1.157591,0.2128743,1.180659,0.09647996,1.140161,0.2522751,1.171716,0.09286284,1.123057,0.2461976,1.15347,-0.01360419,0.6420797,0.02767864,0.6428199,-0.004822586,0.6393049,0.07405074,0.6435973,-0.02309911,0.6309537,0.1050672,0.6400588,0.09465139,-0.08662343,0.04436121,0.1357587,0.1209496,-0.07726838,0.01134317,0.1439718,0.1087645,-0.08298486,-0.001362398,0.1368139,-0.1101329,0.0476564,-0.03671106,0.1254914,-0.1554549,0.05384299,-0.02475964,0.166368,-0.1777612,0.04590311,0.003616072,0.1836279,0.09633105,-0.08480854,0.04293103,0.1353338,0.1244408,-0.07498115,0.01196001,0.1457763,0.1109364,-0.0818074,-0.001623244,0.1378476,-0.1100672,0.04796268,-0.03612097,0.1253792,-0.1552911,0.05409273,-0.02478606,0.1663,-0.1777074,0.04601988,0.003534662,0.1836035,0.1045697,-0.08241482,0.02727434,0.1359078,-0.2047004,0.9655312,-0.001005267,0.1607678,161.4971,-0.2073982,0.9782562,-0.001018516,-0.1407667,0.0476045,-0.01919243,0.1498326,0.1345588,-0.4786341,-0.2107403,0.8416602,65.3683,0.2491794,-0.8863472,-0.3902543,0.1142777,1.14485,0.2380744,1.174912,0.0364014,-0.9905362,-0.1172622,-0.06133987,187.0334,0.03647007,-0.9924049,-0.1174835,0.09757952,-0.07150641,0.02714182,0.1239823,0.2786057,-0.2901896,-0.6732853,0.6203676,103.314,0.3552234,-0.3699929,-0.8584415,-0.4352199,-0.2382447,-0.3811679,0.6256723,0.8607851,-0.2829117,0.407101,-0.1152348,193.2343,0.8665577,-0.284809,0.4098311,-0.0142777,-0.04484951,0.06192558,0.07778244,-0.2726951,0.3601285,0.5170718,0.7270364,86.72298,-0.3971679,0.5245106,0.7530913,-0.08863698,1.209815,-0.06220864,1.214652,0.0161033,-0.1393025,-0.1614832,-0.9768617,335.3013,0.07529402,-0.6513352,-0.7550454,False,False,False,False
1772879687023,12.64062,0.1946154,1.081805,0.1645718,1.111423,-0.5462902,-0.6506467,-0.4117377,0.3296939,141.4996,-0.5786434,-0.6891802,-0.4361221,-0.1013591,0.6287708,-0.06103455,0.639806,0.5244731,0.2297938,-0.7645572,0.2959312,145.5732,0.5490661,0.2405691,-0.8004079,0.09286205,1.157591,0.2128743,1.180659,0.09647996,1.140161,0.2522751,1.171716,0.09286284,1.123057,0.2461976,1.15347,-0.01360419,0.6420797,0.02767864,0.6428199,-0.004822586,0.6393049,0.07405074,0.6435973,-0.02309911,0.6309537,0.1050672,0.6400588,0.09465139,-0.08662343,0.04436121,0.1357587,0.1209496,-0.07726838,0.01134317,0.1439718,0.1087645,-0.08298486,-0.001362398,0.1368139,-0.1101329,0.0476564,-0.03671106,0.1254914,-0.1554549,0.05384299,-0.02475964,0.166368,-0.1777612,0.04590311,0.003616072,0.1836279,0.09633105,-0.08480854,0.04293103,0.1353338,0.1244408,-0.07498115,0.01196001,0.1457763,0.1109364,-0.0818074,-0.001623244,0.1378476,-0.1100672,0.04796268,-0.03612097,0.1253792,-0.1552911,0.05409273,-0.02478606,0.1663,-0.1777074,0.04601988,0.003534662,0.1836035,0.1045697,-0.08241482,0.02727434,0.1359078,-0.2047004,0.9655312,-0.001005267,0.1607678,161.4971,-0.2073982,0.9782562,-0.001018516,-0.1407667,0.0476045,-0.01919243,0.1498326,0.1345588,-0.4786341,-0.2107403,0.8416602,65.3683,0.2491794,-0.8863472,-0.3902543,0.1142311,1.144787,0.238622,1.174958,0.04110392,-0.991328,-0.113836,-0.0511917,185.8687,0.04115788,-0.9926295,-0.1139855,0.09757952,-0.07150641,0.02714182,0.1239823,0.2786057,-0.2901896,-0.6732853,0.6203676,103.314,0.3552234,-0.3699929,-0.8584415,-0.4352199,-0.2382447,-0.3811679,0.6256723,0.8607851,-0.2829117,0.407101,-0.1152348,193.2343,0.8665577,-0.284809,0.4098311,-0.01423108,-0.04478693,0.06137799,0.07730233,-0.2668099,0.3538652,0.5140357,0.7344108,85.48509,-0.3931161,0.5213827,0.757377,-0.08863387,1.209774,-0.06201177,1.2146,0.01566583,-0.139177,-0.16155,-0.9768757,335.3088,0.07327046,-0.6509429,-0.7555837,True,True,False,False
1772879687037,12.65302,0.1931156,1.076792,0.1707222,1.107213,-0.5716933,-0.658694,-0.312142,0.3766383,135.7488,-0.6171392,-0.7110559,-0.3369552,-0.1015947,0.6286458,-0.06074538,0.639693,0.5250841,0.2307029,-0.7637,0.2963532,145.5226,0.5497811,0.2415538,-0.7996202,0.09937163,1.157076,0.2286602,1.183633,0.108828,1.136658,0.2655289,1.172322,0.1088672,1.119226,0.26024,1.154228,-0.01388951,0.6420332,0.02815167,0.6428002,-0.005234648,0.6393049,0.07450205,0.6436527,-0.02363639,0.6307982,0.1054411,0.6399866,0.09688456,-0.08160961,0.05043481,0.1363467,0.117167,-0.07607331,0.01270385,0.1402734,0.1036227,-0.0785722,0.0007809401,0.1300457,-0.1102054,0.04767933,-0.03681783,0.125595,-0.1555051,0.05374487,-0.0249076,0.1664053,-0.1777374,0.04579075,0.003564715,0.1835758,0.09638263,-0.08451042,0.04363034,0.1354076,0.1237629,-0.07508294,0.01202933,0.1452563,0.1102548,-0.08150589,-0.001399189,0.1371178,-0.1100801,0.04793628,-0.03618591,0.1253991,-0.155311,0.05406031,-0.02479739,0.1663098,-0.1777102,0.04599853,0.003537463,0.1836009,0.1042144,-0.0822244,0.02786707,0.1356394,-0.1971893,0.9684972,0.001891016,0.1520724,162.5059,-0.1995097,0.979894,0.001913269,-0.1407678,0.04757939,-0.01922974,0.1498304,0.1343711,-0.4783213,-0.2106856,0.8418817,65.32129,0.2489911,-0.8863347,-0.3904029,0.1142224,1.144734,0.239205,1.175024,0.04227061,-0.992233,-0.1099964,-0.039846,184.5672,0.0423042,-0.9930216,-0.1100838,0.0980861,-0.06897947,0.03282488,0.1243243,0.2206673,-0.3291822,-0.6526645,0.6457352,99.55836,0.2889975,-0.4311143,-0.8547636,-0.4485179,-0.2328761,-0.3836714,0.6345103,0.8224007,-0.3103556,0.4571826,-0.1353534,195.5581,0.8300393,-0.3132382,0.461429,-0.01422235,-0.04473352,0.06079501,0.07680753,-0.2586608,0.3474479,0.5137382,0.7405727,84.43957,-0.3849254,0.5170537,0.7645182,-0.08863978,1.209723,-0.06181246,1.21454,0.01551351,-0.1391111,-0.1614604,-0.9769022,335.323,0.07259936,-0.651005,-0.7555944,False,False,False,False
1772879687050,12.66966,0.1931156,1.076792,0.1707222,1.107213,-0.5716933,-0.658694,-0.312142,0.3766383,135.7488,-0.6171392,-0.7110559,-0.3369552,-0.1015947,0.6286458,-0.06074538,0.639693,0.5250841,0.2307029,-0.7637,0.2963532,145.5226,0.5497811,0.2415538,-0.7996202,0.09937163,1.157076,0.2286602,1.183633,0.108828,1.136658,0.2655289,1.172322,0.1088672,1.119226,0.26024,1.154228,-0.01388951,0.6420332,0.02815167,0.6428002,-0.005234648,0.6393049,0.07450205,0.6436527,-0.02363639,0.6307982,0.1054411,0.6399866,0.09688456,-0.08160961,0.05043481,0.1363467,0.117167,-0.07607331,0.01270385,0.1402734,0.1036227,-0.0785722,0.0007809401,0.1300457,-0.1102054,0.04767933,-0.03681783,0.125595,-0.1555051,0.05374487,-0.0249076,0.1664053,-0.1777374,0.04579075,0.003564715,0.1835758,0.09638263,-0.08451042,0.04363034,0.1354076,0.1237629,-0.07508294,0.01202933,0.1452563,0.1102548,-0.08150589,-0.001399189,0.1371178,-0.1100801,0.04793628,-0.03618591,0.1253991,-0.155311,0.05406031,-0.02479739,0.1663098,-0.1777102,0.04599853,0.003537463,0.1836009,0.1042144,-0.0822244,0.02786707,0.1356394,-0.1971893,0.9684972,0.001891016,0.1520724,162.5059,-0.1995097,0.979894,0.001913269,-0.1407678,0.04757939,-0.01922974,0.1498304,0.1343711,-0.4783213,-0.2106856,0.8418817,65.32129,0.2489911,-0.8863347,-0.3904029,0.1142503,1.14456,0.2396925,1.174956,0.03553595,-0.9926895,-0.1102485,-0.03391124,183.8867,0.03555641,-0.9932607,-0.110312,0.0980861,-0.06897947,0.03282488,0.1243243,0.2206673,-0.3291822,-0.6526645,0.6457352,99.55836,0.2889975,-0.4311143,-0.8547636,-0.4485179,-0.2328761,-0.3836714,0.6345103,0.8224007,-0.3103556,0.4571826,-0.1353534,195.5581,0.8300393,-0.3132382,0.461429,-0.01425027,-0.0445596,0.06030753,0.07632579,-0.2532925,0.3439531,0.5199874,0.7396975,84.58871,-0.3763972,0.5111204,0.7727104,-0.08864545,1.209689,-0.06157223,1.214495,0.01515443,-0.1391408,-0.1615077,-0.9768958,335.3195,0.07090917,-0.6510545,-0.7557117,False,False,False,False
1772879687066,12.68239,0.1931156,1.076792,0.1707222,1.107213,-0.5716933,-0.658694,-0.312142,0.3766383,135.7488,-0.6171392,-0.7110559,-0.3369552,-0.1015947,0.6286458,-0.06074538,0.639693,0.5250841,0.2307029,-0.7637,0.2963532,145.5226,0.5497811,0.2415538,-0.7996202,0.09937163,1.157076,0.2286602,1.183633,0.108828,1.136658,0.2655289,1.172322,0.1088672,1.119226,0.26024,1.154228,-0.01388951,0.6420332,0.02815167,0.6428002,-0.005234648,0.6393049,0.07450205,0.6436527,-0.02363639,0.6307982,0.1054411,0.6399866,0.09688456,-0.08160961,0.05043481,0.1363467,0.117167,-0.07607331,0.01270385,0.1402734,0.1036227,-0.0785722,0.0007809401,0.1300457,-0.1102054,0.04767933,-0.03681783,0.125595,-0.1555051,0.05374487,-0.0249076,0.1664053,-0.1777374,0.04579075,0.003564715,0.1835758,0.09638263,-0.08451042,0.04363034,0.1354076,0.1237629,-0.07508294,0.01202933,0.1452563,0.1102548,-0.08150589,-0.001399189,0.1371178,-0.1100801,0.04793628,-0.03618591,0.1253991,-0.155311,0.05406031,-0.02479739,0.1663098,-0.1777102,0.04599853,0.003537463,0.1836009,0.1042144,-0.0822244,0.02786707,0.1356394,-0.1971893,0.9684972,0.001891016,0.1520724,162.5059,-0.1995097,0.979894,0.001913269,-0.1407678,0.04757939,-0.01922974,0.1498304,0.1343711,-0.4783213,-0.2106856,0.8418817,65.32129,0.2489911,-0.8863347,-0.3904029,0.1141896,1.144385,0.2418904,1.175231,0.04140359,-0.9930651,-0.108611,-0.01764227,182.0218,0.04141004,-0.9932197,-0.1086279,0.0980861,-0.06897947,0.03282488,0.1243243,0.2206673,-0.3291822,-0.6526645,0.6457352,99.55836,0.2889975,-0.4311143,-0.8547636,-0.4485179,-0.2328761,-0.3836714,0.6345103,0.8224007,-0.3103556,0.4571826,-0.1353534,195.5581,0.8300393,-0.3132382,0.461429,-0.01418961,-0.04438543,0.05810964,0.07448585,-0.2460053,0.3318259,0.5173993,0.7494473,82.91496,-0.3715732,0.5011991,0.7814941,-0.08864873,1.209683,-0.06126714,1.214473,0.0150655,-0.1392464,-0.1614279,-0.9768953,335.3193,0.07049233,-0.6515416,-0.7553302,False,False,False,False
1772879687079,12.69467,0.1931156,1.076792,0.1707222,1.107213,-0.5716933,-0.658694,-0.312142,0.3766383,135.7488,-0.6171392,-0.7110559,-0.3369552,-0.1015947,0.6286458,-0.06074538,0.639693,0.5250841,0.2307029,-0.7637,0.2963532,145.5226,0.5497811,0.2415538,-0.7996202,0.09937163,1.157076,0.2286602,1.183633,0.108828,1.136658,0.2655289,1.172322,0.1088672,1.119226,0.26024,1.154228,-0.01388951,0.6420332,0.02815167,0.6428002,-0.005234648,0.6393049,0.07450205,0.6436527,-0.02363639,0.6307982,0.1054411,0.6399866,0.09688456,-0.08160961,0.05043481,0.1363467,0.117167,-0.07607331,0.01270385,0.1402734,0.1036227,-0.0785722,0.0007809401,0.1300457,-0.1102054,0.04767933,-0.03681783,0.125595,-0.1555051,0.05374487,-0.0249076,0.1664053,-0.1777374,0.04579075,0.003564715,0.1835758,0.09638263,-0.08451042,0.04363034,0.1354076,0.1237629,-0.07508294,0.01202933,0.1452563,0.1102548,-0.08150589,-0.001399189,0.1371178,-0.1100801,0.04793628,-0.03618591,0.1253991,-0.155311,0.05406031,-0.02479739,0.1663098,-0.1777102,0.04599853,0.003537463,0.1836009,0.1042144,-0.0822244,0.02786707,0.1356394,-0.1971893,0.9684972,0.001891016,0.1520724,162.5059,-0.1995097,0.979894,0.001913269,-0.1407678,0.04757939,-0.01922974,0.1498304,0.1343711,-0.4783213,-0.2106856,0.8418817,65.32129,0.2489911,-0.8863347,-0.3904029,0.1140012,1.14443,0.2425252,1.175387,0.05179557,-0.9931102,-0.1044282,-0.01200568,181.3758,0.05179931,-0.9931818,-0.1044357,0.0980861,-0.06897947,0.03282488,0.1243243,0.2206673,-0.3291822,-0.6526645,0.6457352,99.55836,0.2889975,-0.4311143,-0.8547636,-0.4485179,-0.2328761,-0.3836714,0.6345103,0.8224007,-0.3103556,0.4571826,-0.1353534,195.5581,0.8300393,-0.3132382,0.461429,-0.01400122,-0.04443026,0.05747481,0.07398267,-0.2439364,0.3282764,0.5087609,0.7575567,81.50146,-0.3736946,0.502898,0.7793885,-0.08866119,1.209677,-0.06099969,1.214454,0.0148931,-0.138926,-0.1615757,-0.9769192,335.3321,0.06972125,-0.6503746,-0.7564081,False,False,False,False
1772879687093,12.70773,0.1931156,1.076792,0.1707222,1.107213,-0.5716933,-0.658694,-0.312142,0.3766383,135.7488,-0.6171392,-0.7110559,-0.3369552,-0.1015947,0.6286458,-0.06074538,0.639693,0.5250841,0.2307029,-0.7637,0.2963532,145.5226,0.5497811,0.2415538,-0.7996202,0.09937163,1.157076,0.2286602,1.183633,0.108828,1.136658,0.2655289,1.172322,0.1088672,1.119226,0.26024,1.154228,-0.01388951,0.6420332,0.02815167,0.6428002,-0.005234648,0.6393049,0.07450205,0.6436527,-0.02363639,0.6307982,0.1054411,0.6399866,0.09688456,-0.08160961,0.05043481,0.1363467,0.117167,-0.07607331,0.01270385,0.1402734,0.1036227,-0.0785722,0.0007809401,0.1300457,-0.1102054,0.04767933,-0.03681783,0.125595,-0.1555051,0.05374487,-0.0249076,0.1664053,-0.1777374,0.04579075,0.003564715,0.1835758,0.09638263,-0.08451042,0.04363034,0.1354076,0.1237629,-0.07508294,0.01202933,0.1452563,0.1102548,-0.08150589,-0.001399189,0.1371178,-0.1100801,0.04793628,-0.03618591,0.1253991,-0.155311,0.05406031,-0.02479739,0.1663098,-0.1777102,0.04599853,0.003537463,0.1836009,0.1042144,-0.0822244,0.02786707,0.1356394,-0.1971893,0.9684972,0.001891016,0.1520724,162.5059,-0.1995097,0.979894,0.001913269,-0.1407678,0.04757939,-0.01922974,0.1498304,0.1343711,-0.4783213,-0.2106856,0.8418817,65.32129,0.2489911,-0.8863347,-0.3904029,0.1139643,1.144543,0.2431369,1.17562,0.05765012,-0.9935693,-0.09708078,0.008489056,179.0272,0.0576522,-0.993605,-0.09708428,0.0980861,-0.06897947,0.03282488,0.1243243,0.2206673,-0.3291822,-0.6526645,0.6457352,99.55836,0.2889975,-0.4311143,-0.8547636,-0.4485179,-0.2328761,-0.3836714,0.6345103,0.8224007,-0.3103556,0.4571826,-0.1353534,195.5581,0.8300393,-0.3132382,0.461429,-0.0139643,-0.04454315,0.05686316,0.07356978,-0.2301742,0.3159208,0.5046322,0.7697796,79.33183,-0.3605994,0.4949331,0.7905754,-0.08872975,1.209637,-0.0607674,1.214408,0.01500172,-0.1388147,-0.1616691,-0.9769179,335.3314,0.07022777,-0.6498354,-0.7568239,False,False,False,False
1772879687106,12.72147,0.1931156,1.076792,0.1707222,1.107213,-0.5716933,-0.658694,-0.312142,0.3766383,135.7488,-0.6171392,-0.7110559,-0.3369552,-0.1015947,0.6286458,-0.06074538,0.639693,0.5250841,0.2307029,-0.7637,0.2963532,145.5226,0.5497811,0.2415538,-0.7996202,0.09937163,1.157076,0.2286602,1.183633,0.108828,1.136658,0.2655289,1.172322,0.1088672,1.119226,0.26024,1.154228,-0.01388951,0.6420332,0.02815167,0.6428002,-0.005234648,0.6393049,0.07450205,0.6436527,-0.02363639,0.6307982,0.1054411,0.6399866,0.09688456,-0.08160961,0.05043481,0.1363467,0.117167,-0.07607331,0.01270385,0.1402734,0.1036227,-0.0785722,0.0007809401,0.1300457,-0.1102054,0.04767933,-0.03681783,0.125595,-0.1555051,0.05374487,-0.0249076,0.1664053,-0.1777374,0.04579075,0.003564715,0.1835758,0.09638263,-0.08451042,0.04363034,0.1354076,0.1237629,-0.07508294,0.01202933,0.1452563,0.1102548,-0.08150589,-0.001399189,0.1371178,-0.1100801,0.04793628,-0.03618591,0.1253991,-0.155311,0.05406031,-0.02479739,0.1663098,-0.1777102,0.04599853,0.003537463,0.1836009,0.1042144,-0.0822244,0.02786707,0.1356394,-0.1971893,0.9684972,0.001891016,0.1520724,162.5059,-0.1995097,0.979894,0.001913269,-0.1407678,0.04757939,-0.01922974,0.1498304,0.1343711,-0.4783213,-0.2106856,0.8418817,65.32129,0.2489911,-0.8863347,-0.3904029,0.1136049,1.144368,0.2452525,1.175854,0.06450998,-0.993634,-0.08435062,0.03761572,175.6886,0.06455567,-0.9943377,-0.08441035,0.0980861,-0.06897947,0.03282488,0.1243243,0.2206673,-0.3291822,-0.6526645,0.6457352,99.55836,0.2889975,-0.4311143,-0.8547636,-0.4485179,-0.2328761,-0.3836714,0.6345103,0.8224007,-0.3103556,0.4571826,-0.1353534,195.5581,0.8300393,-0.3132382,0.461429,-0.01360488,-0.04436767,0.05474752,0.07176959,-0.2082459,0.299515,0.4986906,0.7862775,76.32204,-0.3370364,0.4847512,0.8071076,-0.08881909,1.209575,-0.06052699,1.214341,0.01502606,-0.1385453,-0.1616189,-0.9769641,335.3562,0.07041138,-0.6492161,-0.7573383,False,False,False,False
1772879687121,12.73625,0.1931156,1.076792,0.1707222,1.107213,-0.5716933,-0.658694,-0.312142,0.3766383,135.7488,-0.6171392,-0.7110559,-0.3369552,-0.1015947,0.6286458,-0.06074538,0.639693,0.5250841,0.2307029,-0.7637,0.2963532,145.5226,0.5497811,0.2415538,-0.7996202,0.09937163,1.157076,0.2286602,1.183633,0.108828,1.136658,0.2655289,1.172322,0.1088672,1.119226,0.26024,1.154228,-0.01388951,0.6420332,0.02815167,0.6428002,-0.005234648,0.6393049,0.07450205,0.6436527,-0.02363639,0.6307982,0.1054411,0.6399866,0.09688456,-0.08160961,0.05043481,0.1363467,0.117167,-0.07607331,0.01270385,0.1402734,0.1036227,-0.0785722,0.0007809401,0.1300457,-0.1102054,0.04767933,-0.03681783,0.125595,-0.1555051,0.05374487,-0.0249076,0.1664053,-0.1777374,0.04579075,0.003564715,0.1835758,0.09638263,-0.08451042,0.04363034,0.1354076,0.1237629,-0.07508294,0.01202933,0.1452563,0.1102548,-0.08150589,-0.001399189,0.1371178,-0.1100801,0.04793628,-0.03618591,0.1253991,-0.155311,0.05406031,-0.02479739,0.1663098,-0.1777102,0.04599853,0.003537463,0.1836009,0.1042144,-0.0822244,0.02786707,0.1356394,-0.1971893,0.9684972,0.001891016,0.1520724,162.5059,-0.1995097,0.979894,0.001913269,-0.1407678,0.04757939,-0.01922974,0.1498304,0.1343711,-0.4783213,-0.2106856,0.8418817,65.32129,0.2489911,-0.8863347,-0.3904029,0.113527,1.144389,0.2458814,1.175999,0.06139066,-0.9936948,-0.08056523,0.04807303,174.4891,0.06146172,-0.9948451,-0.08065849,0.0980861,-0.06897947,0.03282488,0.1243243,0.2206673,-0.3291822,-0.6526645,0.6457352,99.55836,0.2889975,-0.4311143,-0.8547636,-0.4485179,-0.2328761,-0.3836714,0.6345103,0.8224007,-0.3103556,0.4571826,-0.1353534,195.5581,0.8300393,-0.3132382,0.461429,-0.01352697,-0.04438913,0.05411863,0.07128955,-0.1988352,0.2940181,0.5010939,0.7892547,75.76818,-0.3238009,0.4788052,0.816026,-0.08895099,1.209506,-0.06028184,1.21427,0.01490644,-0.1382564,-0.1620147,-0.9769412,335.3439,0.06981665,-0.6475456,-0.7588215,False,False,False,False
1772879687135,12.74959,0.1931156,1.076792,0.1707222,1.107213,-0.5716933,-0.658694,-0.312142,0.3766383,135.7488,-0.6171392,-0.7110559,-0.3369552,-0.1015947,0.6286458,-0.06074538,0.639693,0.5250841,0.2307029,-0.7637,0.2963532,145.5226,0.5497811,0.2415538,-0.7996202,0.09937163,1.157076,0.2286602,1.183633,0.108828,1.136658,0.2655289,1.172322,0.1088672,1.119226,0.26024,1.154228,-0.01388951,0.6420332,0.02815167,0.6428002,-0.005234648,0.6393049,0.07450205,0.6436527,-0.02363639,0.6307982,0.1054411,0.6399866,0.09688456,-0.08160961,0.05043481,0.1363467,0.117167,-0.07607331,0.01270385,0.1402734,0.1036227,-0.0785722,0.0007809401,0.1300457,-0.1102054,0.04767933,-0.03681783,0.125595,-0.1555051,0.05374487,-0.0249076,0.1664053,-0.1777374,0.04579075,0.003564715,0.1835758,0.09638263,-0.08451042,0.04363034,0.1354076,0.1237629,-0.07508294,0.01202933,0.1452563,0.1102548,-0.08150589,-0.001399189,0.1371178,-0.1100801,0.04793628,-0.03618591,0.1253991,-0.155311,0.05406031,-0.02479739,0.1663098,-0.1777102,0.04599853,0.003537463,0.1836009,0.1042144,-0.0822244,0.02786707,0.1356394,-0.1971893,0.9684972,0.001891016,0.1520724,162.5059,-0.1995097,0.979894,0.001913269,-0.1407678,0.04757939,-0.01922974,0.1498304,0.1343711,-0.4783213,-0.2106856,0.8418817,65.32129,0.2489911,-0.8863347,-0.3904029,0.1136511,1.144641,0.2465847,1.176403,0.0636379,-0.9934644,-0.07674012,0.0555849,173.6272,0.06373644,-0.9950027,-0.07685894,0.0980861,-0.06897947,0.03282488,0.1243243,0.2206673,-0.3291822,-0.6526645,0.6457352,99.55836,0.2889975,-0.4311143,-0.8547636,-0.4485179,-0.2328761,-0.3836714,0.6345103,0.8224007,-0.3103556,0.4571826,-0.1353534,195.5581,0.8300393,-0.3132382,0.461429,-0.01365113,-0.04464066,0.05341527,0.07093894,-0.1929188,0.2899035,0.4988662,0.7936441,74.94527,-0.3171011,0.4765152,0.8199878,-0.08909258,1.209399,-0.06004683,1.214162,0.0146738,-0.1380737,-0.162258,-0.9769303,335.3381,0.0687109,-0.646538,-0.7597822,False,False,False,False
1772879687149,12.76351,0.1931156,1.076792,0.1707222,1.107213,-0.5716933,-0.658694,-0.312142,0.3766383,135.7488,-0.6171392,-0.7110559,-0.3369552,-0.1015947,0.6286458,-0.06074538,0.639693,0.5250841,0.2307029,-0.7637,0.2963532,145.5226,0.5497811,0.2415538,-0.7996202,0.09937163,1.157076,0.2286602,1.183633,0.108828,1.136658,0.2655289,1.172322,0.1088672,1.119226,0.26024,1.154228,-0.01388951,0.6420332,0.02815167,0.6428002,-0.005234648,0.6393049,0.07450205,0.6436527,-0.02363639,0.6307982,0.1054411,0.6399866,0.09688456,-0.08160961,0.05043481,0.1363467,0.117167,-0.07607331,0.01270385,0.1402734,0.1036227,-0.0785722,0.0007809401,0.1300457,-0.1102054,0.04767933,-0.03681783,0.125595,-0.1555051,0.05374487,-0.0249076,0.1664053,-0.1777374,0.04579075,0.003564715,0.1835758,0.09638263,-0.08451042,0.04363034,0.1354076,0.1237629,-0.07508294,0.01202933,0.1452563,0.1102548,-0.08150589,-0.001399189,0.1371178,-0.1100801,0.04793628,-0.03618591,0.1253991,-0.155311,0.05406031,-0.02479739,0.1663098,-0.1777102,0.04599853,0.003537463,0.1836009,0.1042144,-0.0822244,0.02786707,0.1356394,-0.1971893,0.9684972,0.001891016,0.1520724,162.5059,-0.1995097,0.979894,0.001913269,-0.1407678,0.04757939,-0.01922974,0.1498304,0.1343711,-0.4783213,-0.2106856,0.8418817,65.32129,0.2489911,-0.8863347,-0.3904029,0.1140302,1.145265,0.2490134,1.177558,0.07438532,-0.9923029,-0.06462768,0.07500096,171.3974,0.07459542,-0.9951057,-0.06481023,0.0980861,-0.06897947,0.03282488,0.1243243,0.2206673,-0.3291822,-0.6526645,0.6457352,99.55836,0.2889975,-0.4311143,-0.8547636,-0.4485179,-0.2328761,-0.3836714,0.6345103,0.8224007,-0.3103556,0.4571826,-0.1353534,195.5581,0.8300393,-0.3132382,0.461429,-0.01403023,-0.04526508,0.05098662,0.06960898,-0.1777561,0.2795025,0.4882353,0.807408,72.31311,-0.3012847,0.4737382,0.8275263,-0.08918716,1.209315,-0.05982314,1.214074,0.01417909,-0.1377328,-0.1623059,-0.9769777,335.3635,0.06646197,-0.6455979,-0.7607799,False,False,False,False
1772879687163,12.77781,0.1931156,1.076792,0.1707222,1.107213,-0.5716933,-0.658694,-0.312142,0.3766383,135.7488,-0.6171392,-0.7110559,-0.3369552,-0.1015947,0.6286458,-0.06074538,0.639693,0.5250841,0.2307029,-0.7637,0.2963532,145.5226,0.5497811,0.2415538,-0.7996202,0.09937163,1.157076,0.2286602,1.183633,0.108828,1.136658,0.2655289,1.172322,0.1088672,1.119226,0.26024,1.154228,-0.01388951,0.6420332,0.02815167,0.6428002,-0.005234648,0.6393049,0.07450205,0.6436527,-0.02363639,0.6307982,0.1054411,0.6399866,0.09688456,-0.08160961,0.05043481,0.1363467,0.117167,-0.07607331,0.01270385,0.1402734,0.1036227,-0.0785722,0.0007809401,0.1300457,-0.1102054,0.04767933,-0.03681783,0.125595,-0.1555051,0.05374487,-0.0249076,0.1664053,-0.1777374,0.04579075,0.003564715,0.1835758,0.09638263,-0.08451042,0.04363034,0.1354076,0.1237629,-0.07508294,0.01202933,0.1452563,0.1102548,-0.08150589,-0.001399189,0.1371178,-0.1100801,0.04793628,-0.03618591,0.1253991,-0.155311,0.05406031,-0.02479739,0.1663098,-0.1777102,0.04599853,0.003537463,0.1836009,0.1042144,-0.0822244,0.02786707,0.1356394,-0.1971893,0.9684972,0.001891016,0.1520724,162.5059,-0.1995097,0.979894,0.001913269,-0.1407678,0.04757939,-0.01922974,0.1498304,0.1343711,-0.4783213,-0.2106856,0.8418817,65.32129,0.2489911,-0.8863347,-0.3904029,0.1143021,1.145538,0.2496948,1.177994,0.06593109,-0.9924309,-0.06546704,0.08030064,170.7883,0.06614469,-0.9956461,-0.06567914,0.0980861,-0.06897947,0.03282488,0.1243243,0.2206673,-0.3291822,-0.6526645,0.6457352,99.55836,0.2889975,-0.4311143,-0.8547636,-0.4485179,-0.2328761,-0.3836714,0.6345103,0.8224007,-0.3103556,0.4571826,-0.1353534,195.5581,0.8300393,-0.3132382,0.461429,-0.01430211,-0.04553819,0.05030519,0.06934615,-0.1724533,0.2763013,0.4957506,0.805077,72.76463,-0.2907313,0.4658041,0.8357641,-0.0892795,1.209241,-0.05961223,1.213997,0.01391848,-0.1375205,-0.1625279,-0.9769745,335.3618,0.06523591,-0.6445584,-0.7617681,False,False,False,False
1772879687176,12.7934,0.1931156,1.076792,0.1707222,1.107213,-0.5716933,-0.658694,-0.312142,0.3766383,135.7488,-0.6171392,-0.7110559,-0.3369552,-0.1015947,0.6286458,-0.06074538,0.639693,0.5250841,0.2307029,-0.7637,0.2963532,145.5226,0.5497811,0.2415538,-0.7996202,0.09937163,1.157076,0.2286602,1.183633,0.108828,1.136658,0.2655289,1.172322,0.1088672,1.119226,0.26024,1.154228,-0.01388951,0.6420332,0.02815167,0.6428002,-0.005234648,0.6393049,0.07450205,0.6436527,-0.02363639,0.6307982,0.1054411,0.6399866,0.09688456,-0.08160961,0.05043481,0.1363467,0.117167,-0.07607331,0.01270385,0.1402734,0.1036227,-0.0785722,0.0007809401,0.1300457,-0.1102054,0.04767933,-0.03681783,0.125595,-0.1555051,0.05374487,-0.0249076,0.1664053,-0.1777374,0.04579075,0.003564715,0.1835758,0.09638263,-0.08451042,0.04363034,0.1354076,0.1237629,-0.07508294,0.01202933,0.1452563,0.1102548,-0.08150589,-0.001399189,0.1371178,-0.1100801,0.04793628,-0.03618591,0.1253991,-0.155311,0.05406031,-0.02479739,0.1663098,-0.1777102,0.04599853,0.003537463,0.1836009,0.1042144,-0.0822244,0.02786707,0.1356394,-0.1971893,0.9684972,0.001891016,0.1520724,162.5059,-0.1995097,0.979894,0.001913269,-0.1407678,0.04757939,-0.01922974,0.1498304,0.1343711,-0.4783213,-0.2106856,0.8418817,65.32129,0.2489911,-0.8863347,-0.3904029,0.1151928,1.145721,0.2515805,1.17866,0.07816474,-0.990845,-0.06513456,0.08873469,169.8184,0.07847431,-0.9947692,-0.06539252,0.0980861,-0.06897947,0.03282488,0.1243243,0.2206673,-0.3291822,-0.6526645,0.6457352,99.55836,0.2889975,-0.4311143,-0.8547636,-0.4485179,-0.2328761,-0.3836714,0.6345103,0.8224007,-0.3103556,0.4571826,-0.1353534,195.5581,0.8300393,-0.3132382,0.461429,-0.01519283,-0.04572082,0.04841954,0.06830569,-0.1723338,0.2677808,0.4867494,0.8134308,71.13501,-0.2962784,0.4603721,0.8368255,-0.08936613,1.20918,-0.05939848,1.213932,0.01386192,-0.1372117,-0.1626073,-0.9770055,335.3784,0.06501404,-0.6435391,-0.7626477,False,False,False,False
1772879687190,12.80564,0.1931156,1.076792,0.1707222,1.107213,-0.5716933,-0.658694,-0.312142,0.3766383,135.7488,-0.6171392,-0.7110559,-0.3369552,-0.1015947,0.6286458,-0.06074538,0.639693,0.5250841,0.2307029,-0.7637,0.2963532,145.5226,0.5497811,0.2415538,-0.7996202,0.09937163,1.157076,0.2286602,1.183633,0.108828,1.136658,0.2655289,1.172322,0.1088672,1.119226,0.26024,1.154228,-0.01388951,0.6420332,0.02815167,0.6428002,-0.005234648,0.6393049,0.07450205,0.6436527,-0.02363639,0.6307982,0.1054411,0.6399866,0.09688456,-0.08160961,0.05043481,0.1363467,0.117167,-0.07607331,0.01270385,0.1402734,0.1036227,-0.0785722,0.0007809401,0.1300457,-0.1102054,0.04767933,-0.03681783,0.125595,-0.1555051,0.05374487,-0.0249076,0.1664053,-0.1777374,0.04579075,0.003564715,0.1835758,0.09638263,-0.08451042,0.04363034,0.1354076,0.1237629,-0.07508294,0.01202933,0.1452563,0.1102548,-0.08150589,-0.001399189,0.1371178,-0.1100801,0.04793628,-0.03618591,0.1253991,-0.155311,0.05406031,-0.02479739,0.1663098,-0.1777102,0.04599853,0.003537463,0.1836009,0.1042144,-0.0822244,0.02786707,0.1356394,-0.1971893,0.9684972,0.001891016,0.1520724,162.5059,-0.1995097,0.979894,0.001913269,-0.1407678,0.04757939,-0.01922974,0.1498304,0.1343711,-0.4783213,-0.2106856,0.8418817,65.32129,0.2489911,-0.8863347,-0.3904029,0.1155746,1.145822,0.2520674,1.178899,0.07635564,-0.9909694,-0.06587182,0.08837635,169.8596,0.07665558,-0.9948621,-0.06613058,0.0980861,-0.06897947,0.03282488,0.1243243,0.2206673,-0.3291822,-0.6526645,0.6457352,99.55836,0.2889975,-0.4311143,-0.8547636,-0.4485179,-0.2328761,-0.3836714,0.6345103,0.8224007,-0.3103556,0.4571826,-0.1353534,195.5581,0.8300393,-0.3132382,0.461429,-0.01557457,-0.04582202,0.0479326,0.06811577,-0.1723997,0.2679741,0.4884117,0.8123561,71.34647,-0.2956292,0.4595192,0.8375233,-0.0894465,1.209126,-0.059179,1.213874,0.01386841,-0.1369193,-0.1623886,-0.9770827,335.42,0.06515285,-0.6432374,-0.7628906,False,False,False,False
1772879687204,12.81951,0.1931156,1.076792,0.1707222,1.107213,-0.5716933,-0.658694,-0.312142,0.3766383,135.7488,-0.6171392,-0.7110559,-0.3369552,-0.1015947,0.6286458,-0.06074538,0.639693,0.5250841,0.2307029,-0.7637,0.2963532,145.5226,0.5497811,0.2415538,-0.7996202,0.09937163,1.157076,0.2286602,1.183633,0.108828,1.136658,0.2655289,1.172322,0.1088672,1.119226,0.26024,1.154228,-0.01388951,0.6420332,0.02815167,0.6428002,-0.005234648,0.6393049,0.07450205,0.6436527,-0.02363639,0.6307982,0.1054411,0.6399866,0.09688456,-0.08160961,0.05043481,0.1363467,0.117167,-0.07607331,0.01270385,0.1402734,0.1036227,-0.0785722,0.0007809401,0.1300457,-0.1102054,0.04767933,-0.03681783,0.125595,-0.1555051,0.05374487,-0.0249076,0.1664053,-0.1777374,0.04579075,0.003564715,0.1835758,0.09638263,-0.08451042,0.04363034,0.1354076,0.1237629,-0.07508294,0.01202933,0.1452563,0.1102548,-0.08150589,-0.001399189,0.1371178,-0.1100801,0.04793628,-0.03618591,0.1253991,-0.155311,0.05406031,-0.02479739,0.1663098,-0.1777102,0.04599853,0.003537463,0.1836009,0.1042144,-0.0822244,0.02786707,0.1356394,-0.1971893,0.9684972,0.001891016,0.1520724,162.5059,-0.1995097,0.979894,0.001913269,-0.1407678,0.04757939,-0.01922974,0.1498304,0.1343711,-0.4783213,-0.2106856,0.8418817,65.32129,0.2489911,-0.8863347,-0.3904029,0.1159757,1.145831,0.2524572,1.179031,0.07473954,-0.9913861,-0.06574101,0.08512183,170.2339,0.07501179,-0.9949974,-0.06598049,0.0980861,-0.06897947,0.03282488,0.1243243,0.2206673,-0.3291822,-0.6526645,0.6457352,99.55836,0.2889975,-0.4311143,-0.8547636,-0.4485179,-0.2328761,-0.3836714,0.6345103,0.8224007,-0.3103556,0.4571826,-0.1353534,195.5581,0.8300393,-0.3132382,0.461429,-0.01597566,-0.04583108,0.04754284,0.06794138,-0.1734108,0.2708855,0.4893405,0.8106144,71.688,-0.296135,0.4625932,0.8356506,-0.08952854,1.209093,-0.05894053,1.213835,0.01404109,-0.1365109,-0.1624841,-0.9771216,335.4409,0.06601935,-0.6418563,-0.7639788,False,False,False,False
1772879687218,12.83307,0.1931156,1.076792,0.1707222,1.107213,-0.5716933,-0.658694,-0.312142,0.3766383,135.7488,-0.6171392,-0.7110559,-0.3369552,-0.1015947,0.6286458,-0.06074538,0.639693,0.5250841,0.2307029,-0.7637,0.2963532,145.5226,0.5497811,0.2415538,-0.7996202,0.09937163,1.157076,0.2286602,1.183633,0.108828,1.136658,0.2655289,1.172322,0.1088672,1.119226,0.26024,1.154228,-0.01388951,0.6420332,0.02815167,0.6428002,-0.005234648,0.6393049,0.07450205,0.6436527,-0.02363639,0.6307982,0.1054411,0.6399866,0.09688456,-0.08160961,0.05043481,0.1363467,0.117167,-0.07607331,0.01270385,0.1402734,0.1036227,-0.0785722,0.0007809401,0.1300457,-0.1102054,0.04767933,-0.03681783,0.125595,-0.1555051,0.05374487,-0.0249076,0.1664053,-0.1777374,0.04579075,0.003564715,0.1835758,0.09638263,-0.08451042,0.04363034,0.1354076,0.1237629,-0.07508294,0.01202933,0.1452563,0.1102548,-0.08150589,-0.001399189,0.1371178,-0.1100801,0.04793628,-0.03618591,0.1253991,-0.155311,0.05406031,-0.02479739,0.1663098,-0.1777102,0.04599853,0.003537463,0.1836009,0.1042144,-0.0822244,0.02786707,0.1356394,-0.1971893,0.9684972,0.001891016,0.1520724,162.5059,-0.1995097,0.979894,0.001913269,-0.1407678,0.04757939,-0.01922974,0.1498304,0.1343711,-0.4783213,-0.2106856,0.8418817,65.32129,0.2489911,-0.8863347,-0.3904029,0.1168437,1.145496,0.2537738,1.179074,0.06945515,-0.9923093,-0.0538229,0.08718583,169.9965,0.06972064,-0.9961025,-0.05402864,0.0980861,-0.06897947,0.03282488,0.1243243,0.2206673,-0.3291822,-0.6526645,0.6457352,99.55836,0.2889975,-0.4311143,-0.8547636,-0.4485179,-0.2328761,-0.3836714,0.6345103,0.8224007,-0.3103556,0.4571826,-0.1353534,195.5581,0.8300393,-0.3132382,0.461429,-0.01684372,-0.04549646,0.0462262,0.0670112,-0.1614558,0.2765353,0.4895343,0.811059,71.60097,-0.2760095,0.4727386,0.8368614,-0.08961842,1.209061,-0.05869098,1.213797,0.01417353,-0.1362513,-0.1626725,-0.9771246,335.4425,0.06664634,-0.6406767,-0.7649138,False,False,False,False
1772879687231,12.84749,0.1931156,1.076792,0.1707222,1.107213,-0.5716933,-0.658694,-0.312142,0.3766383,135.7488,-0.6171392,-0.7110559,-0.3369552,-0.1015947,0.6286458,-0.06074538,0.639693,0.5250841,0.2307029,-0.7637,0.2963532,145.5226,0.5497811,0.2415538,-0.7996202,0.09937163,1.157076,0.2286602,1.183633,0.108828,1.136658,0.2655289,1.172322,0.1088672,1.119226,0.26024,1.154228,-0.01388951,0.6420332,0.02815167,0.6428002,-0.005234648,0.6393049,0.07450205,0.6436527,-0.02363639,0.6307982,0.1054411,0.6399866,0.09688456,-0.08160961,0.05043481,0.1363467,0.117167,-0.07607331,0.01270385,0.1402734,0.1036227,-0.0785722,0.0007809401,0.1300457,-0.1102054,0.04767933,-0.03681783,0.125595,-0.1555051,0.05374487,-0.0249076,0.1664053,-0.1777374,0.04579075,0.003564715,0.1835758,0.09638263,-0.08451042,0.04363034,0.1354076,0.1237629,-0.07508294,0.01202933,0.1452563,0.1102548,-0.08150589,-0.001399189,0.1371178,-0.1100801,0.04793628,-0.03618591,0.1253991,-0.155311,0.05406031,-0.02479739,0.1663098,-0.1777102,0.04599853,0.003537463,0.1836009,0.1042144,-0.0822244,0.02786707,0.1356394,-0.1971893,0.9684972,0.001891016,0.1520724,162.5059,-0.1995097,0.979894,0.001913269,-0.1407678,0.04757939,-0.01922974,0.1498304,0.1343711,-0.4783213,-0.2106856,0.8418817,65.32129,0.2489911,-0.8863347,-0.3904029,0.1170329,1.145628,0.2540806,1.179287,0.06776147,-0.9924463,-0.04469164,0.09198656,169.4442,0.06804998,-0.9966719,-0.04488192,0.0980861,-0.06897947,0.03282488,0.1243243,0.2206673,-0.3291822,-0.6526645,0.6457352,99.55836,0.2889975,-0.4311143,-0.8547636,-0.4485179,-0.2328761,-0.3836714,0.6345103,0.8224007,-0.3103556,0.4571826,-0.1353534,195.5581,0.8300393,-0.3132382,0.461429,-0.0170329,-0.04562783,0.04591945,0.06693739,-0.1514656,0.277884,0.4880619,0.8134092,71.13928,-0.2603879,0.4777167,0.8390381,-0.08972426,1.209014,-0.05845151,1.213747,0.01397579,-0.1359718,-0.1627781,-0.9771487,335.4555,0.06575087,-0.6396964,-0.7658099,False,False,False,False
1772879687246,12.86053,0.1931156,1.076792,0.1707222,1.107213,-0.5716933,-0.658694,-0.312142,0.3766383,135.7488,-0.6171392,-0.7110559,-0.3369552,-0.1015947,0.6286458,-0.06074538,0.639693,0.5250841,0.2307029,-0.7637,0.2963532,145.5226,0.5497811,0.2415538,-0.7996202,0.09937163,1.157076,0.2286602,1.183633,0.108828,1.136658,0.2655289,1.172322,0.1088672,1.119226,0.26024,1.154228,-0.01388951,0.6420332,0.02815167,0.6428002,-0.005234648,0.6393049,0.07450205,0.6436527,-0.02363639,0.6307982,0.1054411,0.6399866,0.09688456,-0.08160961,0.05043481,0.1363467,0.117167,-0.07607331,0.01270385,0.1402734,0.1036227,-0.0785722,0.0007809401,0.1300457,-0.1102054,0.04767933,-0.03681783,0.125595,-0.1555051,0.05374487,-0.0249076,0.1664053,-0.1777374,0.04579075,0.003564715,0.1835758,0.09638263,-0.08451042,0.04363034,0.1354076,0.1237629,-0.07508294,0.01202933,0.1452563,0.1102548,-0.08150589,-0.001399189,0.1371178,-0.1100801,0.04793628,-0.03618591,0.1253991,-0.155311,0.05406031,-0.02479739,0.1663098,-0.1777102,0.04599853,0.003537463,0.1836009,0.1042144,-0.0822244,0.02786707,0.1356394,-0.1971893,0.9684972,0.001891016,0.1520724,162.5059,-0.1995097,0.979894,0.001913269,-0.1407678,0.04757939,-0.01922974,0.1498304,0.1343711,-0.4783213,-0.2106856,0.8418817,65.32129,0.2489911,-0.8863347,-0.3904029,0.1170918,1.145727,0.2542688,1.179429,0.06437675,-0.9924582,-0.03411469,0.09858266,168.6849,0.06469188,-0.9973163,-0.03428168,0.0980861,-0.06897947,0.03282488,0.1243243,0.2206673,-0.3291822,-0.6526645,0.6457352,99.55836,0.2889975,-0.4311143,-0.8547636,-0.4485179,-0.2328761,-0.3836714,0.6345103,0.8224007,-0.3103556,0.4571826,-0.1353534,195.5581,0.8300393,-0.3132382,0.461429,-0.0170918,-0.04572678,0.04573119,0.06689102,-0.1387974,0.2788073,0.4875008,0.8156867,70.68936,-0.2399289,0.4819537,0.8427069,-0.08981215,1.208912,-0.05823063,1.213641,0.01376044,-0.1357584,-0.1630459,-0.9771368,335.4491,0.06472104,-0.6385277,-0.7668723,False,False,False,False
1772879687261,12.87439,0.1931156,1.076792,0.1707222,1.107213,-0.5716933,-0.658694,-0.312142,0.3766383,135.7488,-0.6171392,-0.7110559,-0.3369552,-0.1015947,0.6286458,-0.06074538,0.639693,0.5250841,0.2307029,-0.7637,0.2963532,145.5226,0.5497811,0.2415538,-0.7996202,0.09937163,1.157076,0.2286602,1.183633,0.108828,1.136658,0.2655289,1.172322,0.1088672,1.119226,0.26024,1.154228,-0.01388951,0.6420332,0.02815167,0.6428002,-0.005234648,0.6393049,0.07450205,0.6436527,-0.02363639,0.6307982,0.1054411,0.6399866,0.09688456,-0.08160961,0.05043481,0.1363467,0.117167,-0.07607331,0.01270385,0.1402734,0.1036227,-0.0785722,0.0007809401,0.1300457,-0.1102054,0.04767933,-0.03681783,0.125595,-0.1555051,0.05374487,-0.0249076,0.1664053,-0.1777374,0.04579075,0.003564715,0.1835758,0.09638263,-0.08451042,0.04363034,0.1354076,0.1237629,-0.07508294,0.01202933,0.1452563,0.1102548,-0.08150589,-0.001399189,0.1371178,-0.1100801,0.04793628,-0.03618591,0.1253991,-0.155311,0.05406031,-0.02479739,0.1663098,-0.1777102,0.04599853,0.003537463,0.1836009,0.1042144,-0.0822244,0.02786707,0.1356394,-0.1971893,0.9684972,0.001891016,0.1520724,162.5059,-0.1995097,0.979894,0.001913269,-0.1407678,0.04757939,-0.01922974,0.1498304,0.1343711,-0.4783213,-0.2106856,0.8418817,65.32129,0.2489911,-0.8863347,-0.3904029,0.1171094,1.146607,0.2554213,1.180535,0.05506879,-0.9936117,-0.01331227,0.09760118,168.7979,0.05533297,-0.9983784,-0.01337614,0.0980861,-0.06897947,0.03282488,0.1243243,0.2206673,-0.3291822,-0.6526645,0.6457352,99.55836,0.2889975,-0.4311143,-0.8547636,-0.4485179,-0.2328761,-0.3836714,0.6345103,0.8224007,-0.3103556,0.4571826,-0.1353534,195.5581,0.8300393,-0.3132382,0.461429,-0.01710942,-0.04660702,0.04457873,0.06672488,-0.1201864,0.2919682,0.4870258,0.8143193,70.95982,-0.2070689,0.5030313,0.8390957,-0.08988135,1.208767,-0.05803303,1.213492,0.01339683,-0.1357236,-0.1629163,-0.9771683,335.4661,0.06305382,-0.6387996,-0.7667853,False,False,False,False
1772879687274,12.88895,0.1931156,1.076792,0.1707222,1.107213,-0.5716933,-0.658694,-0.312142,0.3766383,135.7488,-0.6171392,-0.7110559,-0.3369552,-0.1015947,0.6286458,-0.06074538,0.639693,0.5250841,0.2307029,-0.7637,0.2963532,145.5226,0.5497811,0.2415538,-0.7996202,0.09937163,1.157076,0.2286602,1.183633,0.108828,1.136658,0.2655289,1.172322,0.1088672,1.119226,0.26024,1.154228,-0.01388951,0.6420332,0.02815167,0.6428002,-0.005234648,0.6393049,0.07450205,0.6436527,-0.02363639,0.6307982,0.1054411,0.6399866,0.09688456,-0.08160961,0.05043481,0.1363467,0.117167,-0.07607331,0.01270385,0.1402734,0.1036227,-0.0785722,0.0007809401,0.1300457,-0.1102054,0.04767933,-0.03681783,0.125595,-0.1555051,0.05374487,-0.0249076,0.1664053,-0.1777374,0.04579075,0.003564715,0.1835758,0.09638263,-0.08451042,0.04363034,0.1354076,0.1237629,-0.07508294,0.01202933,0.1452563,0.1102548,-0.08150589,-0.001399189,0.1371178,-0.1100801,0.04793628,-0.03618591,0.1253991,-0.155311,0.05406031,-0.02479739,0.1663098,-0.1777102,0.04599853,0.003537463,0.1836009,0.1042144,-0.0822244,0.02786707,0.1356394,-0.1971893,0.9684972,0.001891016,0.1520724,162.5059,-0.1995097,0.979894,0.001913269,-0.1407678,0.04757939,-0.01922974,0.1498304,0.1343711,-0.4783213,-0.2106856,0.8418817,65.32129,0.2489911,-0.8863347,-0.3904029,0.1171409,1.147049,0.2557135,1.181031,0.0584991,-0.9924717,0.001183346,0.107594,167.6467,0.05884067,-0.9982668,0.001190256,0.0980861,-0.06897947,0.03282488,0.1243243,0.2206673,-0.3291822,-0.6526645,0.6457352,99.55836,0.2889975,-0.4311143,-0.8547636,-0.4485179,-0.2328761,-0.3836714,0.6345103,0.8224007,-0.3103556,0.4571826,-0.1353534,195.5581,0.8300393,-0.3132382,0.461429,-0.01714088,-0.04704928,0.04428655,0.06684866,-0.1052618,0.2909413,0.4797017,0.8210723,69.61547,-0.1844031,0.5096861,0.8403663,-0.08997796,1.208655,-0.057819,1.213378,0.01308843,-0.1354414,-0.1629286,-0.9772096,335.4884,0.06165744,-0.638042,-0.7675295,False,False,False,False
1772879687288,12.9027,0.1931156,1.076792,0.1707222,1.107213,-0.5716933,-0.658694,-0.312142,0.3766383,135.7488,-0.6171392,-0.7110559,-0.3369552,-0.1015947,0.6286458,-0.06074538,0.639693,0.5250841,0.2307029,-0.7637,0.2963532,145.5226,0.5497811,0.2415538,-0.7996202,0.09937163,1.157076,0.2286602,1.183633,0.108828,1.136658,0.2655289,1.172322,0.1088672,1.119226,0.26024,1.154228,-0.01388951,0.6420332,0.02815167,0.6428002,-0.005234648,0.6393049,0.07450205,0.6436527,-0.02363639,0.6307982,0.1054411,0.6399866,0.09688456,-0.08160961,0.05043481,0.1363467,0.117167,-0.07607331,0.01270385,0.1402734,0.1036227,-0.0785722,0.0007809401,0.1300457,-0.1102054,0.04767933,-0.03681783,0.125595,-0.1555051,0.05374487,-0.0249076,0.1664053,-0.1777374,0.04579075,0.003564715,0.1835758,0.09638263,-0.08451042,0.04363034,0.1354076,0.1237629,-0.07508294,0.01202933,0.1452563,0.1102548,-0.08150589,-0.001399189,0.1371178,-0.1100801,0.04793628,-0.03618591,0.1253991,-0.155311,0.05406031,-0.02479739,0.1663098,-0.1777102,0.04599853,0.003537463,0.1836009,0.1042144,-0.0822244,0.02786707,0.1356394,-0.1971893,0.9684972,0.001891016,0.1520724,162.5059,-0.1995097,0.979894,0.001913269,-0.1407678,0.04757939,-0.01922974,0.1498304,0.1343711,-0.4783213,-0.2106856,0.8418817,65.32129,0.2489911,-0.8863347,-0.3904029,0.1168625,1.147519,0.2566417,1.18166,0.05068729,-0.9928299,0.02231191,0.1059329,167.8382,0.05097411,-0.998448,0.02243817,0.0980861,-0.06897947,0.03282488,0.1243243,0.2206673,-0.3291822,-0.6526645,0.6457352,99.55836,0.2889975,-0.4311143,-0.8547636,-0.4485179,-0.2328761,-0.3836714,0.6345103,0.8224007,-0.3103556,0.4571826,-0.1353534,195.5581,0.8300393,-0.3132382,0.461429,-0.01686247,-0.04751873,0.04335833,0.06650051,-0.08721434,0.304269,0.4774684,0.8196573,69.89899,-0.1522453,0.5311457,0.8334903,-0.09008256,1.208555,-0.05757591,1.213275,0.01274523,-0.1351092,-0.1626417,-0.9773079,335.5415,0.06016907,-0.6378385,-0.7678167,False,False,False,False
1772879687302,12.91713,0.1931156,1.076792,0.1707222,1.107213,-0.5716933,-0.658694,-0.312142,0.3766383,135.7488,-0.6171392,-0.7110559,-0.3369552,-0.1015947,0.6286458,-0.06074538,0.639693,0.5250841,0.2307029,-0.7637,0.2963532,145.5226,0.5497811,0.2415538,-0.7996202,0.09937163,1.157076,0.2286602,1.183633,0.108828,1.136658,0.2655289,1.172322,0.1088672,1.119226,0.26024,1.154228,-0.01388951,0.6420332,0.02815167,0.6428002,-0.005234648,0.6393049,0.07450205,0.6436527,-0.02363639,0.6307982,0.1054411,0.6399866,0.09688456,-0.08160961,0.05043481,0.1363467,0.117167,-0.07607331,0.01270385,0.1402734,0.1036227,-0.0785722,0.0007809401,0.1300457,-0.1102054,0.04767933,-0.03681783,0.125595,-0.1555051,0.05374487,-0.0249076,0.1664053,-0.1777374,0.04579075,0.003564715,0.1835758,0.09638263,-0.08451042,0.04363034,0.1354076,0.1237629,-0.07508294,0.01202933,0.1452563,0.1102548,-0.08150589,-0.001399189,0.1371178,-0.1100801,0.04793628,-0.03618591,0.1253991,-0.155311,0.05406031,-0.02479739,0.1663098,-0.1777102,0.04599853,0.003537463,0.1836009,0.1042144,-0.0822244,0.02786707,0.1356394,-0.1971893,0.9684972,0.001891016,0.1520724,162.5059,-0.1995097,0.979894,0.001913269,-0.1407678,0.04757939,-0.01922974,0.1498304,0.1343711,-0.4783213,-0.2106856,0.8418817,65.32129,0.2489911,-0.8863347,-0.3904029,0.1166974,1.147572,0.2568409,1.181739,0.05080935,-0.9908428,0.03644244,0.11967,166.2539,0.05117713,-0.9980148,0.03670622,0.0980861,-0.06897947,0.03282488,0.1243243,0.2206673,-0.3291822,-0.6526645,0.6457352,99.55836,0.2889975,-0.4311143,-0.8547636,-0.4485179,-0.2328761,-0.3836714,0.6345103,0.8224007,-0.3103556,0.4571826,-0.1353534,195.5581,0.8300393,-0.3132382,0.461429,-0.01669739,-0.04757202,0.04315913,0.06636724,-0.06925947,0.3003654,0.4728727,0.8254547,68.7308,-0.1226985,0.5321206,0.8377306,-0.09020265,1.208477,-0.05733019,1.213194,0.01221345,-0.135059,-0.1626842,-0.9773145,335.5451,0.05766699,-0.6376942,-0.7681292,False,False,False,False
1772879687316,12.93022,0.1931156,1.076792,0.1707222,1.107213,-0.5716933,-0.658694,-0.312142,0.3766383,135.7488,-0.6171392,-0.7110559,-0.3369552,-0.1015947,0.6286458,-0.06074538,0.639693,0.5250841,0.2307029,-0.7637,0.2963532,145.5226,0.5497811,0.2415538,-0.7996202,0.09937163,1.157076,0.2286602,1.183633,0.108828,1.136658,0.2655289,1.172322,0.1088672,1.119226,0.26024,1.154228,-0.01388951,0.6420332,0.02815167,0.6428002,-0.005234648,0.6393049,0.07450205,0.6436527,-0.02363639,0.6307982,0.1054411,0.6399866,0.09688456,-0.08160961,0.05043481,0.1363467,0.117167,-0.07607331,0.01270385,0.1402734,0.1036227,-0.0785722,0.0007809401,0.1300457,-0.1102054,0.04767933,-0.03681783,0.125595,-0.1555051,0.05374487,-0.0249076,0.1664053,-0.1777374,0.04579075,0.003564715,0.1835758,0.09638263,-0.08451042,0.04363034,0.1354076,0.1237629,-0.07508294,0.01202933,0.1452563,0.1102548,-0.08150589,-0.001399189,0.1371178,-0.1100801,0.04793628,-0.03618591,0.1253991,-0.155311,0.05406031,-0.02479739,0.1663098,-0.1777102,0.04599853,0.003537463,0.1836009,0.1042144,-0.0822244,0.02786707,0.1356394,-0.1971893,0.9684972,0.001891016,0.1520724,162.5059,-0.1995097,0.979894,0.001913269,-0.1407678,0.04757939,-0.01922974,0.1498304,0.1343711,-0.4783213,-0.2106856,0.8418817,65.32129,0.2489911,-0.8863347,-0.3904029,0.1164603,1.147787,0.2570729,1.181975,0.04955128,-0.9894456,0.04323517,0.1291232,165.1621,0.04996959,-0.9977986,0.04360016,0.0980861,-0.06897947,0.03282488,0.1243243,0.2206673,-0.3291822,-0.6526645,0.6457352,99.55836,0.2889975,-0.4311143,-0.8547636,-0.4485179,-0.2328761,-0.3836714,0.6345103,0.8224007,-0.3103556,0.4571826,-0.1353534,195.5581,0.8300393,-0.3132382,0.461429,-0.01646027,-0.04778683,0.04292712,0.06631183,-0.05860033,0.2963516,0.4718304,0.8283225,68.14643,-0.1045964,0.5289613,0.8421754,-0.09031507,1.208374,-0.05707631,1.213088,0.01187479,-0.1350902,-0.1629533,-0.9772696,335.5208,0.05601304,-0.637217,-0.7686463,False,False,False,False
1772879687331,12.94515,0.1931156,1.076792,0.1707222,1.107213,-0.5716933,-0.658694,-0.312142,0.3766383,135.7488,-0.6171392,-0.7110559,-0.3369552,-0.1015947,0.6286458,-0.06074538,0.639693,0.5250841,0.2307029,-0.7637,0.2963532,145.5226,0.5497811,0.2415538,-0.7996202,0.09937163,1.157076,0.2286602,1.183633,0.108828,1.136658,0.2655289,1.172322,0.1088672,1.119226,0.26024,1.154228,-0.01388951,0.6420332,0.02815167,0.6428002,-0.005234648,0.6393049,0.07450205,0.6436527,-0.02363639,0.6307982,0.1054411,0.6399866,0.09688456,-0.08160961,0.05043481,0.1363467,0.117167,-0.07607331,0.01270385,0.1402734,0.1036227,-0.0785722,0.0007809401,0.1300457,-0.1102054,0.04767933,-0.03681783,0.125595,-0.1555051,0.05374487,-0.0249076,0.1664053,-0.1777374,0.04579075,0.003564715,0.1835758,0.09638263,-0.08451042,0.04363034,0.1354076,0.1237629,-0.07508294,0.01202933,0.1452563,0.1102548,-0.08150589,-0.001399189,0.1371178,-0.1100801,0.04793628,-0.03618591,0.1253991,-0.155311,0.05406031,-0.02479739,0.1663098,-0.1777102,0.04599853,0.003537463,0.1836009,0.1042144,-0.0822244,0.02786707,0.1356394,-0.1971893,0.9684972,0.001891016,0.1520724,162.5059,-0.1995097,0.979894,0.001913269,-0.1407678,0.04757939,-0.01922974,0.1498304,0.1343711,-0.4783213,-0.2106856,0.8418817,65.32129,0.2489911,-0.8863347,-0.3904029,0.115526,1.148121,0.2579562,1.1824,0.04014124,-0.9879951,0.05183157,0.1398855,163.9176,0.04053984,-0.9978059,0.05234626,0.0980861,-0.06897947,0.03282488,0.1243243,0.2206673,-0.3291822,-0.6526645,0.6457352,99.55836,0.2889975,-0.4311143,-0.8547636,-0.4485179,-0.2328761,-0.3836714,0.6345103,0.8224007,-0.3103556,0.4571826,-0.1353534,195.5581,0.8300393,-0.3132382,0.461429,-0.01552597,-0.04812074,0.04204378,0.06575972,-0.04277984,0.2933955,0.4764118,0.8277204,68.26948,-0.07623725,0.5228553,0.8490055,-0.09050073,1.208265,-0.05681108,1.21298,0.01139255,-0.1345737,-0.1633842,-0.9772747,335.5235,0.05374424,-0.6348501,-0.7707634,False,False,False,False
1772879687344,12.96049,0.1931156,1.076792,0.1707222,1.107213,-0.5716933,-0.658694,-0.312142,0.3766383,135.7488,-0.6171392,-0.7110559,-0.3369552,-0.1015947,0.6286458,-0.06074538,0.639693,0.5250841,0.2307029,-0.7637,0.2963532,145.5226,0.5497811,0.2415538,-0.7996202,0.09937163,1.157076,0.2286602,1.183633,0.108828,1.136658,0.2655289,1.172322,0.1088672,1.119226,0.26024,1.154228,-0.01388951,0.6420332,0.02815167,0.6428002,-0.005234648,0.6393049,0.07450205,0.6436527,-0.02363639,0.6307982,0.1054411,0.6399866,0.09688456,-0.08160961,0.05043481,0.1363467,0.117167,-0.07607331,0.01270385,0.1402734,0.1036227,-0.0785722,0.0007809401,0.1300457,-0.1102054,0.04767933,-0.03681783,0.125595,-0.1555051,0.05374487,-0.0249076,0.1664053,-0.1777374,0.04579075,0.003564715,0.1835758,0.09638263,-0.08451042,0.04363034,0.1354076,0.1237629,-0.07508294,0.01202933,0.1452563,0.1102548,-0.08150589,-0.001399189,0.1371178,-0.1100801,0.04793628,-0.03618591,0.1253991,-0.155311,0.05406031,-0.02479739,0.1663098,-0.1777102,0.04599853,0.003537463,0.1836009,0.1042144,-0.0822244,0.02786707,0.1356394,-0.1971893,0.9684972,0.001891016,0.1520724,162.5059,-0.1995097,0.979894,0.001913269,-0.1407678,0.04757939,-0.01922974,0.1498304,0.1343711,-0.4783213,-0.2106856,0.8418817,65.32129,0.2489911,-0.8863347,-0.3904029,0.1152598,1.14822,0.2582784,1.182541,0.03799609,-0.9853098,0.05924448,0.1555994,162.0969,0.03846458,-0.9974586,0.05997496,0.0980861,-0.06897947,0.03282488,0.1243243,0.2206673,-0.3291822,-0.6526645,0.6457352,99.55836,0.2889975,-0.4311143,-0.8547636,-0.4485179,-0.2328761,-0.3836714,0.6345103,0.8224007,-0.3103556,0.4571826,-0.1353534,195.5581,0.8300393,-0.3132382,0.461429,-0.01525982,-0.04822016,0.04172164,0.06556478,-0.02791974,0.2846019,0.476018,0.8316426,67.46433,-0.05027762,0.5125086,0.857209,-0.09060835,1.208159,-0.05655947,1.212871,0.01101291,-0.1341478,-0.1632938,-0.9773527,335.5657,0.05204172,-0.633918,-0.771648,False,False,False,False
1772879687357,12.97269,0.1931156,1.076792,0.1707222,1.107213,-0.5716933,-0.658694,-0.312142,0.3766383,135.7488,-0.6171392,-0.7110559,-0.3369552,-0.1015947,0.6286458,-0.06074538,0.639693,0.5250841,0.2307029,-0.7637,0.2963532,145.5226,0.5497811,0.2415538,-0.7996202,0.09937163,1.157076,0.2286602,1.183633,0.108828,1.136658,0.2655289,1.172322,0.1088672,1.119226,0.26024,1.154228,-0.01388951,0.6420332,0.02815167,0.6428002,-0.005234648,0.6393049,0.07450205,0.6436527,-0.02363639,0.6307982,0.1054411,0.6399866,0.09688456,-0.08160961,0.05043481,0.1363467,0.117167,-0.07607331,0.01270385,0.1402734,0.1036227,-0.0785722,0.0007809401,0.1300457,-0.1102054,0.04767933,-0.03681783,0.125595,-0.1555051,0.05374487,-0.0249076,0.1664053,-0.1777374,0.04579075,0.003564715,0.1835758,0.09638263,-0.08451042,0.04363034,0.1354076,0.1237629,-0.07508294,0.01202933,0.1452563,0.1102548,-0.08150589,-0.001399189,0.1371178,-0.1100801,0.04793628,-0.03618591,0.1253991,-0.155311,0.05406031,-0.02479739,0.1663098,-0.1777102,0.04599853,0.003537463,0.1836009,0.1042144,-0.0822244,0.02786707,0.1356394,-0.1971893,0.9684972,0.001891016,0.1520724,162.5059,-0.1995097,0.979894,0.001913269,-0.1407678,0.04757939,-0.01922974,0.1498304,0.1343711,-0.4783213,-0.2106856,0.8418817,65.32129,0.2489911,-0.8863347,-0.3904029,0.1145704,1.148034,0.2589835,1.182447,0.03668149,-0.9827068,0.08623368,0.1597047,161.6205,0.03715842,-0.9954841,0.0873549,0.0980861,-0.06897947,0.03282488,0.1243243,0.2206673,-0.3291822,-0.6526645,0.6457352,99.55836,0.2889975,-0.4311143,-0.8547636,-0.4485179,-0.2328761,-0.3836714,0.6345103,0.8224007,-0.3103556,0.4571826,-0.1353534,195.5581,0.8300393,-0.3132382,0.461429,-0.01457036,-0.04803431,0.04101652,0.06482241,-0.004557876,0.294538,0.4659219,0.8343523,66.90312,-0.008268529,0.5343268,0.8452376,-0.09074441,1.208018,-0.05640032,1.212733,0.01074785,-0.1340556,-0.1632787,-0.9773708,335.5756,0.05080925,-0.6337327,-0.7718816,False,False,False,False
1772879687372,12.98691,0.1931156,1.076792,0.1707222,1.107213,-0.5716933,-0.658694,-0.312142,0.3766383,135.7488,-0.6171392,-0.7110559,-0.3369552,-0.1015947,0.6286458,-0.06074538,0.639693,0.5250841,0.2307029,-0.7637,0.2963532,145.5226,0.5497811,0.2415538,-0.7996202,0.09937163,1.157076,0.2286602,1.183633,0.108828,1.136658,0.2655289,1.172322,0.1088672,1.119226,0.26024,1.154228,-0.01388951,0.6420332,0.02815167,0.6428002,-0.005234648,0.6393049,0.07450205,0.6436527,-0.02363639,0.6307982,0.1054411,0.6399866,0.09688456,-0.08160961,0.05043481,0.1363467,0.117167,-0.07607331,0.01270385,0.1402734,0.1036227,-0.0785722,0.0007809401,0.1300457,-0.1102054,0.04767933,-0.03681783,0.125595,-0.1555051,0.05374487,-0.0249076,0.1664053,-0.1777374,0.04579075,0.003564715,0.1835758,0.09638263,-0.08451042,0.04363034,0.1354076,0.1237629,-0.07508294,0.01202933,0.1452563,0.1102548,-0.08150589,-0.001399189,0.1371178,-0.1100801,0.04793628,-0.03618591,0.1253991,-0.155311,0.05406031,-0.02479739,0.1663098,-0.1777102,0.04599853,0.003537463,0.1836009,0.1042144,-0.0822244,0.02786707,0.1356394,-0.1971893,0.9684972,0.001891016,0.1520724,162.5059,-0.1995097,0.979894,0.001913269,-0.1407678,0.04757939,-0.01922974,0.1498304,0.1343711,-0.4783213,-0.2106856,0.8418817,65.32129,0.2489911,-0.8863347,-0.3904029,0.1141694,1.147435,0.2592048,1.181875,0.04030074,-0.9791703,0.097525,0.1734653,160.0213,0.04092111,-0.9942431,0.09902624,0.0980861,-0.06897947,0.03282488,0.1243243,0.2206673,-0.3291822,-0.6526645,0.6457352,99.55836,0.2889975,-0.4311143,-0.8547636,-0.4485179,-0.2328761,-0.3836714,0.6345103,0.8224007,-0.3103556,0.4571826,-0.1353534,195.5581,0.8300393,-0.3132382,0.461429,-0.01416937,-0.04743457,0.04079524,0.06414874,0.01014291,0.2880771,0.4589791,0.8403851,65.63841,0.0187142,0.5315173,0.8468405,-0.09086914,1.207905,-0.05620072,1.212621,0.01058962,-0.1337257,-0.1636015,-0.9773638,335.5717,0.05005358,-0.6320766,-0.7732891,False,False,False,False
1772879687385,13.00093,0.1931156,1.076792,0.1707222,1.107213,-0.5716933,-0.658694,-0.312142,0.3766383,135.7488,-0.6171392,-0.7110559,-0.3369552,-0.1015947,0.6286458,-0.06074538,0.639693,0.5250841,0.2307029,-0.7637,0.2963532,145.5226,0.5497811,0.2415538,-0.7996202,0.09937163,1.157076,0.2286602,1.183633,0.108828,1.136658,0.2655289,1.172322,0.1088672,1.119226,0.26024,1.154228,-0.01388951,0.6420332,0.02815167,0.6428002,-0.005234648,0.6393049,0.07450205,0.6436527,-0.02363639,0.6307982,0.1054411,0.6399866,0.09688456,-0.08160961,0.05043481,0.1363467,0.117167,-0.07607331,0.01270385,0.1402734,0.1036227,-0.0785722,0.0007809401,0.1300457,-0.1102054,0.04767933,-0.03681783,0.125595,-0.1555051,0.05374487,-0.0249076,0.1664053,-0.1777374,0.04579075,0.003564715,0.1835758,0.09638263,-0.08451042,0.04363034,0.1354076,0.1237629,-0.07508294,0.01202933,0.1452563,0.1102548,-0.08150589,-0.001399189,0.1371178,-0.1100801,0.04793628,-0.03618591,0.1253991,-0.155311,0.05406031,-0.02479739,0.1663098,-0.1777102,0.04599853,0.003537463,0.1836009,0.1042144,-0.0822244,0.02786707,0.1356394,-0.1971893,0.9684972,0.001891016,0.1520724,162.5059,-0.1995097,0.979894,0.001913269,-0.1407678,0.04757939,-0.01922974,0.1498304,0.1343711,-0.4783213,-0.2106856,0.8418817,65.32129,0.2489911,-0.8863347,-0.3904029,0.1139369,1.147245,0.2593748,1.181705,0.04589146,-0.9765473,0.1005803,0.184751,158.7068,0.0466953,-0.9936526,0.1023421,0.0980861,-0.06897947,0.03282488,0.1243243,0.2206673,-0.3291822,-0.6526645,0.6457352,99.55836,0.2889975,-0.4311143,-0.8547636,-0.4485179,-0.2328761,-0.3836714,0.6345103,0.8224007,-0.3103556,0.4571826,-0.1353534,195.5581,0.8300393,-0.3132382,0.461429,-0.0139369,-0.04724467,0.04062518,0.06384905,0.01646991,0.2793329,0.4538211,0.8460191,64.43744,0.03089155,0.5239267,0.8512027,-0.09103891,1.207704,-0.05604106,1.212427,0.01025096,-0.1334592,-0.1636945,-0.9773882,335.585,0.0484787,-0.6311535,-0.7741417,False,False,False,False
1772879687400,13.01426,0.1931156,1.076792,0.1707222,1.107213,-0.5716933,-0.658694,-0.312142,0.3766383,135.7488,-0.6171392,-0.7110559,-0.3369552,-0.1015947,0.6286458,-0.06074538,0.639693,0.5250841,0.2307029,-0.7637,0.2963532,145.5226,0.5497811,0.2415538,-0.7996202,0.09937163,1.157076,0.2286602,1.183633,0.108828,1.136658,0.2655289,1.172322,0.1088672,1.119226,0.26024,1.154228,-0.01388951,0.6420332,0.02815167,0.6428002,-0.005234648,0.6393049,0.07450205,0.6436527,-0.02363639,0.6307982,0.1054411,0.6399866,0.09688456,-0.08160961,0.05043481,0.1363467,0.117167,-0.07607331,0.01270385,0.1402734,0.1036227,-0.0785722,0.0007809401,0.1300457,-0.1102054,0.04767933,-0.03681783,0.125595,-0.1555051,0.05374487,-0.0249076,0.1664053,-0.1777374,0.04579075,0.003564715,0.1835758,0.09638263,-0.08451042,0.04363034,0.1354076,0.1237629,-0.07508294,0.01202933,0.1452563,0.1102548,-0.08150589,-0.001399189,0.1371178,-0.1100801,0.04793628,-0.03618591,0.1253991,-0.155311,0.05406031,-0.02479739,0.1663098,-0.1777102,0.04599853,0.003537463,0.1836009,0.1042144,-0.0822244,0.02786707,0.1356394,-0.1971893,0.9684972,0.001891016,0.1520724,162.5059,-0.1995097,0.979894,0.001913269,-0.1407678,0.04757939,-0.01922974,0.1498304,0.1343711,-0.4783213,-0.2106856,0.8418817,65.32129,0.2489911,-0.8863347,-0.3904029,0.1132051,1.146616,0.2597114,1.181099,0.05808846,-0.9724055,0.1111611,0.1967144,157.3102,0.05924607,-0.9917842,0.1133764,0.0980861,-0.06897947,0.03282488,0.1243243,0.2206673,-0.3291822,-0.6526645,0.6457352,99.55836,0.2889975,-0.4311143,-0.8547636,-0.4485179,-0.2328761,-0.3836714,0.6345103,0.8224007,-0.3103556,0.4571826,-0.1353534,195.5581,0.8300393,-0.3132382,0.461429,-0.01320511,-0.04661608,0.04028863,0.06301276,0.02651392,0.2724322,0.4401083,0.8552091,62.43435,0.05115718,0.5256433,0.8491653,-0.09119246,1.207487,-0.05595484,1.212218,0.009957414,-0.1332381,-0.163658,-0.9774275,335.6063,0.04713101,-0.6306502,-0.7746356,False,False,False,False
1772879687413,13.02882,0.1931156,1.076792,0.1707222,1.107213,-0.5716933,-0.658694,-0.312142,0.3766383,135.7488,-0.6171392,-0.7110559,-0.3369552,-0.1015947,0.6286458,-0.06074538,0.639693,0.5250841,0.2307029,-0.7637,0.2963532,145.5226,0.5497811,0.2415538,-0.7996202,0.09937163,1.157076,0.2286602,1.183633,0.108828,1.136658,0.2655289,1.172322,0.1088672,1.119226,0.26024,1.154228,-0.01388951,0.6420332,0.02815167,0.6428002,-0.005234648,0.6393049,0.07450205,0.6436527,-0.02363639,0.6307982,0.1054411,0.6399866,0.09688456,-0.08160961,0.05043481,0.1363467,0.117167,-0.07607331,0.01270385,0.1402734,0.1036227,-0.0785722,0.0007809401,0.1300457,-0.1102054,0.04767933,-0.03681783,0.125595,-0.1555051,0.05374487,-0.0249076,0.1664053,-0.1777374,0.04579075,0.003564715,0.1835758,0.09638263,-0.08451042,0.04363034,0.1354076,0.1237629,-0.07508294,0.01202933,0.1452563,0.1102548,-0.08150589,-0.001399189,0.1371178,-0.1100801,0.04793628,-0.03618591,0.1253991,-0.155311,0.05406031,-0.02479739,0.1663098,-0.1777102,0.04599853,0.003537463,0.1836009,0.1042144,-0.0822244,0.02786707,0.1356394,-0.1971893,0.9684972,0.001891016,0.1520724,162.5059,-0.1995097,0.979894,0.001913269,-0.1407678,0.04757939,-0.01922974,0.1498304,0.1343711,-0.4783213,-0.2106856,0.8418817,65.32129,0.2489911,-0.8863347,-0.3904029,0.1128758,1.146377,0.2597991,1.180854,0.06641213,-0.9679911,0.1248373,0.2073607,156.0645,0.06788769,-0.9894983,0.127611,0.0980861,-0.06897947,0.03282488,0.1243243,0.2206673,-0.3291822,-0.6526645,0.6457352,99.55836,0.2889975,-0.4311143,-0.8547636,-0.4485179,-0.2328761,-0.3836714,0.6345103,0.8224007,-0.3103556,0.4571826,-0.1353534,195.5581,0.8300393,-0.3132382,0.461429,-0.01287581,-0.04637659,0.04020095,0.06271116,0.03974081,0.268553,0.4278126,0.8621349,60.88574,0.07843389,0.5300258,0.8443463,-0.09136266,1.207339,-0.05578473,1.212075,0.009736936,-0.1332487,-0.1639087,-0.9773863,335.584,0.04604588,-0.6301318,-0.7751227,False,False,False,False
1772879687426,13.04134,0.1931156,1.076792,0.1707222,1.107213,-0.5716933,-0.658694,-0.312142,0.3766383,135.7488,-0.6171392,-0.7110559,-0.3369552,-0.1015947,0.6286458,-0.06074538,0.639693,0.5250841,0.2307029,-0.7637,0.2963532,145.5226,0.5497811,0.2415538,-0.7996202,0.09937163,1.157076,0.2286602,1.183633,0.108828,1.136658,0.2655289,1.172322,0.1088672,1.119226,0.26024,1.154228,-0.01388951,0.6420332,0.02815167,0.6428002,-0.005234648,0.6393049,0.07450205,0.6436527,-0.02363639,0.6307982,0.1054411,0.6399866,0.09688456,-0.08160961,0.05043481,0.1363467,0.117167,-0.07607331,0.01270385,0.1402734,0.1036227,-0.0785722,0.0007809401,0.1300457,-0.1102054,0.04767933,-0.03681783,0.125595,-0.1555051,0.05374487,-0.0249076,0.1664053,-0.1777374,0.04579075,0.003564715,0.1835758,0.09638263,-0.08451042,0.04363034,0.1354076,0.1237629,-0.07508294,0.01202933,0.1452563,0.1102548,-0.08150589,-0.001399189,0.1371178,-0.1100801,0.04793628,-0.03618591,0.1253991,-0.155311,0.05406031,-0.02479739,0.1663098,-0.1777102,0.04599853,0.003537463,0.1836009,0.1042144,-0.0822244,0.02786707,0.1356394,-0.1971893,0.9684972,0.001891016,0.1520724,162.5059,-0.1995097,0.979894,0.001913269,-0.1407678,0.04757939,-0.01922974,0.1498304,0.1343711,-0.4783213,-0.2106856,0.8418817,65.32129,0.2489911,-0.8863347,-0.3904029,0.1121855,1.145448,0.2599954,1.17993,0.08013272,-0.9627015,0.1412869,0.2163855,155.0063,0.0820773,-0.9860634,0.1447155,0.0980861,-0.06897947,0.03282488,0.1243243,0.2206673,-0.3291822,-0.6526645,0.6457352,99.55836,0.2889975,-0.4311143,-0.8547636,-0.4485179,-0.2328761,-0.3836714,0.6345103,0.8224007,-0.3103556,0.4571826,-0.1353534,195.5581,0.8300393,-0.3132382,0.461429,-0.01218551,-0.04544806,0.04000464,0.0617607,0.05228797,0.2662309,0.4097025,0.8709369,58.86463,0.1064072,0.541786,0.8337539,-0.09148565,1.207164,-0.05567021,1.211905,0.009322747,-0.1330844,-0.1642016,-0.9773635,335.5716,0.04406526,-0.6290417,-0.7761215,False,False,False,False
1772879687440,13.05517,0.1931156,1.076792,0.1707222,1.107213,-0.5716933,-0.658694,-0.312142,0.3766383,135.7488,-0.6171392,-0.7110559,-0.3369552,-0.1015947,0.6286458,-0.06074538,0.639693,0.5250841,0.2307029,-0.7637,0.2963532,145.5226,0.5497811,0.2415538,-0.7996202,0.09937163,1.157076,0.2286602,1.183633,0.108828,1.136658,0.2655289,1.172322,0.1088672,1.119226,0.26024,1.154228,-0.01388951,0.6420332,0.02815167,0.6428002,-0.005234648,0.6393049,0.07450205,0.6436527,-0.02363639,0.6307982,0.1054411,0.6399866,0.09688456,-0.08160961,0.05043481,0.1363467,0.117167,-0.07607331,0.01270385,0.1402734,0.1036227,-0.0785722,0.0007809401,0.1300457,-0.1102054,0.04767933,-0.03681783,0.125595,-0.1555051,0.05374487,-0.0249076,0.1664053,-0.1777374,0.04579075,0.003564715,0.1835758,0.09638263,-0.08451042,0.04363034,0.1354076,0.1237629,-0.07508294,0.01202933,0.1452563,0.1102548,-0.08150589,-0.001399189,0.1371178,-0.1100801,0.04793628,-0.03618591,0.1253991,-0.155311,0.05406031,-0.02479739,0.1663098,-0.1777102,0.04599853,0.003537463,0.1836009,0.1042144,-0.0822244,0.02786707,0.1356394,-0.1971893,0.9684972,0.001891016,0.1520724,162.5059,-0.1995097,0.979894,0.001913269,-0.1407678,0.04757939,-0.01922974,0.1498304,0.1343711,-0.4783213,-0.2106856,0.8418817,65.32129,0.2489911,-0.8863347,-0.3904029,0.1119084,1.145107,0.2600527,1.179585,0.0870895,-0.9591755,0.1534446,0.2210262,154.4614,0.08929802,-0.9834995,0.1573359,0.0980861,-0.06897947,0.03282488,0.1243243,0.2206673,-0.3291822,-0.6526645,0.6457352,99.55836,0.2889975,-0.4311143,-0.8547636,-0.4485179,-0.2328761,-0.3836714,0.6345103,0.8224007,-0.3103556,0.4571826,-0.1353534,195.5581,0.8300393,-0.3132382,0.461429,-0.01190843,-0.04510665,0.03994727,0.06141828,0.06168478,0.2666405,0.3986353,0.8753216,57.8339,0.1275688,0.5514324,0.8244076,-0.09159754,1.20703,-0.05557808,1.211776,0.00893416,-0.1330303,-0.1643281,-0.9773533,335.5661,0.0422191,-0.6286457,-0.7765461,True,True,False,False
1772879687453,13.06912,0.1694191,1.071863,0.1810816,1.100175,-0.584928,-0.6637291,0.02837399,0.4653148,124.5388,-0.6608272,-0.7498534,0.03205575,-0.1013953,0.6270118,-0.05974541,0.637961,0.5233864,0.2340775,-0.7614217,0.3025086,144.7833,0.5491142,0.2455839,-0.7988505,0.09016836,1.149843,0.2601396,1.182346,0.1173314,1.151926,0.2860156,1.192688,0.1225993,1.134025,0.2887523,1.176614,-0.01424018,0.6431284,0.0293486,0.6439552,-0.00506134,0.6401398,0.07559223,0.6446075,-0.0231711,0.6308665,0.1060296,0.6401342,0.09951886,-0.08096205,0.04639795,0.1364244,0.1195023,-0.07499413,0.01514438,0.1418952,0.1073475,-0.07825849,0.001098201,0.1328499,-0.1105585,0.04655807,-0.03745215,0.1256722,-0.1557911,0.05330891,-0.02561574,0.1666399,-0.177488,0.04587714,0.002921991,0.1833446,0.09663326,-0.08422686,0.04385151,0.135481,0.1234224,-0.07507584,0.01227827,0.1449835,0.1100225,-0.08124638,-0.001199613,0.1367749,-0.1101183,0.04782614,-0.0362871,0.1254199,-0.1553494,0.05400027,-0.02486279,0.1663359,-0.1776924,0.04598883,0.003488278,0.1835804,0.1042188,-0.08200917,0.02804958,0.1355501,-0.1930341,0.9700814,0.003328828,0.1472036,163.0702,-0.19516,0.9807656,0.003365491,-0.1407644,0.0475146,-0.01931928,0.1498182,0.1335614,-0.4781195,-0.2107441,0.8421105,65.27268,0.2476547,-0.8865475,-0.3907698,0.1117363,1.144916,0.2600241,1.179377,0.09609076,-0.956081,0.1590197,0.2266902,153.7954,0.09865917,-0.9816361,0.1632701,0.09821623,-0.06609274,0.02989721,0.1221005,0.2444385,-0.3918422,-0.5537238,0.6928922,92.28102,0.3390077,-0.5434394,-0.7679503,-0.4693086,-0.228698,-0.3789966,0.6451293,0.6050823,-0.1952734,0.7371175,-0.2289137,206.4662,0.6215875,-0.2006,0.7572243,-0.0117363,-0.04491615,0.03997588,0.06126396,0.06579132,0.262778,0.3889076,0.8805512,56.58217,0.1388145,0.5544409,0.8205643,-0.09170967,1.206968,-0.05542389,1.211716,0.008583079,-0.1332278,-0.1646555,-0.9772744,335.5234,0.04049041,-0.6284983,-0.7767574,True,True,False,False
1772879687469,13.08595,0.1691423,1.071542,0.1809796,1.099802,-0.5817297,-0.6647957,0.0382626,0.4670903,124.3088,-0.6579093,-0.751853,0.04327322,-0.1012579,0.6270677,-0.05967504,0.6379876,0.5233811,0.2343208,-0.7613872,0.3024165,144.7944,0.5490918,0.2458316,-0.7987897,0.08993772,1.1493,0.2603324,1.181843,0.1173307,1.15193,0.2860109,1.192691,0.122956,1.134025,0.2886302,1.176622,-0.01407295,0.6432066,0.02939523,0.6440317,-0.004847695,0.6402192,0.07563104,0.6446891,-0.02299608,0.6308422,0.1060688,0.6401104,0.0997081,-0.08068877,0.04652125,0.1364427,0.1197403,-0.07489935,0.01518637,0.1420503,0.107398,-0.07804038,0.001154289,0.1327628,-0.1105584,0.04653367,-0.03750531,0.1256789,-0.1558015,0.05329627,-0.02571064,0.1666602,-0.1774695,0.045894,0.002915412,0.1833308,0.09688105,-0.08394174,0.04406666,0.1355508,0.1231257,-0.07506162,0.01251263,0.1447437,0.109811,-0.08098802,-0.001009917,0.1364497,-0.1101538,0.04772198,-0.03638528,0.1254398,-0.1553858,0.05394353,-0.02493111,0.1663617,-0.1776745,0.04598119,0.003442112,0.1835602,0.1042381,-0.08178921,0.02822311,0.1354681,-0.1886837,0.9716308,0.004673439,0.1425145,163.6133,-0.1906295,0.9816508,0.004721634,-0.1407625,0.04745398,-0.01940466,0.1498082,0.1327285,-0.4779307,-0.2107094,0.8423579,65.22009,0.2462868,-0.8868331,-0.3909857,0.1113222,1.144496,0.2599439,1.178912,0.1005076,-0.954506,0.1559413,0.2334498,152.9995,0.1033637,-0.9816297,0.1603726,0.09844953,-0.06582843,0.03002638,0.1221772,0.245889,-0.3920566,-0.5544587,0.691669,92.47527,0.3404652,-0.5428532,-0.7677199,-0.4689106,-0.2288037,-0.3788313,0.6447802,0.6011003,-0.1858628,0.7436,-0.2262583,206.1538,0.6171035,-0.190811,0.7633969,-0.0113222,-0.04449594,0.04005614,0.0609309,0.06546479,0.254871,0.3868875,0.8837836,55.7956,0.1399132,0.5447172,0.8268666,-0.09179109,1.206984,-0.05528831,1.211731,0.008403292,-0.133398,-0.1648453,-0.9772207,335.4944,0.03959611,-0.6285682,-0.7767472,True,True,False,False
1772879687481,13.10049,0.1685664,1.070981,0.1810425,1.099178,-0.5783569,-0.6656891,0.04817195,0.4690852,124.0501,-0.6548774,-0.7537643,0.05454543,-0.1011669,0.6269922,-0.05969336,0.6379007,0.523366,0.2345927,-0.7613518,0.3023209,144.8059,0.5490585,0.2461091,-0.7987273,0.08941487,1.148605,0.2604944,1.181163,0.1170978,1.151452,0.2856443,1.192118,0.1230927,1.133561,0.2882908,1.176106,-0.01397202,0.6431549,0.02936435,0.6439764,-0.00467806,0.6401509,0.07557245,0.6446133,-0.02282974,0.6306384,0.1059844,0.6398896,0.09983911,-0.0802426,0.04686537,0.1363931,0.1194846,-0.07450779,0.01543077,0.1416548,0.1070593,-0.07760715,0.001323283,0.1322358,-0.1105654,0.04649114,-0.03754102,0.12568,-0.1558028,0.05329223,-0.02579752,0.1666736,-0.1774199,0.04596579,0.002905801,0.1833007,0.09716408,-0.0835878,0.04433444,0.135622,0.1227773,-0.07500863,0.01279183,0.1444444,0.1095477,-0.08066454,-0.0007866767,0.1360444,-0.1101932,0.04760421,-0.03649586,0.1254617,-0.1554257,0.05388122,-0.02501401,0.1663912,-0.1776501,0.04597971,0.003390798,0.1835353,0.1042562,-0.08150624,0.02843031,0.1353547,-0.1837358,0.9733823,0.006197043,0.1368569,164.268,-0.185481,0.982628,0.006255906,-0.1407603,0.04738856,-0.0195003,0.1497978,0.1316654,-0.477737,-0.2105522,0.842674,65.15286,0.2445384,-0.8872874,-0.3910526,0.1111437,1.144328,0.2599643,1.178738,0.1039069,-0.9523439,0.162104,0.2365732,152.6312,0.1069426,-0.9801672,0.1668399,0.09856552,-0.06537095,0.03030238,0.1220932,0.2399919,-0.3873711,-0.5570479,0.6942948,92.05791,0.3334654,-0.5382466,-0.7740102,-0.4684625,-0.2289802,-0.3784719,0.6443058,0.5983381,-0.1851967,0.7480161,-0.2194674,205.3555,0.6132901,-0.1898247,0.7667084,-0.0111437,-0.04432845,0.04003567,0.06076223,0.07072476,0.2543704,0.3812892,0.8859528,55.26199,0.1524979,0.5484776,0.8221421,-0.09185552,1.206998,-0.05520302,1.211746,0.008320818,-0.1336801,-0.1650078,-0.9771554,335.4592,0.03915204,-0.6290064,-0.7764133,True,True,False,False
1772879687496,13.11335,0.1684397,1.070954,0.1809251,1.099113,-0.5751812,-0.6661919,0.0573165,0.471243,123.77,-0.6521302,-0.7553166,0.06498443,-0.1012035,0.6269367,-0.05973617,0.6378559,0.5233402,0.2348671,-0.7613204,0.3022318,144.8166,0.5490152,0.2463896,-0.7986705,0.08938841,1.148396,0.2607287,1.181009,0.1171397,1.151418,0.2859524,1.192164,0.1235591,1.13367,0.2883008,1.176262,-0.01398524,0.6430798,0.02932463,0.6438999,-0.004661832,0.6399777,0.07547168,0.6444293,-0.02282545,0.6305029,0.1059188,0.6397451,0.1000124,-0.07997532,0.04707844,0.1364365,0.1196027,-0.07480417,0.01537687,0.1419046,0.1070409,-0.07757211,0.001367018,0.1322009,-0.1105822,0.0464887,-0.03754785,0.1256959,-0.1557544,0.05335946,-0.02578509,0.1666479,-0.1774121,0.04597729,0.002905704,0.183296,0.09740239,-0.08328556,0.04456402,0.1356822,0.1225117,-0.07499152,0.01300811,0.1442292,0.109338,-0.08040581,-0.0006064876,0.1357212,-0.1102257,0.04751088,-0.03658387,0.1254806,-0.1554532,0.05383756,-0.02507853,0.1664125,-0.1776302,0.04597951,0.003350212,0.1835152,0.1042776,-0.08127221,0.02860873,0.1352681,-0.1788093,0.9749464,0.007321283,0.1321101,164.8169,-0.1803905,0.9835674,0.007386021,-0.1407611,0.04733742,-0.01957474,0.1497921,0.1309121,-0.4775496,-0.2106015,0.8428852,65.10789,0.2432888,-0.8874845,-0.3913846,0.1106375,1.143916,0.2598814,1.178272,0.1195801,-0.946673,0.1641278,0.2501461,151.0277,0.1235066,-0.9777578,0.1695171,0.09854802,-0.06535479,0.0305099,0.1221221,0.2384452,-0.390377,-0.5541614,0.6954532,91.87332,0.3318322,-0.5432681,-0.7711986,-0.4682882,-0.2290645,-0.3784574,0.6442006,0.5945616,-0.1794499,0.7519051,-0.2212087,205.5601,0.609665,-0.1840084,0.7710055,-0.01063746,-0.04391646,0.04011858,0.06042608,0.0740146,0.240791,0.3676659,0.8951892,52.93456,0.1660687,0.5402696,0.8249425,-0.09190619,1.207029,-0.05518278,1.21178,0.008276425,-0.1339877,-0.165414,-0.9770451,335.3997,0.03885048,-0.6289533,-0.7764719,True,True,False,False
1772879687509,13.12782,0.1677527,1.070824,0.1807427,1.09885,-0.5711082,-0.6666478,0.06895638,0.4739844,123.4135,-0.6485937,-0.7570956,0.07831208,-0.1014278,0.6270322,-0.05973072,0.6379849,0.5232212,0.2352503,-0.7613342,0.3021045,144.8319,0.5488672,0.2467813,-0.7986515,0.08916829,1.147314,0.2615812,1.18013,0.1169207,1.151119,0.2856579,1.191782,0.1241369,1.133477,0.2870506,1.175831,-0.0141924,0.6431034,0.02932774,0.6439282,-0.004812081,0.639915,0.07537739,0.6443572,-0.0229135,0.6304287,0.1058114,0.6396573,0.09997596,-0.08003311,0.04648374,0.1362396,0.1192617,-0.07467704,0.01543972,0.1415571,0.1061792,-0.07650172,0.001628205,0.1308785,-0.1105962,0.0464982,-0.03749803,0.1256969,-0.1556795,0.05343843,-0.02574839,0.1665976,-0.1773372,0.04607987,0.00289914,0.1832491,0.09759488,-0.08304229,0.04470761,0.1357186,0.1222686,-0.074968,0.01318999,0.144027,0.1091017,-0.0801138,-0.0004393393,0.1353573,-0.1102534,0.04743513,-0.03665225,0.1254962,-0.1554701,0.05380771,-0.02512863,0.1664262,-0.1776083,0.04598702,0.003316473,0.1834953,0.104282,-0.08105864,0.02872106,0.1351671,-0.1731422,0.9765131,0.009445707,0.1278853,165.3052,-0.1745756,0.9845978,0.00952391,-0.1407604,0.04729936,-0.0196333,0.1497872,0.1302952,-0.4773962,-0.2107274,0.8430362,65.07574,0.2422489,-0.8875896,-0.3917909,0.1102898,1.143639,0.259938,1.177982,0.1259048,-0.9421462,0.1743279,0.2571347,150.1998,0.1302855,-0.9749276,0.1803935,0.09840862,-0.0651612,0.03061775,0.1219331,0.2436759,-0.3839295,-0.5598257,0.6926873,92.31359,0.3378577,-0.53232,-0.7762009,-0.4678332,-0.2290143,-0.3781237,0.643656,0.5873674,-0.1679256,0.7634791,-0.2095241,204.1889,0.6007009,-0.1717376,0.7808104,-0.01028977,-0.04363942,0.04006204,0.06012691,0.08351947,0.2381279,0.3576406,0.8991179,51.91528,0.1908115,0.5440355,0.8170784,-0.09193669,1.207095,-0.05518177,1.211848,0.008176719,-0.1343039,-0.1655586,-0.976978,335.3637,0.03832716,-0.6295298,-0.7760313,True,True,False,False
1772879687523,13.14129,0.16741,1.070774,0.1804746,1.098706,-0.567027,-0.6671575,0.08059362,0.4763255,123.1086,-0.6448845,-0.7587638,0.09165979,-0.1014948,0.6270564,-0.05968301,0.6380149,0.5231292,0.2355475,-0.7613486,0.3019962,144.8449,0.5487508,0.2470841,-0.7986376,0.08888201,1.146583,0.2619053,1.179469,0.116876,1.151163,0.2857185,1.191836,0.1243819,1.133783,0.287197,1.176188,-0.01422114,0.643098,0.02935146,0.6439245,-0.004837048,0.6398955,0.07541028,0.6443418,-0.022914,0.6304312,0.1058414,0.6396648,0.09988671,-0.08005244,0.04646333,0.1361785,0.1193723,-0.07487044,0.01539618,0.1417476,0.1064198,-0.07670362,0.001632035,0.1311918,-0.1105995,0.04650331,-0.03750153,0.1257027,-0.1556939,0.05342742,-0.02574242,0.1666066,-0.1773584,0.0460481,0.002868727,0.1832612,0.09778585,-0.08279315,0.04485391,0.1357522,0.1220273,-0.07495987,0.01337383,0.143835,0.1088782,-0.07982963,-0.0002667349,0.1350085,-0.1102823,0.04735749,-0.03672302,0.1255129,-0.1554888,0.05377602,-0.02517978,0.1664411,-0.1775875,0.04599211,0.003279164,0.1834757,0.1042855,-0.08084592,0.0288414,0.135068,-0.1671413,0.9780707,0.01139334,0.1237407,165.7839,-0.1684358,0.9856458,0.01148158,-0.1407596,0.04725918,-0.01969535,0.1497819,0.1296982,-0.4772426,-0.2108792,0.8431773,65.04565,0.2412382,-0.8876692,-0.3922344,0.1095373,1.142684,0.2596267,1.176916,0.1387992,-0.9385058,0.1764447,0.2623148,149.5851,0.143836,-0.9725626,0.1828476,0.09843563,-0.06523737,0.03067615,0.1220103,0.2461472,-0.3862147,-0.5559072,0.6936981,92.15287,0.3417448,-0.5362113,-0.7718083,-0.4675521,-0.2291004,-0.377858,0.6433262,0.5797473,-0.1580386,0.7709363,-0.2111264,204.3767,0.5931168,-0.1616831,0.7887147,-0.009537287,-0.04268444,0.04037327,0.05952245,0.08335187,0.2321022,0.3459474,0.9052633,50.28249,0.1961907,0.5463141,0.8142788,-0.09195601,1.20717,-0.05523985,1.211927,0.008253378,-0.1350017,-0.1656278,-0.9768695,335.3055,0.03859667,-0.6313314,-0.7745532,True,True,False,False
1772879687537,13.15556,0.1663059,1.070089,0.1799953,1.097792,-0.5624539,-0.6678853,0.0928323,0.4784945,122.8258,-0.640542,-0.760611,0.1057207,-0.1015975,0.6269826,-0.05962994,0.6379538,0.5230707,0.2357785,-0.7613536,0.3019046,144.8559,0.5486728,0.2473188,-0.7986187,0.08797075,1.145198,0.2620499,1.178087,0.116167,1.150764,0.2850782,1.191228,0.1238466,1.133294,0.2863045,1.175442,-0.01427042,0.6430137,0.02940148,0.6438437,-0.004906279,0.6398067,0.07548581,0.644263,-0.02289796,0.6304049,0.1058507,0.6396397,0.09988087,-0.07994431,0.04629718,0.1360541,0.1194266,-0.07456741,0.01555033,0.1416504,0.1061006,-0.07640766,0.001958996,0.1307643,-0.1106246,0.04651392,-0.03752678,0.1257363,-0.1557406,0.05340404,-0.02574487,0.1666431,-0.1773788,0.04602649,0.002741672,0.1832735,0.09794936,-0.08257081,0.04496654,0.1357719,0.1218243,-0.07492924,0.01354369,0.1436627,0.1086614,-0.07956257,-9.302927E-05,0.1346756,-0.110309,0.04729165,-0.03678575,0.1255299,-0.1555084,0.05374699,-0.02522388,0.1664568,-0.1775712,0.04599479,0.003237215,0.1834599,0.1042914,-0.08064527,0.02893328,0.1349722,-0.1618012,0.9794083,0.01326159,0.1200168,166.2139,-0.1629792,0.9865391,0.01335815,-0.1407563,0.04722423,-0.01975617,0.1497757,0.1292261,-0.4771375,-0.2110278,0.8432721,65.02547,0.2404265,-0.887719,-0.3926193,0.1092834,1.142267,0.2596578,1.176494,0.1371586,-0.9340349,0.1940139,0.2666928,149.0649,0.142313,-0.9691353,0.2013048,0.09842769,-0.06493227,0.03049108,0.1217946,0.2446758,-0.3860008,-0.5604917,0.690642,92.6381,0.3383253,-0.5337423,-0.7750196,-0.4667187,-0.2290044,-0.3770702,0.6422237,0.5776278,-0.147219,0.7766145,-0.2038204,203.5209,0.5900132,-0.1503756,0.7932665,-0.009283371,-0.04226696,0.04034224,0.05916227,0.1001241,0.2363294,0.3387821,0.9051798,50.30501,0.2355699,0.556031,0.7970796,-0.09195226,1.207267,-0.05532216,1.212027,0.00842839,-0.1354187,-0.1656167,-0.9768121,335.2747,0.03936687,-0.6325067,-0.7735538,True,True,False,False
1772879687550,13.16936,0.1660877,1.069838,0.1797943,1.097481,-0.5559903,-0.6688036,0.109089,0.4813275,122.4557,-0.6343005,-0.7630034,0.124454,-0.1015925,0.6269869,-0.05964895,0.6379589,0.5230707,0.2357785,-0.7613536,0.3019046,144.8559,0.5486728,0.2473188,-0.7986187,0.08759373,1.144571,0.2623414,1.177514,0.1161508,1.150582,0.2852049,1.19108,0.1242578,1.133898,0.2870781,1.176256,-0.01422056,0.643065,0.02938934,0.6438933,-0.004897353,0.639808,0.07546206,0.6442614,-0.02290502,0.6304677,0.1058446,0.6397009,0.1001548,-0.07960835,0.04681873,0.1362368,0.1195335,-0.07479122,0.01558341,0.141862,0.1070132,-0.07686161,0.001924366,0.1317696,-0.1106532,0.04651197,-0.03758557,0.1257783,-0.1557366,0.05340905,-0.02574707,0.1666413,-0.1774001,0.04597604,0.002714492,0.1832811,0.09813075,-0.08232716,0.04511888,0.1358054,0.1216359,-0.07491789,0.01371145,0.143513,0.1085259,-0.07934042,7.289529E-05,0.134435,-0.1103373,0.04722752,-0.03685153,0.12555,-0.1555272,0.0537192,-0.02526691,0.1664719,-0.1775571,0.04599325,0.003194223,0.1834451,0.1043137,-0.08045065,0.0290729,0.1349032,-0.157076,0.9805659,0.01418227,0.1166903,166.5977,-0.1581565,0.9873108,0.01427982,-0.1407555,0.04718842,-0.01981818,0.1497719,0.1288538,-0.4769974,-0.2112838,0.8433442,65.01009,0.2397844,-0.8876454,-0.3931784,0.1089963,1.141673,0.2597308,1.175907,0.1457556,-0.9272137,0.2076341,0.2755328,148.0125,0.1516248,-0.9645498,0.2159949,0.09856677,-0.0647525,0.03070246,0.1218644,0.2421611,-0.3940439,-0.5467556,0.6979584,91.47314,0.3381484,-0.5502343,-0.7634776,-0.4666058,-0.2288916,-0.3765991,0.6418249,0.5672962,-0.1389606,0.7825265,-0.215679,204.9107,0.5809696,-0.14231,0.8013875,-0.008996338,-0.04167342,0.04026917,0.05864481,0.1126143,0.2328265,0.3248133,0.9097288,49.06424,0.2712268,0.5607529,0.7822993,-0.09192342,1.20735,-0.05542459,1.212112,0.008730565,-0.1355648,-0.1656301,-0.9767869,335.2613,0.0407564,-0.6328497,-0.7732016,True,True,False,False
1772879687564,13.18301,0.1658436,1.069673,0.1797755,1.09728,-0.5492612,-0.6695804,0.1252459,0.4840328,122.1018,-0.6276914,-0.7651912,0.14313,-0.1015446,0.6270486,-0.05968769,0.6380155,0.5231161,0.2359746,-0.7613068,0.3017907,144.8696,0.5486996,0.2475152,-0.7985393,0.08723971,1.143756,0.2628618,1.176811,0.1160826,1.150316,0.2851662,1.190807,0.1247369,1.133934,0.2869906,1.176321,-0.01410374,0.6431562,0.02935202,0.6439801,-0.004823704,0.6398234,0.07540978,0.64427,-0.0228848,0.6305043,0.1058397,0.6397355,0.100243,-0.07934201,0.04718407,0.1362723,0.119328,-0.07482835,0.01575439,0.1417274,0.1068467,-0.07677131,0.00207895,0.1315841,-0.1106838,0.04650993,-0.03767403,0.1258309,-0.1557311,0.05341379,-0.02577314,0.1666417,-0.1774349,0.04591385,0.002717592,0.1832992,0.09829928,-0.08208898,0.04528366,0.135838,0.1214517,-0.07491075,0.01387446,0.1433689,0.1083919,-0.07913543,0.0002329565,0.1342061,-0.1103649,0.04717027,-0.03691715,0.125572,-0.1555435,0.05369483,-0.0253073,0.1664853,-0.1775474,0.04598691,0.003156193,0.1834334,0.1043291,-0.08026361,0.02922044,0.1348356,-0.15247,0.9816638,0.01490011,0.1134335,166.9734,-0.1534605,0.988041,0.01499691,-0.1407598,0.04715437,-0.01987553,0.1497728,0.1286012,-0.4768162,-0.2116116,0.8434029,64.99756,0.2393554,-0.8874606,-0.3938561,0.1087152,1.140546,0.2594229,1.174719,0.1455345,-0.9228834,0.2161686,0.2835084,147.0606,0.1517613,-0.9623697,0.2254176,0.09842575,-0.06454747,0.03089581,0.1216904,0.244788,-0.3966112,-0.5408852,0.7001584,91.12057,0.3428463,-0.5554875,-0.7575554,-0.4662962,-0.2287579,-0.3760748,0.6412445,0.5567498,-0.1252616,0.791862,-0.2174718,205.1212,0.5704014,-0.1283331,0.8112786,-0.00871516,-0.0405463,0.04057711,0.05802119,0.1238449,0.2295549,0.3206092,0.9105915,48.82557,0.2996435,0.5554094,0.7757158,-0.09191912,1.207422,-0.05549347,1.212186,0.009068287,-0.1356811,-0.1657084,-0.9767544,335.2439,0.04230369,-0.6329543,-0.7730322,True,True,False,False
1772879687579,13.19676,0.1655854,1.068922,0.179742,1.096504,-0.5415916,-0.6699672,0.1425085,0.487354,121.6664,-0.6202345,-0.7672512,0.1632018,-0.1013302,0.6273935,-0.0599518,0.6383453,0.5231733,0.2361777,-0.7612422,0.3016958,144.881,0.5487423,0.2477204,-0.7984463,0.08652803,1.142433,0.2629975,1.175504,0.1157255,1.149124,0.2849592,1.189571,0.1253821,1.133054,0.2864706,1.175413,-0.01383508,0.6435282,0.02907964,0.6443335,-0.004547541,0.6401808,0.07511844,0.6445889,-0.02270547,0.6307781,0.1056008,0.6399594,0.1001985,-0.07883764,0.04827356,0.1363284,0.1187353,-0.07499792,0.01631707,0.1413825,0.1061901,-0.07640803,0.002373666,0.130844,-0.1106979,0.04650513,-0.03775676,0.1258663,-0.1557321,0.05340992,-0.02587042,0.1666564,-0.1774483,0.04588616,0.002749458,0.1833057,0.0984493,-0.08183215,0.04551984,0.1358706,0.1212372,-0.07491763,0.0140674,0.1432096,0.108218,-0.07891999,0.0004020528,0.133939,-0.1103912,0.04711773,-0.03698348,0.1255949,-0.1555584,0.05367232,-0.02535178,0.1664988,-0.1775396,0.04597895,0.003124065,0.1834233,0.1043158,-0.08006521,0.02941495,0.1347497,-0.1469689,0.9829077,0.01561394,0.1097669,167.3962,-0.1478624,0.9888833,0.01570887,-0.1407692,0.04712228,-0.01992832,0.1497786,0.1283462,-0.476613,-0.2118699,0.8434919,64.97858,0.2389429,-0.887313,-0.3944394,0.1086533,1.139937,0.2595302,1.174146,0.1412031,-0.9201085,0.2225365,0.2897233,146.3172,0.1475306,-0.96134,0.2325086,0.09815275,-0.06395215,0.03145556,0.1212984,0.2377798,-0.3976446,-0.5323809,0.7084562,89.78111,0.3369156,-0.5634317,-0.7543426,-0.4656209,-0.2281244,-0.374969,0.6398792,0.5470667,-0.1215078,0.7982357,-0.2208481,205.5177,0.5609167,-0.1245839,0.8184444,-0.008653283,-0.03993726,0.04046983,0.05751235,0.1338904,0.2276724,0.3208906,0.9095427,49.11555,0.3221534,0.5478021,0.7720942,-0.09193424,1.207517,-0.05559992,1.212287,0.009706048,-0.1356838,-0.1655194,-0.9767799,335.2575,0.04530349,-0.6333112,-0.7725706,True,True,False,False
1772879687593,13.21065,0.165705,1.068814,0.179671,1.096405,-0.5347877,-0.6697674,0.1574005,0.4905496,121.2466,-0.6137015,-0.768599,0.1806267,-0.1012374,0.6275694,-0.06009021,0.6385164,0.5231733,0.2361777,-0.7612422,0.3016958,144.881,0.5487423,0.2477204,-0.7984463,0.08655854,1.141863,0.2634945,1.175062,0.1161534,1.148778,0.2851707,1.18933,0.126238,1.132671,0.2865097,1.175146,-0.01372497,0.6437159,0.02894623,0.6445125,-0.004440081,0.6403777,0.07498983,0.6447688,-0.02258571,0.6309527,0.1054382,0.6401005,0.1003627,-0.07848431,0.04892977,0.1364792,0.118556,-0.07517983,0.01650093,0.1413499,0.1057216,-0.07659353,0.002493277,0.130575,-0.1107098,0.04650879,-0.03777425,0.1258834,-0.1557497,0.05340493,-0.02589083,0.1666745,-0.1774325,0.0459071,0.002724439,0.1832953,0.09860152,-0.08156581,0.04579112,0.135912,0.1210239,-0.07493849,0.014261,0.1430592,0.1080194,-0.07873491,0.0005684211,0.1336701,-0.1104166,0.04706928,-0.03704638,0.1256176,-0.1555736,0.05365105,-0.02539467,0.1665127,-0.177531,0.04597324,0.003092272,0.1834131,0.1043009,-0.07986921,0.02962271,0.1346672,-0.1413624,0.9841737,0.0158987,0.1056694,167.8685,-0.1421583,0.9897147,0.01598821,-0.140777,0.04709337,-0.01997963,0.1497836,0.1280751,-0.4764301,-0.2120675,0.8435867,64.95834,0.2385042,-0.8872185,-0.3949167,0.1086245,1.13921,0.2598058,1.173498,0.1513543,-0.9160582,0.2233312,0.2967367,145.4766,0.1584929,-0.9592641,0.2338646,0.09792573,-0.0638812,0.03194716,0.1212059,0.2284297,-0.3985468,-0.5230733,0.717896,88.23791,0.3281327,-0.5725011,-0.7513798,-0.4656432,-0.2276901,-0.3742539,0.6393218,0.5388921,-0.1221041,0.8024131,-0.2254313,206.0565,0.5531302,-0.1253302,0.8236136,-0.008624546,-0.0392102,0.04019418,0.05681017,0.1347721,0.2198108,0.3118221,0.9144873,47.73399,0.3330873,0.5432593,0.7706637,-0.09193189,1.207589,-0.05570946,1.212363,0.0103424,-0.135233,-0.1650906,-0.9769084,335.3264,0.04840631,-0.6329414,-0.7726862,True,True,False,False
1772879687607,13.22443,0.1657245,1.068962,0.1796671,1.096551,-0.5289643,-0.6694061,0.169994,0.4931473,120.9047,-0.6080428,-0.7694803,0.1954076,-0.1011858,0.6277439,-0.06025754,0.6386955,0.5232955,0.2363937,-0.7611373,0.3015789,144.8951,0.5488493,0.2479374,-0.7983055,0.08682793,1.140889,0.2644363,1.174348,0.1163572,1.148314,0.2851739,1.188902,0.1267908,1.131998,0.2862085,1.174483,-0.01361786,0.6439294,0.02875866,0.6447151,-0.004407485,0.6404927,0.07485856,0.6448675,-0.02250194,0.6310678,0.1052509,0.6401802,0.1000913,-0.07864369,0.04879556,0.1363235,0.1179144,-0.07538069,0.01672006,0.1409454,0.1046011,-0.07675874,0.002684638,0.129771,-0.110709,0.04649689,-0.0378887,0.1259127,-0.1557685,0.05339258,-0.02589124,0.1666881,-0.1774242,0.04592199,0.002659641,0.18329,0.0987211,-0.08133125,0.04603228,0.1359397,0.1207743,-0.07497399,0.01445839,0.1428865,0.107745,-0.07857628,0.0007382915,0.1333558,-0.1104401,0.04702333,-0.037114,0.125641,-0.1555892,0.0536303,-0.02543453,0.1665267,-0.1775225,0.04596912,0.003057545,0.1834032,0.1042536,-0.07969691,0.02978904,0.1345652,-0.1358057,0.9854185,0.01626585,0.101206,168.3828,-0.1365066,0.9905043,0.0163498,-0.1407799,0.04706628,-0.02003627,0.1497854,0.1278269,-0.4762375,-0.2122969,0.8436754,64.93941,0.2381038,-0.88709,-0.3954466,0.1088945,1.137778,0.2598912,1.172152,0.1669466,-0.9100974,0.219182,0.3095333,143.9378,0.175569,-0.9571021,0.2305023,0.09739864,-0.06403504,0.03210155,0.1209028,0.2253779,-0.3969778,-0.5261878,0.7174538,88.31068,0.3235371,-0.5698741,-0.7553591,-0.465602,-0.2271929,-0.3737072,0.6387948,0.5348163,-0.1143409,0.8083577,-0.2178436,205.1648,0.5479766,-0.1171545,0.8282489,-0.008894511,-0.03777826,0.04010877,0.05581239,0.1330721,0.2035506,0.3003647,0.9223017,45.47019,0.3443261,0.5266904,0.7771983,-0.09194691,1.207651,-0.05581966,1.212432,0.01080027,-0.1350153,-0.1649118,-0.9769639,335.3561,0.05060934,-0.6326726,-0.7727652,True,True,False,False
1772879687620,13.23908,0.1659703,1.068062,0.1797575,1.095726,-0.5240206,-0.6689398,0.1806064,0.495281,120.6234,-0.6032012,-0.7700179,0.2078964,-0.1012091,0.6279331,-0.06037761,0.6388965,0.523374,0.2365989,-0.7610586,0.3014807,144.9069,0.5489137,0.2481445,-0.7981967,0.08727386,1.138878,0.26515,1.172588,0.1166768,1.147062,0.2851199,1.187711,0.1279266,1.130612,0.2852579,1.17304,-0.01359726,0.6441436,0.02862169,0.6449226,-0.004484918,0.6406807,0.07481104,0.6450493,-0.02245999,0.6312238,0.1050944,0.6403068,0.09960387,-0.07874748,0.04876208,0.1360141,0.1174288,-0.07542959,0.01711437,0.1406131,0.1034666,-0.07600266,0.002905473,0.1284141,-0.1107092,0.0464876,-0.03797203,0.1259345,-0.155827,0.05331358,-0.02587771,0.1667155,-0.1774144,0.04594305,0.002570093,0.1832846,0.09879143,-0.08112541,0.04624976,0.1359416,0.1205077,-0.07501028,0.01466999,0.142702,0.1074041,-0.07837124,0.0009109482,0.1329606,-0.1104615,0.04698065,-0.03718236,0.1256641,-0.1556082,0.05360507,-0.02546983,0.1665417,-0.1775138,0.04596705,0.00301871,0.1833937,0.1041679,-0.07952614,0.0299213,0.1344271,-0.1289935,0.9867643,0.01754638,0.0966904,168.9028,-0.1296007,0.9914096,0.01762898,-0.1407754,0.04704125,-0.02009807,0.1497816,0.1275244,-0.4760819,-0.2124023,0.8437825,64.91656,0.2376148,-0.8870783,-0.395767,0.1089231,1.137219,0.2600442,1.171646,0.1720471,-0.9061741,0.2238226,0.3148836,143.2924,0.1812682,-0.9547415,0.2358186,0.09700771,-0.06388133,0.03237389,0.1205794,0.2271375,-0.3887024,-0.535934,0.7142086,88.84325,0.3245131,-0.5553422,-0.7656933,-0.4653293,-0.2259056,-0.3729523,0.6376975,0.5291087,-0.1058418,0.8174729,-0.2014446,203.2429,0.5401824,-0.1080569,0.8345817,-0.008923091,-0.03721893,0.03995577,0.05532932,0.1379205,0.1996747,0.2934719,0.9246526,44.76795,0.362175,0.5243395,0.770648,-0.09192627,1.207679,-0.05592214,1.212463,0.01109723,-0.1348028,-0.1647547,-0.9770163,335.3843,0.05205947,-0.6323887,-0.7728998,True,True,False,False
1772879687634,13.25353,0.1660471,1.068126,0.1794847,1.095756,-0.5198376,-0.6684845,0.1894578,0.4969942,120.3973,-0.5990611,-0.7703619,0.2183312,-0.1012622,0.6279706,-0.06033294,0.6389376,0.5234181,0.2367904,-0.7610219,0.3013464,144.923,0.5489355,0.2483342,-0.7981228,0.0875442,1.138112,0.2654552,1.171934,0.1169015,1.146824,0.2851594,1.187513,0.1284083,1.130319,0.2850506,1.172759,-0.01364886,0.6441322,0.02867124,0.6449144,-0.004535649,0.6406555,0.07486221,0.6450306,-0.02253435,0.6312286,0.1051591,0.6403248,0.09930448,-0.07883794,0.04873182,0.1358366,0.1172233,-0.0757574,0.01718143,0.140626,0.1029899,-0.07624307,0.002968639,0.1281746,-0.1107099,0.04648831,-0.0379631,0.1259327,-0.1558324,0.0533065,-0.02587134,0.1667173,-0.1774379,0.04588561,0.00256902,0.1832929,0.09883468,-0.08093256,0.04645902,0.1359294,0.1202308,-0.07507327,0.01488172,0.1425234,0.107032,-0.07819182,0.001084424,0.1325556,-0.1104824,0.04693915,-0.03724818,0.1256864,-0.1556271,0.0535799,-0.02550368,0.1665564,-0.1775074,0.04596018,0.002980798,0.1833851,0.1040604,-0.07937174,0.03003918,0.1342788,-0.1218319,0.9880917,0.01866873,0.09210513,169.4305,-0.122352,0.9923097,0.01874842,-0.1407723,0.04701489,-0.0201576,0.1497784,0.1272922,-0.4759237,-0.2125486,0.84387,64.89787,0.2372431,-0.8870109,-0.3961411,0.1094062,1.136053,0.2598043,1.170506,0.1766493,-0.9032918,0.226333,0.3187983,142.8195,0.1863738,-0.9530178,0.2387926,0.09672321,-0.06418522,0.03242947,0.1205271,0.2271349,-0.3888156,-0.5344928,0.7152271,88.67638,0.3249928,-0.5563313,-0.7647715,-0.4651394,-0.2255468,-0.3727297,0.6373017,0.5236493,-0.09954926,0.8221284,-0.1999656,203.0699,0.5344436,-0.1016013,0.8390753,-0.009406224,-0.03605282,0.04019567,0.05480853,0.1404681,0.1962582,0.2881038,0.9266865,44.15192,0.373749,0.5221916,0.766569,-0.09188202,1.207695,-0.05601147,1.212479,0.01117014,-0.1346699,-0.1644228,-0.9770898,335.4238,0.05248444,-0.6327653,-0.772563,True,True,False,False
1772879687647,13.26753,0.1663005,1.067171,0.1792748,1.094828,-0.5163659,-0.6680704,0.1967218,0.4983462,120.2187,-0.5955926,-0.7705734,0.226905,-0.1014622,0.6280888,-0.06020021,0.6390729,0.5234241,0.2369948,-0.7610353,0.3011415,144.9476,0.5489045,0.2485317,-0.7980826,0.08790859,1.136825,0.2657027,1.170768,0.1173148,1.145829,0.2850409,1.186565,0.1292908,1.12938,0.2844661,1.171809,-0.01381132,0.6441998,0.02880519,0.6449914,-0.004709606,0.6407103,0.07499725,0.6451019,-0.02279348,0.6313391,0.105366,0.6404768,0.09935582,-0.07879439,0.04885411,0.1358928,0.1171622,-0.0758018,0.01733051,0.1406174,0.1026812,-0.07584453,0.003025919,0.1276909,-0.1107271,0.04649494,-0.03797294,0.1259532,-0.1558511,0.05328904,-0.02587374,0.1667295,-0.1775149,0.04575146,0.002603821,0.1833344,0.09887806,-0.08075457,0.04665839,0.1359234,0.1199754,-0.07513392,0.01508556,0.1423614,0.1066698,-0.07799643,0.001246038,0.1321493,-0.1105028,0.04690217,-0.03730851,0.1257084,-0.1556457,0.05355569,-0.02553449,0.1665708,-0.1775081,0.04594281,0.002949418,0.1833809,0.1039596,-0.07922065,0.03014362,0.1341348,-0.1143554,0.989364,0.02006943,0.0876295,169.9455,-0.1147971,0.9931847,0.02014694,-0.1407763,0.04698671,-0.02020881,0.1497802,0.1272095,-0.4757434,-0.2127617,0.8439304,64.88496,0.2371308,-0.8868319,-0.3966085,0.1095961,1.135567,0.2597055,1.17003,0.1839867,-0.899847,0.2252046,0.3251262,142.0536,0.1945569,-0.9515439,0.2381428,0.09658643,-0.06389224,0.03248978,0.1202778,0.2261583,-0.3887937,-0.5343657,0.7156434,88.60811,0.3237929,-0.5566395,-0.7650561,-0.4645041,-0.2243548,-0.3725547,0.6363145,0.5201269,-0.09466769,0.8254447,-0.1978569,202.8233,0.5306166,-0.09657691,0.842092,-0.009596124,-0.03556669,0.04029453,0.05459601,0.1405374,0.1885533,0.2821115,0.930113,43.09514,0.3826503,0.5133865,0.7681235,-0.09183589,1.207749,-0.05608383,1.212534,0.0110519,-0.1345416,-0.1643141,-0.9771271,335.4439,0.0519707,-0.6326716,-0.7726746,True,True,False,False
1772879687661,13.27912,0.1666552,1.066935,0.1789815,1.094604,-0.5132682,-0.6677156,0.2030897,0.4994661,120.0706,-0.5924604,-0.7707374,0.2344244,-0.1014626,0.6279991,-0.06015839,0.6389809,0.5234073,0.237188,-0.7610483,0.3009854,144.9664,0.5488586,0.2487215,-0.7980551,0.0883055,1.136072,0.2657672,1.170081,0.1178047,1.145367,0.2849673,1.186149,0.1300406,1.128907,0.2839324,1.171307,-0.01377219,0.6440907,0.02882603,0.6448825,-0.004684601,0.6405841,0.07504648,0.644982,-0.02278325,0.6311926,0.1054067,0.6403388,0.09918487,-0.07883635,0.04896432,0.1358319,0.1170074,-0.07602186,0.01734653,0.1406092,0.1022278,-0.07573535,0.003092244,0.1272632,-0.1107294,0.04649221,-0.03800327,0.1259634,-0.1558776,0.05326491,-0.02587953,0.1667475,-0.177526,0.04571785,0.002614163,0.1833369,0.09890287,-0.08059947,0.04684484,0.1359135,0.1197354,-0.07520571,0.01526837,0.1422167,0.1063107,-0.07781361,0.001395314,0.131753,-0.1105211,0.04686902,-0.03736468,0.1257288,-0.1556645,0.05353218,-0.02556239,0.166585,-0.1775095,0.04592462,0.002922311,0.1833773,0.1038518,-0.07908719,0.03023731,0.1339936,-0.106835,0.9905422,0.02148984,0.08337093,170.4353,-0.1072082,0.9940028,0.02156492,-0.1407798,0.04696027,-0.02025574,0.1497816,0.1271361,-0.4755687,-0.2129288,0.8439978,64.87057,0.2370409,-0.8866814,-0.3969985,0.1099175,1.135091,0.2594783,1.169548,0.1867477,-0.898164,0.2262033,0.3275039,141.7653,0.197648,-0.9505892,0.2394067,0.09650671,-0.0640076,0.03274012,0.120343,0.2263951,-0.3853074,-0.5382614,0.7145336,88.79003,0.3236059,-0.5507528,-0.7693832,-0.4641816,-0.2240953,-0.3725593,0.6359903,0.516615,-0.09006033,0.829846,-0.1906663,201.9833,0.5262695,-0.09174337,0.8453541,-0.00991746,-0.03509057,0.04052174,0.05451344,0.141691,0.1862389,0.2791129,0.9313082,42.72068,0.3890128,0.5113192,0.7663048,-0.0917776,1.207841,-0.0561332,1.212623,0.01093623,-0.1343983,-0.1641018,-0.9771838,335.4745,0.05148992,-0.6327734,-0.7726233,True,True,False,False
1772879687675,13.29297,0.1669458,1.066779,0.1786624,1.094445,-0.5107451,-0.6674611,0.2081802,0.5002961,119.9608,-0.5898741,-0.7708699,0.2404333,-0.1013814,0.6277917,-0.06011615,0.6387601,0.5234073,0.237188,-0.7610483,0.3009854,144.9664,0.5488586,0.2487215,-0.7980551,0.08862927,1.135469,0.2657327,1.169512,0.1182273,1.144979,0.284674,1.185747,0.1305892,1.128619,0.2835737,1.171003,-0.0136987,0.6438742,0.02887361,0.6446669,-0.004584577,0.6403862,0.07507193,0.6447877,-0.02266492,0.6309313,0.1053968,0.6400753,0.09902807,-0.07887845,0.04903643,0.135768,0.1167763,-0.07608307,0.01737474,0.1404536,0.1019885,-0.07576848,0.00312981,0.1270917,-0.1107304,0.04649295,-0.03799024,0.1259606,-0.1558689,0.05327228,-0.02590393,0.1667455,-0.1774758,0.0457846,0.002608709,0.1833049,0.09891136,-0.08048272,0.04699351,0.1359019,0.1195347,-0.07526523,0.01541126,0.1420947,0.1060174,-0.07767487,0.001512979,0.1314358,-0.1105353,0.04684351,-0.03740712,0.1257444,-0.1556783,0.05351454,-0.02558556,0.1665958,-0.1775072,0.04591512,0.002901037,0.1833724,0.1037549,-0.07898692,0.03031231,0.1338762,-0.100974,0.9914103,0.02255715,0.08000743,170.822,-0.1012988,0.9945987,0.0226297,-0.1407811,0.04694184,-0.02029196,0.1497819,0.127008,-0.4754487,-0.2129892,0.8440694,64.85528,0.2368519,-0.8866441,-0.3971944,0.1109354,1.133935,0.2583318,1.168269,0.1849151,-0.8974683,0.2278699,0.3292908,141.5485,0.1958372,-0.9504778,0.2413292,0.09631947,-0.0640121,0.03278518,0.1202076,0.2247021,-0.3851612,-0.5383909,0.715049,88.70557,0.3214281,-0.5509589,-0.7701483,-0.4639371,-0.2237235,-0.3726261,0.6357201,0.5146838,-0.08749373,0.8317301,-0.1888664,201.7733,0.5241164,-0.08909723,0.8469732,-0.01093537,-0.03393531,0.04166824,0.05484003,0.1446656,0.1857347,0.2797527,0.9307594,42.89302,0.3956584,0.5079819,0.7651199,-0.09171085,1.207951,-0.05616442,1.212729,0.01115052,-0.1340054,-0.1641066,-0.9772345,335.5018,0.05255659,-0.6316177,-0.7734964,True,True,False,False
1772879687690,13.30774,0.1678856,1.065729,0.1775284,1.09338,-0.5086695,-0.667362,0.2122439,0.5008352,119.8895,-0.5876886,-0.771033,0.2452149,-0.1011595,0.6277995,-0.06004139,0.6387256,0.5234073,0.237188,-0.7610483,0.3009854,144.9664,0.5488586,0.2487215,-0.7980551,0.08958608,1.134439,0.2647866,1.168371,0.1192612,1.143791,0.2834649,1.184412,0.1317642,1.127211,0.2819588,1.169387,-0.01350672,0.6437515,0.02898479,0.6445452,-0.004291829,0.6404163,0.07507174,0.6448156,-0.02227901,0.6308745,0.1053259,0.6399941,0.09924617,-0.0787295,0.04917102,0.1358894,0.1166048,-0.07602957,0.01741682,0.1402873,0.1013814,-0.07551118,0.003223032,0.1264536,-0.1107291,0.04656233,-0.03787004,0.1259489,-0.1558223,0.05331003,-0.02599078,0.1667276,-0.1773698,0.04595279,0.002495684,0.1832428,0.09893817,-0.08034233,0.04716787,0.1358987,0.1193001,-0.07532644,0.01557186,0.1419474,0.1056462,-0.07750162,0.001649911,0.1310357,-0.1105508,0.04682099,-0.03744419,0.1257607,-0.1556899,0.05349817,-0.025618,0.1666064,-0.1774962,0.04591813,0.002868578,0.183362,0.1036469,-0.07886177,0.03038816,0.133736,-0.09399401,0.9924123,0.02388954,0.07557876,171.3311,-0.09426362,0.995259,0.02395806,-0.1407788,0.04693029,-0.02033124,0.1497815,0.1267001,-0.4754283,-0.212819,0.84417,64.83376,0.2363476,-0.8868682,-0.3969944,0.1111629,1.133593,0.2579675,1.167878,0.1908572,-0.8955132,0.2268522,0.3319152,141.2299,0.2023273,-0.9493315,0.2404855,0.09628486,-0.06385395,0.03281073,0.1201026,0.2217017,-0.3848851,-0.5356848,0.71816,88.19446,0.3185928,-0.5530928,-0.7697969,-0.4627614,-0.2222836,-0.3727749,0.634444,0.5122722,-0.08823056,0.8327929,-0.190391,201.9512,0.521817,-0.0898745,0.8483097,-0.01116291,-0.0335933,0.04203254,0.0549532,0.1432433,0.1816498,0.2750178,0.9331935,42.12359,0.3985904,0.5054607,0.7652677,-0.09166914,1.208017,-0.05621938,1.212794,0.01150625,-0.1336821,-0.163845,-0.9773185,335.5472,0.05433252,-0.6312468,-0.7736764,True,True,False,False
1772879687704,13.32228,0.1682538,1.065482,0.1770651,1.093121,-0.5072073,-0.6673954,0.2150382,0.5010818,119.8568,-0.5860958,-0.7711987,0.2484841,-0.1011482,0.627857,-0.06006796,0.6387828,0.5234928,0.2373147,-0.7609061,0.3010966,144.953,0.5489683,0.2488635,-0.7979352,0.08994004,1.133903,0.2644295,1.167796,0.1196309,1.143545,0.2831495,1.184137,0.1322979,1.126823,0.2811602,1.168882,-0.01350723,0.6437975,0.02898992,0.6445914,-0.004316096,0.6405218,0.07509495,0.6449233,-0.02229336,0.6309959,0.1053266,0.6401145,0.09913538,-0.07873747,0.04918897,0.1358196,0.1166736,-0.07613415,0.01739916,0.1403989,0.1010639,-0.07527772,0.003270105,0.1260608,-0.1107343,0.04659105,-0.03786217,0.1259617,-0.1558531,0.05328253,-0.02601299,0.166751,-0.1773952,0.04591634,0.002439663,0.1832575,0.09895492,-0.08020605,0.04733949,0.1358901,0.119077,-0.07539502,0.01572702,0.1418136,0.1052571,-0.07731277,0.001787488,0.1306121,-0.1105664,0.04680147,-0.03747968,0.1257777,-0.1557037,0.05347986,-0.02565154,0.1666186,-0.1774876,0.04591798,0.002832157,0.1833531,0.1035332,-0.0787345,0.03045523,0.1335881,-0.08631802,0.9934053,0.0254309,0.07105149,171.8512,-0.08653673,0.9959224,0.02549534,-0.1407766,0.04691891,-0.02037201,0.1497813,0.1264141,-0.4754364,-0.2125902,0.8442661,64.81323,0.2358805,-0.8871337,-0.3966796,0.11152,1.132919,0.2568535,1.167012,0.18856,-0.8956029,0.2272257,0.3327297,141.1309,0.1999529,-0.9497156,0.2409547,0.09630062,-0.06392516,0.03291557,0.1201818,0.2228154,-0.3833094,-0.539291,0.7159557,88.55685,0.3191531,-0.5490391,-0.7724618,-0.4623424,-0.2216367,-0.372973,0.6340285,0.5112774,-0.0844245,0.8349487,-0.1852808,201.355,0.5202858,-0.08591201,0.8496599,-0.01152002,-0.03291929,0.04314652,0.05547984,0.1448099,0.1815821,0.2767702,0.9324464,42.36113,0.4007932,0.5025684,0.7660224,-0.09160414,1.208079,-0.05626686,1.212853,0.01173941,-0.1333102,-0.1633884,-0.977443,335.6147,0.05558448,-0.6312054,-0.7736214,True,True,False,False
1772879687717,13.33553,0.1687681,1.065018,0.1761113,1.092593,-0.5054742,-0.6677544,0.2183678,0.5009146,119.8789,-0.5840279,-0.7715275,0.2523035,-0.1012385,0.6279622,-0.06013061,0.6389064,0.523589,0.2374827,-0.7607473,0.3011979,144.9409,0.5490877,0.2490481,-0.7977956,0.0902496,1.133348,0.2634473,1.16706,0.1200188,1.142825,0.282046,1.183217,0.1328023,1.126135,0.2798873,1.16797,-0.01365454,0.6438512,0.02898297,0.6446478,-0.004449461,0.6406047,0.07505071,0.6450014,-0.02241911,0.6311164,0.1052884,0.6402313,0.09921373,-0.07862799,0.04935691,0.1358743,0.1164023,-0.07615668,0.01741385,0.1401877,0.1006811,-0.07517042,0.003324986,0.1256914,-0.110741,0.04661207,-0.03779397,0.1259549,-0.1558381,0.05329544,-0.02600025,0.1667391,-0.1774071,0.04589961,0.002413347,0.1832645,0.09897659,-0.08007391,0.04750843,0.1358869,0.1188531,-0.07545879,0.01586828,0.1416753,0.1048739,-0.07713338,0.001916236,0.130199,-0.110581,0.04678561,-0.037506,0.1257925,-0.155715,0.05346442,-0.02568075,0.1666286,-0.1774809,0.04591644,0.002797086,0.1833456,0.1034209,-0.07861176,0.03052065,0.1334436,-0.07908446,0.9942854,0.02680981,0.06650985,172.3729,-0.07925995,0.9964918,0.0268693,-0.1407759,0.04690906,-0.02040619,0.1497823,0.1262056,-0.475471,-0.2124091,0.8443234,64.80097,0.2355311,-0.8873476,-0.3964085,0.1115142,1.132711,0.2564345,1.166717,0.194189,-0.8924093,0.2328433,0.3341861,140.9539,0.2060346,-0.9468462,0.2470468,0.09614779,-0.06382927,0.03299565,0.1200304,0.2187988,-0.382471,-0.5374527,0.7190185,88.05299,0.3148225,-0.5503251,-0.7733233,-0.4612019,-0.2205255,-0.3733474,0.63303,0.5099456,-0.08635183,0.8352707,-0.1866061,201.5096,0.519063,-0.08789574,0.8502047,-0.01151415,-0.03271127,0.04356548,0.05568262,0.1480939,0.1813542,0.2689335,0.9342665,41.78011,0.4153224,0.5085992,0.7542111,-0.0915168,1.208161,-0.05632636,1.212931,0.01181921,-0.1331591,-0.1632568,-0.9774846,335.6373,0.05601348,-0.6310661,-0.7737046,True,True,False,False
1772879687731,13.34906,0.1688969,1.064887,0.175744,1.092427,-0.5035848,-0.6685176,0.2220434,0.5001834,119.9757,-0.5815608,-0.772032,0.256425,-0.1012624,0.6280277,-0.06012175,0.6389738,0.5236715,0.2376522,-0.7606134,0.3012588,144.9336,0.5491853,0.2492309,-0.7976713,0.09022028,1.132917,0.2631086,1.166562,0.1198709,1.142664,0.2815085,1.182919,0.1328204,1.12617,0.2793483,1.167876,-0.01369149,0.6438945,0.02903067,0.644694,-0.004508201,0.6406437,0.07507867,0.6450438,-0.02248107,0.6311395,0.1053126,0.6402602,0.09921,-0.07862875,0.04925008,0.1358333,0.1163525,-0.07614039,0.01742759,0.1401391,0.1007193,-0.07507026,0.003325358,0.1256621,-0.1107549,0.04663331,-0.03777919,0.1259705,-0.1558304,0.05330284,-0.02598804,0.1667324,-0.1774016,0.0459074,0.002427429,0.1832613,0.09899452,-0.07996291,0.0476422,0.1358814,0.118661,-0.07551114,0.01598804,0.1415556,0.1045548,-0.07697492,0.002024466,0.1298497,-0.1105944,0.04677391,-0.03752698,0.1258062,-0.1557239,0.05345201,-0.02570435,0.1666366,-0.1774748,0.04591575,0.002768694,0.1833391,0.1033251,-0.07850619,0.0305697,0.1333184,-0.07291876,0.9949692,0.02800811,0.06272714,172.8073,-0.07306264,0.9969324,0.02806337,-0.1407764,0.04690192,-0.02043339,0.1497842,0.1260302,-0.4754958,-0.2122458,0.8443766,64.78958,0.2352406,-0.8875328,-0.3961657,0.1114236,1.132558,0.2559471,1.166452,0.1971521,-0.8904579,0.2392008,0.333165,141.078,0.2090982,-0.9444136,0.2536947,0.09621608,-0.06375878,0.03288138,0.1200162,0.2229275,-0.3833337,-0.536962,0.7176563,88.27736,0.3201153,-0.5504525,-0.7710567,-0.4606285,-0.2201584,-0.3735491,0.6326036,0.5069401,-0.07863004,0.8378113,-0.186819,201.5344,0.5160251,-0.08003918,0.8528259,-0.01142362,-0.03255749,0.04405287,0.05595663,0.1515117,0.1842261,0.2631179,0.9348124,41.60433,0.4266226,0.5187388,0.7408801,-0.09139519,1.208219,-0.05641016,1.212983,0.01184603,-0.1332497,-0.1632057,-0.9774805,335.6351,0.05613551,-0.6314386,-0.7733926,True,True,False,False
1772879687745,13.36242,0.1689869,1.064661,0.1753074,1.09215,-0.5018375,-0.6695022,0.226477,0.4986323,120.1809,-0.5789451,-0.7723716,0.2612754,-0.101312,0.6281643,-0.06013898,0.6391175,0.5236715,0.2376522,-0.7606134,0.3012588,144.9336,0.5491853,0.2492309,-0.7976713,0.09019644,1.132586,0.2626585,1.166137,0.1195303,1.142622,0.2807303,1.182659,0.1326222,1.1263,0.278752,1.167836,-0.01374646,0.6439607,0.02903792,0.6447616,-0.004563001,0.6407794,0.07506816,0.6451777,-0.02253433,0.6312557,0.1052922,0.6403733,0.09937544,-0.07861023,0.04895804,0.1358379,0.1163726,-0.07609707,0.01745276,0.1401355,0.1008589,-0.07509357,0.003308356,0.1257875,-0.1107617,0.04667801,-0.03771969,0.1259752,-0.1558351,0.05329948,-0.02598167,0.1667347,-0.1773933,0.04591925,0.002442516,0.1832564,0.09902437,-0.07985689,0.04774534,0.135877,0.1184816,-0.07555707,0.01610285,0.1414428,0.1042651,-0.07682746,0.002125099,0.1295307,-0.1106075,0.0467664,-0.03754209,0.1258194,-0.1557326,0.05344005,-0.02572608,0.1666442,-0.1774684,0.04591602,0.002743128,0.1833326,0.1032451,-0.07840535,0.03059616,0.1332031,-0.0673109,0.9955525,0.0290614,0.05915903,173.2169,-0.06742901,0.9972993,0.02911239,-0.1407774,0.04689742,-0.02045584,0.1497868,0.1258341,-0.4755411,-0.2119967,0.844443,64.7754,0.2349205,-0.8877907,-0.395778,0.1111778,1.131871,0.2537996,1.165293,0.193797,-0.8903025,0.2420711,0.3334752,141.0403,0.2055637,-0.9443587,0.2567689,0.09641492,-0.06375773,0.03264012,0.1201094,0.2239783,-0.3856467,-0.5350399,0.7175255,88.2989,0.321562,-0.5536665,-0.7681479,-0.4601148,-0.2199609,-0.3734849,0.6321229,0.5053723,-0.07221648,0.8386322,-0.1899468,201.8994,0.5147435,-0.0735556,0.854183,-0.0111778,-0.03187096,0.04620039,0.05722917,0.1551449,0.1858751,0.2645177,0.9334941,42.02764,0.4326487,0.5183452,0.7376539,-0.09126231,1.208235,-0.05650343,1.212994,0.01149636,-0.1334433,-0.1634603,-0.9774157,335.5999,0.05440119,-0.6314585,-0.7734999,True,True,False,False
1772879687758,13.37682,0.1689942,1.063644,0.1733426,1.090847,-0.4998556,-0.6703144,0.2322322,0.4968814,120.4122,-0.575991,-0.7724131,0.2676046,-0.1014161,0.6283464,-0.06025389,0.6393238,0.5236715,0.2376522,-0.7606134,0.3012588,144.9336,0.5491853,0.2492309,-0.7976713,0.08988146,1.131913,0.2604823,1.164971,0.1190369,1.141811,0.2786139,1.181324,0.1323202,1.125626,0.2766179,1.166645,-0.01385243,0.6440688,0.02895012,0.644868,-0.004672382,0.6409785,0.07496996,0.6453648,-0.02264192,0.6314209,0.105165,0.640519,0.09983448,-0.07838203,0.04901154,0.1360617,0.1164299,-0.07634071,0.0174334,0.140313,0.1008965,-0.07524315,0.003295526,0.1259067,-0.1107712,0.04672762,-0.0376592,0.1259839,-0.155853,0.05328299,-0.02598407,0.1667465,-0.1773773,0.04592933,0.002452165,0.1832436,0.0990871,-0.07974267,0.0478434,0.1358902,0.1183228,-0.07561775,0.01620589,0.141354,0.1040042,-0.07670477,0.002215738,0.1292494,-0.1106202,0.04676339,-0.03755116,0.1258321,-0.1557419,0.05342789,-0.02574606,0.1666521,-0.1774614,0.04591706,0.002720596,0.1833257,0.1031922,-0.07830896,0.03061741,0.1331103,-0.06176265,0.9961031,0.02971369,0.0555077,173.636,-0.06185801,0.9976412,0.02975957,-0.1407784,0.04689564,-0.02047367,0.1497896,0.1256047,-0.4756093,-0.2116327,0.84453,64.75677,0.2345523,-0.8881456,-0.3951997,0.110962,1.131636,0.2530607,1.164883,0.202912,-0.8895043,0.2503307,0.3239496,142.1961,0.2144779,-0.9402056,0.2645994,0.09675761,-0.06364235,0.03253523,0.1202952,0.2184904,-0.384848,-0.5320907,0.7218265,87.58903,0.3157038,-0.5560793,-0.7688349,-0.4579844,-0.2193547,-0.3734924,0.6303672,0.5033988,-0.07329224,0.8388541,-0.1937566,202.3442,0.5131227,-0.07470798,0.8550578,-0.01096196,-0.03163588,0.04693931,0.05765668,0.1531198,0.1957271,0.2527279,0.9350796,41.51797,0.4320075,0.5522186,0.7130389,-0.09112514,1.208207,-0.05661866,1.212961,0.01157772,-0.1334302,-0.163619,-0.97739,335.586,0.05475533,-0.631041,-0.773815,True,True,False,False
1772879687772,13.39019,0.1689383,1.063066,0.1724534,1.090133,-0.4975787,-0.6707538,0.2400106,0.4948735,120.6772,-0.5726107,-0.7718996,0.2762029,-0.1014048,0.628395,-0.0602455,0.639369,0.5237334,0.2378659,-0.7604858,0.3013045,144.9281,0.5492586,0.2494588,-0.7975495,0.08966553,1.131253,0.2594548,1.164083,0.1186412,1.142182,0.2775158,1.181385,0.1319374,1.125842,0.2759443,1.16665,-0.01387723,0.6440838,0.02898875,0.6448852,-0.004672837,0.6409888,0.0749701,0.6453751,-0.02262823,0.6314056,0.1051575,0.6405023,0.09988286,-0.07837516,0.04882283,0.1360254,0.117015,-0.07636864,0.01739523,0.1408093,0.1013585,-0.07573842,0.003227159,0.1265712,-0.1107725,0.04673406,-0.03762123,0.1259761,-0.1558279,0.05330488,-0.02598441,0.1667301,-0.1773526,0.04596735,0.002447218,0.1832292,0.09915311,-0.07962924,0.04792463,0.1359004,0.1182143,-0.07568003,0.01630454,0.1413079,0.1037848,-0.07662462,0.002299629,0.1290268,-0.1106328,0.04676096,-0.03755697,0.1258441,-0.155749,0.05341769,-0.02576583,0.1666586,-0.1774523,0.04592123,0.002697921,0.1833177,0.1031636,-0.07822437,0.03062284,0.1330396,-0.0570378,0.9965571,0.02981018,0.0522709,174.0075,-0.05711588,0.9979211,0.02985098,-0.1407791,0.04689559,-0.02048944,0.1497924,0.1253598,-0.4756926,-0.2112672,0.844611,64.73943,0.2341508,-0.888513,-0.3946112,0.1105829,1.131314,0.2522004,1.164348,0.2163828,-0.8808324,0.2671997,0.3254492,142.0144,0.228841,-0.9315462,0.2825837,0.09719151,-0.06386182,0.03218888,0.1206675,0.216026,-0.3961619,-0.5325717,0.7160698,88.53812,0.3094801,-0.5675438,-0.7629653,-0.4570258,-0.2191547,-0.3736449,0.6296919,0.5083853,-0.05965,0.8359138,-0.1980764,202.849,0.5186619,-0.06085577,0.852811,-0.01058295,-0.03131425,0.04779965,0.0581153,0.1626914,0.1980456,0.2318566,0.9383774,40.4384,0.4707334,0.5730275,0.6708568,-0.09097219,1.208191,-0.05673247,1.212938,0.01155212,-0.1336034,-0.1639999,-0.9773028,335.5388,0.05453041,-0.6306592,-0.774142,True,True,False,False
1772879687787,13.40441,0.1683331,1.062314,0.1715448,1.089163,-0.49541,-0.67092,0.2489535,0.4923997,121.0031,-0.5691952,-0.7708453,0.2860321,-0.1013953,0.6284081,-0.0602175,0.6393777,0.5237334,0.2378659,-0.7604858,0.3013045,144.9281,0.5492586,0.2494588,-0.7975495,0.08977998,1.130552,0.2588687,1.16328,0.1177086,1.142768,0.2762242,1.181555,0.13131,1.125981,0.2741937,1.166301,-0.01386692,0.6441192,0.02902466,0.6449219,-0.004666958,0.6410182,0.07501331,0.6454092,-0.02261799,0.6314239,0.1051856,0.6405246,0.1001507,-0.07845095,0.04761986,0.1358395,0.1177759,-0.07629214,0.0173685,0.1413978,0.1013309,-0.07538213,0.003238782,0.1263365,-0.1107848,0.04671849,-0.03763414,0.125985,-0.1558446,0.05329012,-0.02598783,0.1667416,-0.177354,0.04596415,0.002443306,0.1832297,0.09923045,-0.07953789,0.047901,0.1358951,0.1181803,-0.07572749,0.01638702,0.1413144,0.1035945,-0.07652829,0.002372443,0.1288178,-0.1106446,0.04675767,-0.03756295,0.125855,-0.1557564,0.0534078,-0.02578305,0.166665,-0.1774447,0.04592456,0.00267818,0.1833109,0.103175,-0.07814251,0.03053122,0.1329793,-0.05248081,0.9969406,0.03033298,0.04934822,174.3428,-0.05254483,0.9981567,0.03036998,-0.1407798,0.04689473,-0.02050397,0.1497948,0.1251356,-0.4757617,-0.210944,0.844686,64.72338,0.2337837,-0.8888388,-0.3940949,0.1088483,1.130489,0.249355,1.162769,0.2196826,-0.8766379,0.28651,0.3180531,142.9095,0.2317149,-0.9246524,0.3022025,0.09757969,-0.06394759,0.03146891,0.1208362,0.2277609,-0.4016139,-0.5310013,0.7105412,89.44206,0.3236824,-0.5707535,-0.7546325,-0.456016,-0.2191525,-0.3734648,0.6288517,0.5010513,-0.03831464,0.8407994,-0.2013354,203.2301,0.5115262,-0.03911564,0.8583769,-0.008848317,-0.03048897,0.05064496,0.05977276,0.1728078,0.2114742,0.2187861,0.9367759,40.9661,0.4938348,0.6043324,0.6252277,-0.09087473,1.208209,-0.05679105,1.212952,0.01156757,-0.1338572,-0.1644929,-0.977185,335.4751,0.05446385,-0.6302428,-0.7744856,True,True,False,False
1772879687800,13.41964,0.1667114,1.060112,0.1687749,1.086331,-0.4931272,-0.6708325,0.2594444,0.4893854,121.3996,-0.5654689,-0.7692437,0.2975049,-0.1013124,0.6283516,-0.06029249,0.6393161,0.5238056,0.2380525,-0.7603598,0.3013502,144.9226,0.5493425,0.2496582,-0.7974293,0.08784184,1.129039,0.2557173,1.160964,0.1156989,1.142642,0.2732917,1.180553,0.1295646,1.12572,0.2713131,1.165179,-0.01386564,0.6439727,0.02903054,0.6447758,-0.00460862,0.6409489,0.07496053,0.6453339,-0.02256775,0.6313517,0.1051338,0.6404431,0.1006788,-0.07825465,0.04764876,0.1361265,0.1192095,-0.07634205,0.01727015,0.1426088,0.1024429,-0.07545968,0.003105327,0.1272728,-0.1108082,0.04673181,-0.03751309,0.1259744,-0.1558484,0.05328731,-0.02598892,0.1667444,-0.1773653,0.04594739,0.00244011,0.1832364,0.09934924,-0.07943265,0.04788032,0.135913,0.1182647,-0.0757779,0.01645945,0.1414205,0.1035001,-0.07644065,0.002432548,0.1286909,-0.110658,0.04675555,-0.03755886,0.1258648,-0.155764,0.05339792,-0.02579993,0.1666715,-0.1774382,0.04592643,0.002658656,0.1833047,0.1032584,-0.07805543,0.03043855,0.1329716,-0.04780434,0.9972842,0.03054801,0.04696751,174.616,-0.04785716,0.998386,0.03058176,-0.1407838,0.04689403,-0.02051221,0.1497995,0.1249196,-0.4758756,-0.2105754,0.8447458,64.71058,0.2334214,-0.8892085,-0.3934756,0.1081501,1.130357,0.2482848,1.162346,0.2320231,-0.8667979,0.3076216,0.3165369,143.0928,0.2446004,-0.9137845,0.3242969,0.09872864,-0.06385595,0.03113433,0.1216317,0.2291115,-0.4139347,-0.5219675,0.7097297,89.57417,0.3252233,-0.5875795,-0.7409319,-0.4526336,-0.2196456,-0.3729209,0.6262518,0.4979592,-0.02277498,0.8396584,-0.2156202,204.9038,0.5099546,-0.02332361,0.8598851,-0.008150086,-0.03035676,0.05171522,0.06051794,0.1846329,0.2179591,0.1961235,0.9380513,40.54634,0.5328567,0.6290371,0.5660187,-0.09075934,1.208201,-0.05687357,1.21294,0.01154282,-0.1340408,-0.164882,-0.9770946,335.4264,0.05424115,-0.6298749,-0.7748014,True,True,False,False
1772879687814,13.43302,0.166048,1.059565,0.1676841,1.085527,-0.4910543,-0.6710472,0.2690832,0.4859586,121.8494,-0.5618587,-0.7678044,0.3078819,-0.1012296,0.6283416,-0.06035557,0.6392991,0.5238056,0.2380525,-0.7603598,0.3013502,144.9226,0.5493425,0.2496582,-0.7974293,0.0873921,1.128438,0.2545646,1.160091,0.1144556,1.143315,0.2715695,1.180686,0.1285483,1.126371,0.2696993,1.165322,-0.01378757,0.6439512,0.02899184,0.644751,-0.004524928,0.6409456,0.07491457,0.6453246,-0.02246715,0.6313149,0.1050426,0.6403883,0.1006782,-0.0784235,0.04681937,0.1359352,0.1197416,-0.07637398,0.01723339,0.1430665,0.1027781,-0.07552271,0.003066286,0.127579,-0.1108275,0.0467354,-0.03749401,0.125987,-0.1558662,0.05328244,-0.02598824,0.1667593,-0.1773381,0.04598019,0.002437167,0.1832182,0.0994653,-0.07934451,0.04778766,0.1359138,0.1183937,-0.07582995,0.01652704,0.1415641,0.103437,-0.07636048,0.002487897,0.1285937,-0.1106728,0.04675379,-0.0375532,0.1258755,-0.1557729,0.05338783,-0.02581638,0.1666792,-0.1774295,0.04593112,0.002639311,0.1832972,0.1033639,-0.0779791,0.03028611,0.132974,-0.04341311,0.9975648,0.03086064,0.04502649,174.8386,-0.04345719,0.9985777,0.03089197,-0.1407866,0.04689468,-0.02052029,0.1498034,0.1246521,-0.4759991,-0.2101483,0.8448222,64.69423,0.232974,-0.8896396,-0.3927659,0.1065037,1.129718,0.2451046,1.160897,0.2350598,-0.8609554,0.3122927,0.3255398,142.0034,0.2486015,-0.9105548,0.3302838,0.099066,-0.06419116,0.03042255,0.121902,0.2413783,-0.4223092,-0.5170267,0.704326,90.44977,0.3400285,-0.594905,-0.7283331,-0.4514507,-0.2200656,-0.3726684,0.6253945,0.4899646,0.0009927952,0.842651,-0.2233231,205.8086,0.5026594,0.001018518,0.8644839,-0.006503709,-0.02971816,0.05489542,0.06276125,0.1924373,0.2108942,0.1903046,0.9392955,40.13289,0.5608622,0.6146551,0.5546466,-0.0905705,1.208147,-0.05701225,1.212878,0.01111704,-0.1343192,-0.1650812,-0.9770277,335.3904,0.05216513,-0.6302737,-0.7746196,True,True,False,False
1772879687827,13.44675,0.1650029,1.058885,0.1652197,1.084325,-0.4882692,-0.6712532,0.2796851,0.4824817,122.3048,-0.5574448,-0.766353,0.3193094,-0.1011134,0.6285101,-0.06040617,0.6394511,0.5238056,0.2380525,-0.7603598,0.3013502,144.9226,0.5493425,0.2496582,-0.7974293,0.08604864,1.127582,0.2517833,1.158551,0.1127319,1.142691,0.2679608,1.179091,0.127201,1.125539,0.2656179,1.163431,-0.01366172,0.6441541,0.02894575,0.6449488,-0.004404676,0.6411047,0.07485953,0.6454754,-0.0222782,0.6313818,0.1048961,0.6404237,0.1005477,-0.07854065,0.04655994,0.1358172,0.119053,-0.07640646,0.01731943,0.1425185,0.101469,-0.07513379,0.003239825,0.1262994,-0.1108415,0.04671789,-0.03752204,0.1260012,-0.1558611,0.05329219,-0.02598605,0.1667574,-0.1772463,0.04610784,0.002426133,0.1831613,0.09954922,-0.07928219,0.04769248,0.1359054,0.1184448,-0.07587465,0.01658847,0.141638,0.1032845,-0.07626538,0.002546191,0.1284156,-0.1106859,0.04675101,-0.03755078,0.1258852,-0.1557797,0.05338042,-0.02582953,0.1666852,-0.1774153,0.04594482,0.002622784,0.1832866,0.1034137,-0.07791205,0.03012644,0.1329372,-0.03924929,0.9978254,0.03162605,0.04246997,175.1319,-0.03928473,0.9987265,0.0316546,-0.1407838,0.04689857,-0.02052994,0.1498033,0.1243051,-0.4761017,-0.2097301,0.8449194,64.6734,0.2323921,-0.8900865,-0.3920969,0.1059921,1.129519,0.2442724,1.160481,0.2473278,-0.8538257,0.3279021,0.3198296,142.6948,0.2610389,-0.901159,0.34608,0.09884417,-0.06421498,0.03045248,0.1217419,0.2411942,-0.4151012,-0.5185358,0.7075572,89.92699,0.3413177,-0.5874161,-0.7337879,-0.4478649,-0.2205988,-0.3720278,0.6226166,0.4806095,0.005366025,0.8485666,-0.2211803,205.5567,0.492815,0.005502299,0.8701167,-0.005992077,-0.0295192,0.05572759,0.06334708,0.1976022,0.2187712,0.1706057,0.9402056,39.82782,0.5801456,0.6422963,0.500886,-0.09034832,1.208065,-0.05718771,1.212788,0.01071489,-0.1347681,-0.1654399,-0.9769096,335.327,0.05015093,-0.6307808,-0.7743395,True,True,False,False
1772879687842,13.4604,0.1649199,1.058797,0.1646047,1.084133,-0.4846314,-0.6715814,0.2910428,0.4789624,122.7647,-0.5520754,-0.7650424,0.3315459,-0.1011347,0.6286399,-0.06039638,0.6395812,0.5238056,0.2380525,-0.7603598,0.3013502,144.9226,0.5493425,0.2496582,-0.7974293,0.0857188,1.127014,0.2509345,1.157789,0.1118373,1.143043,0.26695,1.179117,0.1265391,1.126151,0.2646125,1.163721,-0.01368198,0.6442903,0.02895322,0.6450856,-0.004425433,0.6412335,0.07486902,0.6456047,-0.02233266,0.6315532,0.1049287,0.6405998,0.1002682,-0.07868323,0.04620074,0.1355702,0.1190898,-0.07687519,0.01725112,0.1427928,0.1014897,-0.07550067,0.003276259,0.1265356,-0.1108409,0.0467142,-0.0375278,0.126001,-0.1558608,0.05329326,-0.02598578,0.1667573,-0.1772676,0.04605395,0.002427354,0.1831684,0.09960634,-0.07923461,0.04757397,0.135878,0.118496,-0.07595414,0.01664112,0.1417296,0.1031419,-0.07620463,0.002604191,0.128266,-0.1106982,0.04674808,-0.03754896,0.1258944,-0.1557862,0.05337349,-0.02584194,0.1666909,-0.1774035,0.04595349,0.002607259,0.1832772,0.1034518,-0.07786885,0.02995831,0.1329034,-0.03495125,0.9980578,0.03216373,0.04030367,175.3803,-0.03497968,0.9988696,0.03218989,-0.1407826,0.04690035,-0.02053878,0.149804,0.124041,-0.4761843,-0.2093968,0.8449942,64.65736,0.2319497,-0.890438,-0.3915603,0.1056762,1.129387,0.2435858,1.16018,0.2541032,-0.8503237,0.3294551,0.3222428,142.4028,0.2684216,-0.8982385,0.3480195,0.09874234,-0.06453757,0.0300999,0.1217422,0.2451733,-0.4250535,-0.5159228,0.7021706,90.7972,0.3443403,-0.5969778,-0.7246017,-0.4468725,-0.220675,-0.3717692,0.6217756,0.4781605,0.02637833,0.8481146,-0.2266466,206.1994,0.490936,0.02708311,0.8707744,-0.00567621,-0.02938735,0.05641417,0.06386231,0.1979111,0.2154562,0.1634342,0.9421779,39.15884,0.59058,0.6429358,0.4876986,-0.09012293,1.208005,-0.05738046,1.212721,0.01027214,-0.1352657,-0.1655628,-0.9768248,335.2815,0.04799154,-0.631963,-0.7735114,True,True,False,False
1772879687856,13.47398,0.1650725,1.058582,0.1641844,1.083883,-0.4806291,-0.6717238,0.3009011,0.4766985,123.06,-0.5467492,-0.7641328,0.342296,-0.1011638,0.6287362,-0.06034173,0.6396753,0.523929,0.2382023,-0.7602059,0.3014054,144.9159,0.549482,0.2498199,-0.7972826,0.08552317,1.126508,0.2504212,1.157171,0.1114603,1.14314,0.2661417,1.178992,0.1263905,1.126198,0.2636258,1.163527,-0.0137179,0.6443748,0.02902836,0.6451742,-0.00450277,0.6413453,0.0749981,0.6457312,-0.02247131,0.6317024,0.1050721,0.6407754,0.1002731,-0.07867803,0.04619344,0.1355682,0.1191384,-0.07699363,0.01724939,0.1428969,0.1012088,-0.07551308,0.003371701,0.1263203,-0.1108367,0.04673608,-0.03754099,0.1260094,-0.155906,0.05326438,-0.02598891,0.1667909,-0.1773299,0.04594823,0.002432793,0.1832022,0.09965899,-0.07919066,0.04746496,0.1358528,0.1185468,-0.07603622,0.01668915,0.1418216,0.1029892,-0.07615002,0.002664796,0.1281121,-0.1107091,0.04674714,-0.03754833,0.1259035,-0.1557956,0.05336488,-0.02585355,0.1666988,-0.1773977,0.04595308,0.002593482,0.1832713,0.1034847,-0.07783031,0.02979832,0.1328706,-0.0307794,0.9982678,0.03265024,0.03805186,175.6385,-0.03080171,0.9989913,0.0326739,-0.1407836,0.04689939,-0.0205473,0.1498057,0.1238766,-0.4762486,-0.2090973,0.8450563,64.64405,0.2316849,-0.8907217,-0.391072,0.1051448,1.128639,0.2421816,1.159109,0.2520677,-0.8516851,0.3223157,0.3274248,141.7749,0.266773,-0.9013712,0.3411191,0.09887537,-0.06452353,0.03010438,0.1218437,0.2414494,-0.4236955,-0.51929,0.7017993,90.85691,0.338936,-0.594765,-0.7289562,-0.4459146,-0.2205419,-0.3719247,0.6211333,0.4756999,0.03273071,0.8503076,-0.222745,205.7406,0.487959,0.0335742,0.8722206,-0.005144827,-0.02863884,0.05781843,0.0647273,0.1957654,0.2086842,0.1691282,0.9431451,38.82679,0.5889777,0.627845,0.5088373,-0.08988968,1.207994,-0.0576042,1.212703,0.01018167,-0.1356093,-0.1657061,-0.9767538,335.2436,0.0474971,-0.6326119,-0.7730126,True,True,False,False
1772879687870,13.48892,0.1651511,1.058405,0.1632109,1.083575,-0.4758112,-0.671658,0.3108112,0.4752638,123.2469,-0.5407908,-0.7633836,0.3532574,-0.1011441,0.6288373,-0.06019769,0.639758,0.523929,0.2382023,-0.7602059,0.3014054,144.9159,0.549482,0.2498199,-0.7972826,0.08497617,1.125898,0.2493839,1.156313,0.1111162,1.14217,0.2648541,1.177729,0.126305,1.125195,0.2619711,1.162172,-0.0136833,0.6443434,0.02920982,0.6451502,-0.004449036,0.6415342,0.07516511,0.6459379,-0.02248621,0.631852,0.1052539,0.6409532,0.1002592,-0.07861851,0.04665047,0.1356799,0.1182725,-0.07732892,0.0173033,0.1423642,0.09997007,-0.07560968,0.00354749,0.1253931,-0.1108482,0.04683837,-0.03744818,0.1260299,-0.1559551,0.05322558,-0.02606288,0.1668359,-0.1773662,0.04588784,0.002435274,0.1832222,0.0997062,-0.07914566,0.0474009,0.1358389,0.1185252,-0.07613789,0.01673745,0.1418638,0.1027518,-0.07610752,0.002734219,0.1278975,-0.1107201,0.04675431,-0.03754045,0.1259134,-0.1558082,0.05335392,-0.02587001,0.1667096,-0.1773952,0.04594795,0.002581039,0.1832674,0.1034744,-0.0777983,0.02966585,0.1328141,-0.02635282,0.9985002,0.03298317,0.03485696,176.0049,-0.02636885,0.9991074,0.03300323,-0.1407894,0.04690079,-0.0205503,0.149812,0.1236869,-0.4763589,-0.2085683,0.8451527,64.62341,0.2313959,-0.8911817,-0.3901937,0.104945,1.12837,0.2418938,1.158768,0.2665574,-0.843419,0.3342511,0.3253733,142.0236,0.2818966,-0.8919541,0.3534858,0.09842788,-0.06445111,0.03046118,0.1215314,0.2273637,-0.4165645,-0.5231269,0.7078969,89.87189,0.3219009,-0.5897709,-0.7406416,-0.4441332,-0.2202614,-0.3715114,0.6195079,0.4751069,0.02579804,0.8523235,-0.2171464,205.083,0.4867205,0.02642865,0.8731579,-0.004945025,-0.02836967,0.05810623,0.06485079,0.1993414,0.2111661,0.1490863,0.9452224,38.10416,0.6106758,0.6469005,0.456721,-0.08965782,1.208028,-0.05784662,1.212731,0.009979814,-0.135946,-0.1658863,-0.9766785,335.2033,0.04648107,-0.6331696,-0.7726168,True,True,False,False
1772879687883,13.50183,0.1649431,1.058354,0.1625629,1.083395,-0.4709884,-0.6711709,0.3197475,0.4748275,123.3038,-0.5351661,-0.7626259,0.3633169,-0.101126,0.6289033,-0.06016922,0.6398173,0.523929,0.2382023,-0.7602059,0.3014054,144.9159,0.549482,0.2498199,-0.7972826,0.08509785,1.125422,0.2492919,1.155839,0.1107592,1.142346,0.2645059,1.177788,0.1261699,1.126157,0.2618116,1.163054,-0.01367909,0.6443601,0.02925745,0.645169,-0.004401472,0.6416265,0.07518764,0.6460318,-0.02245591,0.6319014,0.1052683,0.6410031,0.1003422,-0.07865312,0.04626556,0.1356296,0.1185902,-0.07760148,0.01724347,0.1427689,0.1009093,-0.07587251,0.003415287,0.1262972,-0.1108522,0.04686232,-0.03739924,0.1260278,-0.1559629,0.05322815,-0.02610191,0.1668502,-0.1773527,0.04590882,0.002433844,0.1832144,0.09976076,-0.0791034,0.04730349,0.1358204,0.1185308,-0.07626346,0.01678086,0.141941,0.1025937,-0.07608736,0.002792652,0.1277598,-0.1107314,0.04676358,-0.03752834,0.1259232,-0.1558215,0.05334313,-0.02588991,0.1667216,-0.1773916,0.04594459,0.00256841,0.1832629,0.1034902,-0.07777958,0.0295249,0.1327841,-0.02181439,0.9986879,0.0330698,0.03245052,176.2808,-0.02182589,0.9992141,0.03308722,-0.1407963,0.04690417,-0.02055094,0.1498197,0.1234414,-0.4765009,-0.2079263,0.8452667,64.59896,0.2310145,-0.8917483,-0.3891239,0.1039416,1.128079,0.2407009,1.158146,0.2660063,-0.8438752,0.3285258,0.3304331,141.4099,0.2818373,-0.8940971,0.3480775,0.09852131,-0.06461038,0.03024012,0.1216364,0.2344743,-0.4247569,-0.5214718,0.7019051,90.83991,0.3291927,-0.596342,-0.7321259,-0.4437072,-0.2201647,-0.3712486,0.6190106,0.471422,0.04604659,0.853482,-0.2172776,205.0984,0.48296,0.04717357,0.8743709,-0.003941581,-0.02807856,0.05929908,0.06572916,0.1977599,0.2046578,0.1526362,0.9464188,37.68185,0.6123699,0.6337295,0.472643,-0.08943125,1.208058,-0.05807926,1.212756,0.009809826,-0.1362114,-0.1659653,-0.9766298,335.1773,0.04564228,-0.6337524,-0.7721887,True,True,False,False
1772879687898,13.51638,0.1642139,1.058547,0.1612376,1.083275,-0.4661657,-0.6703613,0.327969,0.4751229,123.2653,-0.5297822,-0.7618439,0.3727262,-0.1010507,0.6289694,-0.06035671,0.639888,0.523929,0.2382023,-0.7602059,0.3014054,144.9159,0.549482,0.2498199,-0.7972826,0.08392303,1.124971,0.2482935,1.155098,0.11009,1.142615,0.2633786,1.177734,0.1256542,1.125863,0.2605933,1.16244,-0.01369753,0.6443844,0.02915617,0.6451891,-0.004319657,0.6417285,0.07502252,0.6461134,-0.02239523,0.6319876,0.1050973,0.6410579,0.1001962,-0.07873705,0.04688974,0.1357846,0.1187391,-0.07767316,0.01724821,0.1429321,0.1003536,-0.07620487,0.003448561,0.1260553,-0.1108993,0.04682146,-0.03728063,0.1260189,-0.1559932,0.05320642,-0.02612301,0.1668749,-0.1773685,0.04588357,0.002435319,0.1832234,0.09979343,-0.07907591,0.04727245,0.1358176,0.1185464,-0.07636923,0.01681593,0.1420151,0.1024256,-0.07609618,0.002841863,0.1276312,-0.110744,0.04676792,-0.03750975,0.1259304,-0.1558344,0.05333287,-0.0259074,0.1667331,-0.1773899,0.04594001,0.002558425,0.1832599,0.1034909,-0.07777606,0.02943332,0.1327622,-0.01856675,0.998832,0.03287762,0.03014942,176.5446,-0.01857519,0.9992862,0.03289258,-0.1408062,0.04690458,-0.02054618,0.1498285,0.1232234,-0.4766566,-0.2073687,0.8453477,64.58158,0.2306618,-0.8922536,-0.3881735,0.1036031,1.1279,0.2404925,1.157898,0.2759474,-0.8349638,0.3410543,0.3322206,141.1928,0.2925646,-0.8852441,0.3615921,0.09831243,-0.06467388,0.03055796,0.1215806,0.2238883,-0.4198242,-0.5239877,0.7064409,90.10786,0.3163283,-0.593163,-0.740334,-0.442397,-0.22063,-0.3706413,0.6178735,0.4703155,0.04128523,0.8557107,-0.2117975,204.4554,0.481233,0.04224358,0.8755744,-0.003603086,-0.02789986,0.05950749,0.06582192,0.2055847,0.204934,0.1360097,0.9472268,37.39415,0.6413205,0.6392908,0.4242817,-0.08918304,1.20818,-0.05846272,1.212877,0.00956285,-0.1366412,-0.1657436,-0.9766099,335.1667,0.04447447,-0.6354847,-0.7708327,True,True,False,False
1772879687911,13.52958,0.163709,1.05878,0.1604858,1.083315,-0.4603785,-0.6692796,0.3366124,0.4762443,123.1192,-0.5235661,-0.7611392,0.3828129,-0.1010574,0.6290318,-0.0604076,0.6399552,0.523929,0.2382023,-0.7602059,0.3014054,144.9159,0.549482,0.2498199,-0.7972826,0.0837616,1.124614,0.2483727,1.154756,0.1098216,1.143084,0.2631229,1.178107,0.1255404,1.127037,0.2606575,1.163579,-0.0137632,0.6444167,0.02917293,0.6452236,-0.004320804,0.6417465,0.07493648,0.6461213,-0.02236177,0.6319943,0.1049999,0.6410475,0.1002564,-0.0787649,0.0468457,0.1358299,0.1191994,-0.07772004,0.01721644,0.1433363,0.1014328,-0.07648939,0.00330615,0.1270833,-0.1109408,0.04679775,-0.03719892,0.1260224,-0.1559524,0.05324328,-0.0261084,0.1668462,-0.177324,0.04595336,0.002431117,0.1831978,0.09983221,-0.07904986,0.0472367,0.1358185,0.1186011,-0.07648239,0.01684948,0.1421256,0.1023425,-0.07612912,0.002880758,0.127585,-0.1107605,0.04677042,-0.03748371,0.125938,-0.1558443,0.05332537,-0.02592424,0.1667426,-0.1773843,0.04594113,0.00254776,0.1832547,0.103521,-0.07778348,0.02935564,0.1327728,-0.01565811,0.9989398,0.03238499,0.02872822,176.7075,-0.01566458,0.9993522,0.03239836,-0.1408183,0.04690658,-0.02053685,0.1498392,0.1229689,-0.4768386,-0.2068313,0.8454137,64.56742,0.2302305,-0.892769,-0.3872432,0.1032059,1.12777,0.2402781,1.157692,0.2787949,-0.8330959,0.3424862,0.3330581,141.091,0.2956761,-0.8835405,0.363224,0.09832326,-0.06474482,0.03052765,0.1216195,0.2315671,-0.4251996,-0.5184898,0.7048053,90.37238,0.3264263,-0.5993785,-0.7308841,-0.4421093,-0.2206876,-0.3703144,0.617492,0.4626165,0.05766675,0.8585447,-0.2134518,204.6494,0.4735297,0.05902711,0.8787978,-0.00320591,-0.02777004,0.05972189,0.06594056,0.206268,0.2039226,0.1324695,0.947798,37.18938,0.6468689,0.6395133,0.4154323,-0.08901995,1.208231,-0.05877149,1.212931,0.009401152,-0.1372769,-0.1655805,-0.9765499,335.1348,0.04366717,-0.6376342,-0.7691007,True,True,False,False
1772879687926,13.54321,0.1631821,1.058945,0.1597984,1.083295,-0.455058,-0.6685557,0.3429543,0.4778472,122.9102,-0.518028,-0.761069,0.3904116,-0.1010775,0.6291838,-0.06041042,0.640108,0.5241207,0.2381441,-0.760138,0.3012892,144.9299,0.549662,0.2497492,-0.7971808,0.08334567,1.124259,0.2484426,1.154395,0.1095638,1.143386,0.2629571,1.178339,0.1254151,1.127513,0.2606896,1.164033,-0.01386089,0.644509,0.02925357,0.6453214,-0.004389074,0.6418341,0.07496808,0.6462125,-0.02244321,0.6321493,0.1050316,0.6412083,0.1004303,-0.07871112,0.04707309,0.1360057,0.1196943,-0.07761363,0.01721346,0.1436903,0.1020447,-0.07670353,0.003212228,0.1276983,-0.1109709,0.04677197,-0.03713581,0.1260208,-0.1559475,0.05324782,-0.02609707,0.1668413,-0.1773407,0.04590985,0.002399407,0.1832026,0.09987801,-0.07902392,0.04722417,0.1358327,0.1186848,-0.07656901,0.01687735,0.1422454,0.1023197,-0.0761731,0.002906139,0.1275935,-0.1107766,0.04677054,-0.03745707,0.1259443,-0.1558522,0.05331943,-0.02593747,0.1667501,-0.177381,0.04593873,0.0025364,0.1832507,0.1035716,-0.07779202,0.02930805,0.1328068,-0.01376596,0.9990129,0.03169554,0.02791272,176.801,-0.01377133,0.9994024,0.03170791,-0.1408309,0.04690594,-0.02052705,0.1498495,0.1228238,-0.4770066,-0.2064662,0.8454293,64.56408,0.2299696,-0.8931246,-0.3865777,0.1018722,1.127572,0.2393254,1.157183,0.2784974,-0.8276107,0.3450021,0.3441994,139.7341,0.296622,-0.8814717,0.3674548,0.09848388,-0.06461059,0.03061702,0.1217005,0.2280394,-0.4268897,-0.5160645,0.7067112,90.06409,0.3223162,-0.6033757,-0.7294176,-0.4416119,-0.2208475,-0.3700529,0.6170363,0.461142,0.06110813,0.8593938,-0.2122647,204.5102,0.4718955,0.06253313,0.8794342,-0.001872167,-0.0275718,0.06067459,0.0666717,0.2147676,0.19474,0.130477,0.9481177,37.07432,0.6755406,0.6125449,0.4104088,-0.08882979,1.20833,-0.05903038,1.213028,0.00936364,-0.1376264,-0.1655332,-0.9765092,335.1131,0.04345562,-0.6387089,-0.7682214,True,True,False,False
1772879687940,13.55812,0.1620127,1.059911,0.1583013,1.083844,-0.4486481,-0.6679355,0.3489709,0.4804129,122.5752,-0.5115466,-0.7615772,0.3978951,-0.1010596,0.6295107,-0.06030722,0.6404169,0.5243021,0.2380896,-0.7600895,0.3011389,144.948,0.5498249,0.2496797,-0.7970903,0.08208672,1.123973,0.2479106,1.153912,0.1088379,1.14286,0.2620555,1.17756,0.1249046,1.127493,0.25941,1.163673,-0.01388825,0.6446872,0.02944175,0.6455085,-0.004420933,0.6421257,0.07513781,0.6465219,-0.02248636,0.6326375,0.1052275,0.6417232,0.1001812,-0.07883582,0.04765131,0.1360956,0.1188485,-0.07778043,0.01727301,0.1430843,0.1014338,-0.07660259,0.00325039,0.1271508,-0.1109967,0.04682264,-0.03703257,0.1260319,-0.1559828,0.0532173,-0.02609247,0.1668638,-0.1774485,0.04573952,0.00228148,0.1832629,0.09990192,-0.07900908,0.04725787,0.1358534,0.1186977,-0.07666458,0.01690857,0.1423113,0.1022498,-0.07620698,0.002933299,0.1275583,-0.110794,0.04677465,-0.03742358,0.1259512,-0.1558625,0.05331137,-0.0259497,0.1667591,-0.1773863,0.04592302,0.002516288,0.1832516,0.1035761,-0.07780641,0.02930079,0.1328171,-0.01153581,0.9990872,0.03122146,0.02677981,176.9309,-0.01153995,0.9994457,0.03123266,-0.1408474,0.04690181,-0.02051722,0.1498624,0.122881,-0.4772227,-0.2061853,0.8453677,64.5773,0.2300346,-0.8933662,-0.3859811,0.1015695,1.127306,0.2392169,1.156875,0.2816803,-0.8295986,0.342457,0.3393313,140.3277,0.2994474,-0.881926,0.3640576,0.09803571,-0.06463514,0.03116316,0.1214901,0.2298453,-0.4196639,-0.5116963,0.7135968,88.94337,0.3280894,-0.5990434,-0.7304139,-0.4399987,-0.22153,-0.3692582,0.6156509,0.4503188,0.06139216,0.8657414,-0.2096093,204.1989,0.4605498,0.06278696,0.8854106,-0.00156948,-0.0273062,0.06078315,0.06665345,0.2088505,0.1974264,0.1293849,0.9490332,36.74294,0.6626462,0.6263996,0.4105159,-0.08874256,1.208444,-0.05932712,1.213149,0.009309327,-0.1380523,-0.165388,-0.9764741,335.0945,0.04317176,-0.640214,-0.7669826,True,True,False,False
1772879687954,13.57175,0.1615718,1.060564,0.1575997,1.084315,-0.4427795,-0.6675999,0.3528013,0.4835163,122.1694,-0.5058399,-0.762679,0.403047,-0.1010521,0.6295459,-0.06027025,0.6404468,0.5243021,0.2380896,-0.7600895,0.3011389,144.948,0.5498249,0.2496797,-0.7970903,0.08173227,1.123793,0.2481604,1.153765,0.1089163,1.142299,0.2622198,1.177059,0.1250041,1.126845,0.259561,1.16309,-0.0138792,0.6446712,0.02950882,0.6454954,-0.004416083,0.6421741,0.07518707,0.6465757,-0.02245908,0.6326875,0.1052459,0.6417745,0.1003265,-0.07870211,0.04810376,0.1362843,0.1184511,-0.07790515,0.01728185,0.1428234,0.1008989,-0.0770392,0.003285781,0.1269898,-0.1110148,0.04685844,-0.03698873,0.1260483,-0.1559964,0.05320551,-0.02609555,0.1668732,-0.1774394,0.04574395,0.002252266,0.1832548,0.09993829,-0.07898279,0.04733031,0.13589,0.1186766,-0.07677083,0.01694054,0.1423548,0.1021341,-0.07627825,0.002963486,0.1275089,-0.1108129,0.04678183,-0.03738634,0.1259594,-0.1558739,0.0533023,-0.02596219,0.1667689,-0.1773909,0.04590768,0.002493677,0.1832519,0.1035652,-0.07782757,0.0293152,0.1328242,-0.009661551,0.9991859,0.03016896,0.02498187,177.137,-0.009664567,0.9994978,0.03017838,-0.1408638,0.04689941,-0.02050695,0.1498756,0.1229171,-0.4774685,-0.2058188,0.8453129,64.58905,0.2300649,-0.8936814,-0.3852326,0.1007866,1.126732,0.2388949,1.156181,0.2833793,-0.8254941,0.3388898,0.3512969,138.8667,0.3026702,-0.8816894,0.3619596,0.09783944,-0.0644386,0.03148408,0.1213101,0.2223867,-0.425597,-0.5095119,0.7140092,88.8759,0.3176334,-0.6078773,-0.7277323,-0.4397158,-0.2215305,-0.3689006,0.6152345,0.4559466,0.06303746,0.8630747,-0.2079453,204.0039,0.466136,0.06444622,0.8823626,-0.0007866398,-0.02673233,0.0611051,0.06670135,0.2122205,0.1847485,0.1290361,0.950884,36.06397,0.6855821,0.5968333,0.4168532,-0.08866309,1.208483,-0.05956945,1.213194,0.00954605,-0.1380478,-0.1653993,-0.9764706,335.0926,0.04426626,-0.6401452,-0.7669777,True,True,False,False
1772879687968,13.58605,0.1608301,1.061603,0.1565018,1.085062,-0.4370099,-0.6672927,0.3548507,0.487672,121.6246,-0.5005687,-0.7643437,0.4064602,-0.1010683,0.6295312,-0.06021814,0.64043,0.5243021,0.2380896,-0.7600895,0.3011389,144.948,0.5498249,0.2496797,-0.7970903,0.08094607,1.122872,0.2482292,1.152828,0.1089254,1.141637,0.2618888,1.176344,0.1251441,1.125803,0.2586699,1.161897,-0.0138796,0.6447137,0.02956034,0.6455402,-0.004383285,0.6420543,0.0751505,0.6464523,-0.0224358,0.6325931,0.1052405,0.6416798,0.09956534,-0.0790429,0.04886981,0.1361958,0.1176737,-0.07782751,0.01737128,0.1421478,0.09955276,-0.07688376,0.003412113,0.1258313,-0.1110304,0.04682934,-0.03703808,0.1260657,-0.1559043,0.05331843,-0.02608628,0.1668217,-0.1773793,0.04583078,0.002261057,0.1832184,0.09990887,-0.07898753,0.04745176,0.1359135,0.1185975,-0.07685419,0.01697452,0.1423379,0.1019304,-0.07632602,0.002998878,0.1273753,-0.11083,0.04678557,-0.03735887,0.1259678,-0.1558763,0.05330358,-0.02597198,0.166773,-0.17739,0.04590162,0.002475325,0.1832493,0.1034837,-0.07785536,0.02936165,0.1327872,-0.008225637,0.9992623,0.0296853,0.02293563,177.3716,-0.008227803,0.9995254,0.02969312,-0.1408784,0.04689953,-0.02049838,0.1498882,0.1230034,-0.4776205,-0.2057468,0.845232,64.60641,0.2301712,-0.8937516,-0.3850055,0.1005779,1.126223,0.2389894,1.155686,0.2836488,-0.8286498,0.3335395,0.3487612,139.1769,0.3026519,-0.884165,0.3558849,0.09714763,-0.06452538,0.03216423,0.1209782,0.2249279,-0.4168081,-0.5092369,0.7185795,88.12536,0.3234302,-0.5993402,-0.7322462,-0.4390416,-0.2216612,-0.3681466,0.6143478,0.4479141,0.06084568,0.8693479,-0.1997626,203.0462,0.4571278,0.0620973,0.8872306,-0.0005779341,-0.02622306,0.06101061,0.06640992,0.2063327,0.1850883,0.1321441,0.9516866,35.76567,0.6719366,0.602753,0.4303365,-0.08863581,1.20859,-0.05989633,1.213315,0.01008215,-0.1379736,-0.1650977,-0.9765267,335.1224,0.04680746,-0.6405572,-0.7664836,True,True,False,False
1772879687981,13.59917,0.1603476,1.062648,0.1557398,1.085903,-0.4309568,-0.6669745,0.3554311,0.4930416,120.9186,-0.4953494,-0.7666324,0.4085388,-0.1010863,0.629519,-0.06021762,0.6404209,0.5243021,0.2380896,-0.7600895,0.3011389,144.948,0.5498249,0.2496797,-0.7970903,0.08084907,1.122499,0.24886,1.152593,0.1094241,1.140871,0.2622473,1.175727,0.1255678,1.125183,0.2592223,1.161464,-0.01391523,0.644719,0.02957936,0.6455472,-0.004394997,0.6420392,0.07515861,0.6464384,-0.02246113,0.6325654,0.1052414,0.6416535,0.09941898,-0.07906432,0.04937822,0.1362847,0.1170555,-0.0777826,0.0174311,0.1416191,0.09917663,-0.07733758,0.003429279,0.1258128,-0.1110467,0.0468037,-0.03703216,0.1260688,-0.1559125,0.05332459,-0.02608587,0.1668313,-0.1773745,0.04583651,0.002276488,0.1832154,0.09986846,-0.07899386,0.04761066,0.1359431,0.1184703,-0.07693077,0.01701218,0.1422778,0.1017033,-0.07640946,0.003034379,0.1272445,-0.1108479,0.04678707,-0.03733192,0.125976,-0.1558793,0.05330531,-0.02598137,0.1667778,-0.1773887,0.04589625,0.002458925,0.1832464,0.1033738,-0.07789458,0.02944281,0.1327426,-0.007727401,0.9993404,0.02877409,0.02076527,177.6203,-0.007729067,0.9995559,0.02878029,-0.1408935,0.04689881,-0.02048928,0.1499009,0.1230793,-0.4777599,-0.2057023,0.845153,64.62333,0.2302595,-0.8938037,-0.3848323,0.100403,1.125653,0.239293,1.155178,0.2777742,-0.8288213,0.3316313,0.3548486,138.4317,0.297109,-0.8865122,0.3547148,0.09658874,-0.06436282,0.03275338,0.1206016,0.2180862,-0.4205026,-0.5058106,0.720952,87.73373,0.3147055,-0.606799,-0.7299011,-0.4389752,-0.2214499,-0.3676534,0.6139286,0.4529972,0.05789883,0.8675281,-0.1970695,202.7313,0.4620584,0.05905697,0.8848811,-0.0004030243,-0.02565289,0.06070699,0.06590578,0.210239,0.180399,0.1382525,0.950864,36.07138,0.6790459,0.5826665,0.4465384,-0.08858612,1.208776,-0.06015809,1.21351,0.01050929,-0.1376242,-0.1648383,-0.9766153,335.1696,0.04888172,-0.6401296,-0.7667102,True,True,False,False
1772879687995,13.61251,0.1597365,1.063206,0.1547512,1.086218,-0.4257413,-0.6667579,0.3550868,0.4980879,120.2528,-0.4909795,-0.7689281,0.4094983,-0.101126,0.6294973,-0.0602266,0.6404065,0.5243021,0.2380896,-0.7600895,0.3011389,144.948,0.5498249,0.2496797,-0.7970903,0.08085556,1.121872,0.2492498,1.152068,0.1097115,1.139988,0.2625585,1.174966,0.1258257,1.12465,0.2594441,1.161026,-0.0139888,0.6446616,0.02960681,0.6454927,-0.00443459,0.6420224,0.07515958,0.646422,-0.02250751,0.6325375,0.1052355,0.6416267,0.09939998,-0.07910042,0.04956497,0.1363595,0.1168314,-0.07789097,0.01743001,0.1414934,0.09929388,-0.07755703,0.003396139,0.1260393,-0.1110644,0.04680315,-0.03697356,0.126067,-0.1559229,0.05332072,-0.02608585,0.1668398,-0.1773743,0.04583592,0.002286106,0.1832152,0.0998328,-0.07900197,0.0477594,0.1359738,0.1183456,-0.07700384,0.01704398,0.1422173,0.1015199,-0.0764968,0.003061912,0.1271512,-0.1108644,0.04678829,-0.03730464,0.1259829,-0.1558826,0.05330648,-0.02598933,0.1667826,-0.1773876,0.04589166,0.002445772,0.1832441,0.1032746,-0.07793639,0.02953033,0.1327093,-0.007431012,0.9994034,0.02783489,0.01904808,177.8171,-0.00743236,0.9995847,0.02783994,-0.1409077,0.04689822,-0.02047871,0.1499127,0.1231281,-0.4778963,-0.2056286,0.8450868,64.63757,0.2303055,-0.8938833,-0.3846188,0.09938023,1.124973,0.239095,1.154386,0.2841057,-0.8231423,0.3314713,0.363108,137.4176,0.3049172,-0.8834397,0.3557525,0.09651877,-0.06452288,0.03298997,0.1206955,0.216244,-0.4160509,-0.4988922,0.7288669,86.41703,0.3158434,-0.6076791,-0.7286761,-0.4391187,-0.2211733,-0.367088,0.6135931,0.4486212,0.05093214,0.8702717,-0.1969068,202.7123,0.4575795,0.05194919,0.8876498,0.0006197691,-0.02497339,0.06090501,0.06582914,0.2127287,0.1710179,0.1317734,0.9529613,35.28681,0.701862,0.5642444,0.434764,-0.08859468,1.20891,-0.0604895,1.21366,0.0111844,-0.1374028,-0.1643432,-0.9767224,335.2268,0.05213998,-0.6405511,-0.7661433,True,True,False,False
1772879688009,13.62762,0.1581447,1.064204,0.1536088,1.086801,-0.4208245,-0.6668031,0.3542664,0.5027682,119.6334,-0.486828,-0.7713867,0.4098307,-0.100997,0.6296901,-0.06017692,0.640571,0.5243021,0.2380896,-0.7600895,0.3011389,144.948,0.5498249,0.2496797,-0.7970903,0.07997405,1.121387,0.2496137,1.151613,0.108978,1.138959,0.2623528,1.173853,0.1251057,1.123965,0.2586997,1.160118,-0.01392565,0.644755,0.0297181,0.6455897,-0.004257057,0.6422502,0.07517397,0.6466488,-0.02237188,0.6327215,0.1052776,0.6418103,0.09917187,-0.07943029,0.04953066,0.1363727,0.1159673,-0.07795692,0.01746818,0.140822,0.09858955,-0.07729871,0.003474385,0.1253278,-0.111084,0.04682383,-0.03684247,0.1260535,-0.1559101,0.05333196,-0.0261533,0.166842,-0.1773672,0.04584719,0.002285115,0.1832111,0.09978168,-0.0790351,0.0478964,0.1360037,0.1181616,-0.07707756,0.01707679,0.1421082,0.1012933,-0.07655882,0.003093814,0.1270085,-0.1108814,0.04679104,-0.0372689,0.1259883,-0.1558848,0.05330845,-0.02600201,0.1667871,-0.177386,0.04588822,0.002433346,0.1832415,0.1031411,-0.07798428,0.02961149,0.1326517,-0.006851282,0.9994538,0.02747596,0.01703189,178.0482,-0.006852276,0.9995989,0.02747994,-0.140926,0.04689915,-0.02046185,0.1499279,0.1231284,-0.478081,-0.2054445,0.8450269,64.65037,0.2302655,-0.894071,-0.3842068,0.09913873,1.12433,0.239383,1.153798,0.2913303,-0.8206273,0.3254486,0.3684844,136.7556,0.3133818,-0.8827424,0.3500826,0.09582342,-0.06461594,0.0331165,0.120225,0.2250584,-0.4118686,-0.4978248,0.7293035,86.34393,0.3289412,-0.6019794,-0.7276114,-0.4383946,-0.2213615,-0.3658275,0.6123891,0.441919,0.05540438,0.8750314,-0.1896263,201.862,0.4500851,0.05642819,0.891201,0.0008612722,-0.02432978,0.060617,0.06532305,0.2085254,0.161892,0.128083,0.9559828,34.12601,0.7106645,0.5517355,0.4365128,-0.08855794,1.209059,-0.06079891,1.213822,0.01170806,-0.1371334,-0.1640865,-0.9767973,335.2668,0.05466822,-0.6403145,-0.7661662,True,True,False,False
1772879688023,13.64077,0.15755,1.064775,0.1531311,1.087206,-0.4167187,-0.6669101,0.3534154,0.5066301,119.1208,-0.4833407,-0.7735309,0.4099169,-0.1009244,0.6298108,-0.06022009,0.6406823,0.5244939,0.2379443,-0.7600334,0.3010615,144.9573,0.5500118,0.2495209,-0.797011,0.08021407,1.120509,0.2504506,1.150956,0.1090755,1.138023,0.2625972,1.173009,0.1252259,1.123367,0.2585777,1.159525,-0.01388274,0.6448571,0.02971309,0.6456906,-0.004216169,0.6423894,0.07518023,0.6467875,-0.02235739,0.632862,0.1052746,0.6419477,0.09881213,-0.07980505,0.04925024,0.1362287,0.115427,-0.07789702,0.01750827,0.1403492,0.09824993,-0.07701629,0.00350979,0.1248875,-0.1110895,0.04681753,-0.03684918,0.126058,-0.1559355,0.05330889,-0.02619599,0.1668651,-0.1773868,0.04581949,0.002252147,0.1832227,0.09969762,-0.07910185,0.04801378,0.1360222,0.1179245,-0.07714861,0.0171142,0.1419542,0.1010294,-0.07659849,0.003129881,0.126823,-0.1108994,0.04679334,-0.0372325,0.1259943,-0.1558892,0.05330849,-0.02601883,0.1667939,-0.1773861,0.04588226,0.002417635,0.1832399,0.1029686,-0.07804319,0.02968173,0.132568,-0.006215568,0.9994831,0.02775283,0.01498675,178.2826,-0.006216267,0.9995954,0.02775595,-0.1409461,0.04689877,-0.02044628,0.1499445,0.1231217,-0.4782892,-0.2052098,0.8449671,64.66317,0.2302122,-0.8943024,-0.3837001,0.09907357,1.123604,0.2398352,1.15318,0.2988026,-0.818437,0.3225116,0.3699515,136.5747,0.3216213,-0.8809387,0.3471409,0.09544791,-0.06463345,0.03332113,0.119992,0.2281737,-0.4085897,-0.5016079,0.7275857,86.63126,0.3326065,-0.5955971,-0.7311887,-0.4383885,-0.2211326,-0.3650376,0.6118305,0.4407061,0.05737858,0.8777749,-0.178878,200.6088,0.4479305,0.05831918,0.8921642,0.0009264275,-0.02360427,0.06016479,0.06463607,0.2045069,0.157392,0.1226439,0.9583127,33.20394,0.7157565,0.5508585,0.4292433,-0.0886194,1.209168,-0.06108564,1.213949,0.01207565,-0.1369922,-0.1641063,-0.9768093,335.2733,0.05639901,-0.6398185,-0.7664541,True,True,False,False
1772879688037,13.65466,0.15704,1.065106,0.1524533,1.087361,-0.4129685,-0.6671089,0.3525031,0.5100631,118.6639,-0.4801195,-0.7755845,0.409822,-0.1008154,0.6300806,-0.06032233,0.6409401,0.5244939,0.2379443,-0.7600334,0.3010615,144.9573,0.5500118,0.2495209,-0.797011,0.08053034,1.119503,0.250971,1.150113,0.1091209,1.137265,0.263045,1.172379,0.1252438,1.122572,0.2587483,1.158795,-0.01381347,0.6450678,0.02963414,0.6458959,-0.004056138,0.6425818,0.07499906,0.6469564,-0.02218539,0.6331549,0.105133,0.6422074,0.09849837,-0.08015691,0.04890269,0.1360828,0.1154111,-0.07816071,0.0174599,0.1404766,0.09812476,-0.07727373,0.003507271,0.124948,-0.1110884,0.04683012,-0.03677526,0.1260401,-0.1558588,0.05340331,-0.02620339,0.1668248,-0.1773715,0.04584962,0.002182111,0.1832146,0.09960605,-0.07918242,0.04808166,0.136026,0.1177326,-0.07722589,0.0171406,0.1418401,0.1008076,-0.07665005,0.003158697,0.1266783,-0.1109139,0.04679615,-0.03719759,0.1259977,-0.1558868,0.05331573,-0.02603292,0.1667963,-0.177385,0.04587977,0.002399652,0.1832379,0.1028177,-0.07811382,0.02971769,0.1325005,-0.005750784,0.9994981,0.02806736,0.01351594,178.4511,-0.005751309,0.9995895,0.02806993,-0.1409635,0.04690045,-0.02043182,0.1499594,0.1232173,-0.4784822,-0.2051875,0.8448493,64.6884,0.2303109,-0.8943521,-0.383525,0.0988891,1.122118,0.2400864,1.151767,0.3144529,-0.8143388,0.3131095,0.3740777,136.0654,0.3390703,-0.8780906,0.3376218,0.09532673,-0.06499618,0.03325758,0.120074,0.2318353,-0.4091725,-0.5032304,0.7249755,87.06638,0.3365909,-0.5940586,-0.7306169,-0.4386561,-0.2205789,-0.3640628,0.6112413,0.4412204,0.06182756,0.8786349,-0.1717637,199.7808,0.4478766,0.06276029,0.8918899,0.001110904,-0.0221175,0.05991362,0.06387535,0.1941066,0.1456906,0.1128945,0.9635102,31.05154,0.7251666,0.5442882,0.4217649,-0.0886137,1.20922,-0.06138042,1.214015,0.01242413,-0.1366376,-0.1641189,-0.9768525,335.2964,0.05808007,-0.6387506,-0.7672194,True,True,False,False
1772879688052,13.67122,0.1564017,1.064792,0.1518004,1.08687,-0.4091826,-0.6673983,0.3514436,0.5134556,118.2114,-0.4768381,-0.7777481,0.4095524,-0.1005429,0.6309388,-0.06042564,0.6417506,0.524706,0.237774,-0.7599809,0.3009589,144.9696,0.5502156,0.2493338,-0.7969288,0.08054961,1.117455,0.2515347,1.148243,0.1090651,1.135384,0.263161,1.170575,0.1252504,1.121041,0.2581321,1.157175,-0.01359166,0.645849,0.02960712,0.6466702,-0.003821913,0.643341,0.07489643,0.6476973,-0.02192533,0.6340336,0.1050345,0.6430486,0.09789565,-0.08072816,0.04871568,0.1359184,0.1148522,-0.07828765,0.01746994,0.1400899,0.09761021,-0.07681387,0.0035588,0.124261,-0.1111114,0.04684503,-0.0367223,0.1260505,-0.1558119,0.05345787,-0.02618667,0.1667957,-0.1773705,0.04585462,0.002099,0.1832139,0.09946879,-0.07930647,0.04813254,0.1360158,0.1175014,-0.0773111,0.01716703,0.1416979,0.100551,-0.0766632,0.003190807,0.1264829,-0.1109297,0.04680007,-0.03715945,0.1260019,-0.1558808,0.05332714,-0.02604526,0.1667962,-0.1773838,0.04587775,0.002375523,0.183236,0.102626,-0.07819762,0.02974446,0.1324073,-0.004673232,0.9994856,0.02930682,0.01215927,178.6066,-0.004673578,0.9995595,0.02930898,-0.1409815,0.04690313,-0.02041779,0.1499752,0.1234148,-0.4786915,-0.2053127,0.8446715,64.72648,0.230559,-0.8942742,-0.3835578,0.09900192,1.121197,0.2399678,1.150856,0.316295,-0.8146609,0.3176217,0.3679697,136.8191,0.3401615,-0.8761322,0.3415883,0.09504329,-0.06519979,0.03322777,0.1199513,0.2372983,-0.4070994,-0.513778,0.7169324,88.39644,0.3403869,-0.583954,-0.7369766,-0.4382957,-0.2193659,-0.3620949,0.6093745,0.4427892,0.06924016,0.8805822,-0.1540085,197.7186,0.4481356,0.0700762,0.8912148,0.0009980798,-0.02119708,0.06003222,0.06367244,0.1936308,0.1524853,0.1090862,0.9629932,31.27214,0.7184119,0.5657534,0.4047334,-0.0886407,1.209315,-0.06162002,1.214124,0.01258894,-0.1362313,-0.1640681,-0.9769157,335.3302,0.05892999,-0.6377112,-0.7680176,True,True,False,False
1772879688063,13.68336,0.1560623,1.064697,0.1508053,1.08659,-0.4062718,-0.6676969,0.3505099,0.5160107,117.8699,-0.474294,-0.7794896,0.4091959,-0.1004167,0.6315746,-0.06041178,0.6423547,0.5248957,0.2376427,-0.7599454,0.3008214,144.9861,0.5503894,0.2491848,-0.7968553,0.08058471,1.116362,0.2513964,1.147152,0.1091219,1.134668,0.2631364,1.16988,0.1252262,1.12045,0.258244,1.156624,-0.01358459,0.6463471,0.02969944,0.6471717,-0.003750768,0.643927,0.07496545,0.6482869,-0.02188439,0.6346412,0.105103,0.6436575,0.09775218,-0.08099093,0.04867941,0.1359585,0.1151319,-0.07848413,0.01739112,0.1404192,0.09808554,-0.07726194,0.003486007,0.1249093,-0.1111113,0.04684289,-0.03657996,0.1260082,-0.1558283,0.0534464,-0.02617054,0.1668049,-0.177392,0.04581998,0.002116799,0.1832263,0.09930702,-0.07946521,0.04818407,0.1360085,0.1172781,-0.07742164,0.01718814,0.1415758,0.1003187,-0.07671962,0.003218626,0.1263333,-0.1109468,0.0468041,-0.03710484,0.1260023,-0.1558759,0.05333838,-0.02605707,0.166797,-0.1773846,0.0458723,0.002351142,0.1832351,0.1024291,-0.07831796,0.02978281,0.1323346,-0.004017848,0.9994642,0.03043626,0.01135395,178.6989,-0.004018107,0.9995286,0.03043823,-0.1410029,0.0469047,-0.02039461,0.1499927,0.1236376,-0.4789803,-0.2053897,0.8444564,64.77251,0.230829,-0.8942469,-0.3834586,0.09919743,1.120713,0.2400834,1.150425,0.3208429,-0.8165168,0.312149,0.3645863,137.2357,0.344559,-0.8768723,0.3352225,0.0949745,-0.065469,0.03304164,0.1199921,0.2392356,-0.4145868,-0.5072438,0.7166506,88.44274,0.3430234,-0.5944472,-0.7273016,-0.4377401,-0.2184125,-0.3611169,0.6080509,0.44562,0.07457244,0.8779615,-0.1582583,198.2116,0.4513074,0.07552422,0.8891669,0.0008025691,-0.02071297,0.05991663,0.0634009,0.1857603,0.1523062,0.1082237,0.9646677,30.55208,0.7050536,0.5780786,0.4107632,-0.08864487,1.2094,-0.061906,1.214224,0.01288561,-0.1360269,-0.1641502,-0.9769265,335.336,0.06033276,-0.6369023,-0.7685806,True,True,False,False
1772879688078,13.69581,0.1559487,1.064866,0.1501984,1.086655,-0.4035494,-0.6680281,0.3492993,0.5185331,117.5322,-0.4719558,-0.7812667,0.4085096,-0.1004011,0.6317604,-0.06043632,0.6425372,0.5251143,0.2375316,-0.7598959,0.3006527,145.0064,0.550588,0.2490544,-0.7967589,0.08078365,1.115561,0.2515033,1.14641,0.109381,1.134437,0.2631173,1.169676,0.1254537,1.119864,0.2583605,1.156107,-0.0136301,0.6464417,0.02974057,0.647269,-0.003756698,0.6439979,0.07494934,0.6483555,-0.02195776,0.6347781,0.1051384,0.6438008,0.0975833,-0.08115947,0.04871427,0.1359501,0.1154649,-0.07825909,0.01739635,0.1405676,0.09817989,-0.0774751,0.003470272,0.1251148,-0.1111236,0.04684383,-0.03652165,0.1260025,-0.1557966,0.0534991,-0.02616209,0.1667908,-0.1774155,0.04578877,0.002136916,0.1832415,0.09918485,-0.07958529,0.04822165,0.1360029,0.1171496,-0.07748099,0.0172029,0.1415036,0.1001671,-0.07677317,0.003236461,0.1262459,-0.1109594,0.04680692,-0.0370635,0.1260023,-0.1558703,0.05334977,-0.02606451,0.1667966,-0.1773868,0.04586639,0.002335958,0.1832355,0.102298,-0.07840834,0.02980874,0.1322925,-0.004428445,0.9994438,0.03115627,0.01103766,178.7352,-0.004428715,0.9995046,0.03115817,-0.1410216,0.04690523,-0.0203744,0.1500077,0.123875,-0.4791709,-0.2055549,0.8442733,64.81168,0.2311477,-0.8941209,-0.3835602,0.0995082,1.120035,0.2403261,1.149842,0.3301321,-0.8168114,0.3086335,0.3585768,137.9744,0.3536497,-0.8749986,0.3306197,0.09502078,-0.06557627,0.03301015,0.1200786,0.2368118,-0.4178748,-0.5093271,0.7140637,88.86697,0.3382635,-0.596895,-0.7275259,-0.4376363,-0.2179852,-0.3608093,0.60764,0.4513353,0.07563229,0.8758711,-0.1530562,197.6082,0.4567166,0.07653405,0.886314,0.0004917979,-0.02003467,0.05967391,0.06294923,0.1764249,0.1538538,0.1018615,0.9668649,29.58143,0.6910785,0.6026649,0.3990043,-0.08863635,1.209448,-0.06220033,1.214286,0.01348442,-0.1360103,-0.1639465,-0.9769549,335.3513,0.06317495,-0.6372126,-0.7680948,True,True,False,False
1772879688092,13.70977,0.1559294,1.064991,0.1494177,1.086667,-0.4006526,-0.6683658,0.3478111,0.5213369,117.1561,-0.469505,-0.7832251,0.4075828,-0.1003771,0.631974,-0.06060122,0.642759,0.5253372,0.2374588,-0.7598224,0.3005066,145.0239,0.5507951,0.2489661,-0.7966434,0.08117578,1.114447,0.2515941,1.145374,0.1097969,1.134017,0.2628174,1.16924,0.1257898,1.11938,0.2586379,1.155737,-0.0137059,0.6464444,0.02968797,0.6472709,-0.003766421,0.6441177,0.07479958,0.6484572,-0.02197361,0.6348842,0.1049928,0.6438822,0.09727048,-0.08150201,0.04868171,0.1359192,0.1156678,-0.07790725,0.01742879,0.140543,0.09860778,-0.0778493,0.00341329,0.1256808,-0.1111425,0.04690456,-0.03634191,0.1259898,-0.1557705,0.05353206,-0.02615964,0.1667767,-0.1774015,0.04583723,0.002147265,0.1832401,0.09904594,-0.07972437,0.04825503,0.1359949,0.1170421,-0.07751192,0.01721929,0.1414336,0.1000539,-0.07685125,0.003249292,0.1262041,-0.1109726,0.04681401,-0.03701114,0.1260012,-0.155863,0.053363,-0.02607141,0.1667951,-0.1773878,0.04586427,0.002322266,0.1832358,0.1021727,-0.07851259,0.02984142,0.1322649,-0.00630834,0.9994098,0.03179369,0.01138038,178.6959,-0.006308749,0.9994746,0.03179575,-0.1410423,0.04690978,-0.02034677,0.1500249,0.1240675,-0.4794155,-0.2056105,0.8440926,64.85031,0.2313839,-0.8941026,-0.3834604,0.09983481,1.119368,0.2404625,1.149249,0.3455589,-0.8132948,0.307009,0.3533924,138.6101,0.369394,-0.8693922,0.328185,0.09509589,-0.06594411,0.03294978,0.1203227,0.2379587,-0.4246519,-0.5117216,0.7079461,89.86392,0.3369248,-0.6012629,-0.7245445,-0.4377534,-0.2173,-0.3603712,0.6072189,0.458177,0.08237401,0.8726952,-0.1472804,196.9387,0.4632286,0.08328222,0.8823171,0.0001651943,-0.01936781,0.05953756,0.06260879,0.1671262,0.1534304,0.08829923,0.9699131,28.18069,0.6864865,0.6302298,0.3626973,-0.08862186,1.209479,-0.06248163,1.21433,0.01394994,-0.1359824,-0.1635598,-0.9770171,335.3847,0.06544322,-0.6379329,-0.7673067,True,True,False,False
1772879688106,13.7238,0.1560636,1.06496,0.1485749,1.086541,-0.3987361,-0.6684814,0.3469104,0.5232546,116.8984,-0.4679033,-0.7844402,0.4070875,-0.1003927,0.6322371,-0.06084143,0.6430429,0.5255318,0.2374222,-0.7597262,0.3004382,145.0322,0.5509867,0.2489221,-0.7965246,0.08176206,1.11324,0.251505,1.144222,0.1102364,1.133999,0.2624482,1.169181,0.1261764,1.119171,0.2586833,1.155587,-0.0138328,0.6463923,0.02959998,0.6472175,-0.00381868,0.6443074,0.07456461,0.6486189,-0.02198185,0.6350033,0.1047072,0.6439534,0.096785,-0.0820182,0.0484968,0.135817,0.1161878,-0.07765686,0.01741683,0.1408316,0.09916492,-0.07817297,0.003342748,0.1263165,-0.111172,0.04704409,-0.03605929,0.1259867,-0.1557353,0.0535658,-0.0261583,0.1667544,-0.1773279,0.04596175,0.002143301,0.1832,0.09886366,-0.0799093,0.04827452,0.1359778,0.1169732,-0.0775236,0.01723522,0.1413849,0.09998227,-0.07695781,0.003256827,0.1262124,-0.1109887,0.04683255,-0.03693441,0.1259997,-0.1558527,0.05337935,-0.02607842,0.1667918,-0.177383,0.04587213,0.002307838,0.1832329,0.1020472,-0.07864774,0.02987357,0.1322555,-0.009680925,0.9993407,0.03259959,0.01271766,178.5426,-0.009681708,0.9994216,0.03260223,-0.1410651,0.04692481,-0.02030551,0.1500453,0.1241266,-0.479795,-0.2053549,0.8439305,64.88493,0.2313841,-0.894385,-0.3828016,0.1005583,1.118101,0.2400952,1.148002,0.3755015,-0.8064632,0.3107708,0.3347197,140.889,0.3984871,-0.8558294,0.329794,0.0951765,-0.06651133,0.03290654,0.1206862,0.244815,-0.4316175,-0.5172414,0.6973044,91.57774,0.3415506,-0.6021658,-0.7216228,-0.4378783,-0.2164525,-0.3599754,0.6067713,0.4630907,0.09562511,0.8701743,-0.1385622,195.9293,0.4676014,0.09655653,0.8786501,-0.0005583018,-0.01810098,0.0599048,0.06258228,0.1498843,0.1626588,0.05812066,0.9734983,26.44045,0.6553904,0.7112489,0.2541409,-0.08858734,1.209594,-0.0627637,1.214456,0.01401123,-0.1359379,-0.1634621,-0.9770387,335.3963,0.06576137,-0.6380213,-0.7672052,True,True,False,False
1772879688120,13.73876,0.1559803,1.064234,0.1465365,1.085539,-0.396479,-0.6683049,0.3462897,0.5256012,116.5826,-0.466045,-0.7855654,0.4070496,-0.1003667,0.6326134,-0.06100112,0.6434239,0.5255318,0.2374222,-0.7597262,0.3004382,145.0322,0.5509867,0.2489221,-0.7965246,0.08312824,1.110888,0.2508035,1.141878,0.1104448,1.134247,0.2612362,1.16917,0.1263971,1.119153,0.2585274,1.155559,-0.01402701,0.6460646,0.0297306,0.6469004,-0.00378466,0.6446661,0.07438283,0.6489542,-0.02198021,0.6354245,0.1045984,0.644351,0.09602277,-0.08300654,0.0473839,0.1354832,0.1177333,-0.07723849,0.01744983,0.1418852,0.1009577,-0.07893732,0.003120467,0.1281924,-0.1112407,0.04737302,-0.03534131,0.1259671,-0.155713,0.05358487,-0.02615895,0.1667398,-0.1773786,0.04591048,0.002146035,0.1832363,0.09863344,-0.0801603,0.04820235,0.1359327,0.1170348,-0.0775005,0.01725261,0.1414254,0.1000613,-0.07711823,0.003245776,0.1263726,-0.1110091,0.04687635,-0.0368053,0.1259962,-0.1558414,0.05339601,-0.02608494,0.1667876,-0.1773826,0.04587524,0.002294726,0.1832332,0.1019738,-0.0788292,0.02985414,0.1323026,-0.01565324,0.9991816,0.03351043,0.01637437,178.1236,-0.01565534,0.9993156,0.03351492,-0.141102,0.04695163,-0.02023168,0.1500785,0.1241769,-0.4804349,-0.2045588,0.8437524,64.92297,0.2313571,-0.8951105,-0.3811187,0.1008271,1.11765,0.2399406,1.147554,0.3854483,-0.8041096,0.3138055,0.3261341,141.9314,0.4077422,-0.8506185,0.3319557,0.09556831,-0.06748004,0.03224399,0.1213529,0.258493,-0.4534296,-0.5232637,0.6736307,95.30421,0.3497553,-0.6135152,-0.7080045,-0.4375291,-0.2147895,-0.3593907,0.6055807,0.4758165,0.126836,0.8606372,-0.1296724,194.9013,0.479868,0.127916,0.8679656,-0.0008270666,-0.01765001,0.06005946,0.06260467,0.1442942,0.1684081,0.04703546,0.9739639,26.20609,0.6364897,0.7428575,0.2074761,-0.08856067,1.20959,-0.06304286,1.214465,0.01395124,-0.1362175,-0.1633741,-0.9770154,335.3838,0.06544696,-0.6390131,-0.7664078,True,True,False,False
1772879688134,13.75177,0.1557826,1.063967,0.1452435,1.085076,-0.3932492,-0.6674957,0.3458207,0.5293512,116.0767,-0.463517,-0.7867674,0.4076138,-0.100371,0.6326852,-0.06096875,0.6434921,0.5257475,0.2373965,-0.7596067,0.3003837,145.0387,0.5512029,0.2488906,-0.796385,0.08358571,1.109789,0.2504258,1.140759,0.1110178,1.134175,0.2610027,1.169102,0.1269424,1.119379,0.2589663,1.155935,-0.01416877,0.645928,0.02990777,0.6467752,-0.003848363,0.6447011,0.07446638,0.6489989,-0.02203034,0.6354221,0.1046526,0.6443592,0.09595986,-0.08312992,0.04750188,0.1355556,0.1187142,-0.0770475,0.01742992,0.1425945,0.1025694,-0.0794106,0.002923921,0.12975,-0.1112753,0.04742407,-0.03512135,0.1259553,-0.1557192,0.05358075,-0.0261593,0.1667444,-0.1773671,0.04595099,0.002143443,0.1832353,0.09840384,-0.08041532,0.0481422,0.1358956,0.117179,-0.0774616,0.01726783,0.1415253,0.1002767,-0.07731508,0.003218137,0.1266625,-0.111032,0.04692339,-0.03666069,0.1259917,-0.1558309,0.05341187,-0.02609133,0.1667839,-0.1773813,0.04588174,0.002281734,0.1832334,0.1019505,-0.07902326,0.02986984,0.1324039,-0.02274565,0.9989321,0.0339392,0.02157231,177.5278,-0.02275094,0.9991646,0.0339471,-0.1411411,0.0469816,-0.02014953,0.1501136,0.1241422,-0.4811653,-0.2035777,0.8435786,64.96008,0.2311748,-0.8960152,-0.3790978,0.1017634,1.117528,0.2382306,1.147161,0.4138198,-0.7940222,0.3237669,0.3057073,144.3985,0.4346273,-0.8339469,0.3400464,0.09616116,-0.06763524,0.03237307,0.1219406,0.2636755,-0.464663,-0.5201712,0.6663224,96.43229,0.3536118,-0.6231536,-0.6975948,-0.4371768,-0.214228,-0.3594455,0.6051596,0.4806289,0.138807,0.8562583,-0.1286477,194.7829,0.4846563,0.1399702,0.8634332,-0.001763433,-0.0175277,0.06176937,0.06423227,0.1318925,0.1811168,0.01375484,0.9744805,25.94377,0.5875653,0.8068535,0.06127613,-0.08854444,1.209668,-0.06329268,1.214555,0.01402147,-0.1364175,-0.1631258,-0.977028,335.3905,0.06579416,-0.640124,-0.7654494,True,True,False,False
1772879688147,13.76665,0.155667,1.063134,0.141747,1.083779,-0.3894192,-0.6661285,0.3455615,0.5340532,115.4406,-0.4606054,-0.7878973,0.4087304,-0.1004819,0.6328658,-0.0609418,0.6436844,0.5257475,0.2373965,-0.7596067,0.3003837,145.0387,0.5512029,0.2488906,-0.796385,0.0852361,1.108428,0.2482264,1.139076,0.1119078,1.135526,0.2592199,1.170102,0.1278782,1.120884,0.2581308,1.15731,-0.01437861,0.6459949,0.03002368,0.6468521,-0.004013155,0.6448433,0.07453625,0.6491491,-0.02209271,0.6355386,0.1046321,0.6444729,0.09621277,-0.08311482,0.04674336,0.1354619,0.1217684,-0.07634785,0.01728712,0.1447598,0.1062697,-0.07970662,0.002484396,0.132863,-0.1113091,0.04743055,-0.03494976,0.1259399,-0.1557373,0.05356788,-0.02608358,0.1667453,-0.1773221,0.04603263,0.002139129,0.1832122,0.09823824,-0.08061934,0.04803647,0.1358592,0.1175259,-0.07737742,0.01726929,0.1417668,0.1007296,-0.07749584,0.003162681,0.1271301,-0.1110529,0.04696172,-0.03653138,0.1259869,-0.1558238,0.05342366,-0.02609074,0.1667809,-0.1773768,0.04589314,0.002270956,0.1832318,0.1020678,-0.07917833,0.02987093,0.132587,-0.03023849,0.9985567,0.03384664,0.02871569,176.709,-0.03025096,0.9989686,0.03386061,-0.1411697,0.04700846,-0.02007831,0.1501394,0.1240246,-0.4818262,-0.2026754,0.8434359,64.99052,0.2308596,-0.8968716,-0.3772602,0.1020064,1.11747,0.2378579,1.147049,0.4294215,-0.7896688,0.3216543,0.2975887,145.3743,0.4498001,-0.8271433,0.3369187,0.09778399,-0.06771436,0.03203842,0.1231804,0.281337,-0.489491,-0.5175966,0.6429167,99.98068,0.3673113,-0.6390755,-0.6757699,-0.4357585,-0.2131967,-0.3605085,0.6044044,0.4898633,0.1734747,0.8451661,-0.1250394,194.3661,0.4937381,0.174847,0.8518515,-0.002006404,-0.01747024,0.06214209,0.0645823,0.1207697,0.1823148,-0.0005930132,0.975795,25.26393,0.5522477,0.8336768,-0.002711691,-0.08844713,1.209677,-0.06355155,1.214569,0.01395711,-0.1366545,-0.1632074,-0.9769821,335.3659,0.0654277,-0.6406044,-0.7650784,True,True,False,False
1772879688161,13.77887,0.1552889,1.063232,0.1401935,1.08362,-0.3853508,-0.6645134,0.3450949,0.5392925,114.729,-0.4575969,-0.7890972,0.4097937,-0.100586,0.6328664,-0.06098775,0.6437056,0.5257475,0.2373965,-0.7596067,0.3003837,145.0387,0.5512029,0.2488906,-0.796385,0.08596809,1.107792,0.2477143,1.138401,0.1128054,1.135788,0.2589874,1.170391,0.1287738,1.121609,0.2584116,1.158174,-0.01446757,0.6460191,0.02997147,0.6468758,-0.004150842,0.6448314,0.07452498,0.6491369,-0.02220965,0.6355556,0.1046011,0.6444886,0.09628514,-0.08298966,0.0468356,0.1354684,0.1228686,-0.07607692,0.01722781,0.1455376,0.1081323,-0.07992981,0.002249151,0.1344858,-0.1113122,0.04742484,-0.03497776,0.1259482,-0.1557584,0.05355147,-0.02604149,0.1667531,-0.1773362,0.04601132,0.002141453,0.1832205,0.09807121,-0.08082206,0.04793377,0.1358227,0.1179828,-0.0772662,0.01726574,0.1420849,0.1013627,-0.077704,0.003084553,0.1277569,-0.1110751,0.04700132,-0.03639851,0.1259828,-0.1558182,0.05343459,-0.02608653,0.1667785,-0.1773734,0.04590325,0.002259881,0.1832308,0.1022466,-0.0793389,0.02990791,0.1328289,-0.03891849,0.9979728,0.03317844,0.03787766,175.6585,-0.03894643,0.9986895,0.03320226,-0.1411979,0.04703536,-0.020006,0.1501646,0.1239295,-0.4825013,-0.2017698,0.843281,65.02353,0.2305782,-0.8977223,-0.3754047,0.1021079,1.117525,0.2375481,1.147048,0.4393803,-0.7864398,0.3254847,0.287258,146.6123,0.4587135,-0.8210441,0.3398064,0.09845498,-0.06762972,0.03243413,0.1237705,0.2874927,-0.5002516,-0.5188864,0.6307562,101.7881,0.3704893,-0.6446697,-0.6686843,-0.4355314,-0.212896,-0.3608063,0.6043124,0.4960128,0.1874502,0.8397796,-0.1166373,193.3961,0.4994215,0.1887384,0.8455507,-0.002107896,-0.01752543,0.06245191,0.06489858,0.1150032,0.1894539,-0.01268527,0.9750491,25.65184,0.5180568,0.8534356,-0.05714352,-0.08834643,1.209678,-0.06381003,1.214577,0.01410313,-0.1371059,-0.1630339,-0.9769458,335.3464,0.06606065,-0.6422191,-0.7636691,True,True,False,False
1772879688175,13.79272,0.154557,1.063013,0.1388331,1.083125,-0.3820367,-0.6629226,0.3447409,0.5438157,114.1125,-0.4552366,-0.7899414,0.4107948,-0.1007242,0.6327487,-0.06097019,0.6436098,0.5257475,0.2373965,-0.7596067,0.3003837,145.0387,0.5512029,0.2488906,-0.796385,0.08615677,1.107466,0.2471702,1.137979,0.1131878,1.136691,0.2592217,1.171355,0.1292532,1.122511,0.2588799,1.159205,-0.01459627,0.6459458,0.02997587,0.6468057,-0.004296203,0.6446785,0.07452722,0.6489863,-0.02234424,0.6354318,0.1046145,0.6443734,0.09673678,-0.08262239,0.04697947,0.1356154,0.1248603,-0.0758343,0.01709616,0.1470823,0.110331,-0.08009268,0.001928702,0.1363506,-0.1113115,0.04740069,-0.03501847,0.1259499,-0.1557348,0.0535719,-0.02601815,0.166734,-0.177332,0.04601834,0.002141826,0.1832182,0.09797604,-0.08095045,0.04786572,0.1358065,0.1184733,-0.07716408,0.01725365,0.1424356,0.1020023,-0.07787435,0.003002124,0.1283663,-0.111092,0.0470298,-0.03630009,0.1259799,-0.1558123,0.05344439,-0.02608166,0.1667754,-0.1773704,0.04591146,0.002251462,0.1832299,0.1024663,-0.07944836,0.0299556,0.1330741,-0.04587725,0.9973648,0.03203202,0.04618011,174.7063,-0.04592625,0.9984301,0.03206623,-0.1412189,0.04705519,-0.01995226,0.1501834,0.1238914,-0.4829925,-0.2011764,0.8431472,65.05207,0.2304173,-0.8982853,-0.3741545,0.1026784,1.11823,0.2363624,1.14754,0.4472062,-0.7844479,0.3287918,0.2766659,147.8774,0.4653715,-0.8163117,0.3421471,0.09934082,-0.06739545,0.03250257,0.124367,0.2933381,-0.5130679,-0.5137498,0.6219127,103.0881,0.3745921,-0.6551866,-0.6560574,-0.4353229,-0.2128344,-0.36119,0.6043697,0.5010735,0.2004512,0.8337495,-0.1166477,193.3973,0.5045177,0.201829,0.8394803,-0.002678432,-0.01823032,0.06363757,0.06625148,0.1093502,0.1972941,-0.022368,0.9739699,26.20311,0.482404,0.8703725,-0.09867756,-0.08823241,1.2097,-0.06405718,1.214603,0.01406822,-0.1375139,-0.1628869,-0.9769135,335.329,0.06585152,-0.6436846,-0.7624528,True,True,False,False
1772879688189,13.80702,0.1534518,1.063013,0.1366805,1.082694,-0.3787375,-0.6609614,0.344296,0.5487697,113.4347,-0.4530496,-0.7906487,0.4118504,-0.1009717,0.6324334,-0.06084949,0.6433272,0.5257475,0.2373965,-0.7596067,0.3003837,145.0387,0.5512029,0.2488906,-0.796385,0.08717434,1.107914,0.245975,1.138234,0.1133498,1.138315,0.2586358,1.172818,0.1296441,1.123867,0.2582135,1.160413,-0.0148422,0.6456856,0.03007261,0.6465559,-0.004534666,0.6443667,0.0746402,0.6486911,-0.0225834,0.6351044,0.1047263,0.6440771,0.0975745,-0.08193811,0.04603773,0.1354773,0.1272647,-0.07527754,0.01698977,0.1488344,0.1125696,-0.07978694,0.001557738,0.1379866,-0.1113007,0.04736397,-0.03506472,0.1259394,-0.1557307,0.05357621,-0.02602895,0.1667332,-0.1773233,0.0460332,0.002141632,0.1832136,0.09794392,-0.08102947,0.04771946,0.135779,0.1191767,-0.07701313,0.01723254,0.1429373,0.1028478,-0.07802738,0.002886555,0.1291289,-0.1111087,0.04705654,-0.03620125,0.1259761,-0.1558058,0.05345493,-0.02607744,0.166772,-0.1773666,0.0459212,0.002242674,0.1832286,0.1028229,-0.07951532,0.02994281,0.1333859,-0.0532397,0.9965458,0.03032932,0.05605509,173.5732,-0.05332354,0.9981151,0.03037708,-0.1412395,0.04707482,-0.01989859,0.1502018,0.1238408,-0.4834896,-0.2006019,0.8430066,65.08203,0.2302288,-0.8988413,-0.3729331,0.1028839,1.118355,0.2362294,1.147653,0.4500217,-0.7856984,0.3195724,0.2793422,147.5581,0.468679,-0.8182726,0.3328215,0.100453,-0.06675297,0.0318842,0.1247533,0.2974333,-0.5261129,-0.5075099,0.6141436,104.2206,0.3768823,-0.6666455,-0.6430735,-0.4345223,-0.2129194,-0.3628538,0.6048199,0.5066949,0.2112474,0.8275076,-0.1177541,193.525,0.5102448,0.2127274,0.8333051,-0.002883859,-0.01835501,0.06377064,0.06642226,0.1025067,0.1906258,-0.01995019,0.9760924,25.10757,0.4716071,0.8770209,-0.09178577,-0.08815363,1.209789,-0.06424759,1.214696,0.01388799,-0.1380132,-0.1628532,-0.9768512,335.2957,0.06492147,-0.645163,-0.7612815,True,True,False,False
1772879688203,13.82123,0.1529555,1.063202,0.1359081,1.082712,-0.3765117,-0.6593385,0.3439343,0.5524681,112.927,-0.4517052,-0.7910157,0.4126218,-0.1010036,0.6323554,-0.0607618,0.6432473,0.5257475,0.2373965,-0.7596067,0.3003837,145.0387,0.5512029,0.2488906,-0.796385,0.08754774,1.107939,0.2457701,1.138242,0.1139103,1.138612,0.258763,1.173188,0.1302425,1.123767,0.2579344,1.160321,-0.01482863,0.6456655,0.03013914,0.6465387,-0.004554015,0.6442806,0.07470588,0.6486132,-0.02260727,0.6350155,0.1048048,0.644003,0.09773269,-0.0816807,0.04610656,0.1354593,0.1279237,-0.07518835,0.01693474,0.149347,0.1127909,-0.07968956,0.001490116,0.1381102,-0.1113049,0.04735608,-0.03514083,0.1259613,-0.1557116,0.0535918,-0.02603907,0.166722,-0.1773145,0.04604697,0.002140589,0.1832085,0.0979265,-0.08108318,0.04758645,0.1357518,0.119898,-0.07686266,0.01720798,0.1434556,0.1036678,-0.07816445,0.002771399,0.1298629,-0.1111249,0.04708124,-0.0361138,0.1259745,-0.155798,0.05346622,-0.02607428,0.1667679,-0.1773624,0.04593157,0.002234256,0.1832269,0.1031846,-0.07956149,0.02992578,0.1336886,-0.05985932,0.9956565,0.02844229,0.06539038,172.5015,-0.05998771,0.9977921,0.02850329,-0.1412592,0.04709356,-0.01985066,0.1502199,0.1238043,-0.4839239,-0.2001186,0.8428776,65.1095,0.2300746,-0.8993109,-0.3718949,0.103201,1.118518,0.2359166,1.147776,0.452872,-0.7850636,0.3159943,0.2805883,147.4094,0.471826,-0.8179209,0.3292196,0.1007569,-0.0665995,0.03203062,0.1249536,0.2942759,-0.5249929,-0.512063,0.6128423,104.4094,0.3724044,-0.6643754,-0.6480127,-0.4344197,-0.2128852,-0.3632205,0.6049542,0.5092721,0.207528,0.828097,-0.1087637,192.4881,0.5123113,0.2087664,0.8330389,-0.003201008,-0.01851785,0.06408341,0.06678204,0.09944133,0.1872063,-0.02088532,0.9770513,24.59694,0.4668514,0.8788853,-0.09805118,-0.08810376,1.209889,-0.06442097,1.214802,0.01409286,-0.1386485,-0.1629683,-0.9767391,335.2357,0.06572207,-0.6465876,-0.7600031,True,True,False,False
1772879688216,13.83639,0.152181,1.063109,0.1350116,1.082399,-0.3743402,-0.6574225,0.3435194,0.5564706,112.3759,-0.4505415,-0.7912485,0.4134467,-0.1009543,0.6321105,-0.06029376,0.6429547,0.5257475,0.2373965,-0.7596067,0.3003837,145.0387,0.5512029,0.2488906,-0.796385,0.08778176,1.107852,0.2453959,1.138096,0.1143434,1.139386,0.2588616,1.174004,0.1307443,1.123942,0.2575087,1.160452,-0.01472179,0.6454998,0.03057225,0.6463911,-0.004551251,0.6440083,0.07521529,0.6484017,-0.02256303,0.634778,0.1052786,0.6438445,0.09797164,-0.08127864,0.0461439,0.1354028,0.1292705,-0.0747984,0.01682469,0.1502955,0.1134751,-0.0792924,0.001343593,0.1384402,-0.1113038,0.04734232,-0.03524389,0.125984,-0.1557325,0.05357643,-0.02597628,0.1667268,-0.1773201,0.04603796,0.002140783,0.1832116,0.0979302,-0.0810992,0.04746824,0.1357227,0.1206661,-0.07669349,0.01717657,0.1440043,0.1044715,-0.07825688,0.002654393,0.1305583,-0.1111395,0.04710264,-0.03604251,0.1259751,-0.1557926,0.05347525,-0.02606625,0.1667645,-0.1773589,0.04594029,0.002226596,0.1832257,0.103567,-0.07956823,0.02990237,0.1339828,-0.06552137,0.9947324,0.02659613,0.07420912,171.4884,-0.06570253,0.9974828,0.02666967,-0.1412733,0.04710945,-0.01981282,0.1502331,0.1238044,-0.484271,-0.1997637,0.8427625,65.13403,0.2299976,-0.8996544,-0.3711109,0.103515,1.118352,0.235988,1.147657,0.4504254,-0.7857805,0.3180691,0.2801749,147.4587,0.4692181,-0.818565,0.3313397,0.1012526,-0.06619434,0.03189392,0.125104,0.2951026,-0.5262594,-0.5121551,0.6112795,104.6358,0.3728799,-0.6649603,-0.6471387,-0.4338404,-0.2129493,-0.3639333,0.6049895,0.5098404,0.2077068,0.8283117,-0.1040222,191.9417,0.5126214,0.2088398,0.8328298,-0.003514953,-0.01835155,0.06401205,0.06668341,0.1016324,0.1892003,-0.01952119,0.9764698,24.90784,0.4712745,0.8773308,-0.09052069,-0.08804987,1.209983,-0.06460512,1.214901,0.01389109,-0.1390188,-0.1631124,-0.9766654,335.1963,0.06467991,-0.6473011,-0.7594863,True,True,False,False
1772879688231,13.84877,0.1516665,1.063296,0.1345797,1.082457,-0.3725509,-0.6554735,0.3432377,0.5601324,111.8701,-0.4497218,-0.7912495,0.4143366,-0.1009454,0.6320008,-0.0602461,0.642841,0.5257758,0.2373935,-0.7597035,0.3000912,145.0738,0.5511794,0.2488635,-0.7964095,0.08839367,1.107853,0.245625,1.138193,0.1150057,1.138824,0.2591186,1.173579,0.1313468,1.123644,0.2574286,1.160214,-0.01467737,0.6453315,0.03060191,0.6462234,-0.004524027,0.6437655,0.07526764,0.6481664,-0.02255111,0.6346252,0.1053472,0.6437047,0.09804155,-0.08119474,0.0459905,0.1353509,0.1290075,-0.07505756,0.01678629,0.1501944,0.1133971,-0.07928371,0.001334161,0.1383712,-0.1113044,0.04734232,-0.03525998,0.125989,-0.1557383,0.05359785,-0.02592891,0.1667317,-0.1773543,0.04598424,0.002143919,0.1832312,0.09793989,-0.08110751,0.04733969,0.1356897,0.1213917,-0.07655118,0.01714262,0.1445334,0.1052479,-0.07834621,0.002539548,0.1312315,-0.1111539,0.04712349,-0.03597444,0.125976,-0.1557879,0.05348592,-0.0260543,0.1667616,-0.1773585,0.04594411,0.002219404,0.1832262,0.1039311,-0.07957383,0.02987292,0.1342612,-0.07032636,0.9937913,0.02470431,0.08260004,170.5239,-0.0705675,0.997199,0.02478902,-0.1412874,0.04712311,-0.01977657,0.1502459,0.123926,-0.4845786,-0.1995702,0.8426135,65.16571,0.2301239,-0.8998364,-0.370591,0.1038392,1.118057,0.2360336,1.147408,0.4501893,-0.7854457,0.3165979,0.2831441,147.1041,0.4693983,-0.8189597,0.3301068,0.1011587,-0.06615502,0.03199641,0.1250334,0.2954537,-0.5295938,-0.5059909,0.6133602,104.3343,0.3740851,-0.6705389,-0.6406543,-0.4338003,-0.2130423,-0.3640412,0.6050584,0.5093122,0.2071052,0.8283721,-0.1072766,192.3167,0.5122684,0.2083074,0.8331802,-0.00383918,-0.01805675,0.06396644,0.06657695,0.1021819,0.1861074,-0.01853582,0.9770259,24.61066,0.4794541,0.8732459,-0.08697307,-0.08801885,1.210036,-0.06480733,1.214962,0.01374875,-0.1394382,-0.1634654,-0.9765486,335.1341,0.06385935,-0.6476542,-0.7592544,True,True,False,False
1772879688245,13.8624,0.1514038,1.063178,0.1342365,1.082262,-0.3711721,-0.6538486,0.342923,0.5631316,111.4547,-0.4491612,-0.7912324,0.4149765,-0.1009598,0.6318905,-0.06033468,0.6427432,0.5258376,0.2373081,-0.7597961,0.2998162,145.1069,0.5511941,0.2487513,-0.7964344,0.08882517,1.107502,0.2457727,1.137917,0.1156726,1.138746,0.2592152,1.173591,0.1320193,1.123283,0.2570191,1.15985,-0.01468215,0.6451418,0.03051389,0.6460298,-0.004515592,0.6435108,0.07513522,0.647898,-0.0225504,0.6344435,0.1052531,0.6435102,0.0980214,-0.08116244,0.04610248,0.135355,0.1293083,-0.07486124,0.01679227,0.1503556,0.1132975,-0.07890312,0.001350075,0.1380719,-0.1113053,0.04734823,-0.03524453,0.1259877,-0.1556904,0.05364998,-0.02589957,0.1666992,-0.1773548,0.04598392,0.002143942,0.1832317,0.09794577,-0.08111148,0.04725039,0.1356652,0.1219632,-0.0764292,0.01711733,0.1449463,0.1058289,-0.07838641,0.002453688,0.1317202,-0.1111648,0.04713971,-0.03592175,0.1259767,-0.1557809,0.05349776,-0.02604313,0.1667571,-0.1773582,0.04594698,0.002213957,0.1832265,0.1042108,-0.0795654,0.02985171,0.1344681,-0.07363561,0.9930407,0.02352302,0.08885215,169.8049,-0.07392801,0.9969839,0.02361642,-0.1412993,0.04713388,-0.01974747,0.1502566,0.1240945,-0.484798,-0.1995472,0.8424681,65.19666,0.2303395,-0.8998634,-0.3703918,0.1041855,1.117753,0.236063,1.147149,0.4485044,-0.7853345,0.3175491,0.2850547,146.8758,0.4679177,-0.8193273,0.3312941,0.1011736,-0.06607083,0.03217478,0.1250467,0.2962707,-0.5290685,-0.5047015,0.6144809,104.1716,0.3755339,-0.6706136,-0.6397276,-0.4338762,-0.2130149,-0.3640203,0.6050906,0.5077336,0.2058494,0.8299034,-0.1053248,192.0918,0.5105734,0.2070007,0.834545,-0.004185453,-0.01775277,0.06393698,0.06648771,0.1045413,0.1853455,-0.01741659,0.9769417,24.65587,0.4896389,0.8681011,-0.0815739,-0.0879916,1.210064,-0.06502636,1.215,0.0137805,-0.1399299,-0.163298,-0.9765058,335.1113,0.06394923,-0.6493531,-0.7577941,False,False,False,False
1772879688259,13.8761,0.1514038,1.063178,0.1342365,1.082262,-0.3711721,-0.6538486,0.342923,0.5631316,111.4547,-0.4491612,-0.7912324,0.4149765,-0.1009598,0.6318905,-0.06033468,0.6427432,0.5258376,0.2373081,-0.7597961,0.2998162,145.1069,0.5511941,0.2487513,-0.7964344,0.08882517,1.107502,0.2457727,1.137917,0.1156726,1.138746,0.2592152,1.173591,0.1320193,1.123283,0.2570191,1.15985,-0.01468215,0.6451418,0.03051389,0.6460298,-0.004515592,0.6435108,0.07513522,0.647898,-0.0225504,0.6344435,0.1052531,0.6435102,0.0980214,-0.08116244,0.04610248,0.135355,0.1293083,-0.07486124,0.01679227,0.1503556,0.1132975,-0.07890312,0.001350075,0.1380719,-0.1113053,0.04734823,-0.03524453,0.1259877,-0.1556904,0.05364998,-0.02589957,0.1666992,-0.1773548,0.04598392,0.002143942,0.1832317,0.09794577,-0.08111148,0.04725039,0.1356652,0.1219632,-0.0764292,0.01711733,0.1449463,0.1058289,-0.07838641,0.002453688,0.1317202,-0.1111648,0.04713971,-0.03592175,0.1259767,-0.1557809,0.05349776,-0.02604313,0.1667571,-0.1773582,0.04594698,0.002213957,0.1832265,0.1042108,-0.0795654,0.02985171,0.1344681,-0.07363561,0.9930407,0.02352302,0.08885215,169.8049,-0.07392801,0.9969839,0.02361642,-0.1412993,0.04713388,-0.01974747,0.1502566,0.1240945,-0.484798,-0.1995472,0.8424681,65.19666,0.2303395,-0.8998634,-0.3703918,0.1045315,1.117536,0.2360228,1.146962,0.4532854,-0.783177,0.3175734,0.2833959,147.074,0.4726632,-0.8166575,0.3311495,0.1011736,-0.06607083,0.03217478,0.1250467,0.2962707,-0.5290685,-0.5047015,0.6144809,104.1716,0.3755339,-0.6706136,-0.6397276,-0.4338762,-0.2130149,-0.3640203,0.6050906,0.5077336,0.2058494,0.8299034,-0.1053248,192.0918,0.5105734,0.2070007,0.834545,-0.004531503,-0.01753628,0.06397726,0.06649169,0.1021809,0.185116,-0.02237686,0.9771339,24.55246,0.4805683,0.8706217,-0.1052409,-0.0880008,1.210104,-0.0652434,1.215052,0.01357101,-0.1402832,-0.163111,-0.9764892,335.1025,0.06295524,-0.6507664,-0.7566634,False,False,False,False
1772879688272,13.88936,0.1514038,1.063178,0.1342365,1.082262,-0.3711721,-0.6538486,0.342923,0.5631316,111.4547,-0.4491612,-0.7912324,0.4149765,-0.1009598,0.6318905,-0.06033468,0.6427432,0.5258376,0.2373081,-0.7597961,0.2998162,145.1069,0.5511941,0.2487513,-0.7964344,0.08882517,1.107502,0.2457727,1.137917,0.1156726,1.138746,0.2592152,1.173591,0.1320193,1.123283,0.2570191,1.15985,-0.01468215,0.6451418,0.03051389,0.6460298,-0.004515592,0.6435108,0.07513522,0.647898,-0.0225504,0.6344435,0.1052531,0.6435102,0.0980214,-0.08116244,0.04610248,0.135355,0.1293083,-0.07486124,0.01679227,0.1503556,0.1132975,-0.07890312,0.001350075,0.1380719,-0.1113053,0.04734823,-0.03524453,0.1259877,-0.1556904,0.05364998,-0.02589957,0.1666992,-0.1773548,0.04598392,0.002143942,0.1832317,0.09794577,-0.08111148,0.04725039,0.1356652,0.1219632,-0.0764292,0.01711733,0.1449463,0.1058289,-0.07838641,0.002453688,0.1317202,-0.1111648,0.04713971,-0.03592175,0.1259767,-0.1557809,0.05349776,-0.02604313,0.1667571,-0.1773582,0.04594698,0.002213957,0.1832265,0.1042108,-0.0795654,0.02985171,0.1344681,-0.07363561,0.9930407,0.02352302,0.08885215,169.8049,-0.07392801,0.9969839,0.02361642,-0.1412993,0.04713388,-0.01974747,0.1502566,0.1240945,-0.484798,-0.1995472,0.8424681,65.19666,0.2303395,-0.8998634,-0.3703918,0.1048482,1.117503,0.2359442,1.146942,0.4522919,-0.7837449,0.3253545,0.2744457,148.142,0.4703523,-0.8150403,0.3383461,0.1011736,-0.06607083,0.03217478,0.1250467,0.2962707,-0.5290685,-0.5047015,0.6144809,104.1716,0.3755339,-0.6706136,-0.6397276,-0.4338762,-0.2130149,-0.3640203,0.6050906,0.5077336,0.2058494,0.8299034,-0.1053248,192.0918,0.5105734,0.2070007,0.834545,-0.00484819,-0.0175029,0.06405586,0.06658085,0.1037667,0.1962261,-0.025566,0.9747176,25.82239,0.464404,0.8782027,-0.1144197,-0.0880337,1.210141,-0.0654598,1.215103,0.01345552,-0.1406545,-0.1632811,-0.976409,335.0599,0.06231447,-0.6513916,-0.7561787,False,False,False,False
1772879688287,13.90125,0.1514038,1.063178,0.1342365,1.082262,-0.3711721,-0.6538486,0.342923,0.5631316,111.4547,-0.4491612,-0.7912324,0.4149765,-0.1009598,0.6318905,-0.06033468,0.6427432,0.5258376,0.2373081,-0.7597961,0.2998162,145.1069,0.5511941,0.2487513,-0.7964344,0.08882517,1.107502,0.2457727,1.137917,0.1156726,1.138746,0.2592152,1.173591,0.1320193,1.123283,0.2570191,1.15985,-0.01468215,0.6451418,0.03051389,0.6460298,-0.004515592,0.6435108,0.07513522,0.647898,-0.0225504,0.6344435,0.1052531,0.6435102,0.0980214,-0.08116244,0.04610248,0.135355,0.1293083,-0.07486124,0.01679227,0.1503556,0.1132975,-0.07890312,0.001350075,0.1380719,-0.1113053,0.04734823,-0.03524453,0.1259877,-0.1556904,0.05364998,-0.02589957,0.1666992,-0.1773548,0.04598392,0.002143942,0.1832317,0.09794577,-0.08111148,0.04725039,0.1356652,0.1219632,-0.0764292,0.01711733,0.1449463,0.1058289,-0.07838641,0.002453688,0.1317202,-0.1111648,0.04713971,-0.03592175,0.1259767,-0.1557809,0.05349776,-0.02604313,0.1667571,-0.1773582,0.04594698,0.002213957,0.1832265,0.1042108,-0.0795654,0.02985171,0.1344681,-0.07363561,0.9930407,0.02352302,0.08885215,169.8049,-0.07392801,0.9969839,0.02361642,-0.1412993,0.04713388,-0.01974747,0.1502566,0.1240945,-0.484798,-0.1995472,0.8424681,65.19666,0.2303395,-0.8998634,-0.3703918,0.1055834,1.117818,0.2355063,1.147226,0.4576381,-0.785455,0.3295418,0.2550099,150.4517,0.4732856,-0.8123113,0.3408095,0.1011736,-0.06607083,0.03217478,0.1250467,0.2962707,-0.5290685,-0.5047015,0.6144809,104.1716,0.3755339,-0.6706136,-0.6397276,-0.4338762,-0.2130149,-0.3640203,0.6050906,0.5077336,0.2058494,0.8299034,-0.1053248,192.0918,0.5105734,0.2070007,0.834545,-0.005583376,-0.01781797,0.06449372,0.06714234,0.09467108,0.2129625,-0.03305103,0.9719014,27.22911,0.4021898,0.9047254,-0.1404102,-0.08817118,1.210162,-0.0657423,1.21515,0.01366762,-0.1408085,-0.1634541,-0.976355,335.0313,0.06322523,-0.6513677,-0.7561246,False,False,False,False
1772879688300,13.91577,0.1514038,1.063178,0.1342365,1.082262,-0.3711721,-0.6538486,0.342923,0.5631316,111.4547,-0.4491612,-0.7912324,0.4149765,-0.1009598,0.6318905,-0.06033468,0.6427432,0.5258376,0.2373081,-0.7597961,0.2998162,145.1069,0.5511941,0.2487513,-0.7964344,0.08882517,1.107502,0.2457727,1.137917,0.1156726,1.138746,0.2592152,1.173591,0.1320193,1.123283,0.2570191,1.15985,-0.01468215,0.6451418,0.03051389,0.6460298,-0.004515592,0.6435108,0.07513522,0.647898,-0.0225504,0.6344435,0.1052531,0.6435102,0.0980214,-0.08116244,0.04610248,0.135355,0.1293083,-0.07486124,0.01679227,0.1503556,0.1132975,-0.07890312,0.001350075,0.1380719,-0.1113053,0.04734823,-0.03524453,0.1259877,-0.1556904,0.05364998,-0.02589957,0.1666992,-0.1773548,0.04598392,0.002143942,0.1832317,0.09794577,-0.08111148,0.04725039,0.1356652,0.1219632,-0.0764292,0.01711733,0.1449463,0.1058289,-0.07838641,0.002453688,0.1317202,-0.1111648,0.04713971,-0.03592175,0.1259767,-0.1557809,0.05349776,-0.02604313,0.1667571,-0.1773582,0.04594698,0.002213957,0.1832265,0.1042108,-0.0795654,0.02985171,0.1344681,-0.07363561,0.9930407,0.02352302,0.08885215,169.8049,-0.07392801,0.9969839,0.02361642,-0.1412993,0.04713388,-0.01974747,0.1502566,0.1240945,-0.484798,-0.1995472,0.8424681,65.19666,0.2303395,-0.8998634,-0.3703918,0.1056234,1.117743,0.2354773,1.147151,0.4702403,-0.7860992,0.313052,0.2508399,150.9456,0.4857711,-0.812062,0.3233913,0.1011736,-0.06607083,0.03217478,0.1250467,0.2962707,-0.5290685,-0.5047015,0.6144809,104.1716,0.3755339,-0.6706136,-0.6397276,-0.4338762,-0.2130149,-0.3640203,0.6050906,0.5077336,0.2058494,0.8299034,-0.1053248,192.0918,0.5105734,0.2070007,0.834545,-0.005623393,-0.01774287,0.0645227,0.06715363,0.07516205,0.2061326,-0.0365138,0.9749498,25.70308,0.3379199,0.9267484,-0.1641618,-0.08834483,1.210198,-0.06603226,1.215214,0.01365194,-0.1408276,-0.1636956,-0.9763119,335.0084,0.06309598,-0.6508712,-0.7565617,False,False,False,False
1772879688314,13.92905,0.1514038,1.063178,0.1342365,1.082262,-0.3711721,-0.6538486,0.342923,0.5631316,111.4547,-0.4491612,-0.7912324,0.4149765,-0.1009598,0.6318905,-0.06033468,0.6427432,0.5258376,0.2373081,-0.7597961,0.2998162,145.1069,0.5511941,0.2487513,-0.7964344,0.08882517,1.107502,0.2457727,1.137917,0.1156726,1.138746,0.2592152,1.173591,0.1320193,1.123283,0.2570191,1.15985,-0.01468215,0.6451418,0.03051389,0.6460298,-0.004515592,0.6435108,0.07513522,0.647898,-0.0225504,0.6344435,0.1052531,0.6435102,0.0980214,-0.08116244,0.04610248,0.135355,0.1293083,-0.07486124,0.01679227,0.1503556,0.1132975,-0.07890312,0.001350075,0.1380719,-0.1113053,0.04734823,-0.03524453,0.1259877,-0.1556904,0.05364998,-0.02589957,0.1666992,-0.1773548,0.04598392,0.002143942,0.1832317,0.09794577,-0.08111148,0.04725039,0.1356652,0.1219632,-0.0764292,0.01711733,0.1449463,0.1058289,-0.07838641,0.002453688,0.1317202,-0.1111648,0.04713971,-0.03592175,0.1259767,-0.1557809,0.05349776,-0.02604313,0.1667571,-0.1773582,0.04594698,0.002213957,0.1832265,0.1042108,-0.0795654,0.02985171,0.1344681,-0.07363561,0.9930407,0.02352302,0.08885215,169.8049,-0.07392801,0.9969839,0.02361642,-0.1412993,0.04713388,-0.01974747,0.1502566,0.1240945,-0.484798,-0.1995472,0.8424681,65.19666,0.2303395,-0.8998634,-0.3703918,0.1057687,1.117729,0.2353921,1.147133,0.4799015,-0.7865197,0.3014522,0.2453732,151.5922,0.4950354,-0.8113229,0.3109586,0.1011736,-0.06607083,0.03217478,0.1250467,0.2962707,-0.5290685,-0.5047015,0.6144809,104.1716,0.3755339,-0.6706136,-0.6397276,-0.4338762,-0.2130149,-0.3640203,0.6050906,0.5077336,0.2058494,0.8299034,-0.1053248,192.0918,0.5105734,0.2070007,0.834545,-0.005768709,-0.01772857,0.06460795,0.06724408,0.05983828,0.2031179,-0.03992253,0.9765086,24.88728,0.2776987,0.9426336,-0.1852733,-0.08847024,1.210235,-0.06626649,1.215273,0.01366701,-0.1408523,-0.1641237,-0.9762363,334.9684,0.0630662,-0.6499609,-0.7573464,False,False,False,False
1772879688329,13.94272,0.1514038,1.063178,0.1342365,1.082262,-0.3711721,-0.6538486,0.342923,0.5631316,111.4547,-0.4491612,-0.7912324,0.4149765,-0.1009598,0.6318905,-0.06033468,0.6427432,0.5258376,0.2373081,-0.7597961,0.2998162,145.1069,0.5511941,0.2487513,-0.7964344,0.08882517,1.107502,0.2457727,1.137917,0.1156726,1.138746,0.2592152,1.173591,0.1320193,1.123283,0.2570191,1.15985,-0.01468215,0.6451418,0.03051389,0.6460298,-0.004515592,0.6435108,0.07513522,0.647898,-0.0225504,0.6344435,0.1052531,0.6435102,0.0980214,-0.08116244,0.04610248,0.135355,0.1293083,-0.07486124,0.01679227,0.1503556,0.1132975,-0.07890312,0.001350075,0.1380719,-0.1113053,0.04734823,-0.03524453,0.1259877,-0.1556904,0.05364998,-0.02589957,0.1666992,-0.1773548,0.04598392,0.002143942,0.1832317,0.09794577,-0.08111148,0.04725039,0.1356652,0.1219632,-0.0764292,0.01711733,0.1449463,0.1058289,-0.07838641,0.002453688,0.1317202,-0.1111648,0.04713971,-0.03592175,0.1259767,-0.1557809,0.05349776,-0.02604313,0.1667571,-0.1773582,0.04594698,0.002213957,0.1832265,0.1042108,-0.0795654,0.02985171,0.1344681,-0.07363561,0.9930407,0.02352302,0.08885215,169.8049,-0.07392801,0.9969839,0.02361642,-0.1412993,0.04713388,-0.01974747,0.1502566,0.1240945,-0.484798,-0.1995472,0.8424681,65.19666,0.2303395,-0.8998634,-0.3703918,0.1063876,1.117515,0.2357658,1.147059,0.4792708,-0.791473,0.3044964,0.2261678,153.8569,0.4920199,-0.8125271,0.3125964,0.1011736,-0.06607083,0.03217478,0.1250467,0.2962707,-0.5290685,-0.5047015,0.6144809,104.1716,0.3755339,-0.6706136,-0.6397276,-0.4338762,-0.2130149,-0.3640203,0.6050906,0.5077336,0.2058494,0.8299034,-0.1053248,192.0918,0.5105734,0.2070007,0.834545,-0.006387554,-0.0175153,0.06423421,0.06688513,0.05183058,0.2211716,-0.04075871,0.9730034,26.68733,0.2245777,0.9583187,-0.1766042,-0.08861548,1.210279,-0.06645725,1.215338,0.01383722,-0.1405981,-0.1644153,-0.9762215,334.9606,0.06383207,-0.6485888,-0.7584589,False,False,False,False
1772879688342,13.95719,0.1514038,1.063178,0.1342365,1.082262,-0.3711721,-0.6538486,0.342923,0.5631316,111.4547,-0.4491612,-0.7912324,0.4149765,-0.1009598,0.6318905,-0.06033468,0.6427432,0.5258376,0.2373081,-0.7597961,0.2998162,145.1069,0.5511941,0.2487513,-0.7964344,0.08882517,1.107502,0.2457727,1.137917,0.1156726,1.138746,0.2592152,1.173591,0.1320193,1.123283,0.2570191,1.15985,-0.01468215,0.6451418,0.03051389,0.6460298,-0.004515592,0.6435108,0.07513522,0.647898,-0.0225504,0.6344435,0.1052531,0.6435102,0.0980214,-0.08116244,0.04610248,0.135355,0.1293083,-0.07486124,0.01679227,0.1503556,0.1132975,-0.07890312,0.001350075,0.1380719,-0.1113053,0.04734823,-0.03524453,0.1259877,-0.1556904,0.05364998,-0.02589957,0.1666992,-0.1773548,0.04598392,0.002143942,0.1832317,0.09794577,-0.08111148,0.04725039,0.1356652,0.1219632,-0.0764292,0.01711733,0.1449463,0.1058289,-0.07838641,0.002453688,0.1317202,-0.1111648,0.04713971,-0.03592175,0.1259767,-0.1557809,0.05349776,-0.02604313,0.1667571,-0.1773582,0.04594698,0.002213957,0.1832265,0.1042108,-0.0795654,0.02985171,0.1344681,-0.07363561,0.9930407,0.02352302,0.08885215,169.8049,-0.07392801,0.9969839,0.02361642,-0.1412993,0.04713388,-0.01974747,0.1502566,0.1240945,-0.484798,-0.1995472,0.8424681,65.19666,0.2303395,-0.8998634,-0.3703918,0.1066016,1.117281,0.235964,1.146891,0.4937252,-0.7855493,0.3015614,0.2195643,154.6331,0.5060744,-0.8051977,0.3091042,0.1011736,-0.06607083,0.03217478,0.1250467,0.2962707,-0.5290685,-0.5047015,0.6144809,104.1716,0.3755339,-0.6706136,-0.6397276,-0.4338762,-0.2130149,-0.3640203,0.6050906,0.5077336,0.2058494,0.8299034,-0.1053248,192.0918,0.5105734,0.2070007,0.834545,-0.006601579,-0.0172807,0.06403606,0.06665448,0.04152298,0.2203629,-0.05451883,0.9730077,26.68517,0.17993,0.9548904,-0.2362444,-0.08873262,1.210325,-0.06665451,1.215403,0.01416525,-0.140476,-0.1645785,-0.9762068,334.9529,0.0653254,-0.6478285,-0.7589809,False,False,False,False
1772879688356,13.97083,0.1514038,1.063178,0.1342365,1.082262,-0.3711721,-0.6538486,0.342923,0.5631316,111.4547,-0.4491612,-0.7912324,0.4149765,-0.1009598,0.6318905,-0.06033468,0.6427432,0.5258376,0.2373081,-0.7597961,0.2998162,145.1069,0.5511941,0.2487513,-0.7964344,0.08882517,1.107502,0.2457727,1.137917,0.1156726,1.138746,0.2592152,1.173591,0.1320193,1.123283,0.2570191,1.15985,-0.01468215,0.6451418,0.03051389,0.6460298,-0.004515592,0.6435108,0.07513522,0.647898,-0.0225504,0.6344435,0.1052531,0.6435102,0.0980214,-0.08116244,0.04610248,0.135355,0.1293083,-0.07486124,0.01679227,0.1503556,0.1132975,-0.07890312,0.001350075,0.1380719,-0.1113053,0.04734823,-0.03524453,0.1259877,-0.1556904,0.05364998,-0.02589957,0.1666992,-0.1773548,0.04598392,0.002143942,0.1832317,0.09794577,-0.08111148,0.04725039,0.1356652,0.1219632,-0.0764292,0.01711733,0.1449463,0.1058289,-0.07838641,0.002453688,0.1317202,-0.1111648,0.04713971,-0.03592175,0.1259767,-0.1557809,0.05349776,-0.02604313,0.1667571,-0.1773582,0.04594698,0.002213957,0.1832265,0.1042108,-0.0795654,0.02985171,0.1344681,-0.07363561,0.9930407,0.02352302,0.08885215,169.8049,-0.07392801,0.9969839,0.02361642,-0.1412993,0.04713388,-0.01974747,0.1502566,0.1240945,-0.484798,-0.1995472,0.8424681,65.19666,0.2303395,-0.8998634,-0.3703918,0.1066251,1.117245,0.2361406,1.146895,0.4913278,-0.7907314,0.2924361,0.2186824,154.7367,0.5035148,-0.8103449,0.2996898,0.1011736,-0.06607083,0.03217478,0.1250467,0.2962707,-0.5290685,-0.5047015,0.6144809,104.1716,0.3755339,-0.6706136,-0.6397276,-0.4338762,-0.2130149,-0.3640203,0.6050906,0.5077336,0.2058494,0.8299034,-0.1053248,192.0918,0.5105734,0.2070007,0.834545,-0.006625123,-0.01724529,0.06385942,0.06647795,0.03436895,0.2186653,-0.0466801,0.9740767,26.14906,0.1519282,0.9666119,-0.2063498,-0.08885614,1.210377,-0.06683745,1.215473,0.01421381,-0.1402517,-0.1648642,-0.9761901,334.944,0.06552663,-0.6465698,-0.7600351,False,False,False,False
1772879688371,13.98481,0.1514038,1.063178,0.1342365,1.082262,-0.3711721,-0.6538486,0.342923,0.5631316,111.4547,-0.4491612,-0.7912324,0.4149765,-0.1009598,0.6318905,-0.06033468,0.6427432,0.5258376,0.2373081,-0.7597961,0.2998162,145.1069,0.5511941,0.2487513,-0.7964344,0.08882517,1.107502,0.2457727,1.137917,0.1156726,1.138746,0.2592152,1.173591,0.1320193,1.123283,0.2570191,1.15985,-0.01468215,0.6451418,0.03051389,0.6460298,-0.004515592,0.6435108,0.07513522,0.647898,-0.0225504,0.6344435,0.1052531,0.6435102,0.0980214,-0.08116244,0.04610248,0.135355,0.1293083,-0.07486124,0.01679227,0.1503556,0.1132975,-0.07890312,0.001350075,0.1380719,-0.1113053,0.04734823,-0.03524453,0.1259877,-0.1556904,0.05364998,-0.02589957,0.1666992,-0.1773548,0.04598392,0.002143942,0.1832317,0.09794577,-0.08111148,0.04725039,0.1356652,0.1219632,-0.0764292,0.01711733,0.1449463,0.1058289,-0.07838641,0.002453688,0.1317202,-0.1111648,0.04713971,-0.03592175,0.1259767,-0.1557809,0.05349776,-0.02604313,0.1667571,-0.1773582,0.04594698,0.002213957,0.1832265,0.1042108,-0.0795654,0.02985171,0.1344681,-0.07363561,0.9930407,0.02352302,0.08885215,169.8049,-0.07392801,0.9969839,0.02361642,-0.1412993,0.04713388,-0.01974747,0.1502566,0.1240945,-0.484798,-0.1995472,0.8424681,65.19666,0.2303395,-0.8998634,-0.3703918,0.1071045,1.117941,0.2357177,1.147531,0.4908119,-0.7965365,0.2958258,0.1926669,157.7831,0.5001832,-0.8117452,0.3014741,0.1011736,-0.06607083,0.03217478,0.1250467,0.2962707,-0.5290685,-0.5047015,0.6144809,104.1716,0.3755339,-0.6706136,-0.6397276,-0.4338762,-0.2130149,-0.3640203,0.6050906,0.5077336,0.2058494,0.8299034,-0.1053248,192.0918,0.5105734,0.2070007,0.834545,-0.007104479,-0.01794124,0.06428231,0.06711615,0.02296438,0.2423506,-0.04825175,0.9687161,28.73874,0.09253412,0.9765425,-0.1944286,-0.08894846,1.210407,-0.06701611,1.21552,0.01461213,-0.1399817,-0.164981,-0.9762033,334.951,0.06738136,-0.6455017,-0.7607817,False,False,False,False
1772879688385,13.99934,0.1514038,1.063178,0.1342365,1.082262,-0.3711721,-0.6538486,0.342923,0.5631316,111.4547,-0.4491612,-0.7912324,0.4149765,-0.1009598,0.6318905,-0.06033468,0.6427432,0.5258376,0.2373081,-0.7597961,0.2998162,145.1069,0.5511941,0.2487513,-0.7964344,0.08882517,1.107502,0.2457727,1.137917,0.1156726,1.138746,0.2592152,1.173591,0.1320193,1.123283,0.2570191,1.15985,-0.01468215,0.6451418,0.03051389,0.6460298,-0.004515592,0.6435108,0.07513522,0.647898,-0.0225504,0.6344435,0.1052531,0.6435102,0.0980214,-0.08116244,0.04610248,0.135355,0.1293083,-0.07486124,0.01679227,0.1503556,0.1132975,-0.07890312,0.001350075,0.1380719,-0.1113053,0.04734823,-0.03524453,0.1259877,-0.1556904,0.05364998,-0.02589957,0.1666992,-0.1773548,0.04598392,0.002143942,0.1832317,0.09794577,-0.08111148,0.04725039,0.1356652,0.1219632,-0.0764292,0.01711733,0.1449463,0.1058289,-0.07838641,0.002453688,0.1317202,-0.1111648,0.04713971,-0.03592175,0.1259767,-0.1557809,0.05349776,-0.02604313,0.1667571,-0.1773582,0.04594698,0.002213957,0.1832265,0.1042108,-0.0795654,0.02985171,0.1344681,-0.07363561,0.9930407,0.02352302,0.08885215,169.8049,-0.07392801,0.9969839,0.02361642,-0.1412993,0.04713388,-0.01974747,0.1502566,0.1240945,-0.484798,-0.1995472,0.8424681,65.19666,0.2303395,-0.8998634,-0.3703918,0.1071886,1.118438,0.2351829,1.147913,0.4922374,-0.798842,0.2927926,0.1839193,158.8037,0.50078,-0.8127056,0.2978739,0.1011736,-0.06607083,0.03217478,0.1250467,0.2962707,-0.5290685,-0.5047015,0.6144809,104.1716,0.3755339,-0.6706136,-0.6397276,-0.4338762,-0.2130149,-0.3640203,0.6050906,0.5077336,0.2058494,0.8299034,-0.1053248,192.0918,0.5105734,0.2070007,0.834545,-0.007188596,-0.01843774,0.06481712,0.06777082,0.015316,0.2480847,-0.04820981,0.9674168,29.33261,0.06049237,0.9798397,-0.1904103,-0.08903494,1.210432,-0.06721735,1.215562,0.01488938,-0.1399793,-0.1653497,-0.9761371,334.916,0.06856564,-0.644605,-0.761436,False,False,False,False
1772879688399,14.015,0.1514038,1.063178,0.1342365,1.082262,-0.3711721,-0.6538486,0.342923,0.5631316,111.4547,-0.4491612,-0.7912324,0.4149765,-0.1009598,0.6318905,-0.06033468,0.6427432,0.5258376,0.2373081,-0.7597961,0.2998162,145.1069,0.5511941,0.2487513,-0.7964344,0.08882517,1.107502,0.2457727,1.137917,0.1156726,1.138746,0.2592152,1.173591,0.1320193,1.123283,0.2570191,1.15985,-0.01468215,0.6451418,0.03051389,0.6460298,-0.004515592,0.6435108,0.07513522,0.647898,-0.0225504,0.6344435,0.1052531,0.6435102,0.0980214,-0.08116244,0.04610248,0.135355,0.1293083,-0.07486124,0.01679227,0.1503556,0.1132975,-0.07890312,0.001350075,0.1380719,-0.1113053,0.04734823,-0.03524453,0.1259877,-0.1556904,0.05364998,-0.02589957,0.1666992,-0.1773548,0.04598392,0.002143942,0.1832317,0.09794577,-0.08111148,0.04725039,0.1356652,0.1219632,-0.0764292,0.01711733,0.1449463,0.1058289,-0.07838641,0.002453688,0.1317202,-0.1111648,0.04713971,-0.03592175,0.1259767,-0.1557809,0.05349776,-0.02604313,0.1667571,-0.1773582,0.04594698,0.002213957,0.1832265,0.1042108,-0.0795654,0.02985171,0.1344681,-0.07363561,0.9930407,0.02352302,0.08885215,169.8049,-0.07392801,0.9969839,0.02361642,-0.1412993,0.04713388,-0.01974747,0.1502566,0.1240945,-0.484798,-0.1995472,0.8424681,65.19666,0.2303395,-0.8998634,-0.3703918,0.1073218,1.11964,0.2329917,1.14865,0.4811101,-0.8008399,0.3059464,0.1832632,158.8802,0.4893986,-0.8146367,0.3112172,0.1011736,-0.06607083,0.03217478,0.1250467,0.2962707,-0.5290685,-0.5047015,0.6144809,104.1716,0.3755339,-0.6706136,-0.6397276,-0.4338762,-0.2130149,-0.3640203,0.6050906,0.5077336,0.2058494,0.8299034,-0.1053248,192.0918,0.5105734,0.2070007,0.834545,-0.007321753,-0.01964021,0.06700835,0.07021014,0.0288942,0.2576529,-0.04390463,0.9648071,30.49144,0.1098809,0.9798207,-0.1669637,-0.08907883,1.210424,-0.06744128,1.215569,0.01489638,-0.1399474,-0.1654298,-0.976128,334.9112,0.06858492,-0.6443368,-0.7616611,True,True,False,False
1772879688412,14.02773,0.1517116,1.061016,0.1250949,1.079083,-0.3748364,-0.6695707,0.3126156,0.559861,111.9076,-0.4523805,-0.8080879,0.3772878,-0.1009848,0.6330679,-0.06126239,0.6439922,0.5267971,0.2357239,-0.760524,0.2975273,145.3817,0.5517857,0.2469054,-0.7965994,0.09837691,1.106109,0.2369099,1.135465,0.1122177,1.150405,0.25355,1.183348,0.1301148,1.138153,0.258208,1.174306,-0.01479319,0.6456013,0.02975188,0.6464557,-0.004520495,0.6440548,0.07422149,0.6483331,-0.02259848,0.6350279,0.104291,0.6439315,0.1009579,-0.0782347,0.03267036,0.1318352,0.1459993,-0.0668916,0.01614127,0.1614026,0.1363133,-0.07449184,-0.002311841,0.1553566,-0.1113468,0.04738864,-0.0350126,0.1259749,-0.1556538,0.05368523,-0.02591811,0.1666792,-0.177279,0.04608436,0.002136305,0.1831835,0.09821563,-0.08085375,0.04594417,0.1352572,0.1241165,-0.07557473,0.01702989,0.1463095,0.10856,-0.0780375,0.002026747,0.1337133,-0.1111811,0.04716201,-0.0358403,0.1259763,-0.1557695,0.05351455,-0.02603193,0.1667501,-0.1773511,0.04595929,0.002207,0.1832227,0.1055283,-0.07917437,0.0291407,0.1351073,-0.08673108,0.9890471,0.02118631,0.1175361,166.5002,-0.08733644,0.9959505,0.02133419,-0.1413154,0.04715235,-0.01970241,0.1502716,0.1241681,-0.4851598,-0.1993346,0.8422993,65.23256,0.2303632,-0.9000939,-0.3698161,0.1072896,1.120219,0.2322658,1.149065,0.479277,-0.8024939,0.3077556,0.177718,159.5263,0.4870299,-0.8154751,0.3127339,0.1096435,-0.06650677,0.02457847,0.1305716,0.2925462,-0.5907338,-0.5083246,0.5541269,112.6988,0.3514355,-0.7096478,-0.6106498,-0.4322222,-0.2136128,-0.366447,0.6055823,0.58354,0.2455962,0.7656927,-0.1134835,193.0323,0.5873342,0.2471931,0.7706712,-0.007289566,-0.02021921,0.06773421,0.07106249,0.02788525,0.2636597,-0.04314007,0.9632472,31.16397,0.1038104,0.9815448,-0.1606006,-0.08911885,1.210392,-0.06764702,1.215552,0.01472745,-0.1399339,-0.1654956,-0.9761213,334.9077,0.06779777,-0.6441851,-0.7618586,True,True,False,False
1772879688427,14.04415,0.1517261,1.060599,0.1247164,1.078631,-0.3805929,-0.6730535,0.3072659,0.5547394,112.6145,-0.4574301,-0.808935,0.3692993,-0.1010159,0.6329706,-0.06130738,0.6439058,0.5267971,0.2357239,-0.760524,0.2975273,145.3817,0.5517857,0.2469054,-0.7965994,0.09874533,1.106902,0.2357187,1.136022,0.1106777,1.152012,0.2525688,1.184556,0.1283594,1.138577,0.2572621,1.174316,-0.01484424,0.6455043,0.02970359,0.6463578,-0.00450765,0.6439185,0.07412556,0.6481867,-0.02264694,0.6349553,0.1042663,0.6438576,0.1014584,-0.0777197,0.03063105,0.1314246,0.1474578,-0.06623497,0.01602228,0.1624426,0.1367251,-0.07413309,-0.002351463,0.1555474,-0.1113384,0.04737458,-0.03500071,0.1259589,-0.1556096,0.05374612,-0.02593793,0.1666607,-0.1772985,0.04605372,0.002137966,0.1831946,0.09845583,-0.0806216,0.0448099,0.1349123,0.1258455,-0.07488291,0.01695525,0.1474178,0.1106463,-0.07774829,0.001702445,0.1352416,-0.1111927,0.04717776,-0.03577811,0.1259748,-0.1557577,0.0535317,-0.02602497,0.1667435,-0.1773472,0.04596629,0.002201887,0.1832206,0.10659,-0.07883371,0.02849089,0.135602,-0.0963434,0.9853238,0.01882636,0.1396441,163.9455,-0.09729674,0.9950739,0.01901265,-0.1413308,0.04716517,-0.01966641,0.1502854,0.1243207,-0.4854175,-0.1993223,0.8421311,65.26829,0.2305339,-0.9001336,-0.3696132,0.1069918,1.121207,0.2299416,1.149532,0.4680333,-0.8067837,0.3201919,0.1658974,160.9013,0.4746099,-0.8181204,0.3246912,0.1102401,-0.06642421,0.02304324,0.1307519,0.294069,-0.5899563,-0.5118851,0.5508619,113.1477,0.3523487,-0.7068761,-0.6133324,-0.4317189,-0.2140643,-0.3671281,0.6057951,0.5867472,0.2459702,0.762453,-0.1178647,193.5378,0.5908657,0.2476967,0.7678047,-0.006991781,-0.0212065,0.07005839,0.0735308,0.03491615,0.2821867,-0.03885967,0.9579361,33.35466,0.1216669,0.9832923,-0.1354083,-0.08917273,1.21037,-0.06780461,1.215543,0.01458939,-0.1401176,-0.1655921,-0.9760807,334.8863,0.06710584,-0.6444895,-0.7616628,True,True,False,False
1772879688440,14.05777,0.1520753,1.060524,0.124287,1.078557,-0.3878511,-0.6763821,0.3011392,0.5489936,113.404,-0.464033,-0.8092374,0.3602891,-0.1007423,0.6325018,-0.06121715,0.6433935,0.5267971,0.2357239,-0.760524,0.2975273,145.3817,0.5517857,0.2469054,-0.7965994,0.09838136,1.108091,0.233361,1.136663,0.1094141,1.152467,0.2506253,1.184468,0.1270491,1.14045,0.2561226,1.175741,-0.01461987,0.6450097,0.02981057,0.6458637,-0.004136619,0.6434485,0.07411037,0.6477155,-0.02234473,0.6344461,0.1043234,0.6433542,0.1013851,-0.07667179,0.02975538,0.1305484,0.1470657,-0.0659398,0.01607853,0.1619719,0.1378866,-0.07332081,-0.002546385,0.1561894,-0.1113357,0.04735775,-0.03494528,0.1259348,-0.1555363,0.0538201,-0.02603673,0.1666315,-0.1772667,0.04610407,0.002135098,0.1831765,0.0987298,-0.08025219,0.0434019,0.1344311,0.1278301,-0.07404649,0.01687325,0.148688,0.113194,-0.0773342,0.001305067,0.1370954,-0.1112061,0.04719459,-0.03570022,0.1259708,-0.1557369,0.05355867,-0.02602607,0.166733,-0.1773397,0.04597917,0.00219564,0.1832165,0.1078052,-0.07835949,0.02772325,0.1361277,-0.1063011,0.9800783,0.01525055,0.1670749,160.7644,-0.1078166,0.9940504,0.01546797,-0.1413546,0.04718198,-0.01961888,0.1503069,0.1244835,-0.4857425,-0.1993492,0.8419133,65.31457,0.2306903,-0.9001687,-0.36943,0.1068044,1.121818,0.2292124,1.149966,0.4688891,-0.8053827,0.3251043,0.160652,161.5105,0.4750596,-0.8159813,0.3293826,0.1100323,-0.06536139,0.02232992,0.1299148,0.2949087,-0.5958391,-0.5036561,0.5516658,113.0373,0.3535798,-0.7143794,-0.603857,-0.4295899,-0.2153924,-0.368535,0.6056066,0.5899599,0.2454806,0.7567728,-0.1377743,195.8382,0.5956401,0.2478441,0.7640591,-0.006804422,-0.0218184,0.07078764,0.0743857,0.03580391,0.2880138,-0.04283956,0.9559975,34.12028,0.1220413,0.981725,-0.1460231,-0.0892174,1.210371,-0.06794906,1.215555,0.01457693,-0.1402126,-0.165714,-0.9760466,334.8683,0.06700136,-0.6444727,-0.7616873,True,True,False,False
1772879688454,14.07154,0.1521898,1.059849,0.1239892,1.077875,-0.3933506,-0.6783643,0.2964768,0.5451593,113.9289,-0.4692059,-0.8091829,0.3536506,-0.1005735,0.6323942,-0.06116756,0.6432565,0.5269616,0.2356921,-0.7603872,0.2976108,145.3717,0.551973,0.2468789,-0.7964777,0.09868195,1.108825,0.2321354,1.137153,0.1085923,1.15355,0.2491995,1.185146,0.1261198,1.14107,0.2553221,1.176068,-0.01452324,0.6448857,0.02989784,0.6457418,-0.003988561,0.643303,0.07415184,0.6475748,-0.02223217,0.6343153,0.1043863,0.6432315,0.101878,-0.07593055,0.02850834,0.1302202,0.1478924,-0.06500502,0.01613681,0.1623521,0.1386131,-0.07282963,-0.002654657,0.1566039,-0.1113217,0.04735287,-0.03491114,0.1259111,-0.1554894,0.0538827,-0.02605222,0.1666104,-0.1772455,0.04613717,0.002133012,0.1831643,0.09897801,-0.07991146,0.04222766,0.134036,0.1294119,-0.07333364,0.01681519,0.149693,0.1151981,-0.07697905,0.0009928716,0.1385545,-0.1112152,0.04720707,-0.03563801,0.1259659,-0.1557174,0.05358422,-0.02602813,0.1667233,-0.1773323,0.04599163,0.002190702,0.1832123,0.1087848,-0.07793613,0.02707078,0.1365321,-0.1142352,0.9753107,0.0117595,0.1886293,158.2544,-0.1163234,0.9931392,0.01197446,-0.1413734,0.04719614,-0.01958038,0.150324,0.1246379,-0.4859962,-0.1994525,0.8417196,65.35571,0.2308473,-0.9001347,-0.3694146,0.106761,1.122632,0.227451,1.150406,0.4750218,-0.8031073,0.328767,0.1458948,163.2218,0.4801594,-0.8117934,0.3323229,0.1107513,-0.06510361,0.02162405,0.1302763,0.3005737,-0.596976,-0.5052714,0.5458719,113.8315,0.358736,-0.7124935,-0.6030436,-0.428853,-0.2159798,-0.3691886,0.6056917,0.5906672,0.2502998,0.7538314,-0.1421291,196.3421,0.596725,0.2528668,0.7615626,-0.006761037,-0.022632,0.072549,0.07629729,0.02897003,0.2993114,-0.05210795,0.9522911,35.53937,0.09492408,0.980733,-0.1707385,-0.08923519,1.210368,-0.06808989,1.215562,0.01483698,-0.1401561,-0.1659198,-0.9760157,334.8521,0.06815335,-0.6438041,-0.762149,True,True,False,False
1772879688468,14.08597,0.1520972,1.059632,0.1235926,1.077603,-0.3999423,-0.6801163,0.2905925,0.5413355,114.4508,-0.4756649,-0.8088853,0.3456115,-0.1003229,0.6323748,-0.06119339,0.6432007,0.5269616,0.2356921,-0.7603872,0.2976108,145.3717,0.551973,0.2468789,-0.7964777,0.09920998,1.109338,0.2296755,1.1372,0.1077011,1.154496,0.2475913,1.185648,0.125251,1.143744,0.2547604,1.178449,-0.01430453,0.644852,0.02984477,0.6457007,-0.003730249,0.6432387,0.07410258,0.6475038,-0.02198176,0.6342961,0.1043602,0.6431996,0.1011065,-0.07458833,0.02711894,0.1285355,0.1481098,-0.06439495,0.01620704,0.1623142,0.1408408,-0.07180342,-0.002957344,0.1581158,-0.1112846,0.04734189,-0.0348895,0.1258682,-0.1554602,0.05392103,-0.02603499,0.1665928,-0.1772453,0.04613689,0.002132982,0.183164,0.09914744,-0.0794877,0.04102492,0.1335348,0.1309003,-0.07262207,0.01676678,0.150632,0.1172394,-0.07656704,0.000678413,0.1400287,-0.1112208,0.0472178,-0.03557842,0.1259579,-0.1556969,0.05361103,-0.02602868,0.1667129,-0.1773253,0.04600319,0.002186107,0.1832085,0.109661,-0.07745931,0.02644086,0.1368378,-0.1208225,0.9698665,0.007639288,0.2114295,155.5877,-0.1236171,0.9922993,0.007815982,-0.1413893,0.04720908,-0.01954362,0.1503382,0.1248361,-0.4862358,-0.1996445,0.8415062,65.40096,0.2310721,-0.9000245,-0.3695429,0.1067415,1.12305,0.2269019,1.150704,0.4748809,-0.8049461,0.3270401,0.1399813,163.9065,0.479603,-0.8129503,0.3302921,0.1106901,-0.06421781,0.02085025,0.1296571,0.3057185,-0.6050507,-0.5086893,0.5307403,115.889,0.3607151,-0.7138949,-0.6001988,-0.4273102,-0.2167011,-0.370133,0.6054352,0.5976753,0.2610484,0.7439467,-0.1455382,196.7369,0.6041075,0.2638578,0.7519531,-0.006741501,-0.02304983,0.07309814,0.07694206,0.02442742,0.3036157,-0.05122517,0.9511031,35.98277,0.07908539,0.982976,-0.1658449,-0.08926456,1.210382,-0.06821693,1.215585,0.01468819,-0.1403709,-0.1659612,-0.9759801,334.8333,0.06742045,-0.6443179,-0.7617803,True,True,False,False
1772879688481,14.09916,0.1520312,1.058886,0.1231369,1.076809,-0.4048661,-0.6809721,0.2859973,0.5390418,114.7631,-0.4806793,-0.8084875,0.3395517,-0.1003153,0.63243,-0.06119953,0.6432545,0.5269616,0.2356921,-0.7603872,0.2976108,145.3717,0.551973,0.2468789,-0.7964777,0.09941252,1.109819,0.2285845,1.137467,0.1074214,1.155828,0.2466409,1.186722,0.1248146,1.144765,0.2541682,1.179266,-0.0143422,0.6448717,0.02982318,0.6457202,-0.003699098,0.6432102,0.07404435,0.6474686,-0.02196474,0.6343378,0.1043429,0.6432374,0.1015727,-0.07398611,0.02628882,0.1283825,0.1494734,-0.06355473,0.01610595,0.1632204,0.1421624,-0.07117026,-0.003132284,0.1590131,-0.1112507,0.04733621,-0.03484084,0.1258226,-0.1554004,0.05399955,-0.02601164,0.1665588,-0.1772345,0.04615361,0.002132051,0.1831578,0.09934906,-0.07903034,0.03979986,0.1330416,0.1324444,-0.07186827,0.01671184,0.1516108,0.1193113,-0.07611839,0.0003616183,0.141525,-0.1112232,0.04722765,-0.0355171,0.1259465,-0.1556723,0.05364333,-0.02602726,0.1667,-0.1773178,0.0460157,0.002181614,0.1832043,0.1105606,-0.07694519,0.02579775,0.1371486,-0.12718,0.9638301,0.003198541,0.2341932,152.9119,-0.1308181,0.991401,0.003290037,-0.1414037,0.04722237,-0.01950538,0.150351,0.1251176,-0.4864693,-0.1999957,0.8412461,65.45614,0.2314196,-0.8997818,-0.3699154,0.1067666,1.123195,0.2263613,1.150742,0.4740254,-0.8078977,0.3246645,0.131127,164.9306,0.4781539,-0.8149342,0.3274922,0.111435,-0.06408579,0.02026198,0.1301356,0.3051471,-0.6067984,-0.5130221,0.524871,116.6809,0.3584981,-0.7128891,-0.6027173,-0.4268656,-0.2169539,-0.3705398,0.605461,0.6025549,0.2608778,0.739872,-0.1464926,196.8474,0.6091262,0.2637229,0.7479409,-0.006766573,-0.02319527,0.07363874,0.07750142,0.01800348,0.3103347,-0.0493951,0.9491726,36.69221,0.05719813,0.9859518,-0.1569312,-0.08929726,1.210389,-0.06833006,1.2156,0.01467126,-0.1405244,-0.1658298,-0.9759807,334.8336,0.06734353,-0.6450303,-0.7611862,True,True,False,False
1772879688495,14.1128,0.1521304,1.05836,0.1230634,1.076297,-0.4090631,-0.6815902,0.2817136,0.5373451,114.9938,-0.4850383,-0.8081818,0.3340362,-0.1003321,0.6325243,-0.06116118,0.6433461,0.5269616,0.2356921,-0.7603872,0.2976108,145.3717,0.551973,0.2468789,-0.7964777,0.09960361,1.109816,0.2277057,1.137305,0.1073988,1.156297,0.2461493,1.187075,0.1247569,1.146196,0.2542694,1.18067,-0.01443729,0.6449012,0.02984623,0.6457528,-0.003702391,0.643249,0.07404104,0.6475068,-0.02196607,0.6344067,0.1043546,0.6433073,0.1014194,-0.07350719,0.02583824,0.1278937,0.1499845,-0.06316397,0.01605013,0.1635318,0.1438452,-0.07054511,-0.00336881,0.160248,-0.1112021,0.04732803,-0.03475064,0.1257516,-0.1553534,0.05405024,-0.02599719,0.1665292,-0.1772083,0.04618368,0.002130039,0.18314,0.09950753,-0.07860756,0.03873114,0.1325934,0.133787,-0.07120198,0.01666119,0.1524673,0.1211893,-0.07569177,7.606503E-05,0.1428849,-0.1112216,0.04723533,-0.03545843,0.1259314,-0.1556479,0.05367448,-0.02602496,0.1666869,-0.1773094,0.04602856,0.002177666,0.1831993,0.1113056,-0.07647962,0.02525726,0.13739,-0.1322729,0.9579396,-0.0008998864,0.2546662,150.4924,-0.1367827,0.9906008,-0.0009305682,-0.1414133,0.04723459,-0.01946951,0.1503592,0.1253795,-0.4867013,-0.2003488,0.8409889,65.51062,0.2317326,-0.8995456,-0.3702947,0.1068077,1.123422,0.2245225,1.150607,0.4719534,-0.8158232,0.3144776,0.1131211,167.0095,0.4750024,-0.8210937,0.3165092,0.1116262,-0.06379636,0.02003885,0.1301228,0.3020468,-0.6110927,-0.5160556,0.5186717,117.5136,0.353282,-0.7147503,-0.6035924,-0.4263421,-0.2169351,-0.370795,0.6052415,0.6097704,0.2601839,0.733786,-0.1484679,197.0763,0.616604,0.2630997,0.7420095,-0.006807707,-0.023422,0.07547754,0.07932083,0.0007518412,0.322032,-0.04238615,0.9457793,37.90818,0.002314707,0.991446,-0.130495,-0.08936234,1.210384,-0.06841195,1.215605,0.01461685,-0.1406445,-0.1655536,-0.976011,334.8495,0.06713569,-0.6459848,-0.7603935,True,True,False,False
1772879688509,14.1275,0.1523633,1.057671,0.1218275,1.075511,-0.4127055,-0.6822872,0.2775126,0.5358594,115.1956,-0.4888096,-0.8081029,0.3286867,-0.1002238,0.6327052,-0.06114148,0.6435052,0.5269616,0.2356921,-0.7603872,0.2976108,145.3717,0.551973,0.2468789,-0.7964777,0.09942992,1.109428,0.2252502,1.136422,0.1075589,1.157201,0.2444935,1.187628,0.1251877,1.149417,0.2538775,1.183759,-0.01440476,0.6450198,0.02984987,0.6458708,-0.003555697,0.6433486,0.07400632,0.6476009,-0.02187184,0.6346062,0.1043865,0.643506,0.100978,-0.0728223,0.0260254,0.1271887,0.1510625,-0.06231969,0.0160304,0.1641969,0.147576,-0.06927269,-0.003942907,0.1630734,-0.111154,0.04731995,-0.0346641,0.1256821,-0.1552958,0.05413754,-0.02598608,0.1665021,-0.1772199,0.04616006,0.002130888,0.1831452,0.09962361,-0.07815088,0.03772817,0.1321205,0.1351507,-0.07050083,0.0166114,0.1533363,0.1232722,-0.07518506,-0.0002411847,0.1443914,-0.1112163,0.04724201,-0.03539573,0.1259116,-0.1556201,0.05371103,-0.02602189,0.1666722,-0.1773023,0.04603894,0.002173973,0.1831951,0.1119801,-0.07598696,0.0247968,0.1375807,-0.1371533,0.951142,-0.005103486,0.2765717,147.8886,-0.1427203,0.9897488,-0.005310637,-0.141423,0.04724578,-0.01943068,0.1503668,0.125759,-0.4869369,-0.2008681,0.8406718,65.57774,0.2322227,-0.8991626,-0.3709167,0.1068128,1.123573,0.2239281,1.150639,0.4700744,-0.8212635,0.3068246,0.102055,168.285,0.4725416,-0.825574,0.308435,0.112028,-0.06319273,0.02002862,0.130172,0.2877493,-0.6207451,-0.5215792,0.5097364,118.7074,0.3344636,-0.7215192,-0.6062544,-0.4245834,-0.2169315,-0.3714013,0.6043751,0.6270695,0.2551254,0.720751,-0.1490404,197.1427,0.6341523,0.2580071,0.7288918,-0.006812789,-0.02357316,0.07607193,0.07993151,-0.01075049,0.3288093,-0.036796,0.9436182,38.66336,-0.03247526,0.9932728,-0.111154,-0.08946103,1.210373,-0.06848234,1.215605,0.01446885,-0.1407315,-0.1654484,-0.9760185,334.8535,0.0664662,-0.6464847,-0.7600276,True,True,False,False
1772879688523,14.1407,0.1524661,1.056783,0.1207128,1.074527,-0.4152489,-0.6831185,0.2737294,0.5347801,115.342,-0.4914238,-0.8084325,0.3239435,-0.1001897,0.6328484,-0.06116659,0.6436431,0.527131,0.2355377,-0.760281,0.2977041,145.3605,0.5521673,0.2467246,-0.7963908,0.09939579,1.109336,0.2240175,1.136086,0.107668,1.158261,0.2431201,1.188389,0.1253894,1.150889,0.2532297,1.185071,-0.01444007,0.6451513,0.02987262,0.646004,-0.003576499,0.6434841,0.07399733,0.6477346,-0.02189535,0.6347398,0.1043698,0.6436358,0.1016081,-0.07253157,0.02579075,0.1274762,0.1526145,-0.06116778,0.01598483,0.1651914,0.1498887,-0.06829772,-0.004320964,0.1647722,-0.1111488,0.04732086,-0.03462915,0.1256682,-0.1552644,0.05416855,-0.02598557,0.1664828,-0.1771902,0.04620596,0.002128273,0.1831281,0.09979139,-0.07767578,0.03671889,0.1316819,0.1366272,-0.06971174,0.01655842,0.1542754,0.1255226,-0.07460275,-0.0005861198,0.14602,-0.1112106,0.04724868,-0.03533092,0.1258909,-0.15559,0.05374971,-0.02601882,0.1666561,-0.1772929,0.04605306,0.002170109,0.1831894,0.1127001,-0.07545607,0.02432701,0.1377924,-0.1426661,0.9435526,-0.009324603,0.2987779,145.2316,-0.1494946,0.9887143,-0.009770911,-0.1414319,0.04725868,-0.01939065,0.1503741,0.1261163,-0.4871838,-0.2013921,0.8403499,65.64584,0.2326678,-0.8987896,-0.3715416,0.1068258,1.123443,0.2230648,1.150345,0.4688125,-0.8281552,0.2962089,0.08145085,170.6561,0.4703754,-0.830916,0.2971964,0.1131912,-0.06322846,0.01970915,0.1311432,0.2785582,-0.6255615,-0.525997,0.5043864,119.4188,0.3226001,-0.724467,-0.6091607,-0.4240514,-0.2168117,-0.3716356,0.6041026,0.638269,0.2505941,0.7125671,-0.1485384,197.0845,0.645429,0.2534052,0.7205605,-0.006825767,-0.02344298,0.07693525,0.08071677,-0.02982461,0.3417404,-0.03112924,0.9388052,40.29629,-0.08658652,0.9921374,-0.0903741,-0.08956719,1.210343,-0.06854922,1.215587,0.01433007,-0.1406893,-0.1655854,-0.9760034,334.8456,0.06580815,-0.6460893,-0.7604198,True,True,False,False
1772879688537,14.15525,0.1530192,1.055749,0.1193173,1.073433,-0.4170935,-0.6842822,0.2691912,0.5341602,115.4261,-0.4933779,-0.8094342,0.3184251,-0.1002122,0.6331494,-0.06128427,0.6439537,0.527131,0.2355377,-0.760281,0.2977041,145.3605,0.5521673,0.2467246,-0.7963908,0.09935137,1.108613,0.2223607,1.13505,0.1082852,1.158913,0.2416186,1.188775,0.1262703,1.15274,0.2523766,1.186781,-0.01449662,0.6454253,0.02975623,0.6462735,-0.003598105,0.6437916,0.07388557,0.6480275,-0.02186464,0.6349698,0.1042056,0.6438351,0.1019367,-0.07226823,0.02605715,0.1276431,0.154141,-0.05990443,0.01592514,0.1661373,0.1528265,-0.06669787,-0.004797399,0.166816,-0.1111354,0.04731604,-0.03458805,0.1256432,-0.1552715,0.05416418,-0.02598852,0.1664885,-0.1771461,0.0462957,0.002125286,0.183108,0.09995563,-0.0772618,0.03590266,0.1313374,0.137968,-0.06896093,0.01650994,0.1551237,0.1276129,-0.07399758,-0.0009085236,0.1475178,-0.1112048,0.04725383,-0.03527404,0.1258717,-0.1555656,0.05378145,-0.0260165,0.1666432,-0.1772816,0.04607163,0.002166678,0.1831831,0.1133171,-0.07497095,0.02395803,0.1379688,-0.1475111,0.9364746,-0.01232847,0.3179681,142.9198,-0.1555858,0.9877368,-0.01300333,-0.1414354,0.04727205,-0.01935721,0.1503773,0.1262992,-0.4874281,-0.2017164,0.8401029,65.69803,0.2328408,-0.8986058,-0.3718774,0.1067308,1.122871,0.2197015,1.14913,0.4588805,-0.8440393,0.2743447,0.04196998,175.1892,0.4592852,-0.8447836,0.2745866,0.1144148,-0.06320349,0.0198591,0.1322112,0.264152,-0.6363792,-0.529921,0.4943979,120.7399,0.3038899,-0.7321134,-0.6096401,-0.4232705,-0.216447,-0.3716178,0.6034128,0.6564944,0.2468402,0.6970774,-0.1488899,197.1252,0.6638944,0.2496226,0.7049347,-0.00673075,-0.02287138,0.08029848,0.08376306,-0.06502359,0.3678143,-0.01263744,0.9275371,43.89184,-0.1739849,0.9841678,-0.03381424,-0.08967104,1.210311,-0.06860444,1.215566,0.01422691,-0.1405682,-0.165618,-0.9760168,334.8526,0.06535247,-0.6457112,-0.7607797,True,True,False,False
1772879688550,14.16916,0.154354,1.054531,0.115214,1.071977,-0.4188592,-0.6861342,0.2629825,0.5334951,115.5162,-0.4952207,-0.811222,0.3109264,-0.1004414,0.6337587,-0.06160069,0.6446187,0.527131,0.2355377,-0.760281,0.2977041,145.3605,0.5521673,0.2467246,-0.7963908,0.09917641,1.107359,0.2170747,1.132784,0.1097209,1.159635,0.2373844,1.188757,0.1283923,1.156854,0.2487935,1.190249,-0.01470247,0.6460701,0.02942084,0.6469067,-0.003830154,0.644411,0.07357799,0.6486092,-0.02205906,0.635532,0.1038556,0.6443396,0.1017273,-0.07153164,0.02730767,0.1273222,0.1559959,-0.05813347,0.01582323,0.1672262,0.1579645,-0.06327738,-0.005535334,0.170257,-0.111131,0.04730803,-0.03463366,0.1256489,-0.1552812,0.05415465,-0.0259905,0.1664947,-0.1771141,0.04635516,0.00212273,0.1830921,0.1001041,-0.07678165,0.03518245,0.1309735,0.1394787,-0.06805365,0.0164524,0.156065,0.1301562,-0.07309929,-0.001296224,0.1492844,-0.1111986,0.04725837,-0.03522038,0.125853,-0.1555418,0.05381272,-0.02601432,0.1666307,-0.1772676,0.04609539,0.002162995,0.1831755,0.1138993,-0.07438602,0.02368866,0.138085,-0.1516322,0.9283052,-0.01357224,0.3392241,140.3408,-0.1611898,0.986818,-0.01442773,-0.1414355,0.04728717,-0.01932661,0.1503782,0.1264024,-0.4876708,-0.2019884,0.8398812,65.74486,0.2328838,-0.8984847,-0.3721434,0.1066983,1.123123,0.2187205,1.149186,0.4534782,-0.851055,0.262674,0.03264153,176.2589,0.4537199,-0.8515087,0.262814,0.1157376,-0.06350743,0.02067933,0.1336265,0.2286597,-0.6570832,-0.533063,0.4814565,122.4389,0.2608871,-0.7496927,-0.608193,-0.4201956,-0.2153773,-0.3719285,0.6010678,0.6915755,0.2323343,0.6665854,-0.1529973,197.6013,0.6998146,0.2351022,0.6745269,-0.006698333,-0.02312291,0.0812795,0.08476965,-0.07754155,0.3723136,-0.001796576,0.9248605,44.70538,-0.2038921,0.978982,-0.004724018,-0.08981183,1.210289,-0.06862635,1.215556,0.01414373,-0.1404894,-0.1658156,-0.9759958,334.8416,0.06494229,-0.6450708,-0.7613584,True,True,False,False
1772879688565,14.18252,0.1545931,1.053711,0.1136053,1.071033,-0.4202881,-0.6881973,0.2564888,0.5328751,115.6002,-0.4966807,-0.8132856,0.3031088,-0.1005719,0.6339351,-0.06167961,0.64482,0.5273324,0.235714,-0.7601757,0.2974769,145.3878,0.5523372,0.246891,-0.7962214,0.09882063,1.10727,0.2154308,1.132353,0.1097744,1.159565,0.2358829,1.188394,0.1287138,1.157678,0.2476358,1.190844,-0.01486164,0.6461561,0.02937404,0.6469942,-0.003983859,0.6444683,0.07351808,0.6486603,-0.02223947,0.6356075,0.1038252,0.6444154,0.1027495,-0.07098418,0.02741286,0.127858,0.1570234,-0.05708407,0.01583338,0.1678262,0.1600098,-0.06169055,-0.00585191,0.1715899,-0.1111311,0.04730782,-0.03461515,0.1256438,-0.1552725,0.05416312,-0.02598874,0.1664891,-0.1771446,0.04632365,0.002126321,0.1831137,0.1003166,-0.07631581,0.03455816,0.1306974,0.1408884,-0.06717224,0.01640266,0.1569417,0.1325549,-0.07218259,-0.001662276,0.1509434,-0.1111932,0.04726234,-0.03517175,0.1258361,-0.1555202,0.05384088,-0.02601226,0.1666193,-0.1772577,0.04611373,0.002160048,0.1831705,0.114474,-0.07381405,0.02342989,0.1382091,-0.1551073,0.9209126,-0.01406663,0.3573008,138.131,-0.1660697,0.9859989,-0.01506081,-0.1414381,0.04729946,-0.01929806,0.1503808,0.126542,-0.4878848,-0.2022724,0.8396674,65.78996,0.232999,-0.8983319,-0.3724399,0.1067585,1.122801,0.2155379,1.148275,0.4477766,-0.8622548,0.2366491,-0.003169507,180.3632,0.4477789,-0.8622592,0.2366503,0.1173359,-0.06304907,0.02045226,0.1347635,0.2178515,-0.6577531,-0.5381705,0.479869,122.6463,0.2483091,-0.7497127,-0.6134115,-0.4190727,-0.2154944,-0.3725994,0.6007413,0.7027217,0.2223763,0.6586328,-0.1514401,197.4208,0.710921,0.224971,0.6663177,-0.006758548,-0.02280128,0.08446214,0.08774639,-0.1149633,0.3910953,0.01320201,0.9130465,48.14042,-0.2818724,0.9589055,0.03236929,-0.08993398,1.210248,-0.06864027,1.215524,0.0140784,-0.1403901,-0.1659173,-0.9759938,334.8405,0.06463965,-0.6445877,-0.7617937,True,True,False,False
1772879688578,14.19666,0.1555223,1.053388,0.1106017,1.070535,-0.4219165,-0.6911166,0.2483058,0.5316846,115.7613,-0.4981644,-0.8160138,0.2931791,-0.1007981,0.6342162,-0.06166555,0.6451303,0.5275004,0.2359166,-0.7601081,0.2971909,145.4221,0.5524616,0.2470801,-0.7960764,0.09852376,1.105712,0.2104751,1.12987,0.1102982,1.160271,0.2328337,1.188531,0.1298647,1.16015,0.2450781,1.192844,-0.015098,0.6463389,0.02940465,0.6471836,-0.004218515,0.6446252,0.07354864,0.6488211,-0.02245736,0.635878,0.1038784,0.6446983,0.1012824,-0.0700343,0.02825692,0.1263384,0.1583274,-0.05557507,0.01592867,0.1685523,0.1631205,-0.05908908,-0.006375283,0.1736101,-0.1111289,0.04730911,-0.03460449,0.1256394,-0.1552741,0.05416124,-0.02598792,0.1664898,-0.1772072,0.04624177,0.002034947,0.1831525,0.1003915,-0.07582913,0.03406994,0.1303429,0.1422396,-0.0662737,0.01636593,0.1577724,0.1349231,-0.07116811,-0.002027437,0.1525558,-0.1111882,0.04726597,-0.0351278,0.1258207,-0.1555011,0.0538657,-0.02601038,0.1666092,-0.1772538,0.04612365,0.002150356,0.1831691,0.1149003,-0.07321864,0.02325003,0.1382158,-0.1572733,0.913786,-0.01358238,0.3742671,136.0419,-0.1695996,0.9854043,-0.0146469,-0.1414414,0.04730774,-0.01927543,0.1503837,0.1267935,-0.488097,-0.2026326,0.8394194,65.84229,0.2332975,-0.8980886,-0.37284,0.1067588,1.123105,0.2145725,1.148392,0.4427485,-0.8686748,0.2217342,-0.01456141,181.6687,0.4427954,-0.8687669,0.2217577,0.1177734,-0.06251756,0.02070538,0.134936,0.1861879,-0.6716698,-0.5466557,0.4640705,124.6998,0.2101922,-0.758265,-0.6171334,-0.415684,-0.2149649,-0.3736761,0.5988631,0.7343245,0.2096846,0.6283985,-0.1480387,197.0266,0.7425057,0.2120207,0.6353996,-0.006758809,-0.02310514,0.08542754,0.08875468,-0.1310505,0.3952082,0.02440706,0.9088679,49.3013,-0.3142062,0.9475495,0.05851827,-0.09004105,1.210196,-0.06865455,1.215481,0.0140212,-0.1403603,-0.1658705,-0.9760069,334.8474,0.0643943,-0.6446241,-0.7617831,False,False,False,False
1772879688592,14.20937,0.1555223,1.053388,0.1106017,1.070535,-0.4219165,-0.6911166,0.2483058,0.5316846,115.7613,-0.4981644,-0.8160138,0.2931791,-0.1007981,0.6342162,-0.06166555,0.6451303,0.5275004,0.2359166,-0.7601081,0.2971909,145.4221,0.5524616,0.2470801,-0.7960764,0.09852376,1.105712,0.2104751,1.12987,0.1102982,1.160271,0.2328337,1.188531,0.1298647,1.16015,0.2450781,1.192844,-0.015098,0.6463389,0.02940465,0.6471836,-0.004218515,0.6446252,0.07354864,0.6488211,-0.02245736,0.635878,0.1038784,0.6446983,0.1012824,-0.0700343,0.02825692,0.1263384,0.1583274,-0.05557507,0.01592867,0.1685523,0.1631205,-0.05908908,-0.006375283,0.1736101,-0.1111289,0.04730911,-0.03460449,0.1256394,-0.1552741,0.05416124,-0.02598792,0.1664898,-0.1772072,0.04624177,0.002034947,0.1831525,0.1003915,-0.07582913,0.03406994,0.1303429,0.1422396,-0.0662737,0.01636593,0.1577724,0.1349231,-0.07116811,-0.002027437,0.1525558,-0.1111882,0.04726597,-0.0351278,0.1258207,-0.1555011,0.0538657,-0.02601038,0.1666092,-0.1772538,0.04612365,0.002150356,0.1831691,0.1149003,-0.07321864,0.02325003,0.1382158,-0.1572733,0.913786,-0.01358238,0.3742671,136.0419,-0.1695996,0.9854043,-0.0146469,-0.1414414,0.04730774,-0.01927543,0.1503837,0.1267935,-0.488097,-0.2026326,0.8394194,65.84229,0.2332975,-0.8980886,-0.37284,0.1068698,1.123247,0.2135061,1.148342,0.4366589,-0.8754421,0.2029692,-0.04163678,184.7726,0.4370379,-0.8762019,0.2031454,0.1177734,-0.06251756,0.02070538,0.134936,0.1861879,-0.6716698,-0.5466557,0.4640705,124.6998,0.2101922,-0.758265,-0.6171334,-0.415684,-0.2149649,-0.3736761,0.5988631,0.7343245,0.2096846,0.6283985,-0.1480387,197.0266,0.7425057,0.2120207,0.6353996,-0.006869793,-0.02324653,0.08649392,0.08982646,-0.1577364,0.4094743,0.03586927,0.8978661,52.24207,-0.3582729,0.9300551,0.08147129,-0.09014125,1.210165,-0.06866775,1.215459,0.01396941,-0.1402194,-0.1664988,-0.9759209,334.8022,0.06404321,-0.6428403,-0.7633188,False,False,False,False
1772879688607,14.22283,0.1555223,1.053388,0.1106017,1.070535,-0.4219165,-0.6911166,0.2483058,0.5316846,115.7613,-0.4981644,-0.8160138,0.2931791,-0.1007981,0.6342162,-0.06166555,0.6451303,0.5275004,0.2359166,-0.7601081,0.2971909,145.4221,0.5524616,0.2470801,-0.7960764,0.09852376,1.105712,0.2104751,1.12987,0.1102982,1.160271,0.2328337,1.188531,0.1298647,1.16015,0.2450781,1.192844,-0.015098,0.6463389,0.02940465,0.6471836,-0.004218515,0.6446252,0.07354864,0.6488211,-0.02245736,0.635878,0.1038784,0.6446983,0.1012824,-0.0700343,0.02825692,0.1263384,0.1583274,-0.05557507,0.01592867,0.1685523,0.1631205,-0.05908908,-0.006375283,0.1736101,-0.1111289,0.04730911,-0.03460449,0.1256394,-0.1552741,0.05416124,-0.02598792,0.1664898,-0.1772072,0.04624177,0.002034947,0.1831525,0.1003915,-0.07582913,0.03406994,0.1303429,0.1422396,-0.0662737,0.01636593,0.1577724,0.1349231,-0.07116811,-0.002027437,0.1525558,-0.1111882,0.04726597,-0.0351278,0.1258207,-0.1555011,0.0538657,-0.02601038,0.1666092,-0.1772538,0.04612365,0.002150356,0.1831691,0.1149003,-0.07321864,0.02325003,0.1382158,-0.1572733,0.913786,-0.01358238,0.3742671,136.0419,-0.1695996,0.9854043,-0.0146469,-0.1414414,0.04730774,-0.01927543,0.1503837,0.1267935,-0.488097,-0.2026326,0.8394194,65.84229,0.2332975,-0.8980886,-0.37284,0.1072892,1.123443,0.2090339,1.14775,0.4265771,-0.8849724,0.1564556,-0.1018705,191.6938,0.4288079,-0.8896005,0.1572738,0.1177734,-0.06251756,0.02070538,0.134936,0.1861879,-0.6716698,-0.5466557,0.4640705,124.6998,0.2101922,-0.758265,-0.6171334,-0.415684,-0.2149649,-0.3736761,0.5988631,0.7343245,0.2096846,0.6283985,-0.1480387,197.0266,0.7425057,0.2120207,0.6353996,-0.007289246,-0.02344263,0.09096612,0.09422062,-0.2212576,0.4361658,0.05774068,0.8703279,59.00648,-0.4492788,0.8856646,0.1172464,-0.09022655,1.21011,-0.06865328,1.21541,0.01395999,-0.139973,-0.1670619,-0.9758601,334.7703,0.06392042,-0.6409124,-0.7649478,False,False,False,False
1772879688620,14.23554,0.1555223,1.053388,0.1106017,1.070535,-0.4219165,-0.6911166,0.2483058,0.5316846,115.7613,-0.4981644,-0.8160138,0.2931791,-0.1007981,0.6342162,-0.06166555,0.6451303,0.5275004,0.2359166,-0.7601081,0.2971909,145.4221,0.5524616,0.2470801,-0.7960764,0.09852376,1.105712,0.2104751,1.12987,0.1102982,1.160271,0.2328337,1.188531,0.1298647,1.16015,0.2450781,1.192844,-0.015098,0.6463389,0.02940465,0.6471836,-0.004218515,0.6446252,0.07354864,0.6488211,-0.02245736,0.635878,0.1038784,0.6446983,0.1012824,-0.0700343,0.02825692,0.1263384,0.1583274,-0.05557507,0.01592867,0.1685523,0.1631205,-0.05908908,-0.006375283,0.1736101,-0.1111289,0.04730911,-0.03460449,0.1256394,-0.1552741,0.05416124,-0.02598792,0.1664898,-0.1772072,0.04624177,0.002034947,0.1831525,0.1003915,-0.07582913,0.03406994,0.1303429,0.1422396,-0.0662737,0.01636593,0.1577724,0.1349231,-0.07116811,-0.002027437,0.1525558,-0.1111882,0.04726597,-0.0351278,0.1258207,-0.1555011,0.0538657,-0.02601038,0.1666092,-0.1772538,0.04612365,0.002150356,0.1831691,0.1149003,-0.07321864,0.02325003,0.1382158,-0.1572733,0.913786,-0.01358238,0.3742671,136.0419,-0.1695996,0.9854043,-0.0146469,-0.1414414,0.04730774,-0.01927543,0.1503837,0.1267935,-0.488097,-0.2026326,0.8394194,65.84229,0.2332975,-0.8980886,-0.37284,0.1074377,1.123738,0.2080148,1.147867,0.4195612,-0.8884103,0.130717,-0.1326978,195.251,0.4233047,-0.896337,0.1318833,0.1177734,-0.06251756,0.02070538,0.134936,0.1861879,-0.6716698,-0.5466557,0.4640705,124.6998,0.2101922,-0.758265,-0.6171334,-0.415684,-0.2149649,-0.3736761,0.5988631,0.7343245,0.2096846,0.6283985,-0.1480387,197.0266,0.7425057,0.2120207,0.6353996,-0.007437676,-0.02373779,0.09198523,0.09528947,-0.2543159,0.4485433,0.0703375,0.8539235,62.71801,-0.4886942,0.8619222,0.1351608,-0.09027921,1.210038,-0.06856514,1.215336,0.01376286,-0.1398365,-0.167555,-0.975798,334.7377,0.06293778,-0.6394745,-0.7662315,False,False,False,False
1772879688634,14.24939,0.1555223,1.053388,0.1106017,1.070535,-0.4219165,-0.6911166,0.2483058,0.5316846,115.7613,-0.4981644,-0.8160138,0.2931791,-0.1007981,0.6342162,-0.06166555,0.6451303,0.5275004,0.2359166,-0.7601081,0.2971909,145.4221,0.5524616,0.2470801,-0.7960764,0.09852376,1.105712,0.2104751,1.12987,0.1102982,1.160271,0.2328337,1.188531,0.1298647,1.16015,0.2450781,1.192844,-0.015098,0.6463389,0.02940465,0.6471836,-0.004218515,0.6446252,0.07354864,0.6488211,-0.02245736,0.635878,0.1038784,0.6446983,0.1012824,-0.0700343,0.02825692,0.1263384,0.1583274,-0.05557507,0.01592867,0.1685523,0.1631205,-0.05908908,-0.006375283,0.1736101,-0.1111289,0.04730911,-0.03460449,0.1256394,-0.1552741,0.05416124,-0.02598792,0.1664898,-0.1772072,0.04624177,0.002034947,0.1831525,0.1003915,-0.07582913,0.03406994,0.1303429,0.1422396,-0.0662737,0.01636593,0.1577724,0.1349231,-0.07116811,-0.002027437,0.1525558,-0.1111882,0.04726597,-0.0351278,0.1258207,-0.1555011,0.0538657,-0.02601038,0.1666092,-0.1772538,0.04612365,0.002150356,0.1831691,0.1149003,-0.07321864,0.02325003,0.1382158,-0.1572733,0.913786,-0.01358238,0.3742671,136.0419,-0.1695996,0.9854043,-0.0146469,-0.1414414,0.04730774,-0.01927543,0.1503837,0.1267935,-0.488097,-0.2026326,0.8394194,65.84229,0.2332975,-0.8980886,-0.37284,0.1075453,1.123738,0.2077466,1.147829,0.4204489,-0.8871986,0.126074,-0.1421504,196.3446,0.4247623,-0.8963006,0.1273675,0.1177734,-0.06251756,0.02070538,0.134936,0.1861879,-0.6716698,-0.5466557,0.4640705,124.6998,0.2101922,-0.758265,-0.6171334,-0.415684,-0.2149649,-0.3736761,0.5988631,0.7343245,0.2096846,0.6283985,-0.1480387,197.0266,0.7425057,0.2120207,0.6353996,-0.007545337,-0.02373779,0.09225337,0.09555679,-0.2628437,0.4527133,0.06949826,0.8491961,63.75134,-0.4977367,0.8572852,0.1316061,-0.09030036,1.209945,-0.06848438,1.215241,0.01345631,-0.1400594,-0.1677947,-0.9757291,334.7016,0.06144964,-0.6395957,-0.7662521,False,False,False,False
1772879688649,14.26309,0.1555223,1.053388,0.1106017,1.070535,-0.4219165,-0.6911166,0.2483058,0.5316846,115.7613,-0.4981644,-0.8160138,0.2931791,-0.1007981,0.6342162,-0.06166555,0.6451303,0.5275004,0.2359166,-0.7601081,0.2971909,145.4221,0.5524616,0.2470801,-0.7960764,0.09852376,1.105712,0.2104751,1.12987,0.1102982,1.160271,0.2328337,1.188531,0.1298647,1.16015,0.2450781,1.192844,-0.015098,0.6463389,0.02940465,0.6471836,-0.004218515,0.6446252,0.07354864,0.6488211,-0.02245736,0.635878,0.1038784,0.6446983,0.1012824,-0.0700343,0.02825692,0.1263384,0.1583274,-0.05557507,0.01592867,0.1685523,0.1631205,-0.05908908,-0.006375283,0.1736101,-0.1111289,0.04730911,-0.03460449,0.1256394,-0.1552741,0.05416124,-0.02598792,0.1664898,-0.1772072,0.04624177,0.002034947,0.1831525,0.1003915,-0.07582913,0.03406994,0.1303429,0.1422396,-0.0662737,0.01636593,0.1577724,0.1349231,-0.07116811,-0.002027437,0.1525558,-0.1111882,0.04726597,-0.0351278,0.1258207,-0.1555011,0.0538657,-0.02601038,0.1666092,-0.1772538,0.04612365,0.002150356,0.1831691,0.1149003,-0.07321864,0.02325003,0.1382158,-0.1572733,0.913786,-0.01358238,0.3742671,136.0419,-0.1695996,0.9854043,-0.0146469,-0.1414414,0.04730774,-0.01927543,0.1503837,0.1267935,-0.488097,-0.2026326,0.8394194,65.84229,0.2332975,-0.8980886,-0.37284,0.107651,1.123744,0.2077726,1.14785,0.4230427,-0.8851465,0.1277565,-0.1457013,196.7558,0.4276059,-0.8946941,0.1291345,0.1177734,-0.06251756,0.02070538,0.134936,0.1861879,-0.6716698,-0.5466557,0.4640705,124.6998,0.2101922,-0.758265,-0.6171334,-0.415684,-0.2149649,-0.3736761,0.5988631,0.7343245,0.2096846,0.6283985,-0.1480387,197.0266,0.7425057,0.2120207,0.6353996,-0.007650971,-0.02374387,0.09222741,0.09554164,-0.2641002,0.4551104,0.06534476,0.8478537,64.04206,-0.4980856,0.8583255,0.1232384,-0.09025527,1.209803,-0.06842855,1.215093,0.0128379,-0.1404274,-0.168124,-0.9756278,334.6487,0.05850522,-0.6399593,-0.7661789,False,False,False,False
1772879688661,14.27688,0.1555223,1.053388,0.1106017,1.070535,-0.4219165,-0.6911166,0.2483058,0.5316846,115.7613,-0.4981644,-0.8160138,0.2931791,-0.1007981,0.6342162,-0.06166555,0.6451303,0.5275004,0.2359166,-0.7601081,0.2971909,145.4221,0.5524616,0.2470801,-0.7960764,0.09852376,1.105712,0.2104751,1.12987,0.1102982,1.160271,0.2328337,1.188531,0.1298647,1.16015,0.2450781,1.192844,-0.015098,0.6463389,0.02940465,0.6471836,-0.004218515,0.6446252,0.07354864,0.6488211,-0.02245736,0.635878,0.1038784,0.6446983,0.1012824,-0.0700343,0.02825692,0.1263384,0.1583274,-0.05557507,0.01592867,0.1685523,0.1631205,-0.05908908,-0.006375283,0.1736101,-0.1111289,0.04730911,-0.03460449,0.1256394,-0.1552741,0.05416124,-0.02598792,0.1664898,-0.1772072,0.04624177,0.002034947,0.1831525,0.1003915,-0.07582913,0.03406994,0.1303429,0.1422396,-0.0662737,0.01636593,0.1577724,0.1349231,-0.07116811,-0.002027437,0.1525558,-0.1111882,0.04726597,-0.0351278,0.1258207,-0.1555011,0.0538657,-0.02601038,0.1666092,-0.1772538,0.04612365,0.002150356,0.1831691,0.1149003,-0.07321864,0.02325003,0.1382158,-0.1572733,0.913786,-0.01358238,0.3742671,136.0419,-0.1695996,0.9854043,-0.0146469,-0.1414414,0.04730774,-0.01927543,0.1503837,0.1267935,-0.488097,-0.2026326,0.8394194,65.84229,0.2332975,-0.8980886,-0.37284,0.107651,1.123744,0.2077726,1.14785,0.4230427,-0.8851465,0.1277565,-0.1457013,196.7558,0.4276059,-0.8946941,0.1291345,0.1177734,-0.06251756,0.02070538,0.134936,0.1861879,-0.6716698,-0.5466557,0.4640705,124.6998,0.2101922,-0.758265,-0.6171334,-0.415684,-0.2149649,-0.3736761,0.5988631,0.7343245,0.2096846,0.6283985,-0.1480387,197.0266,0.7425057,0.2120207,0.6353996,-0.007650971,-0.02374387,0.09222741,0.09554164,-0.2641002,0.4551104,0.06534476,0.8478537,64.04206,-0.4980856,0.8583255,0.1232384,-0.09012581,1.209622,-0.06838411,1.2149,0.01173139,-0.1413891,-0.1690994,-0.9753343,334.4958,0.05314742,-0.6405436,-0.7660812,False,False,False,False
1772879688675,14.29018,0.1555223,1.053388,0.1106017,1.070535,-0.4219165,-0.6911166,0.2483058,0.5316846,115.7613,-0.4981644,-0.8160138,0.2931791,-0.1007981,0.6342162,-0.06166555,0.6451303,0.5275004,0.2359166,-0.7601081,0.2971909,145.4221,0.5524616,0.2470801,-0.7960764,0.09852376,1.105712,0.2104751,1.12987,0.1102982,1.160271,0.2328337,1.188531,0.1298647,1.16015,0.2450781,1.192844,-0.015098,0.6463389,0.02940465,0.6471836,-0.004218515,0.6446252,0.07354864,0.6488211,-0.02245736,0.635878,0.1038784,0.6446983,0.1012824,-0.0700343,0.02825692,0.1263384,0.1583274,-0.05557507,0.01592867,0.1685523,0.1631205,-0.05908908,-0.006375283,0.1736101,-0.1111289,0.04730911,-0.03460449,0.1256394,-0.1552741,0.05416124,-0.02598792,0.1664898,-0.1772072,0.04624177,0.002034947,0.1831525,0.1003915,-0.07582913,0.03406994,0.1303429,0.1422396,-0.0662737,0.01636593,0.1577724,0.1349231,-0.07116811,-0.002027437,0.1525558,-0.1111882,0.04726597,-0.0351278,0.1258207,-0.1555011,0.0538657,-0.02601038,0.1666092,-0.1772538,0.04612365,0.002150356,0.1831691,0.1149003,-0.07321864,0.02325003,0.1382158,-0.1572733,0.913786,-0.01358238,0.3742671,136.0419,-0.1695996,0.9854043,-0.0146469,-0.1414414,0.04730774,-0.01927543,0.1503837,0.1267935,-0.488097,-0.2026326,0.8394194,65.84229,0.2332975,-0.8980886,-0.37284,0.107651,1.123744,0.2077726,1.14785,0.4230427,-0.8851465,0.1277565,-0.1457013,196.7558,0.4276059,-0.8946941,0.1291345,0.1177734,-0.06251756,0.02070538,0.134936,0.1861879,-0.6716698,-0.5466557,0.4640705,124.6998,0.2101922,-0.758265,-0.6171334,-0.415684,-0.2149649,-0.3736761,0.5988631,0.7343245,0.2096846,0.6283985,-0.1480387,197.0266,0.7425057,0.2120207,0.6353996,-0.007650971,-0.02374387,0.09222741,0.09554164,-0.2641002,0.4551104,0.06534476,0.8478537,64.04206,-0.4980856,0.8583255,0.1232384,-0.08994431,1.209478,-0.06839067,1.214745,0.01053911,-0.1424691,-0.1695441,-0.9751135,334.3815,0.0475364,-0.6426035,-0.7647246,False,False,False,False
1772879688690,14.3041,0.1555223,1.053388,0.1106017,1.070535,-0.4219165,-0.6911166,0.2483058,0.5316846,115.7613,-0.4981644,-0.8160138,0.2931791,-0.1007981,0.6342162,-0.06166555,0.6451303,0.5275004,0.2359166,-0.7601081,0.2971909,145.4221,0.5524616,0.2470801,-0.7960764,0.09852376,1.105712,0.2104751,1.12987,0.1102982,1.160271,0.2328337,1.188531,0.1298647,1.16015,0.2450781,1.192844,-0.015098,0.6463389,0.02940465,0.6471836,-0.004218515,0.6446252,0.07354864,0.6488211,-0.02245736,0.635878,0.1038784,0.6446983,0.1012824,-0.0700343,0.02825692,0.1263384,0.1583274,-0.05557507,0.01592867,0.1685523,0.1631205,-0.05908908,-0.006375283,0.1736101,-0.1111289,0.04730911,-0.03460449,0.1256394,-0.1552741,0.05416124,-0.02598792,0.1664898,-0.1772072,0.04624177,0.002034947,0.1831525,0.1003915,-0.07582913,0.03406994,0.1303429,0.1422396,-0.0662737,0.01636593,0.1577724,0.1349231,-0.07116811,-0.002027437,0.1525558,-0.1111882,0.04726597,-0.0351278,0.1258207,-0.1555011,0.0538657,-0.02601038,0.1666092,-0.1772538,0.04612365,0.002150356,0.1831691,0.1149003,-0.07321864,0.02325003,0.1382158,-0.1572733,0.913786,-0.01358238,0.3742671,136.0419,-0.1695996,0.9854043,-0.0146469,-0.1414414,0.04730774,-0.01927543,0.1503837,0.1267935,-0.488097,-0.2026326,0.8394194,65.84229,0.2332975,-0.8980886,-0.37284,0.107651,1.123744,0.2077726,1.14785,0.4230427,-0.8851465,0.1277565,-0.1457013,196.7558,0.4276059,-0.8946941,0.1291345,0.1177734,-0.06251756,0.02070538,0.134936,0.1861879,-0.6716698,-0.5466557,0.4640705,124.6998,0.2101922,-0.758265,-0.6171334,-0.415684,-0.2149649,-0.3736761,0.5988631,0.7343245,0.2096846,0.6283985,-0.1480387,197.0266,0.7425057,0.2120207,0.6353996,-0.007650971,-0.02374387,0.09222741,0.09554164,-0.2641002,0.4551104,0.06534476,0.8478537,64.04206,-0.4980856,0.8583255,0.1232384,-0.08978952,1.209333,-0.06843023,1.214591,0.009664476,-0.1438324,-0.1694382,-0.9749408,334.2924,0.0434428,-0.6465414,-0.7616419,False,False,False,False
1772879688704,14.31873,0.1555223,1.053388,0.1106017,1.070535,-0.4219165,-0.6911166,0.2483058,0.5316846,115.7613,-0.4981644,-0.8160138,0.2931791,-0.1007981,0.6342162,-0.06166555,0.6451303,0.5275004,0.2359166,-0.7601081,0.2971909,145.4221,0.5524616,0.2470801,-0.7960764,0.09852376,1.105712,0.2104751,1.12987,0.1102982,1.160271,0.2328337,1.188531,0.1298647,1.16015,0.2450781,1.192844,-0.015098,0.6463389,0.02940465,0.6471836,-0.004218515,0.6446252,0.07354864,0.6488211,-0.02245736,0.635878,0.1038784,0.6446983,0.1012824,-0.0700343,0.02825692,0.1263384,0.1583274,-0.05557507,0.01592867,0.1685523,0.1631205,-0.05908908,-0.006375283,0.1736101,-0.1111289,0.04730911,-0.03460449,0.1256394,-0.1552741,0.05416124,-0.02598792,0.1664898,-0.1772072,0.04624177,0.002034947,0.1831525,0.1003915,-0.07582913,0.03406994,0.1303429,0.1422396,-0.0662737,0.01636593,0.1577724,0.1349231,-0.07116811,-0.002027437,0.1525558,-0.1111882,0.04726597,-0.0351278,0.1258207,-0.1555011,0.0538657,-0.02601038,0.1666092,-0.1772538,0.04612365,0.002150356,0.1831691,0.1149003,-0.07321864,0.02325003,0.1382158,-0.1572733,0.913786,-0.01358238,0.3742671,136.0419,-0.1695996,0.9854043,-0.0146469,-0.1414414,0.04730774,-0.01927543,0.1503837,0.1267935,-0.488097,-0.2026326,0.8394194,65.84229,0.2332975,-0.8980886,-0.37284,0.107651,1.123744,0.2077726,1.14785,0.4230427,-0.8851465,0.1277565,-0.1457013,196.7558,0.4276059,-0.8946941,0.1291345,0.1177734,-0.06251756,0.02070538,0.134936,0.1861879,-0.6716698,-0.5466557,0.4640705,124.6998,0.2101922,-0.758265,-0.6171334,-0.415684,-0.2149649,-0.3736761,0.5988631,0.7343245,0.2096846,0.6283985,-0.1480387,197.0266,0.7425057,0.2120207,0.6353996,-0.007650971,-0.02374387,0.09222741,0.09554164,-0.2641002,0.4551104,0.06534476,0.8478537,64.04206,-0.4980856,0.8583255,0.1232384,-0.08962291,1.209238,-0.06850664,1.214488,0.008605766,-0.145626,-0.1696953,-0.9746397,334.1377,0.03845639,-0.6507554,-0.7583135,False,False,False,False
1772879688718,14.33408,0.1555223,1.053388,0.1106017,1.070535,-0.4219165,-0.6911166,0.2483058,0.5316846,115.7613,-0.4981644,-0.8160138,0.2931791,-0.1007981,0.6342162,-0.06166555,0.6451303,0.5275004,0.2359166,-0.7601081,0.2971909,145.4221,0.5524616,0.2470801,-0.7960764,0.09852376,1.105712,0.2104751,1.12987,0.1102982,1.160271,0.2328337,1.188531,0.1298647,1.16015,0.2450781,1.192844,-0.015098,0.6463389,0.02940465,0.6471836,-0.004218515,0.6446252,0.07354864,0.6488211,-0.02245736,0.635878,0.1038784,0.6446983,0.1012824,-0.0700343,0.02825692,0.1263384,0.1583274,-0.05557507,0.01592867,0.1685523,0.1631205,-0.05908908,-0.006375283,0.1736101,-0.1111289,0.04730911,-0.03460449,0.1256394,-0.1552741,0.05416124,-0.02598792,0.1664898,-0.1772072,0.04624177,0.002034947,0.1831525,0.1003915,-0.07582913,0.03406994,0.1303429,0.1422396,-0.0662737,0.01636593,0.1577724,0.1349231,-0.07116811,-0.002027437,0.1525558,-0.1111882,0.04726597,-0.0351278,0.1258207,-0.1555011,0.0538657,-0.02601038,0.1666092,-0.1772538,0.04612365,0.002150356,0.1831691,0.1149003,-0.07321864,0.02325003,0.1382158,-0.1572733,0.913786,-0.01358238,0.3742671,136.0419,-0.1695996,0.9854043,-0.0146469,-0.1414414,0.04730774,-0.01927543,0.1503837,0.1267935,-0.488097,-0.2026326,0.8394194,65.84229,0.2332975,-0.8980886,-0.37284,0.107651,1.123744,0.2077726,1.14785,0.4230427,-0.8851465,0.1277565,-0.1457013,196.7558,0.4276059,-0.8946941,0.1291345,0.1177734,-0.06251756,0.02070538,0.134936,0.1861879,-0.6716698,-0.5466557,0.4640705,124.6998,0.2101922,-0.758265,-0.6171334,-0.415684,-0.2149649,-0.3736761,0.5988631,0.7343245,0.2096846,0.6283985,-0.1480387,197.0266,0.7425057,0.2120207,0.6353996,-0.007650971,-0.02374387,0.09222741,0.09554164,-0.2641002,0.4551104,0.06534476,0.8478537,64.04206,-0.4980856,0.8583255,0.1232384,-0.08945939,1.209204,-0.06854133,1.214445,0.008128262,-0.1469838,-0.1700078,-0.9743855,334.0079,0.03614422,-0.6535981,-0.7559795,False,False,False,False
1772879688730,14.34666,0.1555223,1.053388,0.1106017,1.070535,-0.4219165,-0.6911166,0.2483058,0.5316846,115.7613,-0.4981644,-0.8160138,0.2931791,-0.1007981,0.6342162,-0.06166555,0.6451303,0.5275004,0.2359166,-0.7601081,0.2971909,145.4221,0.5524616,0.2470801,-0.7960764,0.09852376,1.105712,0.2104751,1.12987,0.1102982,1.160271,0.2328337,1.188531,0.1298647,1.16015,0.2450781,1.192844,-0.015098,0.6463389,0.02940465,0.6471836,-0.004218515,0.6446252,0.07354864,0.6488211,-0.02245736,0.635878,0.1038784,0.6446983,0.1012824,-0.0700343,0.02825692,0.1263384,0.1583274,-0.05557507,0.01592867,0.1685523,0.1631205,-0.05908908,-0.006375283,0.1736101,-0.1111289,0.04730911,-0.03460449,0.1256394,-0.1552741,0.05416124,-0.02598792,0.1664898,-0.1772072,0.04624177,0.002034947,0.1831525,0.1003915,-0.07582913,0.03406994,0.1303429,0.1422396,-0.0662737,0.01636593,0.1577724,0.1349231,-0.07116811,-0.002027437,0.1525558,-0.1111882,0.04726597,-0.0351278,0.1258207,-0.1555011,0.0538657,-0.02601038,0.1666092,-0.1772538,0.04612365,0.002150356,0.1831691,0.1149003,-0.07321864,0.02325003,0.1382158,-0.1572733,0.913786,-0.01358238,0.3742671,136.0419,-0.1695996,0.9854043,-0.0146469,-0.1414414,0.04730774,-0.01927543,0.1503837,0.1267935,-0.488097,-0.2026326,0.8394194,65.84229,0.2332975,-0.8980886,-0.37284,0.107651,1.123744,0.2077726,1.14785,0.4230427,-0.8851465,0.1277565,-0.1457013,196.7558,0.4276059,-0.8946941,0.1291345,0.1177734,-0.06251756,0.02070538,0.134936,0.1861879,-0.6716698,-0.5466557,0.4640705,124.6998,0.2101922,-0.758265,-0.6171334,-0.415684,-0.2149649,-0.3736761,0.5988631,0.7343245,0.2096846,0.6283985,-0.1480387,197.0266,0.7425057,0.2120207,0.6353996,-0.007650971,-0.02374387,0.09222741,0.09554164,-0.2641002,0.4551104,0.06534476,0.8478537,64.04206,-0.4980856,0.8583255,0.1232384,-0.08931745,1.209211,-0.06857383,1.214443,0.007853888,-0.1482622,-0.1704291,-0.9741204,333.8731,0.03474714,-0.6559411,-0.7540118,False,False,False,False
1772879688745,14.35981,0.1555223,1.053388,0.1106017,1.070535,-0.4219165,-0.6911166,0.2483058,0.5316846,115.7613,-0.4981644,-0.8160138,0.2931791,-0.1007981,0.6342162,-0.06166555,0.6451303,0.5275004,0.2359166,-0.7601081,0.2971909,145.4221,0.5524616,0.2470801,-0.7960764,0.09852376,1.105712,0.2104751,1.12987,0.1102982,1.160271,0.2328337,1.188531,0.1298647,1.16015,0.2450781,1.192844,-0.015098,0.6463389,0.02940465,0.6471836,-0.004218515,0.6446252,0.07354864,0.6488211,-0.02245736,0.635878,0.1038784,0.6446983,0.1012824,-0.0700343,0.02825692,0.1263384,0.1583274,-0.05557507,0.01592867,0.1685523,0.1631205,-0.05908908,-0.006375283,0.1736101,-0.1111289,0.04730911,-0.03460449,0.1256394,-0.1552741,0.05416124,-0.02598792,0.1664898,-0.1772072,0.04624177,0.002034947,0.1831525,0.1003915,-0.07582913,0.03406994,0.1303429,0.1422396,-0.0662737,0.01636593,0.1577724,0.1349231,-0.07116811,-0.002027437,0.1525558,-0.1111882,0.04726597,-0.0351278,0.1258207,-0.1555011,0.0538657,-0.02601038,0.1666092,-0.1772538,0.04612365,0.002150356,0.1831691,0.1149003,-0.07321864,0.02325003,0.1382158,-0.1572733,0.913786,-0.01358238,0.3742671,136.0419,-0.1695996,0.9854043,-0.0146469,-0.1414414,0.04730774,-0.01927543,0.1503837,0.1267935,-0.488097,-0.2026326,0.8394194,65.84229,0.2332975,-0.8980886,-0.37284,0.107651,1.123744,0.2077726,1.14785,0.4230427,-0.8851465,0.1277565,-0.1457013,196.7558,0.4276059,-0.8946941,0.1291345,0.1177734,-0.06251756,0.02070538,0.134936,0.1861879,-0.6716698,-0.5466557,0.4640705,124.6998,0.2101922,-0.758265,-0.6171334,-0.415684,-0.2149649,-0.3736761,0.5988631,0.7343245,0.2096846,0.6283985,-0.1480387,197.0266,0.7425057,0.2120207,0.6353996,-0.007650971,-0.02374387,0.09222741,0.09554164,-0.2641002,0.4551104,0.06534476,0.8478537,64.04206,-0.4980856,0.8583255,0.1232384,-0.08918957,1.209262,-0.06863519,1.214487,0.007605017,-0.1493015,-0.1712477,-0.97382,333.7213,0.03345506,-0.6567891,-0.7533321,False,False,False,False
1772879688759,14.37359,0.1555223,1.053388,0.1106017,1.070535,-0.4219165,-0.6911166,0.2483058,0.5316846,115.7613,-0.4981644,-0.8160138,0.2931791,-0.1007981,0.6342162,-0.06166555,0.6451303,0.5275004,0.2359166,-0.7601081,0.2971909,145.4221,0.5524616,0.2470801,-0.7960764,0.09852376,1.105712,0.2104751,1.12987,0.1102982,1.160271,0.2328337,1.188531,0.1298647,1.16015,0.2450781,1.192844,-0.015098,0.6463389,0.02940465,0.6471836,-0.004218515,0.6446252,0.07354864,0.6488211,-0.02245736,0.635878,0.1038784,0.6446983,0.1012824,-0.0700343,0.02825692,0.1263384,0.1583274,-0.05557507,0.01592867,0.1685523,0.1631205,-0.05908908,-0.006375283,0.1736101,-0.1111289,0.04730911,-0.03460449,0.1256394,-0.1552741,0.05416124,-0.02598792,0.1664898,-0.1772072,0.04624177,0.002034947,0.1831525,0.1003915,-0.07582913,0.03406994,0.1303429,0.1422396,-0.0662737,0.01636593,0.1577724,0.1349231,-0.07116811,-0.002027437,0.1525558,-0.1111882,0.04726597,-0.0351278,0.1258207,-0.1555011,0.0538657,-0.02601038,0.1666092,-0.1772538,0.04612365,0.002150356,0.1831691,0.1149003,-0.07321864,0.02325003,0.1382158,-0.1572733,0.913786,-0.01358238,0.3742671,136.0419,-0.1695996,0.9854043,-0.0146469,-0.1414414,0.04730774,-0.01927543,0.1503837,0.1267935,-0.488097,-0.2026326,0.8394194,65.84229,0.2332975,-0.8980886,-0.37284,0.107651,1.123744,0.2077726,1.14785,0.4230427,-0.8851465,0.1277565,-0.1457013,196.7558,0.4276059,-0.8946941,0.1291345,0.1177734,-0.06251756,0.02070538,0.134936,0.1861879,-0.6716698,-0.5466557,0.4640705,124.6998,0.2101922,-0.758265,-0.6171334,-0.415684,-0.2149649,-0.3736761,0.5988631,0.7343245,0.2096846,0.6283985,-0.1480387,197.0266,0.7425057,0.2120207,0.6353996,-0.007650971,-0.02374387,0.09222741,0.09554164,-0.2641002,0.4551104,0.06534476,0.8478537,64.04206,-0.4980856,0.8583255,0.1232384,-0.08907375,1.209262,-0.0687286,1.214485,0.007377381,-0.1505178,-0.1717628,-0.9735438,333.5824,0.03228608,-0.65872,-0.7516958,False,False,False,False
1772879688773,14.38802,0.1555223,1.053388,0.1106017,1.070535,-0.4219165,-0.6911166,0.2483058,0.5316846,115.7613,-0.4981644,-0.8160138,0.2931791,-0.1007981,0.6342162,-0.06166555,0.6451303,0.5275004,0.2359166,-0.7601081,0.2971909,145.4221,0.5524616,0.2470801,-0.7960764,0.09852376,1.105712,0.2104751,1.12987,0.1102982,1.160271,0.2328337,1.188531,0.1298647,1.16015,0.2450781,1.192844,-0.015098,0.6463389,0.02940465,0.6471836,-0.004218515,0.6446252,0.07354864,0.6488211,-0.02245736,0.635878,0.1038784,0.6446983,0.1012824,-0.0700343,0.02825692,0.1263384,0.1583274,-0.05557507,0.01592867,0.1685523,0.1631205,-0.05908908,-0.006375283,0.1736101,-0.1111289,0.04730911,-0.03460449,0.1256394,-0.1552741,0.05416124,-0.02598792,0.1664898,-0.1772072,0.04624177,0.002034947,0.1831525,0.1003915,-0.07582913,0.03406994,0.1303429,0.1422396,-0.0662737,0.01636593,0.1577724,0.1349231,-0.07116811,-0.002027437,0.1525558,-0.1111882,0.04726597,-0.0351278,0.1258207,-0.1555011,0.0538657,-0.02601038,0.1666092,-0.1772538,0.04612365,0.002150356,0.1831691,0.1149003,-0.07321864,0.02325003,0.1382158,-0.1572733,0.913786,-0.01358238,0.3742671,136.0419,-0.1695996,0.9854043,-0.0146469,-0.1414414,0.04730774,-0.01927543,0.1503837,0.1267935,-0.488097,-0.2026326,0.8394194,65.84229,0.2332975,-0.8980886,-0.37284,0.107651,1.123744,0.2077726,1.14785,0.4230427,-0.8851465,0.1277565,-0.1457013,196.7558,0.4276059,-0.8946941,0.1291345,0.1177734,-0.06251756,0.02070538,0.134936,0.1861879,-0.6716698,-0.5466557,0.4640705,124.6998,0.2101922,-0.758265,-0.6171334,-0.415684,-0.2149649,-0.3736761,0.5988631,0.7343245,0.2096846,0.6283985,-0.1480387,197.0266,0.7425057,0.2120207,0.6353996,-0.007650971,-0.02374387,0.09222741,0.09554164,-0.2641002,0.4551104,0.06534476,0.8478537,64.04206,-0.4980856,0.8583255,0.1232384,-0.08893793,1.209237,-0.06886884,1.214458,0.007039192,-0.151337,-0.172395,-0.9733075,333.4642,0.03067124,-0.659407,-0.7511612,False,False,False,False
1772879688787,14.40148,0.1555223,1.053388,0.1106017,1.070535,-0.4219165,-0.6911166,0.2483058,0.5316846,115.7613,-0.4981644,-0.8160138,0.2931791,-0.1007981,0.6342162,-0.06166555,0.6451303,0.5275004,0.2359166,-0.7601081,0.2971909,145.4221,0.5524616,0.2470801,-0.7960764,0.09852376,1.105712,0.2104751,1.12987,0.1102982,1.160271,0.2328337,1.188531,0.1298647,1.16015,0.2450781,1.192844,-0.015098,0.6463389,0.02940465,0.6471836,-0.004218515,0.6446252,0.07354864,0.6488211,-0.02245736,0.635878,0.1038784,0.6446983,0.1012824,-0.0700343,0.02825692,0.1263384,0.1583274,-0.05557507,0.01592867,0.1685523,0.1631205,-0.05908908,-0.006375283,0.1736101,-0.1111289,0.04730911,-0.03460449,0.1256394,-0.1552741,0.05416124,-0.02598792,0.1664898,-0.1772072,0.04624177,0.002034947,0.1831525,0.1003915,-0.07582913,0.03406994,0.1303429,0.1422396,-0.0662737,0.01636593,0.1577724,0.1349231,-0.07116811,-0.002027437,0.1525558,-0.1111882,0.04726597,-0.0351278,0.1258207,-0.1555011,0.0538657,-0.02601038,0.1666092,-0.1772538,0.04612365,0.002150356,0.1831691,0.1149003,-0.07321864,0.02325003,0.1382158,-0.1572733,0.913786,-0.01358238,0.3742671,136.0419,-0.1695996,0.9854043,-0.0146469,-0.1414414,0.04730774,-0.01927543,0.1503837,0.1267935,-0.488097,-0.2026326,0.8394194,65.84229,0.2332975,-0.8980886,-0.37284,0.107651,1.123744,0.2077726,1.14785,0.4230427,-0.8851465,0.1277565,-0.1457013,196.7558,0.4276059,-0.8946941,0.1291345,0.1177734,-0.06251756,0.02070538,0.134936,0.1861879,-0.6716698,-0.5466557,0.4640705,124.6998,0.2101922,-0.758265,-0.6171334,-0.415684,-0.2149649,-0.3736761,0.5988631,0.7343245,0.2096846,0.6283985,-0.1480387,197.0266,0.7425057,0.2120207,0.6353996,-0.007650971,-0.02374387,0.09222741,0.09554164,-0.2641002,0.4551104,0.06534476,0.8478537,64.04206,-0.4980856,0.8583255,0.1232384,-0.08884144,1.209175,-0.06910627,1.214402,0.006925933,-0.1520128,-0.1728936,-0.9731146,333.368,0.0300707,-0.6600024,-0.7506616,False,False,False,False
1772879688801,14.41607,0.1555223,1.053388,0.1106017,1.070535,-0.4219165,-0.6911166,0.2483058,0.5316846,115.7613,-0.4981644,-0.8160138,0.2931791,-0.1007981,0.6342162,-0.06166555,0.6451303,0.5275004,0.2359166,-0.7601081,0.2971909,145.4221,0.5524616,0.2470801,-0.7960764,0.09852376,1.105712,0.2104751,1.12987,0.1102982,1.160271,0.2328337,1.188531,0.1298647,1.16015,0.2450781,1.192844,-0.015098,0.6463389,0.02940465,0.6471836,-0.004218515,0.6446252,0.07354864,0.6488211,-0.02245736,0.635878,0.1038784,0.6446983,0.1012824,-0.0700343,0.02825692,0.1263384,0.1583274,-0.05557507,0.01592867,0.1685523,0.1631205,-0.05908908,-0.006375283,0.1736101,-0.1111289,0.04730911,-0.03460449,0.1256394,-0.1552741,0.05416124,-0.02598792,0.1664898,-0.1772072,0.04624177,0.002034947,0.1831525,0.1003915,-0.07582913,0.03406994,0.1303429,0.1422396,-0.0662737,0.01636593,0.1577724,0.1349231,-0.07116811,-0.002027437,0.1525558,-0.1111882,0.04726597,-0.0351278,0.1258207,-0.1555011,0.0538657,-0.02601038,0.1666092,-0.1772538,0.04612365,0.002150356,0.1831691,0.1149003,-0.07321864,0.02325003,0.1382158,-0.1572733,0.913786,-0.01358238,0.3742671,136.0419,-0.1695996,0.9854043,-0.0146469,-0.1414414,0.04730774,-0.01927543,0.1503837,0.1267935,-0.488097,-0.2026326,0.8394194,65.84229,0.2332975,-0.8980886,-0.37284,0.107651,1.123744,0.2077726,1.14785,0.4230427,-0.8851465,0.1277565,-0.1457013,196.7558,0.4276059,-0.8946941,0.1291345,0.1177734,-0.06251756,0.02070538,0.134936,0.1861879,-0.6716698,-0.5466557,0.4640705,124.6998,0.2101922,-0.758265,-0.6171334,-0.415684,-0.2149649,-0.3736761,0.5988631,0.7343245,0.2096846,0.6283985,-0.1480387,197.0266,0.7425057,0.2120207,0.6353996,-0.007650971,-0.02374387,0.09222741,0.09554164,-0.2641002,0.4551104,0.06534476,0.8478537,64.04206,-0.4980856,0.8583255,0.1232384,-0.08876017,1.209135,-0.06934234,1.21437,0.006883503,-0.1522966,-0.1732691,-0.9730037,333.3129,0.02982588,-0.6598935,-0.7507666,False,False,False,False
1772879688815,14.42964,0.1555223,1.053388,0.1106017,1.070535,-0.4219165,-0.6911166,0.2483058,0.5316846,115.7613,-0.4981644,-0.8160138,0.2931791,-0.1007981,0.6342162,-0.06166555,0.6451303,0.5275004,0.2359166,-0.7601081,0.2971909,145.4221,0.5524616,0.2470801,-0.7960764,0.09852376,1.105712,0.2104751,1.12987,0.1102982,1.160271,0.2328337,1.188531,0.1298647,1.16015,0.2450781,1.192844,-0.015098,0.6463389,0.02940465,0.6471836,-0.004218515,0.6446252,0.07354864,0.6488211,-0.02245736,0.635878,0.1038784,0.6446983,0.1012824,-0.0700343,0.02825692,0.1263384,0.1583274,-0.05557507,0.01592867,0.1685523,0.1631205,-0.05908908,-0.006375283,0.1736101,-0.1111289,0.04730911,-0.03460449,0.1256394,-0.1552741,0.05416124,-0.02598792,0.1664898,-0.1772072,0.04624177,0.002034947,0.1831525,0.1003915,-0.07582913,0.03406994,0.1303429,0.1422396,-0.0662737,0.01636593,0.1577724,0.1349231,-0.07116811,-0.002027437,0.1525558,-0.1111882,0.04726597,-0.0351278,0.1258207,-0.1555011,0.0538657,-0.02601038,0.1666092,-0.1772538,0.04612365,0.002150356,0.1831691,0.1149003,-0.07321864,0.02325003,0.1382158,-0.1572733,0.913786,-0.01358238,0.3742671,136.0419,-0.1695996,0.9854043,-0.0146469,-0.1414414,0.04730774,-0.01927543,0.1503837,0.1267935,-0.488097,-0.2026326,0.8394194,65.84229,0.2332975,-0.8980886,-0.37284,0.107651,1.123744,0.2077726,1.14785,0.4230427,-0.8851465,0.1277565,-0.1457013,196.7558,0.4276059,-0.8946941,0.1291345,0.1177734,-0.06251756,0.02070538,0.134936,0.1861879,-0.6716698,-0.5466557,0.4640705,124.6998,0.2101922,-0.758265,-0.6171334,-0.415684,-0.2149649,-0.3736761,0.5988631,0.7343245,0.2096846,0.6283985,-0.1480387,197.0266,0.7425057,0.2120207,0.6353996,-0.007650971,-0.02374387,0.09222741,0.09554164,-0.2641002,0.4551104,0.06534476,0.8478537,64.04206,-0.4980856,0.8583255,0.1232384,-0.08868937,1.209128,-0.06954858,1.21437,0.006871454,-0.1524512,-0.1735187,-0.9729351,333.2789,0.02973646,-0.6597378,-0.7509085,False,False,False,False
1772879688830,14.44322,0.1555223,1.053388,0.1106017,1.070535,-0.4219165,-0.6911166,0.2483058,0.5316846,115.7613,-0.4981644,-0.8160138,0.2931791,-0.1007981,0.6342162,-0.06166555,0.6451303,0.5275004,0.2359166,-0.7601081,0.2971909,145.4221,0.5524616,0.2470801,-0.7960764,0.09852376,1.105712,0.2104751,1.12987,0.1102982,1.160271,0.2328337,1.188531,0.1298647,1.16015,0.2450781,1.192844,-0.015098,0.6463389,0.02940465,0.6471836,-0.004218515,0.6446252,0.07354864,0.6488211,-0.02245736,0.635878,0.1038784,0.6446983,0.1012824,-0.0700343,0.02825692,0.1263384,0.1583274,-0.05557507,0.01592867,0.1685523,0.1631205,-0.05908908,-0.006375283,0.1736101,-0.1111289,0.04730911,-0.03460449,0.1256394,-0.1552741,0.05416124,-0.02598792,0.1664898,-0.1772072,0.04624177,0.002034947,0.1831525,0.1003915,-0.07582913,0.03406994,0.1303429,0.1422396,-0.0662737,0.01636593,0.1577724,0.1349231,-0.07116811,-0.002027437,0.1525558,-0.1111882,0.04726597,-0.0351278,0.1258207,-0.1555011,0.0538657,-0.02601038,0.1666092,-0.1772538,0.04612365,0.002150356,0.1831691,0.1149003,-0.07321864,0.02325003,0.1382158,-0.1572733,0.913786,-0.01358238,0.3742671,136.0419,-0.1695996,0.9854043,-0.0146469,-0.1414414,0.04730774,-0.01927543,0.1503837,0.1267935,-0.488097,-0.2026326,0.8394194,65.84229,0.2332975,-0.8980886,-0.37284,0.107651,1.123744,0.2077726,1.14785,0.4230427,-0.8851465,0.1277565,-0.1457013,196.7558,0.4276059,-0.8946941,0.1291345,0.1177734,-0.06251756,0.02070538,0.134936,0.1861879,-0.6716698,-0.5466557,0.4640705,124.6998,0.2101922,-0.758265,-0.6171334,-0.415684,-0.2149649,-0.3736761,0.5988631,0.7343245,0.2096846,0.6283985,-0.1480387,197.0266,0.7425057,0.2120207,0.6353996,-0.007650971,-0.02374387,0.09222741,0.09554164,-0.2641002,0.4551104,0.06534476,0.8478537,64.04206,-0.4980856,0.8583255,0.1232384,-0.08860493,1.209121,-0.0697431,1.214368,0.00709714,-0.1524188,-0.1735779,-0.972928,333.2753,0.03070913,-0.6595121,-0.7510667,False,False,False,False
1772879688843,14.4581,0.1555223,1.053388,0.1106017,1.070535,-0.4219165,-0.6911166,0.2483058,0.5316846,115.7613,-0.4981644,-0.8160138,0.2931791,-0.1007981,0.6342162,-0.06166555,0.6451303,0.5275004,0.2359166,-0.7601081,0.2971909,145.4221,0.5524616,0.2470801,-0.7960764,0.09852376,1.105712,0.2104751,1.12987,0.1102982,1.160271,0.2328337,1.188531,0.1298647,1.16015,0.2450781,1.192844,-0.015098,0.6463389,0.02940465,0.6471836,-0.004218515,0.6446252,0.07354864,0.6488211,-0.02245736,0.635878,0.1038784,0.6446983,0.1012824,-0.0700343,0.02825692,0.1263384,0.1583274,-0.05557507,0.01592867,0.1685523,0.1631205,-0.05908908,-0.006375283,0.1736101,-0.1111289,0.04730911,-0.03460449,0.1256394,-0.1552741,0.05416124,-0.02598792,0.1664898,-0.1772072,0.04624177,0.002034947,0.1831525,0.1003915,-0.07582913,0.03406994,0.1303429,0.1422396,-0.0662737,0.01636593,0.1577724,0.1349231,-0.07116811,-0.002027437,0.1525558,-0.1111882,0.04726597,-0.0351278,0.1258207,-0.1555011,0.0538657,-0.02601038,0.1666092,-0.1772538,0.04612365,0.002150356,0.1831691,0.1149003,-0.07321864,0.02325003,0.1382158,-0.1572733,0.913786,-0.01358238,0.3742671,136.0419,-0.1695996,0.9854043,-0.0146469,-0.1414414,0.04730774,-0.01927543,0.1503837,0.1267935,-0.488097,-0.2026326,0.8394194,65.84229,0.2332975,-0.8980886,-0.37284,0.107651,1.123744,0.2077726,1.14785,0.4230427,-0.8851465,0.1277565,-0.1457013,196.7558,0.4276059,-0.8946941,0.1291345,0.1177734,-0.06251756,0.02070538,0.134936,0.1861879,-0.6716698,-0.5466557,0.4640705,124.6998,0.2101922,-0.758265,-0.6171334,-0.415684,-0.2149649,-0.3736761,0.5988631,0.7343245,0.2096846,0.6283985,-0.1480387,197.0266,0.7425057,0.2120207,0.6353996,-0.007650971,-0.02374387,0.09222741,0.09554164,-0.2641002,0.4551104,0.06534476,0.8478537,64.04206,-0.4980856,0.8583255,0.1232384,-0.08851508,1.209123,-0.06995144,1.214375,0.007049634,-0.15245,-0.1734144,-0.9729526,333.2875,0.03051727,-0.6599428,-0.7506962,False,False,False,False
1772879688857,14.47126,0.1555223,1.053388,0.1106017,1.070535,-0.4219165,-0.6911166,0.2483058,0.5316846,115.7613,-0.4981644,-0.8160138,0.2931791,-0.1007981,0.6342162,-0.06166555,0.6451303,0.5275004,0.2359166,-0.7601081,0.2971909,145.4221,0.5524616,0.2470801,-0.7960764,0.09852376,1.105712,0.2104751,1.12987,0.1102982,1.160271,0.2328337,1.188531,0.1298647,1.16015,0.2450781,1.192844,-0.015098,0.6463389,0.02940465,0.6471836,-0.004218515,0.6446252,0.07354864,0.6488211,-0.02245736,0.635878,0.1038784,0.6446983,0.1012824,-0.0700343,0.02825692,0.1263384,0.1583274,-0.05557507,0.01592867,0.1685523,0.1631205,-0.05908908,-0.006375283,0.1736101,-0.1111289,0.04730911,-0.03460449,0.1256394,-0.1552741,0.05416124,-0.02598792,0.1664898,-0.1772072,0.04624177,0.002034947,0.1831525,0.1003915,-0.07582913,0.03406994,0.1303429,0.1422396,-0.0662737,0.01636593,0.1577724,0.1349231,-0.07116811,-0.002027437,0.1525558,-0.1111882,0.04726597,-0.0351278,0.1258207,-0.1555011,0.0538657,-0.02601038,0.1666092,-0.1772538,0.04612365,0.002150356,0.1831691,0.1149003,-0.07321864,0.02325003,0.1382158,-0.1572733,0.913786,-0.01358238,0.3742671,136.0419,-0.1695996,0.9854043,-0.0146469,-0.1414414,0.04730774,-0.01927543,0.1503837,0.1267935,-0.488097,-0.2026326,0.8394194,65.84229,0.2332975,-0.8980886,-0.37284,0.107651,1.123744,0.2077726,1.14785,0.4230427,-0.8851465,0.1277565,-0.1457013,196.7558,0.4276059,-0.8946941,0.1291345,0.1177734,-0.06251756,0.02070538,0.134936,0.1861879,-0.6716698,-0.5466557,0.4640705,124.6998,0.2101922,-0.758265,-0.6171334,-0.415684,-0.2149649,-0.3736761,0.5988631,0.7343245,0.2096846,0.6283985,-0.1480387,197.0266,0.7425057,0.2120207,0.6353996,-0.007650971,-0.02374387,0.09222741,0.09554164,-0.2641002,0.4551104,0.06534476,0.8478537,64.04206,-0.4980856,0.8583255,0.1232384,-0.08843348,1.209111,-0.0701956,1.214371,0.00693956,-0.1524968,-0.1732986,-0.9729667,333.2945,0.03004847,-0.6603149,-0.7503873,False,False,False,False
1772879688871,14.4856,0.1555223,1.053388,0.1106017,1.070535,-0.4219165,-0.6911166,0.2483058,0.5316846,115.7613,-0.4981644,-0.8160138,0.2931791,-0.1007981,0.6342162,-0.06166555,0.6451303,0.5275004,0.2359166,-0.7601081,0.2971909,145.4221,0.5524616,0.2470801,-0.7960764,0.09852376,1.105712,0.2104751,1.12987,0.1102982,1.160271,0.2328337,1.188531,0.1298647,1.16015,0.2450781,1.192844,-0.015098,0.6463389,0.02940465,0.6471836,-0.004218515,0.6446252,0.07354864,0.6488211,-0.02245736,0.635878,0.1038784,0.6446983,0.1012824,-0.0700343,0.02825692,0.1263384,0.1583274,-0.05557507,0.01592867,0.1685523,0.1631205,-0.05908908,-0.006375283,0.1736101,-0.1111289,0.04730911,-0.03460449,0.1256394,-0.1552741,0.05416124,-0.02598792,0.1664898,-0.1772072,0.04624177,0.002034947,0.1831525,0.1003915,-0.07582913,0.03406994,0.1303429,0.1422396,-0.0662737,0.01636593,0.1577724,0.1349231,-0.07116811,-0.002027437,0.1525558,-0.1111882,0.04726597,-0.0351278,0.1258207,-0.1555011,0.0538657,-0.02601038,0.1666092,-0.1772538,0.04612365,0.002150356,0.1831691,0.1149003,-0.07321864,0.02325003,0.1382158,-0.1572733,0.913786,-0.01358238,0.3742671,136.0419,-0.1695996,0.9854043,-0.0146469,-0.1414414,0.04730774,-0.01927543,0.1503837,0.1267935,-0.488097,-0.2026326,0.8394194,65.84229,0.2332975,-0.8980886,-0.37284,0.107651,1.123744,0.2077726,1.14785,0.4230427,-0.8851465,0.1277565,-0.1457013,196.7558,0.4276059,-0.8946941,0.1291345,0.1177734,-0.06251756,0.02070538,0.134936,0.1861879,-0.6716698,-0.5466557,0.4640705,124.6998,0.2101922,-0.758265,-0.6171334,-0.415684,-0.2149649,-0.3736761,0.5988631,0.7343245,0.2096846,0.6283985,-0.1480387,197.0266,0.7425057,0.2120207,0.6353996,-0.007650971,-0.02374387,0.09222741,0.09554164,-0.2641002,0.4551104,0.06534476,0.8478537,64.04206,-0.4980856,0.8583255,0.1232384,-0.08834198,1.209097,-0.0704494,1.214365,0.00674363,-0.1524854,-0.1733263,-0.9729649,333.2936,0.02919916,-0.6602446,-0.7504834,False,False,False,False
1772879688885,14.49926,0.1555223,1.053388,0.1106017,1.070535,-0.4219165,-0.6911166,0.2483058,0.5316846,115.7613,-0.4981644,-0.8160138,0.2931791,-0.1007981,0.6342162,-0.06166555,0.6451303,0.5275004,0.2359166,-0.7601081,0.2971909,145.4221,0.5524616,0.2470801,-0.7960764,0.09852376,1.105712,0.2104751,1.12987,0.1102982,1.160271,0.2328337,1.188531,0.1298647,1.16015,0.2450781,1.192844,-0.015098,0.6463389,0.02940465,0.6471836,-0.004218515,0.6446252,0.07354864,0.6488211,-0.02245736,0.635878,0.1038784,0.6446983,0.1012824,-0.0700343,0.02825692,0.1263384,0.1583274,-0.05557507,0.01592867,0.1685523,0.1631205,-0.05908908,-0.006375283,0.1736101,-0.1111289,0.04730911,-0.03460449,0.1256394,-0.1552741,0.05416124,-0.02598792,0.1664898,-0.1772072,0.04624177,0.002034947,0.1831525,0.1003915,-0.07582913,0.03406994,0.1303429,0.1422396,-0.0662737,0.01636593,0.1577724,0.1349231,-0.07116811,-0.002027437,0.1525558,-0.1111882,0.04726597,-0.0351278,0.1258207,-0.1555011,0.0538657,-0.02601038,0.1666092,-0.1772538,0.04612365,0.002150356,0.1831691,0.1149003,-0.07321864,0.02325003,0.1382158,-0.1572733,0.913786,-0.01358238,0.3742671,136.0419,-0.1695996,0.9854043,-0.0146469,-0.1414414,0.04730774,-0.01927543,0.1503837,0.1267935,-0.488097,-0.2026326,0.8394194,65.84229,0.2332975,-0.8980886,-0.37284,0.107651,1.123744,0.2077726,1.14785,0.4230427,-0.8851465,0.1277565,-0.1457013,196.7558,0.4276059,-0.8946941,0.1291345,0.1177734,-0.06251756,0.02070538,0.134936,0.1861879,-0.6716698,-0.5466557,0.4640705,124.6998,0.2101922,-0.758265,-0.6171334,-0.415684,-0.2149649,-0.3736761,0.5988631,0.7343245,0.2096846,0.6283985,-0.1480387,197.0266,0.7425057,0.2120207,0.6353996,-0.007650971,-0.02374387,0.09222741,0.09554164,-0.2641002,0.4551104,0.06534476,0.8478537,64.04206,-0.4980856,0.8583255,0.1232384,-0.08829845,1.209068,-0.07071089,1.214349,0.006717716,-0.1522549,-0.1732104,-0.9730219,333.3219,0.02911721,-0.6599326,-0.7507616,False,False,False,False
1772879688898,14.51288,0.1555223,1.053388,0.1106017,1.070535,-0.4219165,-0.6911166,0.2483058,0.5316846,115.7613,-0.4981644,-0.8160138,0.2931791,-0.1007981,0.6342162,-0.06166555,0.6451303,0.5275004,0.2359166,-0.7601081,0.2971909,145.4221,0.5524616,0.2470801,-0.7960764,0.09852376,1.105712,0.2104751,1.12987,0.1102982,1.160271,0.2328337,1.188531,0.1298647,1.16015,0.2450781,1.192844,-0.015098,0.6463389,0.02940465,0.6471836,-0.004218515,0.6446252,0.07354864,0.6488211,-0.02245736,0.635878,0.1038784,0.6446983,0.1012824,-0.0700343,0.02825692,0.1263384,0.1583274,-0.05557507,0.01592867,0.1685523,0.1631205,-0.05908908,-0.006375283,0.1736101,-0.1111289,0.04730911,-0.03460449,0.1256394,-0.1552741,0.05416124,-0.02598792,0.1664898,-0.1772072,0.04624177,0.002034947,0.1831525,0.1003915,-0.07582913,0.03406994,0.1303429,0.1422396,-0.0662737,0.01636593,0.1577724,0.1349231,-0.07116811,-0.002027437,0.1525558,-0.1111882,0.04726597,-0.0351278,0.1258207,-0.1555011,0.0538657,-0.02601038,0.1666092,-0.1772538,0.04612365,0.002150356,0.1831691,0.1149003,-0.07321864,0.02325003,0.1382158,-0.1572733,0.913786,-0.01358238,0.3742671,136.0419,-0.1695996,0.9854043,-0.0146469,-0.1414414,0.04730774,-0.01927543,0.1503837,0.1267935,-0.488097,-0.2026326,0.8394194,65.84229,0.2332975,-0.8980886,-0.37284,0.107651,1.123744,0.2077726,1.14785,0.4230427,-0.8851465,0.1277565,-0.1457013,196.7558,0.4276059,-0.8946941,0.1291345,0.1177734,-0.06251756,0.02070538,0.134936,0.1861879,-0.6716698,-0.5466557,0.4640705,124.6998,0.2101922,-0.758265,-0.6171334,-0.415684,-0.2149649,-0.3736761,0.5988631,0.7343245,0.2096846,0.6283985,-0.1480387,197.0266,0.7425057,0.2120207,0.6353996,-0.007650971,-0.02374387,0.09222741,0.09554164,-0.2641002,0.4551104,0.06534476,0.8478537,64.04206,-0.4980856,0.8583255,0.1232384,-0.08824058,1.209052,-0.07096441,1.214343,0.006631616,-0.1522622,-0.1732881,-0.9730074,333.3147,0.02873644,-0.6597899,-0.7509003,False,False,False,False
1772879688912,14.53007,0.1555223,1.053388,0.1106017,1.070535,-0.4219165,-0.6911166,0.2483058,0.5316846,115.7613,-0.4981644,-0.8160138,0.2931791,-0.1007981,0.6342162,-0.06166555,0.6451303,0.5275004,0.2359166,-0.7601081,0.2971909,145.4221,0.5524616,0.2470801,-0.7960764,0.09852376,1.105712,0.2104751,1.12987,0.1102982,1.160271,0.2328337,1.188531,0.1298647,1.16015,0.2450781,1.192844,-0.015098,0.6463389,0.02940465,0.6471836,-0.004218515,0.6446252,0.07354864,0.6488211,-0.02245736,0.635878,0.1038784,0.6446983,0.1012824,-0.0700343,0.02825692,0.1263384,0.1583274,-0.05557507,0.01592867,0.1685523,0.1631205,-0.05908908,-0.006375283,0.1736101,-0.1111289,0.04730911,-0.03460449,0.1256394,-0.1552741,0.05416124,-0.02598792,0.1664898,-0.1772072,0.04624177,0.002034947,0.1831525,0.1003915,-0.07582913,0.03406994,0.1303429,0.1422396,-0.0662737,0.01636593,0.1577724,0.1349231,-0.07116811,-0.002027437,0.1525558,-0.1111882,0.04726597,-0.0351278,0.1258207,-0.1555011,0.0538657,-0.02601038,0.1666092,-0.1772538,0.04612365,0.002150356,0.1831691,0.1149003,-0.07321864,0.02325003,0.1382158,-0.1572733,0.913786,-0.01358238,0.3742671,136.0419,-0.1695996,0.9854043,-0.0146469,-0.1414414,0.04730774,-0.01927543,0.1503837,0.1267935,-0.488097,-0.2026326,0.8394194,65.84229,0.2332975,-0.8980886,-0.37284,0.107651,1.123744,0.2077726,1.14785,0.4230427,-0.8851465,0.1277565,-0.1457013,196.7558,0.4276059,-0.8946941,0.1291345,0.1177734,-0.06251756,0.02070538,0.134936,0.1861879,-0.6716698,-0.5466557,0.4640705,124.6998,0.2101922,-0.758265,-0.6171334,-0.415684,-0.2149649,-0.3736761,0.5988631,0.7343245,0.2096846,0.6283985,-0.1480387,197.0266,0.7425057,0.2120207,0.6353996,-0.007650971,-0.02374387,0.09222741,0.09554164,-0.2641002,0.4551104,0.06534476,0.8478537,64.04206,-0.4980856,0.8583255,0.1232384,-0.08816432,1.209061,-0.07122871,1.214362,0.006949264,-0.1519772,-0.1731426,-0.9730757,333.3486,0.03015051,-0.6593776,-0.7512069,False,False,False,False
1772879688926,14.54064,0.1555223,1.053388,0.1106017,1.070535,-0.4219165,-0.6911166,0.2483058,0.5316846,115.7613,-0.4981644,-0.8160138,0.2931791,-0.1007981,0.6342162,-0.06166555,0.6451303,0.5275004,0.2359166,-0.7601081,0.2971909,145.4221,0.5524616,0.2470801,-0.7960764,0.09852376,1.105712,0.2104751,1.12987,0.1102982,1.160271,0.2328337,1.188531,0.1298647,1.16015,0.2450781,1.192844,-0.015098,0.6463389,0.02940465,0.6471836,-0.004218515,0.6446252,0.07354864,0.6488211,-0.02245736,0.635878,0.1038784,0.6446983,0.1012824,-0.0700343,0.02825692,0.1263384,0.1583274,-0.05557507,0.01592867,0.1685523,0.1631205,-0.05908908,-0.006375283,0.1736101,-0.1111289,0.04730911,-0.03460449,0.1256394,-0.1552741,0.05416124,-0.02598792,0.1664898,-0.1772072,0.04624177,0.002034947,0.1831525,0.1003915,-0.07582913,0.03406994,0.1303429,0.1422396,-0.0662737,0.01636593,0.1577724,0.1349231,-0.07116811,-0.002027437,0.1525558,-0.1111882,0.04726597,-0.0351278,0.1258207,-0.1555011,0.0538657,-0.02601038,0.1666092,-0.1772538,0.04612365,0.002150356,0.1831691,0.1149003,-0.07321864,0.02325003,0.1382158,-0.1572733,0.913786,-0.01358238,0.3742671,136.0419,-0.1695996,0.9854043,-0.0146469,-0.1414414,0.04730774,-0.01927543,0.1503837,0.1267935,-0.488097,-0.2026326,0.8394194,65.84229,0.2332975,-0.8980886,-0.37284,0.107651,1.123744,0.2077726,1.14785,0.4230427,-0.8851465,0.1277565,-0.1457013,196.7558,0.4276059,-0.8946941,0.1291345,0.1177734,-0.06251756,0.02070538,0.134936,0.1861879,-0.6716698,-0.5466557,0.4640705,124.6998,0.2101922,-0.758265,-0.6171334,-0.415684,-0.2149649,-0.3736761,0.5988631,0.7343245,0.2096846,0.6283985,-0.1480387,197.0266,0.7425057,0.2120207,0.6353996,-0.007650971,-0.02374387,0.09222741,0.09554164,-0.2641002,0.4551104,0.06534476,0.8478537,64.04206,-0.4980856,0.8583255,0.1232384,-0.08802545,1.209118,-0.07149597,1.214424,0.007655162,-0.1513215,-0.1724174,-0.9733014,333.4611,0.03335132,-0.6592636,-0.7511724,False,False,False,False
1772879688939,14.55392,0.1555223,1.053388,0.1106017,1.070535,-0.4219165,-0.6911166,0.2483058,0.5316846,115.7613,-0.4981644,-0.8160138,0.2931791,-0.1007981,0.6342162,-0.06166555,0.6451303,0.5275004,0.2359166,-0.7601081,0.2971909,145.4221,0.5524616,0.2470801,-0.7960764,0.09852376,1.105712,0.2104751,1.12987,0.1102982,1.160271,0.2328337,1.188531,0.1298647,1.16015,0.2450781,1.192844,-0.015098,0.6463389,0.02940465,0.6471836,-0.004218515,0.6446252,0.07354864,0.6488211,-0.02245736,0.635878,0.1038784,0.6446983,0.1012824,-0.0700343,0.02825692,0.1263384,0.1583274,-0.05557507,0.01592867,0.1685523,0.1631205,-0.05908908,-0.006375283,0.1736101,-0.1111289,0.04730911,-0.03460449,0.1256394,-0.1552741,0.05416124,-0.02598792,0.1664898,-0.1772072,0.04624177,0.002034947,0.1831525,0.1003915,-0.07582913,0.03406994,0.1303429,0.1422396,-0.0662737,0.01636593,0.1577724,0.1349231,-0.07116811,-0.002027437,0.1525558,-0.1111882,0.04726597,-0.0351278,0.1258207,-0.1555011,0.0538657,-0.02601038,0.1666092,-0.1772538,0.04612365,0.002150356,0.1831691,0.1149003,-0.07321864,0.02325003,0.1382158,-0.1572733,0.913786,-0.01358238,0.3742671,136.0419,-0.1695996,0.9854043,-0.0146469,-0.1414414,0.04730774,-0.01927543,0.1503837,0.1267935,-0.488097,-0.2026326,0.8394194,65.84229,0.2332975,-0.8980886,-0.37284,0.107651,1.123744,0.2077726,1.14785,0.4230427,-0.8851465,0.1277565,-0.1457013,196.7558,0.4276059,-0.8946941,0.1291345,0.1177734,-0.06251756,0.02070538,0.134936,0.1861879,-0.6716698,-0.5466557,0.4640705,124.6998,0.2101922,-0.758265,-0.6171334,-0.415684,-0.2149649,-0.3736761,0.5988631,0.7343245,0.2096846,0.6283985,-0.1480387,197.0266,0.7425057,0.2120207,0.6353996,-0.007650971,-0.02374387,0.09222741,0.09554164,-0.2641002,0.4551104,0.06534476,0.8478537,64.04206,-0.4980856,0.8583255,0.1232384,-0.08776505,1.209224,-0.07174847,1.214526,0.008263891,-0.1507446,-0.1720263,-0.9734551,333.5379,0.03610607,-0.6586236,-0.7516065,False,False,False,False
1772879688953,14.56848,0.1555223,1.053388,0.1106017,1.070535,-0.4219165,-0.6911166,0.2483058,0.5316846,115.7613,-0.4981644,-0.8160138,0.2931791,-0.1007981,0.6342162,-0.06166555,0.6451303,0.5275004,0.2359166,-0.7601081,0.2971909,145.4221,0.5524616,0.2470801,-0.7960764,0.09852376,1.105712,0.2104751,1.12987,0.1102982,1.160271,0.2328337,1.188531,0.1298647,1.16015,0.2450781,1.192844,-0.015098,0.6463389,0.02940465,0.6471836,-0.004218515,0.6446252,0.07354864,0.6488211,-0.02245736,0.635878,0.1038784,0.6446983,0.1012824,-0.0700343,0.02825692,0.1263384,0.1583274,-0.05557507,0.01592867,0.1685523,0.1631205,-0.05908908,-0.006375283,0.1736101,-0.1111289,0.04730911,-0.03460449,0.1256394,-0.1552741,0.05416124,-0.02598792,0.1664898,-0.1772072,0.04624177,0.002034947,0.1831525,0.1003915,-0.07582913,0.03406994,0.1303429,0.1422396,-0.0662737,0.01636593,0.1577724,0.1349231,-0.07116811,-0.002027437,0.1525558,-0.1111882,0.04726597,-0.0351278,0.1258207,-0.1555011,0.0538657,-0.02601038,0.1666092,-0.1772538,0.04612365,0.002150356,0.1831691,0.1149003,-0.07321864,0.02325003,0.1382158,-0.1572733,0.913786,-0.01358238,0.3742671,136.0419,-0.1695996,0.9854043,-0.0146469,-0.1414414,0.04730774,-0.01927543,0.1503837,0.1267935,-0.488097,-0.2026326,0.8394194,65.84229,0.2332975,-0.8980886,-0.37284,0.107651,1.123744,0.2077726,1.14785,0.4230427,-0.8851465,0.1277565,-0.1457013,196.7558,0.4276059,-0.8946941,0.1291345,0.1177734,-0.06251756,0.02070538,0.134936,0.1861879,-0.6716698,-0.5466557,0.4640705,124.6998,0.2101922,-0.758265,-0.6171334,-0.415684,-0.2149649,-0.3736761,0.5988631,0.7343245,0.2096846,0.6283985,-0.1480387,197.0266,0.7425057,0.2120207,0.6353996,-0.007650971,-0.02374387,0.09222741,0.09554164,-0.2641002,0.4551104,0.06534476,0.8478537,64.04206,-0.4980856,0.8583255,0.1232384,-0.08749472,1.209251,-0.07197685,1.214547,0.00838267,-0.1497241,-0.171418,-0.9737188,333.6703,0.03680589,-0.6573952,-0.7526472,False,False,False,False
1772879688967,14.582,0.1555223,1.053388,0.1106017,1.070535,-0.4219165,-0.6911166,0.2483058,0.5316846,115.7613,-0.4981644,-0.8160138,0.2931791,-0.1007981,0.6342162,-0.06166555,0.6451303,0.5275004,0.2359166,-0.7601081,0.2971909,145.4221,0.5524616,0.2470801,-0.7960764,0.09852376,1.105712,0.2104751,1.12987,0.1102982,1.160271,0.2328337,1.188531,0.1298647,1.16015,0.2450781,1.192844,-0.015098,0.6463389,0.02940465,0.6471836,-0.004218515,0.6446252,0.07354864,0.6488211,-0.02245736,0.635878,0.1038784,0.6446983,0.1012824,-0.0700343,0.02825692,0.1263384,0.1583274,-0.05557507,0.01592867,0.1685523,0.1631205,-0.05908908,-0.006375283,0.1736101,-0.1111289,0.04730911,-0.03460449,0.1256394,-0.1552741,0.05416124,-0.02598792,0.1664898,-0.1772072,0.04624177,0.002034947,0.1831525,0.1003915,-0.07582913,0.03406994,0.1303429,0.1422396,-0.0662737,0.01636593,0.1577724,0.1349231,-0.07116811,-0.002027437,0.1525558,-0.1111882,0.04726597,-0.0351278,0.1258207,-0.1555011,0.0538657,-0.02601038,0.1666092,-0.1772538,0.04612365,0.002150356,0.1831691,0.1149003,-0.07321864,0.02325003,0.1382158,-0.1572733,0.913786,-0.01358238,0.3742671,136.0419,-0.1695996,0.9854043,-0.0146469,-0.1414414,0.04730774,-0.01927543,0.1503837,0.1267935,-0.488097,-0.2026326,0.8394194,65.84229,0.2332975,-0.8980886,-0.37284,0.107651,1.123744,0.2077726,1.14785,0.4230427,-0.8851465,0.1277565,-0.1457013,196.7558,0.4276059,-0.8946941,0.1291345,0.1177734,-0.06251756,0.02070538,0.134936,0.1861879,-0.6716698,-0.5466557,0.4640705,124.6998,0.2101922,-0.758265,-0.6171334,-0.415684,-0.2149649,-0.3736761,0.5988631,0.7343245,0.2096846,0.6283985,-0.1480387,197.0266,0.7425057,0.2120207,0.6353996,-0.007650971,-0.02374387,0.09222741,0.09554164,-0.2641002,0.4551104,0.06534476,0.8478537,64.04206,-0.4980856,0.8583255,0.1232384,-0.08721757,1.209218,-0.0722847,1.214512,0.008590798,-0.1489856,-0.1709915,-0.9739053,333.7643,0.03785244,-0.6564544,-0.7534158,False,False,False,False
1772879688981,14.59639,0.1555223,1.053388,0.1106017,1.070535,-0.4219165,-0.6911166,0.2483058,0.5316846,115.7613,-0.4981644,-0.8160138,0.2931791,-0.1007981,0.6342162,-0.06166555,0.6451303,0.5275004,0.2359166,-0.7601081,0.2971909,145.4221,0.5524616,0.2470801,-0.7960764,0.09852376,1.105712,0.2104751,1.12987,0.1102982,1.160271,0.2328337,1.188531,0.1298647,1.16015,0.2450781,1.192844,-0.015098,0.6463389,0.02940465,0.6471836,-0.004218515,0.6446252,0.07354864,0.6488211,-0.02245736,0.635878,0.1038784,0.6446983,0.1012824,-0.0700343,0.02825692,0.1263384,0.1583274,-0.05557507,0.01592867,0.1685523,0.1631205,-0.05908908,-0.006375283,0.1736101,-0.1111289,0.04730911,-0.03460449,0.1256394,-0.1552741,0.05416124,-0.02598792,0.1664898,-0.1772072,0.04624177,0.002034947,0.1831525,0.1003915,-0.07582913,0.03406994,0.1303429,0.1422396,-0.0662737,0.01636593,0.1577724,0.1349231,-0.07116811,-0.002027437,0.1525558,-0.1111882,0.04726597,-0.0351278,0.1258207,-0.1555011,0.0538657,-0.02601038,0.1666092,-0.1772538,0.04612365,0.002150356,0.1831691,0.1149003,-0.07321864,0.02325003,0.1382158,-0.1572733,0.913786,-0.01358238,0.3742671,136.0419,-0.1695996,0.9854043,-0.0146469,-0.1414414,0.04730774,-0.01927543,0.1503837,0.1267935,-0.488097,-0.2026326,0.8394194,65.84229,0.2332975,-0.8980886,-0.37284,0.107651,1.123744,0.2077726,1.14785,0.4230427,-0.8851465,0.1277565,-0.1457013,196.7558,0.4276059,-0.8946941,0.1291345,0.1177734,-0.06251756,0.02070538,0.134936,0.1861879,-0.6716698,-0.5466557,0.4640705,124.6998,0.2101922,-0.758265,-0.6171334,-0.415684,-0.2149649,-0.3736761,0.5988631,0.7343245,0.2096846,0.6283985,-0.1480387,197.0266,0.7425057,0.2120207,0.6353996,-0.007650971,-0.02374387,0.09222741,0.09554164,-0.2641002,0.4551104,0.06534476,0.8478537,64.04206,-0.4980856,0.8583255,0.1232384,-0.08688898,1.209234,-0.07258286,1.214522,0.008116209,-0.1482635,-0.170695,-0.9740715,333.8483,0.03587427,-0.6553363,-0.7544852,False,False,False,False
1772879688995,14.60965,0.1555223,1.053388,0.1106017,1.070535,-0.4219165,-0.6911166,0.2483058,0.5316846,115.7613,-0.4981644,-0.8160138,0.2931791,-0.1007981,0.6342162,-0.06166555,0.6451303,0.5275004,0.2359166,-0.7601081,0.2971909,145.4221,0.5524616,0.2470801,-0.7960764,0.09852376,1.105712,0.2104751,1.12987,0.1102982,1.160271,0.2328337,1.188531,0.1298647,1.16015,0.2450781,1.192844,-0.015098,0.6463389,0.02940465,0.6471836,-0.004218515,0.6446252,0.07354864,0.6488211,-0.02245736,0.635878,0.1038784,0.6446983,0.1012824,-0.0700343,0.02825692,0.1263384,0.1583274,-0.05557507,0.01592867,0.1685523,0.1631205,-0.05908908,-0.006375283,0.1736101,-0.1111289,0.04730911,-0.03460449,0.1256394,-0.1552741,0.05416124,-0.02598792,0.1664898,-0.1772072,0.04624177,0.002034947,0.1831525,0.1003915,-0.07582913,0.03406994,0.1303429,0.1422396,-0.0662737,0.01636593,0.1577724,0.1349231,-0.07116811,-0.002027437,0.1525558,-0.1111882,0.04726597,-0.0351278,0.1258207,-0.1555011,0.0538657,-0.02601038,0.1666092,-0.1772538,0.04612365,0.002150356,0.1831691,0.1149003,-0.07321864,0.02325003,0.1382158,-0.1572733,0.913786,-0.01358238,0.3742671,136.0419,-0.1695996,0.9854043,-0.0146469,-0.1414414,0.04730774,-0.01927543,0.1503837,0.1267935,-0.488097,-0.2026326,0.8394194,65.84229,0.2332975,-0.8980886,-0.37284,0.107651,1.123744,0.2077726,1.14785,0.4230427,-0.8851465,0.1277565,-0.1457013,196.7558,0.4276059,-0.8946941,0.1291345,0.1177734,-0.06251756,0.02070538,0.134936,0.1861879,-0.6716698,-0.5466557,0.4640705,124.6998,0.2101922,-0.758265,-0.6171334,-0.415684,-0.2149649,-0.3736761,0.5988631,0.7343245,0.2096846,0.6283985,-0.1480387,197.0266,0.7425057,0.2120207,0.6353996,-0.007650971,-0.02374387,0.09222741,0.09554164,-0.2641002,0.4551104,0.06534476,0.8478537,64.04206,-0.4980856,0.8583255,0.1232384,-0.08653092,1.209281,-0.07287802,1.214561,0.007714313,-0.1478295,-0.1702493,-0.9742187,333.923,0.0341938,-0.6552565,-0.7546325,False,False,False,False
1772879689010,14.62375,0.1555223,1.053388,0.1106017,1.070535,-0.4219165,-0.6911166,0.2483058,0.5316846,115.7613,-0.4981644,-0.8160138,0.2931791,-0.1007981,0.6342162,-0.06166555,0.6451303,0.5275004,0.2359166,-0.7601081,0.2971909,145.4221,0.5524616,0.2470801,-0.7960764,0.09852376,1.105712,0.2104751,1.12987,0.1102982,1.160271,0.2328337,1.188531,0.1298647,1.16015,0.2450781,1.192844,-0.015098,0.6463389,0.02940465,0.6471836,-0.004218515,0.6446252,0.07354864,0.6488211,-0.02245736,0.635878,0.1038784,0.6446983,0.1012824,-0.0700343,0.02825692,0.1263384,0.1583274,-0.05557507,0.01592867,0.1685523,0.1631205,-0.05908908,-0.006375283,0.1736101,-0.1111289,0.04730911,-0.03460449,0.1256394,-0.1552741,0.05416124,-0.02598792,0.1664898,-0.1772072,0.04624177,0.002034947,0.1831525,0.1003915,-0.07582913,0.03406994,0.1303429,0.1422396,-0.0662737,0.01636593,0.1577724,0.1349231,-0.07116811,-0.002027437,0.1525558,-0.1111882,0.04726597,-0.0351278,0.1258207,-0.1555011,0.0538657,-0.02601038,0.1666092,-0.1772538,0.04612365,0.002150356,0.1831691,0.1149003,-0.07321864,0.02325003,0.1382158,-0.1572733,0.913786,-0.01358238,0.3742671,136.0419,-0.1695996,0.9854043,-0.0146469,-0.1414414,0.04730774,-0.01927543,0.1503837,0.1267935,-0.488097,-0.2026326,0.8394194,65.84229,0.2332975,-0.8980886,-0.37284,0.107651,1.123744,0.2077726,1.14785,0.4230427,-0.8851465,0.1277565,-0.1457013,196.7558,0.4276059,-0.8946941,0.1291345,0.1177734,-0.06251756,0.02070538,0.134936,0.1861879,-0.6716698,-0.5466557,0.4640705,124.6998,0.2101922,-0.758265,-0.6171334,-0.415684,-0.2149649,-0.3736761,0.5988631,0.7343245,0.2096846,0.6283985,-0.1480387,197.0266,0.7425057,0.2120207,0.6353996,-0.007650971,-0.02374387,0.09222741,0.09554164,-0.2641002,0.4551104,0.06534476,0.8478537,64.04206,-0.4980856,0.8583255,0.1232384,-0.08607461,1.209281,-0.07323658,1.21455,0.007477304,-0.1477248,-0.1699419,-0.9742901,333.9593,0.03318866,-0.6556894,-0.754302,False,False,False,False
1772879689022,14.63806,0.1555223,1.053388,0.1106017,1.070535,-0.4219165,-0.6911166,0.2483058,0.5316846,115.7613,-0.4981644,-0.8160138,0.2931791,-0.1007981,0.6342162,-0.06166555,0.6451303,0.5275004,0.2359166,-0.7601081,0.2971909,145.4221,0.5524616,0.2470801,-0.7960764,0.09852376,1.105712,0.2104751,1.12987,0.1102982,1.160271,0.2328337,1.188531,0.1298647,1.16015,0.2450781,1.192844,-0.015098,0.6463389,0.02940465,0.6471836,-0.004218515,0.6446252,0.07354864,0.6488211,-0.02245736,0.635878,0.1038784,0.6446983,0.1012824,-0.0700343,0.02825692,0.1263384,0.1583274,-0.05557507,0.01592867,0.1685523,0.1631205,-0.05908908,-0.006375283,0.1736101,-0.1111289,0.04730911,-0.03460449,0.1256394,-0.1552741,0.05416124,-0.02598792,0.1664898,-0.1772072,0.04624177,0.002034947,0.1831525,0.1003915,-0.07582913,0.03406994,0.1303429,0.1422396,-0.0662737,0.01636593,0.1577724,0.1349231,-0.07116811,-0.002027437,0.1525558,-0.1111882,0.04726597,-0.0351278,0.1258207,-0.1555011,0.0538657,-0.02601038,0.1666092,-0.1772538,0.04612365,0.002150356,0.1831691,0.1149003,-0.07321864,0.02325003,0.1382158,-0.1572733,0.913786,-0.01358238,0.3742671,136.0419,-0.1695996,0.9854043,-0.0146469,-0.1414414,0.04730774,-0.01927543,0.1503837,0.1267935,-0.488097,-0.2026326,0.8394194,65.84229,0.2332975,-0.8980886,-0.37284,0.107651,1.123744,0.2077726,1.14785,0.4230427,-0.8851465,0.1277565,-0.1457013,196.7558,0.4276059,-0.8946941,0.1291345,0.1177734,-0.06251756,0.02070538,0.134936,0.1861879,-0.6716698,-0.5466557,0.4640705,124.6998,0.2101922,-0.758265,-0.6171334,-0.415684,-0.2149649,-0.3736761,0.5988631,0.7343245,0.2096846,0.6283985,-0.1480387,197.0266,0.7425057,0.2120207,0.6353996,-0.007650971,-0.02374387,0.09222741,0.09554164,-0.2641002,0.4551104,0.06534476,0.8478537,64.04206,-0.4980856,0.8583255,0.1232384,-0.08551496,1.209371,-0.07358624,1.214621,0.007048292,-0.1478721,-0.1697187,-0.9743099,333.9693,0.03129631,-0.6565918,-0.7535965,False,False,False,False
1772879689037,14.65162,0.1555223,1.053388,0.1106017,1.070535,-0.4219165,-0.6911166,0.2483058,0.5316846,115.7613,-0.4981644,-0.8160138,0.2931791,-0.1007981,0.6342162,-0.06166555,0.6451303,0.5275004,0.2359166,-0.7601081,0.2971909,145.4221,0.5524616,0.2470801,-0.7960764,0.09852376,1.105712,0.2104751,1.12987,0.1102982,1.160271,0.2328337,1.188531,0.1298647,1.16015,0.2450781,1.192844,-0.015098,0.6463389,0.02940465,0.6471836,-0.004218515,0.6446252,0.07354864,0.6488211,-0.02245736,0.635878,0.1038784,0.6446983,0.1012824,-0.0700343,0.02825692,0.1263384,0.1583274,-0.05557507,0.01592867,0.1685523,0.1631205,-0.05908908,-0.006375283,0.1736101,-0.1111289,0.04730911,-0.03460449,0.1256394,-0.1552741,0.05416124,-0.02598792,0.1664898,-0.1772072,0.04624177,0.002034947,0.1831525,0.1003915,-0.07582913,0.03406994,0.1303429,0.1422396,-0.0662737,0.01636593,0.1577724,0.1349231,-0.07116811,-0.002027437,0.1525558,-0.1111882,0.04726597,-0.0351278,0.1258207,-0.1555011,0.0538657,-0.02601038,0.1666092,-0.1772538,0.04612365,0.002150356,0.1831691,0.1149003,-0.07321864,0.02325003,0.1382158,-0.1572733,0.913786,-0.01358238,0.3742671,136.0419,-0.1695996,0.9854043,-0.0146469,-0.1414414,0.04730774,-0.01927543,0.1503837,0.1267935,-0.488097,-0.2026326,0.8394194,65.84229,0.2332975,-0.8980886,-0.37284,0.107651,1.123744,0.2077726,1.14785,0.4230427,-0.8851465,0.1277565,-0.1457013,196.7558,0.4276059,-0.8946941,0.1291345,0.1177734,-0.06251756,0.02070538,0.134936,0.1861879,-0.6716698,-0.5466557,0.4640705,124.6998,0.2101922,-0.758265,-0.6171334,-0.415684,-0.2149649,-0.3736761,0.5988631,0.7343245,0.2096846,0.6283985,-0.1480387,197.0266,0.7425057,0.2120207,0.6353996,-0.007650971,-0.02374387,0.09222741,0.09554164,-0.2641002,0.4551104,0.06534476,0.8478537,64.04206,-0.4980856,0.8583255,0.1232384,-0.08498413,1.209463,-0.07405207,1.214705,0.006695786,-0.1485675,-0.1700264,-0.9741529,333.8896,0.02964185,-0.6576998,-0.7526969,False,False,False,False
1772879689050,14.6667,0.1555223,1.053388,0.1106017,1.070535,-0.4219165,-0.6911166,0.2483058,0.5316846,115.7613,-0.4981644,-0.8160138,0.2931791,-0.1007981,0.6342162,-0.06166555,0.6451303,0.5275004,0.2359166,-0.7601081,0.2971909,145.4221,0.5524616,0.2470801,-0.7960764,0.09852376,1.105712,0.2104751,1.12987,0.1102982,1.160271,0.2328337,1.188531,0.1298647,1.16015,0.2450781,1.192844,-0.015098,0.6463389,0.02940465,0.6471836,-0.004218515,0.6446252,0.07354864,0.6488211,-0.02245736,0.635878,0.1038784,0.6446983,0.1012824,-0.0700343,0.02825692,0.1263384,0.1583274,-0.05557507,0.01592867,0.1685523,0.1631205,-0.05908908,-0.006375283,0.1736101,-0.1111289,0.04730911,-0.03460449,0.1256394,-0.1552741,0.05416124,-0.02598792,0.1664898,-0.1772072,0.04624177,0.002034947,0.1831525,0.1003915,-0.07582913,0.03406994,0.1303429,0.1422396,-0.0662737,0.01636593,0.1577724,0.1349231,-0.07116811,-0.002027437,0.1525558,-0.1111882,0.04726597,-0.0351278,0.1258207,-0.1555011,0.0538657,-0.02601038,0.1666092,-0.1772538,0.04612365,0.002150356,0.1831691,0.1149003,-0.07321864,0.02325003,0.1382158,-0.1572733,0.913786,-0.01358238,0.3742671,136.0419,-0.1695996,0.9854043,-0.0146469,-0.1414414,0.04730774,-0.01927543,0.1503837,0.1267935,-0.488097,-0.2026326,0.8394194,65.84229,0.2332975,-0.8980886,-0.37284,0.107651,1.123744,0.2077726,1.14785,0.4230427,-0.8851465,0.1277565,-0.1457013,196.7558,0.4276059,-0.8946941,0.1291345,0.1177734,-0.06251756,0.02070538,0.134936,0.1861879,-0.6716698,-0.5466557,0.4640705,124.6998,0.2101922,-0.758265,-0.6171334,-0.415684,-0.2149649,-0.3736761,0.5988631,0.7343245,0.2096846,0.6283985,-0.1480387,197.0266,0.7425057,0.2120207,0.6353996,-0.007650971,-0.02374387,0.09222741,0.09554164,-0.2641002,0.4551104,0.06534476,0.8478537,64.04206,-0.4980856,0.8583255,0.1232384,-0.08426443,1.209449,-0.07444907,1.214664,0.006000488,-0.1497159,-0.1699005,-0.9740036,333.814,0.02648842,-0.6609027,-0.7500049,False,False,False,False
1772879689065,14.67951,0.1555223,1.053388,0.1106017,1.070535,-0.4219165,-0.6911166,0.2483058,0.5316846,115.7613,-0.4981644,-0.8160138,0.2931791,-0.1007981,0.6342162,-0.06166555,0.6451303,0.5275004,0.2359166,-0.7601081,0.2971909,145.4221,0.5524616,0.2470801,-0.7960764,0.09852376,1.105712,0.2104751,1.12987,0.1102982,1.160271,0.2328337,1.188531,0.1298647,1.16015,0.2450781,1.192844,-0.015098,0.6463389,0.02940465,0.6471836,-0.004218515,0.6446252,0.07354864,0.6488211,-0.02245736,0.635878,0.1038784,0.6446983,0.1012824,-0.0700343,0.02825692,0.1263384,0.1583274,-0.05557507,0.01592867,0.1685523,0.1631205,-0.05908908,-0.006375283,0.1736101,-0.1111289,0.04730911,-0.03460449,0.1256394,-0.1552741,0.05416124,-0.02598792,0.1664898,-0.1772072,0.04624177,0.002034947,0.1831525,0.1003915,-0.07582913,0.03406994,0.1303429,0.1422396,-0.0662737,0.01636593,0.1577724,0.1349231,-0.07116811,-0.002027437,0.1525558,-0.1111882,0.04726597,-0.0351278,0.1258207,-0.1555011,0.0538657,-0.02601038,0.1666092,-0.1772538,0.04612365,0.002150356,0.1831691,0.1149003,-0.07321864,0.02325003,0.1382158,-0.1572733,0.913786,-0.01358238,0.3742671,136.0419,-0.1695996,0.9854043,-0.0146469,-0.1414414,0.04730774,-0.01927543,0.1503837,0.1267935,-0.488097,-0.2026326,0.8394194,65.84229,0.2332975,-0.8980886,-0.37284,0.107651,1.123744,0.2077726,1.14785,0.4230427,-0.8851465,0.1277565,-0.1457013,196.7558,0.4276059,-0.8946941,0.1291345,0.1177734,-0.06251756,0.02070538,0.134936,0.1861879,-0.6716698,-0.5466557,0.4640705,124.6998,0.2101922,-0.758265,-0.6171334,-0.415684,-0.2149649,-0.3736761,0.5988631,0.7343245,0.2096846,0.6283985,-0.1480387,197.0266,0.7425057,0.2120207,0.6353996,-0.007650971,-0.02374387,0.09222741,0.09554164,-0.2641002,0.4551104,0.06534476,0.8478537,64.04206,-0.4980856,0.8583255,0.1232384,-0.08358281,1.209404,-0.07499486,1.214606,0.004964259,-0.1516391,-0.1697482,-0.9737384,333.6802,0.02180466,-0.6660489,-0.7455902,False,False,False,False
1772879689079,14.69342,0.1555223,1.053388,0.1106017,1.070535,-0.4219165,-0.6911166,0.2483058,0.5316846,115.7613,-0.4981644,-0.8160138,0.2931791,-0.1007981,0.6342162,-0.06166555,0.6451303,0.5275004,0.2359166,-0.7601081,0.2971909,145.4221,0.5524616,0.2470801,-0.7960764,0.09852376,1.105712,0.2104751,1.12987,0.1102982,1.160271,0.2328337,1.188531,0.1298647,1.16015,0.2450781,1.192844,-0.015098,0.6463389,0.02940465,0.6471836,-0.004218515,0.6446252,0.07354864,0.6488211,-0.02245736,0.635878,0.1038784,0.6446983,0.1012824,-0.0700343,0.02825692,0.1263384,0.1583274,-0.05557507,0.01592867,0.1685523,0.1631205,-0.05908908,-0.006375283,0.1736101,-0.1111289,0.04730911,-0.03460449,0.1256394,-0.1552741,0.05416124,-0.02598792,0.1664898,-0.1772072,0.04624177,0.002034947,0.1831525,0.1003915,-0.07582913,0.03406994,0.1303429,0.1422396,-0.0662737,0.01636593,0.1577724,0.1349231,-0.07116811,-0.002027437,0.1525558,-0.1111882,0.04726597,-0.0351278,0.1258207,-0.1555011,0.0538657,-0.02601038,0.1666092,-0.1772538,0.04612365,0.002150356,0.1831691,0.1149003,-0.07321864,0.02325003,0.1382158,-0.1572733,0.913786,-0.01358238,0.3742671,136.0419,-0.1695996,0.9854043,-0.0146469,-0.1414414,0.04730774,-0.01927543,0.1503837,0.1267935,-0.488097,-0.2026326,0.8394194,65.84229,0.2332975,-0.8980886,-0.37284,0.107651,1.123744,0.2077726,1.14785,0.4230427,-0.8851465,0.1277565,-0.1457013,196.7558,0.4276059,-0.8946941,0.1291345,0.1177734,-0.06251756,0.02070538,0.134936,0.1861879,-0.6716698,-0.5466557,0.4640705,124.6998,0.2101922,-0.758265,-0.6171334,-0.415684,-0.2149649,-0.3736761,0.5988631,0.7343245,0.2096846,0.6283985,-0.1480387,197.0266,0.7425057,0.2120207,0.6353996,-0.007650971,-0.02374387,0.09222741,0.09554164,-0.2641002,0.4551104,0.06534476,0.8478537,64.04206,-0.4980856,0.8583255,0.1232384,-0.08292764,1.209375,-0.07548617,1.214563,0.004035791,-0.153453,-0.1694359,-0.9735129,333.5669,0.01765192,-0.6711791,-0.7410858,False,False,False,False
1772879689092,14.70763,0.1555223,1.053388,0.1106017,1.070535,-0.4219165,-0.6911166,0.2483058,0.5316846,115.7613,-0.4981644,-0.8160138,0.2931791,-0.1007981,0.6342162,-0.06166555,0.6451303,0.5275004,0.2359166,-0.7601081,0.2971909,145.4221,0.5524616,0.2470801,-0.7960764,0.09852376,1.105712,0.2104751,1.12987,0.1102982,1.160271,0.2328337,1.188531,0.1298647,1.16015,0.2450781,1.192844,-0.015098,0.6463389,0.02940465,0.6471836,-0.004218515,0.6446252,0.07354864,0.6488211,-0.02245736,0.635878,0.1038784,0.6446983,0.1012824,-0.0700343,0.02825692,0.1263384,0.1583274,-0.05557507,0.01592867,0.1685523,0.1631205,-0.05908908,-0.006375283,0.1736101,-0.1111289,0.04730911,-0.03460449,0.1256394,-0.1552741,0.05416124,-0.02598792,0.1664898,-0.1772072,0.04624177,0.002034947,0.1831525,0.1003915,-0.07582913,0.03406994,0.1303429,0.1422396,-0.0662737,0.01636593,0.1577724,0.1349231,-0.07116811,-0.002027437,0.1525558,-0.1111882,0.04726597,-0.0351278,0.1258207,-0.1555011,0.0538657,-0.02601038,0.1666092,-0.1772538,0.04612365,0.002150356,0.1831691,0.1149003,-0.07321864,0.02325003,0.1382158,-0.1572733,0.913786,-0.01358238,0.3742671,136.0419,-0.1695996,0.9854043,-0.0146469,-0.1414414,0.04730774,-0.01927543,0.1503837,0.1267935,-0.488097,-0.2026326,0.8394194,65.84229,0.2332975,-0.8980886,-0.37284,0.107651,1.123744,0.2077726,1.14785,0.4230427,-0.8851465,0.1277565,-0.1457013,196.7558,0.4276059,-0.8946941,0.1291345,0.1177734,-0.06251756,0.02070538,0.134936,0.1861879,-0.6716698,-0.5466557,0.4640705,124.6998,0.2101922,-0.758265,-0.6171334,-0.415684,-0.2149649,-0.3736761,0.5988631,0.7343245,0.2096846,0.6283985,-0.1480387,197.0266,0.7425057,0.2120207,0.6353996,-0.007650971,-0.02374387,0.09222741,0.09554164,-0.2641002,0.4551104,0.06534476,0.8478537,64.04206,-0.4980856,0.8583255,0.1232384,-0.08252677,1.209354,-0.07594043,1.214543,0.003308015,-0.1554621,-0.1691196,-0.9732518,333.4364,0.0143989,-0.6766846,-0.736132,False,False,False,False
1772879689106,14.72103,0.1555223,1.053388,0.1106017,1.070535,-0.4219165,-0.6911166,0.2483058,0.5316846,115.7613,-0.4981644,-0.8160138,0.2931791,-0.1007981,0.6342162,-0.06166555,0.6451303,0.5275004,0.2359166,-0.7601081,0.2971909,145.4221,0.5524616,0.2470801,-0.7960764,0.09852376,1.105712,0.2104751,1.12987,0.1102982,1.160271,0.2328337,1.188531,0.1298647,1.16015,0.2450781,1.192844,-0.015098,0.6463389,0.02940465,0.6471836,-0.004218515,0.6446252,0.07354864,0.6488211,-0.02245736,0.635878,0.1038784,0.6446983,0.1012824,-0.0700343,0.02825692,0.1263384,0.1583274,-0.05557507,0.01592867,0.1685523,0.1631205,-0.05908908,-0.006375283,0.1736101,-0.1111289,0.04730911,-0.03460449,0.1256394,-0.1552741,0.05416124,-0.02598792,0.1664898,-0.1772072,0.04624177,0.002034947,0.1831525,0.1003915,-0.07582913,0.03406994,0.1303429,0.1422396,-0.0662737,0.01636593,0.1577724,0.1349231,-0.07116811,-0.002027437,0.1525558,-0.1111882,0.04726597,-0.0351278,0.1258207,-0.1555011,0.0538657,-0.02601038,0.1666092,-0.1772538,0.04612365,0.002150356,0.1831691,0.1149003,-0.07321864,0.02325003,0.1382158,-0.1572733,0.913786,-0.01358238,0.3742671,136.0419,-0.1695996,0.9854043,-0.0146469,-0.1414414,0.04730774,-0.01927543,0.1503837,0.1267935,-0.488097,-0.2026326,0.8394194,65.84229,0.2332975,-0.8980886,-0.37284,0.107651,1.123744,0.2077726,1.14785,0.4230427,-0.8851465,0.1277565,-0.1457013,196.7558,0.4276059,-0.8946941,0.1291345,0.1177734,-0.06251756,0.02070538,0.134936,0.1861879,-0.6716698,-0.5466557,0.4640705,124.6998,0.2101922,-0.758265,-0.6171334,-0.415684,-0.2149649,-0.3736761,0.5988631,0.7343245,0.2096846,0.6283985,-0.1480387,197.0266,0.7425057,0.2120207,0.6353996,-0.007650971,-0.02374387,0.09222741,0.09554164,-0.2641002,0.4551104,0.06534476,0.8478537,64.04206,-0.4980856,0.8583255,0.1232384,-0.08213849,1.209416,-0.07630891,1.214601,0.002984396,-0.156997,-0.1691935,-0.9729937,333.3079,0.01292889,-0.6801364,-0.7329736,False,False,False,False
1772879689121,14.73481,0.1555223,1.053388,0.1106017,1.070535,-0.4219165,-0.6911166,0.2483058,0.5316846,115.7613,-0.4981644,-0.8160138,0.2931791,-0.1007981,0.6342162,-0.06166555,0.6451303,0.5275004,0.2359166,-0.7601081,0.2971909,145.4221,0.5524616,0.2470801,-0.7960764,0.09852376,1.105712,0.2104751,1.12987,0.1102982,1.160271,0.2328337,1.188531,0.1298647,1.16015,0.2450781,1.192844,-0.015098,0.6463389,0.02940465,0.6471836,-0.004218515,0.6446252,0.07354864,0.6488211,-0.02245736,0.635878,0.1038784,0.6446983,0.1012824,-0.0700343,0.02825692,0.1263384,0.1583274,-0.05557507,0.01592867,0.1685523,0.1631205,-0.05908908,-0.006375283,0.1736101,-0.1111289,0.04730911,-0.03460449,0.1256394,-0.1552741,0.05416124,-0.02598792,0.1664898,-0.1772072,0.04624177,0.002034947,0.1831525,0.1003915,-0.07582913,0.03406994,0.1303429,0.1422396,-0.0662737,0.01636593,0.1577724,0.1349231,-0.07116811,-0.002027437,0.1525558,-0.1111882,0.04726597,-0.0351278,0.1258207,-0.1555011,0.0538657,-0.02601038,0.1666092,-0.1772538,0.04612365,0.002150356,0.1831691,0.1149003,-0.07321864,0.02325003,0.1382158,-0.1572733,0.913786,-0.01358238,0.3742671,136.0419,-0.1695996,0.9854043,-0.0146469,-0.1414414,0.04730774,-0.01927543,0.1503837,0.1267935,-0.488097,-0.2026326,0.8394194,65.84229,0.2332975,-0.8980886,-0.37284,0.107651,1.123744,0.2077726,1.14785,0.4230427,-0.8851465,0.1277565,-0.1457013,196.7558,0.4276059,-0.8946941,0.1291345,0.1177734,-0.06251756,0.02070538,0.134936,0.1861879,-0.6716698,-0.5466557,0.4640705,124.6998,0.2101922,-0.758265,-0.6171334,-0.415684,-0.2149649,-0.3736761,0.5988631,0.7343245,0.2096846,0.6283985,-0.1480387,197.0266,0.7425057,0.2120207,0.6353996,-0.007650971,-0.02374387,0.09222741,0.09554164,-0.2641002,0.4551104,0.06534476,0.8478537,64.04206,-0.4980856,0.8583255,0.1232384,-0.08179682,1.209496,-0.07669357,1.214683,0.003060723,-0.1581282,-0.1695597,-0.9727464,333.1855,0.01320008,-0.6819649,-0.7312659,False,False,False,False
1772879689136,14.74952,0.1555223,1.053388,0.1106017,1.070535,-0.4219165,-0.6911166,0.2483058,0.5316846,115.7613,-0.4981644,-0.8160138,0.2931791,-0.1007981,0.6342162,-0.06166555,0.6451303,0.5275004,0.2359166,-0.7601081,0.2971909,145.4221,0.5524616,0.2470801,-0.7960764,0.09852376,1.105712,0.2104751,1.12987,0.1102982,1.160271,0.2328337,1.188531,0.1298647,1.16015,0.2450781,1.192844,-0.015098,0.6463389,0.02940465,0.6471836,-0.004218515,0.6446252,0.07354864,0.6488211,-0.02245736,0.635878,0.1038784,0.6446983,0.1012824,-0.0700343,0.02825692,0.1263384,0.1583274,-0.05557507,0.01592867,0.1685523,0.1631205,-0.05908908,-0.006375283,0.1736101,-0.1111289,0.04730911,-0.03460449,0.1256394,-0.1552741,0.05416124,-0.02598792,0.1664898,-0.1772072,0.04624177,0.002034947,0.1831525,0.1003915,-0.07582913,0.03406994,0.1303429,0.1422396,-0.0662737,0.01636593,0.1577724,0.1349231,-0.07116811,-0.002027437,0.1525558,-0.1111882,0.04726597,-0.0351278,0.1258207,-0.1555011,0.0538657,-0.02601038,0.1666092,-0.1772538,0.04612365,0.002150356,0.1831691,0.1149003,-0.07321864,0.02325003,0.1382158,-0.1572733,0.913786,-0.01358238,0.3742671,136.0419,-0.1695996,0.9854043,-0.0146469,-0.1414414,0.04730774,-0.01927543,0.1503837,0.1267935,-0.488097,-0.2026326,0.8394194,65.84229,0.2332975,-0.8980886,-0.37284,0.107651,1.123744,0.2077726,1.14785,0.4230427,-0.8851465,0.1277565,-0.1457013,196.7558,0.4276059,-0.8946941,0.1291345,0.1177734,-0.06251756,0.02070538,0.134936,0.1861879,-0.6716698,-0.5466557,0.4640705,124.6998,0.2101922,-0.758265,-0.6171334,-0.415684,-0.2149649,-0.3736761,0.5988631,0.7343245,0.2096846,0.6283985,-0.1480387,197.0266,0.7425057,0.2120207,0.6353996,-0.007650971,-0.02374387,0.09222741,0.09554164,-0.2641002,0.4551104,0.06534476,0.8478537,64.04206,-0.4980856,0.8583255,0.1232384,-0.08144192,1.209543,-0.07705644,1.214728,0.003372555,-0.1586349,-0.1696649,-0.9726446,333.1352,0.0145182,-0.6828929,-0.7303749,False,False,False,False
1772879689150,14.76451,0.1555223,1.053388,0.1106017,1.070535,-0.4219165,-0.6911166,0.2483058,0.5316846,115.7613,-0.4981644,-0.8160138,0.2931791,-0.1007981,0.6342162,-0.06166555,0.6451303,0.5275004,0.2359166,-0.7601081,0.2971909,145.4221,0.5524616,0.2470801,-0.7960764,0.09852376,1.105712,0.2104751,1.12987,0.1102982,1.160271,0.2328337,1.188531,0.1298647,1.16015,0.2450781,1.192844,-0.015098,0.6463389,0.02940465,0.6471836,-0.004218515,0.6446252,0.07354864,0.6488211,-0.02245736,0.635878,0.1038784,0.6446983,0.1012824,-0.0700343,0.02825692,0.1263384,0.1583274,-0.05557507,0.01592867,0.1685523,0.1631205,-0.05908908,-0.006375283,0.1736101,-0.1111289,0.04730911,-0.03460449,0.1256394,-0.1552741,0.05416124,-0.02598792,0.1664898,-0.1772072,0.04624177,0.002034947,0.1831525,0.1003915,-0.07582913,0.03406994,0.1303429,0.1422396,-0.0662737,0.01636593,0.1577724,0.1349231,-0.07116811,-0.002027437,0.1525558,-0.1111882,0.04726597,-0.0351278,0.1258207,-0.1555011,0.0538657,-0.02601038,0.1666092,-0.1772538,0.04612365,0.002150356,0.1831691,0.1149003,-0.07321864,0.02325003,0.1382158,-0.1572733,0.913786,-0.01358238,0.3742671,136.0419,-0.1695996,0.9854043,-0.0146469,-0.1414414,0.04730774,-0.01927543,0.1503837,0.1267935,-0.488097,-0.2026326,0.8394194,65.84229,0.2332975,-0.8980886,-0.37284,0.107651,1.123744,0.2077726,1.14785,0.4230427,-0.8851465,0.1277565,-0.1457013,196.7558,0.4276059,-0.8946941,0.1291345,0.1177734,-0.06251756,0.02070538,0.134936,0.1861879,-0.6716698,-0.5466557,0.4640705,124.6998,0.2101922,-0.758265,-0.6171334,-0.415684,-0.2149649,-0.3736761,0.5988631,0.7343245,0.2096846,0.6283985,-0.1480387,197.0266,0.7425057,0.2120207,0.6353996,-0.007650971,-0.02374387,0.09222741,0.09554164,-0.2641002,0.4551104,0.06534476,0.8478537,64.04206,-0.4980856,0.8583255,0.1232384,-0.08117552,1.209633,-0.07741737,1.214823,0.003565622,-0.1590443,-0.1694765,-0.9726099,333.118,0.01533973,-0.6842276,-0.729108,False,False,False,False
1772879689164,14.77871,0.1555223,1.053388,0.1106017,1.070535,-0.4219165,-0.6911166,0.2483058,0.5316846,115.7613,-0.4981644,-0.8160138,0.2931791,-0.1007981,0.6342162,-0.06166555,0.6451303,0.5275004,0.2359166,-0.7601081,0.2971909,145.4221,0.5524616,0.2470801,-0.7960764,0.09852376,1.105712,0.2104751,1.12987,0.1102982,1.160271,0.2328337,1.188531,0.1298647,1.16015,0.2450781,1.192844,-0.015098,0.6463389,0.02940465,0.6471836,-0.004218515,0.6446252,0.07354864,0.6488211,-0.02245736,0.635878,0.1038784,0.6446983,0.1012824,-0.0700343,0.02825692,0.1263384,0.1583274,-0.05557507,0.01592867,0.1685523,0.1631205,-0.05908908,-0.006375283,0.1736101,-0.1111289,0.04730911,-0.03460449,0.1256394,-0.1552741,0.05416124,-0.02598792,0.1664898,-0.1772072,0.04624177,0.002034947,0.1831525,0.1003915,-0.07582913,0.03406994,0.1303429,0.1422396,-0.0662737,0.01636593,0.1577724,0.1349231,-0.07116811,-0.002027437,0.1525558,-0.1111882,0.04726597,-0.0351278,0.1258207,-0.1555011,0.0538657,-0.02601038,0.1666092,-0.1772538,0.04612365,0.002150356,0.1831691,0.1149003,-0.07321864,0.02325003,0.1382158,-0.1572733,0.913786,-0.01358238,0.3742671,136.0419,-0.1695996,0.9854043,-0.0146469,-0.1414414,0.04730774,-0.01927543,0.1503837,0.1267935,-0.488097,-0.2026326,0.8394194,65.84229,0.2332975,-0.8980886,-0.37284,0.107651,1.123744,0.2077726,1.14785,0.4230427,-0.8851465,0.1277565,-0.1457013,196.7558,0.4276059,-0.8946941,0.1291345,0.1177734,-0.06251756,0.02070538,0.134936,0.1861879,-0.6716698,-0.5466557,0.4640705,124.6998,0.2101922,-0.758265,-0.6171334,-0.415684,-0.2149649,-0.3736761,0.5988631,0.7343245,0.2096846,0.6283985,-0.1480387,197.0266,0.7425057,0.2120207,0.6353996,-0.007650971,-0.02374387,0.09222741,0.09554164,-0.2641002,0.4551104,0.06534476,0.8478537,64.04206,-0.4980856,0.8583255,0.1232384,-0.08098546,1.209695,-0.07774251,1.214892,0.003930192,-0.1590239,-0.169582,-0.9725934,333.11,0.01690315,-0.6839373,-0.7293463,False,False,False,False
1772879689178,14.7932,0.1555223,1.053388,0.1106017,1.070535,-0.4219165,-0.6911166,0.2483058,0.5316846,115.7613,-0.4981644,-0.8160138,0.2931791,-0.1007981,0.6342162,-0.06166555,0.6451303,0.5275004,0.2359166,-0.7601081,0.2971909,145.4221,0.5524616,0.2470801,-0.7960764,0.09852376,1.105712,0.2104751,1.12987,0.1102982,1.160271,0.2328337,1.188531,0.1298647,1.16015,0.2450781,1.192844,-0.015098,0.6463389,0.02940465,0.6471836,-0.004218515,0.6446252,0.07354864,0.6488211,-0.02245736,0.635878,0.1038784,0.6446983,0.1012824,-0.0700343,0.02825692,0.1263384,0.1583274,-0.05557507,0.01592867,0.1685523,0.1631205,-0.05908908,-0.006375283,0.1736101,-0.1111289,0.04730911,-0.03460449,0.1256394,-0.1552741,0.05416124,-0.02598792,0.1664898,-0.1772072,0.04624177,0.002034947,0.1831525,0.1003915,-0.07582913,0.03406994,0.1303429,0.1422396,-0.0662737,0.01636593,0.1577724,0.1349231,-0.07116811,-0.002027437,0.1525558,-0.1111882,0.04726597,-0.0351278,0.1258207,-0.1555011,0.0538657,-0.02601038,0.1666092,-0.1772538,0.04612365,0.002150356,0.1831691,0.1149003,-0.07321864,0.02325003,0.1382158,-0.1572733,0.913786,-0.01358238,0.3742671,136.0419,-0.1695996,0.9854043,-0.0146469,-0.1414414,0.04730774,-0.01927543,0.1503837,0.1267935,-0.488097,-0.2026326,0.8394194,65.84229,0.2332975,-0.8980886,-0.37284,0.107651,1.123744,0.2077726,1.14785,0.4230427,-0.8851465,0.1277565,-0.1457013,196.7558,0.4276059,-0.8946941,0.1291345,0.1177734,-0.06251756,0.02070538,0.134936,0.1861879,-0.6716698,-0.5466557,0.4640705,124.6998,0.2101922,-0.758265,-0.6171334,-0.415684,-0.2149649,-0.3736761,0.5988631,0.7343245,0.2096846,0.6283985,-0.1480387,197.0266,0.7425057,0.2120207,0.6353996,-0.007650971,-0.02374387,0.09222741,0.09554164,-0.2641002,0.4551104,0.06534476,0.8478537,64.04206,-0.4980856,0.8583255,0.1232384,-0.08078355,1.209701,-0.07806418,1.214906,0.00430968,-0.1587839,-0.1693367,-0.9726737,333.1495,0.0185621,-0.6838937,-0.7293454,False,False,False,False
1772879689190,14.80687,0.1555223,1.053388,0.1106017,1.070535,-0.4219165,-0.6911166,0.2483058,0.5316846,115.7613,-0.4981644,-0.8160138,0.2931791,-0.1007981,0.6342162,-0.06166555,0.6451303,0.5275004,0.2359166,-0.7601081,0.2971909,145.4221,0.5524616,0.2470801,-0.7960764,0.09852376,1.105712,0.2104751,1.12987,0.1102982,1.160271,0.2328337,1.188531,0.1298647,1.16015,0.2450781,1.192844,-0.015098,0.6463389,0.02940465,0.6471836,-0.004218515,0.6446252,0.07354864,0.6488211,-0.02245736,0.635878,0.1038784,0.6446983,0.1012824,-0.0700343,0.02825692,0.1263384,0.1583274,-0.05557507,0.01592867,0.1685523,0.1631205,-0.05908908,-0.006375283,0.1736101,-0.1111289,0.04730911,-0.03460449,0.1256394,-0.1552741,0.05416124,-0.02598792,0.1664898,-0.1772072,0.04624177,0.002034947,0.1831525,0.1003915,-0.07582913,0.03406994,0.1303429,0.1422396,-0.0662737,0.01636593,0.1577724,0.1349231,-0.07116811,-0.002027437,0.1525558,-0.1111882,0.04726597,-0.0351278,0.1258207,-0.1555011,0.0538657,-0.02601038,0.1666092,-0.1772538,0.04612365,0.002150356,0.1831691,0.1149003,-0.07321864,0.02325003,0.1382158,-0.1572733,0.913786,-0.01358238,0.3742671,136.0419,-0.1695996,0.9854043,-0.0146469,-0.1414414,0.04730774,-0.01927543,0.1503837,0.1267935,-0.488097,-0.2026326,0.8394194,65.84229,0.2332975,-0.8980886,-0.37284,0.107651,1.123744,0.2077726,1.14785,0.4230427,-0.8851465,0.1277565,-0.1457013,196.7558,0.4276059,-0.8946941,0.1291345,0.1177734,-0.06251756,0.02070538,0.134936,0.1861879,-0.6716698,-0.5466557,0.4640705,124.6998,0.2101922,-0.758265,-0.6171334,-0.415684,-0.2149649,-0.3736761,0.5988631,0.7343245,0.2096846,0.6283985,-0.1480387,197.0266,0.7425057,0.2120207,0.6353996,-0.007650971,-0.02374387,0.09222741,0.09554164,-0.2641002,0.4551104,0.06534476,0.8478537,64.04206,-0.4980856,0.8583255,0.1232384,-0.08085401,1.209684,-0.07833479,1.214911,0.004180666,-0.1580491,-0.1697525,-0.9727216,333.1732,0.018022,-0.6813176,-0.7317683,False,False,False,False
1772879689204,14.81913,0.1555223,1.053388,0.1106017,1.070535,-0.4219165,-0.6911166,0.2483058,0.5316846,115.7613,-0.4981644,-0.8160138,0.2931791,-0.1007981,0.6342162,-0.06166555,0.6451303,0.5275004,0.2359166,-0.7601081,0.2971909,145.4221,0.5524616,0.2470801,-0.7960764,0.09852376,1.105712,0.2104751,1.12987,0.1102982,1.160271,0.2328337,1.188531,0.1298647,1.16015,0.2450781,1.192844,-0.015098,0.6463389,0.02940465,0.6471836,-0.004218515,0.6446252,0.07354864,0.6488211,-0.02245736,0.635878,0.1038784,0.6446983,0.1012824,-0.0700343,0.02825692,0.1263384,0.1583274,-0.05557507,0.01592867,0.1685523,0.1631205,-0.05908908,-0.006375283,0.1736101,-0.1111289,0.04730911,-0.03460449,0.1256394,-0.1552741,0.05416124,-0.02598792,0.1664898,-0.1772072,0.04624177,0.002034947,0.1831525,0.1003915,-0.07582913,0.03406994,0.1303429,0.1422396,-0.0662737,0.01636593,0.1577724,0.1349231,-0.07116811,-0.002027437,0.1525558,-0.1111882,0.04726597,-0.0351278,0.1258207,-0.1555011,0.0538657,-0.02601038,0.1666092,-0.1772538,0.04612365,0.002150356,0.1831691,0.1149003,-0.07321864,0.02325003,0.1382158,-0.1572733,0.913786,-0.01358238,0.3742671,136.0419,-0.1695996,0.9854043,-0.0146469,-0.1414414,0.04730774,-0.01927543,0.1503837,0.1267935,-0.488097,-0.2026326,0.8394194,65.84229,0.2332975,-0.8980886,-0.37284,0.107651,1.123744,0.2077726,1.14785,0.4230427,-0.8851465,0.1277565,-0.1457013,196.7558,0.4276059,-0.8946941,0.1291345,0.1177734,-0.06251756,0.02070538,0.134936,0.1861879,-0.6716698,-0.5466557,0.4640705,124.6998,0.2101922,-0.758265,-0.6171334,-0.415684,-0.2149649,-0.3736761,0.5988631,0.7343245,0.2096846,0.6283985,-0.1480387,197.0266,0.7425057,0.2120207,0.6353996,-0.007650971,-0.02374387,0.09222741,0.09554164,-0.2641002,0.4551104,0.06534476,0.8478537,64.04206,-0.4980856,0.8583255,0.1232384,-0.08084974,1.209707,-0.07857852,1.214949,0.004220216,-0.157709,-0.1691547,-0.9728807,333.2519,0.01824503,-0.681815,-0.7312974,False,False,False,False
1772879689218,14.83302,0.1555223,1.053388,0.1106017,1.070535,-0.4219165,-0.6911166,0.2483058,0.5316846,115.7613,-0.4981644,-0.8160138,0.2931791,-0.1007981,0.6342162,-0.06166555,0.6451303,0.5275004,0.2359166,-0.7601081,0.2971909,145.4221,0.5524616,0.2470801,-0.7960764,0.09852376,1.105712,0.2104751,1.12987,0.1102982,1.160271,0.2328337,1.188531,0.1298647,1.16015,0.2450781,1.192844,-0.015098,0.6463389,0.02940465,0.6471836,-0.004218515,0.6446252,0.07354864,0.6488211,-0.02245736,0.635878,0.1038784,0.6446983,0.1012824,-0.0700343,0.02825692,0.1263384,0.1583274,-0.05557507,0.01592867,0.1685523,0.1631205,-0.05908908,-0.006375283,0.1736101,-0.1111289,0.04730911,-0.03460449,0.1256394,-0.1552741,0.05416124,-0.02598792,0.1664898,-0.1772072,0.04624177,0.002034947,0.1831525,0.1003915,-0.07582913,0.03406994,0.1303429,0.1422396,-0.0662737,0.01636593,0.1577724,0.1349231,-0.07116811,-0.002027437,0.1525558,-0.1111882,0.04726597,-0.0351278,0.1258207,-0.1555011,0.0538657,-0.02601038,0.1666092,-0.1772538,0.04612365,0.002150356,0.1831691,0.1149003,-0.07321864,0.02325003,0.1382158,-0.1572733,0.913786,-0.01358238,0.3742671,136.0419,-0.1695996,0.9854043,-0.0146469,-0.1414414,0.04730774,-0.01927543,0.1503837,0.1267935,-0.488097,-0.2026326,0.8394194,65.84229,0.2332975,-0.8980886,-0.37284,0.107651,1.123744,0.2077726,1.14785,0.4230427,-0.8851465,0.1277565,-0.1457013,196.7558,0.4276059,-0.8946941,0.1291345,0.1177734,-0.06251756,0.02070538,0.134936,0.1861879,-0.6716698,-0.5466557,0.4640705,124.6998,0.2101922,-0.758265,-0.6171334,-0.415684,-0.2149649,-0.3736761,0.5988631,0.7343245,0.2096846,0.6283985,-0.1480387,197.0266,0.7425057,0.2120207,0.6353996,-0.007650971,-0.02374387,0.09222741,0.09554164,-0.2641002,0.4551104,0.06534476,0.8478537,64.04206,-0.4980856,0.8583255,0.1232384,-0.08079404,1.209676,-0.07891057,1.214937,0.003964414,-0.1562287,-0.1687314,-0.973194,333.4076,0.01723767,-0.679298,-0.7336611,False,False,False,False
1772879689232,14.84704,0.1555223,1.053388,0.1106017,1.070535,-0.4219165,-0.6911166,0.2483058,0.5316846,115.7613,-0.4981644,-0.8160138,0.2931791,-0.1007981,0.6342162,-0.06166555,0.6451303,0.5275004,0.2359166,-0.7601081,0.2971909,145.4221,0.5524616,0.2470801,-0.7960764,0.09852376,1.105712,0.2104751,1.12987,0.1102982,1.160271,0.2328337,1.188531,0.1298647,1.16015,0.2450781,1.192844,-0.015098,0.6463389,0.02940465,0.6471836,-0.004218515,0.6446252,0.07354864,0.6488211,-0.02245736,0.635878,0.1038784,0.6446983,0.1012824,-0.0700343,0.02825692,0.1263384,0.1583274,-0.05557507,0.01592867,0.1685523,0.1631205,-0.05908908,-0.006375283,0.1736101,-0.1111289,0.04730911,-0.03460449,0.1256394,-0.1552741,0.05416124,-0.02598792,0.1664898,-0.1772072,0.04624177,0.002034947,0.1831525,0.1003915,-0.07582913,0.03406994,0.1303429,0.1422396,-0.0662737,0.01636593,0.1577724,0.1349231,-0.07116811,-0.002027437,0.1525558,-0.1111882,0.04726597,-0.0351278,0.1258207,-0.1555011,0.0538657,-0.02601038,0.1666092,-0.1772538,0.04612365,0.002150356,0.1831691,0.1149003,-0.07321864,0.02325003,0.1382158,-0.1572733,0.913786,-0.01358238,0.3742671,136.0419,-0.1695996,0.9854043,-0.0146469,-0.1414414,0.04730774,-0.01927543,0.1503837,0.1267935,-0.488097,-0.2026326,0.8394194,65.84229,0.2332975,-0.8980886,-0.37284,0.107651,1.123744,0.2077726,1.14785,0.4230427,-0.8851465,0.1277565,-0.1457013,196.7558,0.4276059,-0.8946941,0.1291345,0.1177734,-0.06251756,0.02070538,0.134936,0.1861879,-0.6716698,-0.5466557,0.4640705,124.6998,0.2101922,-0.758265,-0.6171334,-0.415684,-0.2149649,-0.3736761,0.5988631,0.7343245,0.2096846,0.6283985,-0.1480387,197.0266,0.7425057,0.2120207,0.6353996,-0.007650971,-0.02374387,0.09222741,0.09554164,-0.2641002,0.4551104,0.06534476,0.8478537,64.04206,-0.4980856,0.8583255,0.1232384,-0.08076604,1.209593,-0.07919089,1.21487,0.003524425,-0.1552011,-0.1682202,-0.9734486,333.5347,0.01539686,-0.678014,-0.7348891,False,False,False,False
1772879689245,14.86015,0.1555223,1.053388,0.1106017,1.070535,-0.4219165,-0.6911166,0.2483058,0.5316846,115.7613,-0.4981644,-0.8160138,0.2931791,-0.1007981,0.6342162,-0.06166555,0.6451303,0.5275004,0.2359166,-0.7601081,0.2971909,145.4221,0.5524616,0.2470801,-0.7960764,0.09852376,1.105712,0.2104751,1.12987,0.1102982,1.160271,0.2328337,1.188531,0.1298647,1.16015,0.2450781,1.192844,-0.015098,0.6463389,0.02940465,0.6471836,-0.004218515,0.6446252,0.07354864,0.6488211,-0.02245736,0.635878,0.1038784,0.6446983,0.1012824,-0.0700343,0.02825692,0.1263384,0.1583274,-0.05557507,0.01592867,0.1685523,0.1631205,-0.05908908,-0.006375283,0.1736101,-0.1111289,0.04730911,-0.03460449,0.1256394,-0.1552741,0.05416124,-0.02598792,0.1664898,-0.1772072,0.04624177,0.002034947,0.1831525,0.1003915,-0.07582913,0.03406994,0.1303429,0.1422396,-0.0662737,0.01636593,0.1577724,0.1349231,-0.07116811,-0.002027437,0.1525558,-0.1111882,0.04726597,-0.0351278,0.1258207,-0.1555011,0.0538657,-0.02601038,0.1666092,-0.1772538,0.04612365,0.002150356,0.1831691,0.1149003,-0.07321864,0.02325003,0.1382158,-0.1572733,0.913786,-0.01358238,0.3742671,136.0419,-0.1695996,0.9854043,-0.0146469,-0.1414414,0.04730774,-0.01927543,0.1503837,0.1267935,-0.488097,-0.2026326,0.8394194,65.84229,0.2332975,-0.8980886,-0.37284,0.107651,1.123744,0.2077726,1.14785,0.4230427,-0.8851465,0.1277565,-0.1457013,196.7558,0.4276059,-0.8946941,0.1291345,0.1177734,-0.06251756,0.02070538,0.134936,0.1861879,-0.6716698,-0.5466557,0.4640705,124.6998,0.2101922,-0.758265,-0.6171334,-0.415684,-0.2149649,-0.3736761,0.5988631,0.7343245,0.2096846,0.6283985,-0.1480387,197.0266,0.7425057,0.2120207,0.6353996,-0.007650971,-0.02374387,0.09222741,0.09554164,-0.2641002,0.4551104,0.06534476,0.8478537,64.04206,-0.4980856,0.8583255,0.1232384,-0.08077691,1.209544,-0.07943235,1.214838,0.00294403,-0.1542773,-0.1677441,-0.9736795,333.6505,0.01291686,-0.6768877,-0.735973,False,False,False,False
1772879689260,14.87515,0.1555223,1.053388,0.1106017,1.070535,-0.4219165,-0.6911166,0.2483058,0.5316846,115.7613,-0.4981644,-0.8160138,0.2931791,-0.1007981,0.6342162,-0.06166555,0.6451303,0.5275004,0.2359166,-0.7601081,0.2971909,145.4221,0.5524616,0.2470801,-0.7960764,0.09852376,1.105712,0.2104751,1.12987,0.1102982,1.160271,0.2328337,1.188531,0.1298647,1.16015,0.2450781,1.192844,-0.015098,0.6463389,0.02940465,0.6471836,-0.004218515,0.6446252,0.07354864,0.6488211,-0.02245736,0.635878,0.1038784,0.6446983,0.1012824,-0.0700343,0.02825692,0.1263384,0.1583274,-0.05557507,0.01592867,0.1685523,0.1631205,-0.05908908,-0.006375283,0.1736101,-0.1111289,0.04730911,-0.03460449,0.1256394,-0.1552741,0.05416124,-0.02598792,0.1664898,-0.1772072,0.04624177,0.002034947,0.1831525,0.1003915,-0.07582913,0.03406994,0.1303429,0.1422396,-0.0662737,0.01636593,0.1577724,0.1349231,-0.07116811,-0.002027437,0.1525558,-0.1111882,0.04726597,-0.0351278,0.1258207,-0.1555011,0.0538657,-0.02601038,0.1666092,-0.1772538,0.04612365,0.002150356,0.1831691,0.1149003,-0.07321864,0.02325003,0.1382158,-0.1572733,0.913786,-0.01358238,0.3742671,136.0419,-0.1695996,0.9854043,-0.0146469,-0.1414414,0.04730774,-0.01927543,0.1503837,0.1267935,-0.488097,-0.2026326,0.8394194,65.84229,0.2332975,-0.8980886,-0.37284,0.107651,1.123744,0.2077726,1.14785,0.4230427,-0.8851465,0.1277565,-0.1457013,196.7558,0.4276059,-0.8946941,0.1291345,0.1177734,-0.06251756,0.02070538,0.134936,0.1861879,-0.6716698,-0.5466557,0.4640705,124.6998,0.2101922,-0.758265,-0.6171334,-0.415684,-0.2149649,-0.3736761,0.5988631,0.7343245,0.2096846,0.6283985,-0.1480387,197.0266,0.7425057,0.2120207,0.6353996,-0.007650971,-0.02374387,0.09222741,0.09554164,-0.2641002,0.4551104,0.06534476,0.8478537,64.04206,-0.4980856,0.8583255,0.1232384,-0.08086493,1.20951,-0.07963941,1.214823,0.002664307,-0.1535413,-0.1672502,-0.9738816,333.7523,0.01173412,-0.6762255,-0.7366019,False,False,False,False
1772879689273,14.88848,0.1555223,1.053388,0.1106017,1.070535,-0.4219165,-0.6911166,0.2483058,0.5316846,115.7613,-0.4981644,-0.8160138,0.2931791,-0.1007981,0.6342162,-0.06166555,0.6451303,0.5275004,0.2359166,-0.7601081,0.2971909,145.4221,0.5524616,0.2470801,-0.7960764,0.09852376,1.105712,0.2104751,1.12987,0.1102982,1.160271,0.2328337,1.188531,0.1298647,1.16015,0.2450781,1.192844,-0.015098,0.6463389,0.02940465,0.6471836,-0.004218515,0.6446252,0.07354864,0.6488211,-0.02245736,0.635878,0.1038784,0.6446983,0.1012824,-0.0700343,0.02825692,0.1263384,0.1583274,-0.05557507,0.01592867,0.1685523,0.1631205,-0.05908908,-0.006375283,0.1736101,-0.1111289,0.04730911,-0.03460449,0.1256394,-0.1552741,0.05416124,-0.02598792,0.1664898,-0.1772072,0.04624177,0.002034947,0.1831525,0.1003915,-0.07582913,0.03406994,0.1303429,0.1422396,-0.0662737,0.01636593,0.1577724,0.1349231,-0.07116811,-0.002027437,0.1525558,-0.1111882,0.04726597,-0.0351278,0.1258207,-0.1555011,0.0538657,-0.02601038,0.1666092,-0.1772538,0.04612365,0.002150356,0.1831691,0.1149003,-0.07321864,0.02325003,0.1382158,-0.1572733,0.913786,-0.01358238,0.3742671,136.0419,-0.1695996,0.9854043,-0.0146469,-0.1414414,0.04730774,-0.01927543,0.1503837,0.1267935,-0.488097,-0.2026326,0.8394194,65.84229,0.2332975,-0.8980886,-0.37284,0.107651,1.123744,0.2077726,1.14785,0.4230427,-0.8851465,0.1277565,-0.1457013,196.7558,0.4276059,-0.8946941,0.1291345,0.1177734,-0.06251756,0.02070538,0.134936,0.1861879,-0.6716698,-0.5466557,0.4640705,124.6998,0.2101922,-0.758265,-0.6171334,-0.415684,-0.2149649,-0.3736761,0.5988631,0.7343245,0.2096846,0.6283985,-0.1480387,197.0266,0.7425057,0.2120207,0.6353996,-0.007650971,-0.02374387,0.09222741,0.09554164,-0.2641002,0.4551104,0.06534476,0.8478537,64.04206,-0.4980856,0.8583255,0.1232384,-0.08077122,1.209511,-0.07993349,1.214837,0.002509482,-0.1525112,-0.1668546,-0.9741117,333.8687,0.01110061,-0.674628,-0.7380756,False,False,False,False
1772879689288,14.90168,0.1555223,1.053388,0.1106017,1.070535,-0.4219165,-0.6911166,0.2483058,0.5316846,115.7613,-0.4981644,-0.8160138,0.2931791,-0.1007981,0.6342162,-0.06166555,0.6451303,0.5275004,0.2359166,-0.7601081,0.2971909,145.4221,0.5524616,0.2470801,-0.7960764,0.09852376,1.105712,0.2104751,1.12987,0.1102982,1.160271,0.2328337,1.188531,0.1298647,1.16015,0.2450781,1.192844,-0.015098,0.6463389,0.02940465,0.6471836,-0.004218515,0.6446252,0.07354864,0.6488211,-0.02245736,0.635878,0.1038784,0.6446983,0.1012824,-0.0700343,0.02825692,0.1263384,0.1583274,-0.05557507,0.01592867,0.1685523,0.1631205,-0.05908908,-0.006375283,0.1736101,-0.1111289,0.04730911,-0.03460449,0.1256394,-0.1552741,0.05416124,-0.02598792,0.1664898,-0.1772072,0.04624177,0.002034947,0.1831525,0.1003915,-0.07582913,0.03406994,0.1303429,0.1422396,-0.0662737,0.01636593,0.1577724,0.1349231,-0.07116811,-0.002027437,0.1525558,-0.1111882,0.04726597,-0.0351278,0.1258207,-0.1555011,0.0538657,-0.02601038,0.1666092,-0.1772538,0.04612365,0.002150356,0.1831691,0.1149003,-0.07321864,0.02325003,0.1382158,-0.1572733,0.913786,-0.01358238,0.3742671,136.0419,-0.1695996,0.9854043,-0.0146469,-0.1414414,0.04730774,-0.01927543,0.1503837,0.1267935,-0.488097,-0.2026326,0.8394194,65.84229,0.2332975,-0.8980886,-0.37284,0.107651,1.123744,0.2077726,1.14785,0.4230427,-0.8851465,0.1277565,-0.1457013,196.7558,0.4276059,-0.8946941,0.1291345,0.1177734,-0.06251756,0.02070538,0.134936,0.1861879,-0.6716698,-0.5466557,0.4640705,124.6998,0.2101922,-0.758265,-0.6171334,-0.415684,-0.2149649,-0.3736761,0.5988631,0.7343245,0.2096846,0.6283985,-0.1480387,197.0266,0.7425057,0.2120207,0.6353996,-0.007650971,-0.02374387,0.09222741,0.09554164,-0.2641002,0.4551104,0.06534476,0.8478537,64.04206,-0.4980856,0.8583255,0.1232384,-0.08097144,1.209485,-0.08015198,1.214839,0.002544256,-0.1517729,-0.1665773,-0.9742743,333.9513,0.01128949,-0.6734536,-0.7391444,False,False,False,False
1772879689301,14.91637,0.1555223,1.053388,0.1106017,1.070535,-0.4219165,-0.6911166,0.2483058,0.5316846,115.7613,-0.4981644,-0.8160138,0.2931791,-0.1007981,0.6342162,-0.06166555,0.6451303,0.5275004,0.2359166,-0.7601081,0.2971909,145.4221,0.5524616,0.2470801,-0.7960764,0.09852376,1.105712,0.2104751,1.12987,0.1102982,1.160271,0.2328337,1.188531,0.1298647,1.16015,0.2450781,1.192844,-0.015098,0.6463389,0.02940465,0.6471836,-0.004218515,0.6446252,0.07354864,0.6488211,-0.02245736,0.635878,0.1038784,0.6446983,0.1012824,-0.0700343,0.02825692,0.1263384,0.1583274,-0.05557507,0.01592867,0.1685523,0.1631205,-0.05908908,-0.006375283,0.1736101,-0.1111289,0.04730911,-0.03460449,0.1256394,-0.1552741,0.05416124,-0.02598792,0.1664898,-0.1772072,0.04624177,0.002034947,0.1831525,0.1003915,-0.07582913,0.03406994,0.1303429,0.1422396,-0.0662737,0.01636593,0.1577724,0.1349231,-0.07116811,-0.002027437,0.1525558,-0.1111882,0.04726597,-0.0351278,0.1258207,-0.1555011,0.0538657,-0.02601038,0.1666092,-0.1772538,0.04612365,0.002150356,0.1831691,0.1149003,-0.07321864,0.02325003,0.1382158,-0.1572733,0.913786,-0.01358238,0.3742671,136.0419,-0.1695996,0.9854043,-0.0146469,-0.1414414,0.04730774,-0.01927543,0.1503837,0.1267935,-0.488097,-0.2026326,0.8394194,65.84229,0.2332975,-0.8980886,-0.37284,0.107651,1.123744,0.2077726,1.14785,0.4230427,-0.8851465,0.1277565,-0.1457013,196.7558,0.4276059,-0.8946941,0.1291345,0.1177734,-0.06251756,0.02070538,0.134936,0.1861879,-0.6716698,-0.5466557,0.4640705,124.6998,0.2101922,-0.758265,-0.6171334,-0.415684,-0.2149649,-0.3736761,0.5988631,0.7343245,0.2096846,0.6283985,-0.1480387,197.0266,0.7425057,0.2120207,0.6353996,-0.007650971,-0.02374387,0.09222741,0.09554164,-0.2641002,0.4551104,0.06534476,0.8478537,64.04206,-0.4980856,0.8583255,0.1232384,-0.08124113,1.209473,-0.08033457,1.214858,0.002311264,-0.1510549,-0.166374,-0.9744213,334.0261,0.01028466,-0.6721643,-0.7403312,False,False,False,False
1772879689314,14.92949,0.1555223,1.053388,0.1106017,1.070535,-0.4219165,-0.6911166,0.2483058,0.5316846,115.7613,-0.4981644,-0.8160138,0.2931791,-0.1007981,0.6342162,-0.06166555,0.6451303,0.5275004,0.2359166,-0.7601081,0.2971909,145.4221,0.5524616,0.2470801,-0.7960764,0.09852376,1.105712,0.2104751,1.12987,0.1102982,1.160271,0.2328337,1.188531,0.1298647,1.16015,0.2450781,1.192844,-0.015098,0.6463389,0.02940465,0.6471836,-0.004218515,0.6446252,0.07354864,0.6488211,-0.02245736,0.635878,0.1038784,0.6446983,0.1012824,-0.0700343,0.02825692,0.1263384,0.1583274,-0.05557507,0.01592867,0.1685523,0.1631205,-0.05908908,-0.006375283,0.1736101,-0.1111289,0.04730911,-0.03460449,0.1256394,-0.1552741,0.05416124,-0.02598792,0.1664898,-0.1772072,0.04624177,0.002034947,0.1831525,0.1003915,-0.07582913,0.03406994,0.1303429,0.1422396,-0.0662737,0.01636593,0.1577724,0.1349231,-0.07116811,-0.002027437,0.1525558,-0.1111882,0.04726597,-0.0351278,0.1258207,-0.1555011,0.0538657,-0.02601038,0.1666092,-0.1772538,0.04612365,0.002150356,0.1831691,0.1149003,-0.07321864,0.02325003,0.1382158,-0.1572733,0.913786,-0.01358238,0.3742671,136.0419,-0.1695996,0.9854043,-0.0146469,-0.1414414,0.04730774,-0.01927543,0.1503837,0.1267935,-0.488097,-0.2026326,0.8394194,65.84229,0.2332975,-0.8980886,-0.37284,0.107651,1.123744,0.2077726,1.14785,0.4230427,-0.8851465,0.1277565,-0.1457013,196.7558,0.4276059,-0.8946941,0.1291345,0.1177734,-0.06251756,0.02070538,0.134936,0.1861879,-0.6716698,-0.5466557,0.4640705,124.6998,0.2101922,-0.758265,-0.6171334,-0.415684,-0.2149649,-0.3736761,0.5988631,0.7343245,0.2096846,0.6283985,-0.1480387,197.0266,0.7425057,0.2120207,0.6353996,-0.007650971,-0.02374387,0.09222741,0.09554164,-0.2641002,0.4551104,0.06534476,0.8478537,64.04206,-0.4980856,0.8583255,0.1232384,-0.08149201,1.209415,-0.08047131,1.214826,0.002365876,-0.1504996,-0.1662604,-0.9745265,334.0798,0.01054911,-0.6710567,-0.7413321,False,False,False,False
1772879689329,14.94309,0.1555223,1.053388,0.1106017,1.070535,-0.4219165,-0.6911166,0.2483058,0.5316846,115.7613,-0.4981644,-0.8160138,0.2931791,-0.1007981,0.6342162,-0.06166555,0.6451303,0.5275004,0.2359166,-0.7601081,0.2971909,145.4221,0.5524616,0.2470801,-0.7960764,0.09852376,1.105712,0.2104751,1.12987,0.1102982,1.160271,0.2328337,1.188531,0.1298647,1.16015,0.2450781,1.192844,-0.015098,0.6463389,0.02940465,0.6471836,-0.004218515,0.6446252,0.07354864,0.6488211,-0.02245736,0.635878,0.1038784,0.6446983,0.1012824,-0.0700343,0.02825692,0.1263384,0.1583274,-0.05557507,0.01592867,0.1685523,0.1631205,-0.05908908,-0.006375283,0.1736101,-0.1111289,0.04730911,-0.03460449,0.1256394,-0.1552741,0.05416124,-0.02598792,0.1664898,-0.1772072,0.04624177,0.002034947,0.1831525,0.1003915,-0.07582913,0.03406994,0.1303429,0.1422396,-0.0662737,0.01636593,0.1577724,0.1349231,-0.07116811,-0.002027437,0.1525558,-0.1111882,0.04726597,-0.0351278,0.1258207,-0.1555011,0.0538657,-0.02601038,0.1666092,-0.1772538,0.04612365,0.002150356,0.1831691,0.1149003,-0.07321864,0.02325003,0.1382158,-0.1572733,0.913786,-0.01358238,0.3742671,136.0419,-0.1695996,0.9854043,-0.0146469,-0.1414414,0.04730774,-0.01927543,0.1503837,0.1267935,-0.488097,-0.2026326,0.8394194,65.84229,0.2332975,-0.8980886,-0.37284,0.107651,1.123744,0.2077726,1.14785,0.4230427,-0.8851465,0.1277565,-0.1457013,196.7558,0.4276059,-0.8946941,0.1291345,0.1177734,-0.06251756,0.02070538,0.134936,0.1861879,-0.6716698,-0.5466557,0.4640705,124.6998,0.2101922,-0.758265,-0.6171334,-0.415684,-0.2149649,-0.3736761,0.5988631,0.7343245,0.2096846,0.6283985,-0.1480387,197.0266,0.7425057,0.2120207,0.6353996,-0.007650971,-0.02374387,0.09222741,0.09554164,-0.2641002,0.4551104,0.06534476,0.8478537,64.04206,-0.4980856,0.8583255,0.1232384,-0.08172558,1.209359,-0.08055848,1.214791,0.002102053,-0.1499167,-0.166736,-0.9745356,334.0845,0.009374429,-0.6685765,-0.7435851,False,False,False,False
1772879689342,14.95753,0.1555223,1.053388,0.1106017,1.070535,-0.4219165,-0.6911166,0.2483058,0.5316846,115.7613,-0.4981644,-0.8160138,0.2931791,-0.1007981,0.6342162,-0.06166555,0.6451303,0.5275004,0.2359166,-0.7601081,0.2971909,145.4221,0.5524616,0.2470801,-0.7960764,0.09852376,1.105712,0.2104751,1.12987,0.1102982,1.160271,0.2328337,1.188531,0.1298647,1.16015,0.2450781,1.192844,-0.015098,0.6463389,0.02940465,0.6471836,-0.004218515,0.6446252,0.07354864,0.6488211,-0.02245736,0.635878,0.1038784,0.6446983,0.1012824,-0.0700343,0.02825692,0.1263384,0.1583274,-0.05557507,0.01592867,0.1685523,0.1631205,-0.05908908,-0.006375283,0.1736101,-0.1111289,0.04730911,-0.03460449,0.1256394,-0.1552741,0.05416124,-0.02598792,0.1664898,-0.1772072,0.04624177,0.002034947,0.1831525,0.1003915,-0.07582913,0.03406994,0.1303429,0.1422396,-0.0662737,0.01636593,0.1577724,0.1349231,-0.07116811,-0.002027437,0.1525558,-0.1111882,0.04726597,-0.0351278,0.1258207,-0.1555011,0.0538657,-0.02601038,0.1666092,-0.1772538,0.04612365,0.002150356,0.1831691,0.1149003,-0.07321864,0.02325003,0.1382158,-0.1572733,0.913786,-0.01358238,0.3742671,136.0419,-0.1695996,0.9854043,-0.0146469,-0.1414414,0.04730774,-0.01927543,0.1503837,0.1267935,-0.488097,-0.2026326,0.8394194,65.84229,0.2332975,-0.8980886,-0.37284,0.107651,1.123744,0.2077726,1.14785,0.4230427,-0.8851465,0.1277565,-0.1457013,196.7558,0.4276059,-0.8946941,0.1291345,0.1177734,-0.06251756,0.02070538,0.134936,0.1861879,-0.6716698,-0.5466557,0.4640705,124.6998,0.2101922,-0.758265,-0.6171334,-0.415684,-0.2149649,-0.3736761,0.5988631,0.7343245,0.2096846,0.6283985,-0.1480387,197.0266,0.7425057,0.2120207,0.6353996,-0.007650971,-0.02374387,0.09222741,0.09554164,-0.2641002,0.4551104,0.06534476,0.8478537,64.04206,-0.4980856,0.8583255,0.1232384,-0.08197839,1.209306,-0.08061087,1.214759,0.002192386,-0.1494468,-0.1673279,-0.9745061,334.0694,0.009771694,-0.6661004,-0.7457981,False,False,False,False
1772879689356,14.97099,0.1555223,1.053388,0.1106017,1.070535,-0.4219165,-0.6911166,0.2483058,0.5316846,115.7613,-0.4981644,-0.8160138,0.2931791,-0.1007981,0.6342162,-0.06166555,0.6451303,0.5275004,0.2359166,-0.7601081,0.2971909,145.4221,0.5524616,0.2470801,-0.7960764,0.09852376,1.105712,0.2104751,1.12987,0.1102982,1.160271,0.2328337,1.188531,0.1298647,1.16015,0.2450781,1.192844,-0.015098,0.6463389,0.02940465,0.6471836,-0.004218515,0.6446252,0.07354864,0.6488211,-0.02245736,0.635878,0.1038784,0.6446983,0.1012824,-0.0700343,0.02825692,0.1263384,0.1583274,-0.05557507,0.01592867,0.1685523,0.1631205,-0.05908908,-0.006375283,0.1736101,-0.1111289,0.04730911,-0.03460449,0.1256394,-0.1552741,0.05416124,-0.02598792,0.1664898,-0.1772072,0.04624177,0.002034947,0.1831525,0.1003915,-0.07582913,0.03406994,0.1303429,0.1422396,-0.0662737,0.01636593,0.1577724,0.1349231,-0.07116811,-0.002027437,0.1525558,-0.1111882,0.04726597,-0.0351278,0.1258207,-0.1555011,0.0538657,-0.02601038,0.1666092,-0.1772538,0.04612365,0.002150356,0.1831691,0.1149003,-0.07321864,0.02325003,0.1382158,-0.1572733,0.913786,-0.01358238,0.3742671,136.0419,-0.1695996,0.9854043,-0.0146469,-0.1414414,0.04730774,-0.01927543,0.1503837,0.1267935,-0.488097,-0.2026326,0.8394194,65.84229,0.2332975,-0.8980886,-0.37284,0.1076519,1.123746,0.2077723,1.147852,0.4231296,-0.8851067,0.1277077,-0.1457333,196.7595,0.4276957,-0.8946582,0.1290859,0.1177734,-0.06251756,0.02070538,0.134936,0.1861879,-0.6716698,-0.5466557,0.4640705,124.6998,0.2101922,-0.758265,-0.6171334,-0.415684,-0.2149649,-0.3736761,0.5988631,0.7343245,0.2096846,0.6283985,-0.1480387,197.0266,0.7425057,0.2120207,0.6353996,-0.007651903,-0.02374601,0.09222767,0.09554249,-0.2641811,0.4550822,0.06527291,0.8478491,64.04304,-0.4982313,0.8582606,0.1231012,-0.08224244,1.209228,-0.08061539,1.214699,0.002251039,-0.1488988,-0.1678808,-0.9744948,334.0636,0.01003092,-0.6635122,-0.7480986,False,False,False,False
1772879689371,14.98487,0.1555223,1.053388,0.1106017,1.070535,-0.4219165,-0.6911166,0.2483058,0.5316846,115.7613,-0.4981644,-0.8160138,0.2931791,-0.1007981,0.6342162,-0.06166555,0.6451303,0.5275004,0.2359166,-0.7601081,0.2971909,145.4221,0.5524616,0.2470801,-0.7960764,0.09852376,1.105712,0.2104751,1.12987,0.1102982,1.160271,0.2328337,1.188531,0.1298647,1.16015,0.2450781,1.192844,-0.015098,0.6463389,0.02940465,0.6471836,-0.004218515,0.6446252,0.07354864,0.6488211,-0.02245736,0.635878,0.1038784,0.6446983,0.1012824,-0.0700343,0.02825692,0.1263384,0.1583274,-0.05557507,0.01592867,0.1685523,0.1631205,-0.05908908,-0.006375283,0.1736101,-0.1111289,0.04730911,-0.03460449,0.1256394,-0.1552741,0.05416124,-0.02598792,0.1664898,-0.1772072,0.04624177,0.002034947,0.1831525,0.1003915,-0.07582913,0.03406994,0.1303429,0.1422396,-0.0662737,0.01636593,0.1577724,0.1349231,-0.07116811,-0.002027437,0.1525558,-0.1111882,0.04726597,-0.0351278,0.1258207,-0.1555011,0.0538657,-0.02601038,0.1666092,-0.1772538,0.04612365,0.002150356,0.1831691,0.1149003,-0.07321864,0.02325003,0.1382158,-0.1572733,0.913786,-0.01358238,0.3742671,136.0419,-0.1695996,0.9854043,-0.0146469,-0.1414414,0.04730774,-0.01927543,0.1503837,0.1267935,-0.488097,-0.2026326,0.8394194,65.84229,0.2332975,-0.8980886,-0.37284,0.1076519,1.123746,0.2077723,1.147852,0.4231296,-0.8851067,0.1277077,-0.1457333,196.7595,0.4276957,-0.8946582,0.1290859,0.1177734,-0.06251756,0.02070538,0.134936,0.1861879,-0.6716698,-0.5466557,0.4640705,124.6998,0.2101922,-0.758265,-0.6171334,-0.415684,-0.2149649,-0.3736761,0.5988631,0.7343245,0.2096846,0.6283985,-0.1480387,197.0266,0.7425057,0.2120207,0.6353996,-0.007651903,-0.02374601,0.09222767,0.09554249,-0.2641811,0.4550822,0.06527291,0.8478491,64.04304,-0.4982313,0.8582606,0.1231012,-0.08249686,1.209155,-0.08059797,1.214643,0.002256447,-0.1483583,-0.1684321,-0.9744821,334.0572,0.01005255,-0.6609417,-0.7503708,False,False,False,False
1772879689384,14.99962,0.1555223,1.053388,0.1106017,1.070535,-0.4219165,-0.6911166,0.2483058,0.5316846,115.7613,-0.4981644,-0.8160138,0.2931791,-0.1007981,0.6342162,-0.06166555,0.6451303,0.5275004,0.2359166,-0.7601081,0.2971909,145.4221,0.5524616,0.2470801,-0.7960764,0.09852376,1.105712,0.2104751,1.12987,0.1102982,1.160271,0.2328337,1.188531,0.1298647,1.16015,0.2450781,1.192844,-0.015098,0.6463389,0.02940465,0.6471836,-0.004218515,0.6446252,0.07354864,0.6488211,-0.02245736,0.635878,0.1038784,0.6446983,0.1012824,-0.0700343,0.02825692,0.1263384,0.1583274,-0.05557507,0.01592867,0.1685523,0.1631205,-0.05908908,-0.006375283,0.1736101,-0.1111289,0.04730911,-0.03460449,0.1256394,-0.1552741,0.05416124,-0.02598792,0.1664898,-0.1772072,0.04624177,0.002034947,0.1831525,0.1003915,-0.07582913,0.03406994,0.1303429,0.1422396,-0.0662737,0.01636593,0.1577724,0.1349231,-0.07116811,-0.002027437,0.1525558,-0.1111882,0.04726597,-0.0351278,0.1258207,-0.1555011,0.0538657,-0.02601038,0.1666092,-0.1772538,0.04612365,0.002150356,0.1831691,0.1149003,-0.07321864,0.02325003,0.1382158,-0.1572733,0.913786,-0.01358238,0.3742671,136.0419,-0.1695996,0.9854043,-0.0146469,-0.1414414,0.04730774,-0.01927543,0.1503837,0.1267935,-0.488097,-0.2026326,0.8394194,65.84229,0.2332975,-0.8980886,-0.37284,0.1076519,1.123746,0.2077723,1.147852,0.4231296,-0.8851067,0.1277077,-0.1457333,196.7595,0.4276957,-0.8946582,0.1290859,0.1177734,-0.06251756,0.02070538,0.134936,0.1861879,-0.6716698,-0.5466557,0.4640705,124.6998,0.2101922,-0.758265,-0.6171334,-0.415684,-0.2149649,-0.3736761,0.5988631,0.7343245,0.2096846,0.6283985,-0.1480387,197.0266,0.7425057,0.2120207,0.6353996,-0.007651903,-0.02374601,0.09222767,0.09554249,-0.2641811,0.4550822,0.06527291,0.8478491,64.04304,-0.4982313,0.8582606,0.1231012,-0.08276239,1.209102,-0.08054445,1.214605,0.002461326,-0.1478579,-0.1691102,-0.9744402,334.0358,0.01095642,-0.6581793,-0.7527822,False,False,False,False
1772879689399,15.01274,0.1555223,1.053388,0.1106017,1.070535,-0.4219165,-0.6911166,0.2483058,0.5316846,115.7613,-0.4981644,-0.8160138,0.2931791,-0.1007981,0.6342162,-0.06166555,0.6451303,0.5275004,0.2359166,-0.7601081,0.2971909,145.4221,0.5524616,0.2470801,-0.7960764,0.09852376,1.105712,0.2104751,1.12987,0.1102982,1.160271,0.2328337,1.188531,0.1298647,1.16015,0.2450781,1.192844,-0.015098,0.6463389,0.02940465,0.6471836,-0.004218515,0.6446252,0.07354864,0.6488211,-0.02245736,0.635878,0.1038784,0.6446983,0.1012824,-0.0700343,0.02825692,0.1263384,0.1583274,-0.05557507,0.01592867,0.1685523,0.1631205,-0.05908908,-0.006375283,0.1736101,-0.1111289,0.04730911,-0.03460449,0.1256394,-0.1552741,0.05416124,-0.02598792,0.1664898,-0.1772072,0.04624177,0.002034947,0.1831525,0.1003915,-0.07582913,0.03406994,0.1303429,0.1422396,-0.0662737,0.01636593,0.1577724,0.1349231,-0.07116811,-0.002027437,0.1525558,-0.1111882,0.04726597,-0.0351278,0.1258207,-0.1555011,0.0538657,-0.02601038,0.1666092,-0.1772538,0.04612365,0.002150356,0.1831691,0.1149003,-0.07321864,0.02325003,0.1382158,-0.1572733,0.913786,-0.01358238,0.3742671,136.0419,-0.1695996,0.9854043,-0.0146469,-0.1414414,0.04730774,-0.01927543,0.1503837,0.1267935,-0.488097,-0.2026326,0.8394194,65.84229,0.2332975,-0.8980886,-0.37284,0.1076519,1.123746,0.2077723,1.147852,0.4231296,-0.8851067,0.1277077,-0.1457333,196.7595,0.4276957,-0.8946582,0.1290859,0.1177734,-0.06251756,0.02070538,0.134936,0.1861879,-0.6716698,-0.5466557,0.4640705,124.6998,0.2101922,-0.758265,-0.6171334,-0.415684,-0.2149649,-0.3736761,0.5988631,0.7343245,0.2096846,0.6283985,-0.1480387,197.0266,0.7425057,0.2120207,0.6353996,-0.007651903,-0.02374601,0.09222767,0.09554249,-0.2641811,0.4550822,0.06527291,0.8478491,64.04304,-0.4982313,0.8582606,0.1231012,-0.08299561,1.20908,-0.08046833,1.214593,0.002362212,-0.1475952,-0.1696617,-0.9743844,334.0073,0.01050391,-0.6563028,-0.7544243,False,False,False,False
1772879689412,15.0268,0.1555223,1.053388,0.1106017,1.070535,-0.4219165,-0.6911166,0.2483058,0.5316846,115.7613,-0.4981644,-0.8160138,0.2931791,-0.1007981,0.6342162,-0.06166555,0.6451303,0.5275004,0.2359166,-0.7601081,0.2971909,145.4221,0.5524616,0.2470801,-0.7960764,0.09852376,1.105712,0.2104751,1.12987,0.1102982,1.160271,0.2328337,1.188531,0.1298647,1.16015,0.2450781,1.192844,-0.015098,0.6463389,0.02940465,0.6471836,-0.004218515,0.6446252,0.07354864,0.6488211,-0.02245736,0.635878,0.1038784,0.6446983,0.1012824,-0.0700343,0.02825692,0.1263384,0.1583274,-0.05557507,0.01592867,0.1685523,0.1631205,-0.05908908,-0.006375283,0.1736101,-0.1111289,0.04730911,-0.03460449,0.1256394,-0.1552741,0.05416124,-0.02598792,0.1664898,-0.1772072,0.04624177,0.002034947,0.1831525,0.1003915,-0.07582913,0.03406994,0.1303429,0.1422396,-0.0662737,0.01636593,0.1577724,0.1349231,-0.07116811,-0.002027437,0.1525558,-0.1111882,0.04726597,-0.0351278,0.1258207,-0.1555011,0.0538657,-0.02601038,0.1666092,-0.1772538,0.04612365,0.002150356,0.1831691,0.1149003,-0.07321864,0.02325003,0.1382158,-0.1572733,0.913786,-0.01358238,0.3742671,136.0419,-0.1695996,0.9854043,-0.0146469,-0.1414414,0.04730774,-0.01927543,0.1503837,0.1267935,-0.488097,-0.2026326,0.8394194,65.84229,0.2332975,-0.8980886,-0.37284,0.1076519,1.123746,0.2077723,1.147852,0.4231296,-0.8851067,0.1277077,-0.1457333,196.7595,0.4276957,-0.8946582,0.1290859,0.1177734,-0.06251756,0.02070538,0.134936,0.1861879,-0.6716698,-0.5466557,0.4640705,124.6998,0.2101922,-0.758265,-0.6171334,-0.415684,-0.2149649,-0.3736761,0.5988631,0.7343245,0.2096846,0.6283985,-0.1480387,197.0266,0.7425057,0.2120207,0.6353996,-0.007651903,-0.02374601,0.09222767,0.09554249,-0.2641811,0.4550822,0.06527291,0.8478491,64.04304,-0.4982313,0.8582606,0.1231012,-0.08317525,1.20903,-0.08040543,1.214552,0.002088053,-0.1478246,-0.1698412,-0.974319,333.974,0.009273152,-0.6564964,-0.7542733,False,False,False,False
1772879689425,15.04038,0.1555223,1.053388,0.1106017,1.070535,-0.4219165,-0.6911166,0.2483058,0.5316846,115.7613,-0.4981644,-0.8160138,0.2931791,-0.1007981,0.6342162,-0.06166555,0.6451303,0.5275004,0.2359166,-0.7601081,0.2971909,145.4221,0.5524616,0.2470801,-0.7960764,0.09852376,1.105712,0.2104751,1.12987,0.1102982,1.160271,0.2328337,1.188531,0.1298647,1.16015,0.2450781,1.192844,-0.015098,0.6463389,0.02940465,0.6471836,-0.004218515,0.6446252,0.07354864,0.6488211,-0.02245736,0.635878,0.1038784,0.6446983,0.1012824,-0.0700343,0.02825692,0.1263384,0.1583274,-0.05557507,0.01592867,0.1685523,0.1631205,-0.05908908,-0.006375283,0.1736101,-0.1111289,0.04730911,-0.03460449,0.1256394,-0.1552741,0.05416124,-0.02598792,0.1664898,-0.1772072,0.04624177,0.002034947,0.1831525,0.1003915,-0.07582913,0.03406994,0.1303429,0.1422396,-0.0662737,0.01636593,0.1577724,0.1349231,-0.07116811,-0.002027437,0.1525558,-0.1111882,0.04726597,-0.0351278,0.1258207,-0.1555011,0.0538657,-0.02601038,0.1666092,-0.1772538,0.04612365,0.002150356,0.1831691,0.1149003,-0.07321864,0.02325003,0.1382158,-0.1572733,0.913786,-0.01358238,0.3742671,136.0419,-0.1695996,0.9854043,-0.0146469,-0.1414414,0.04730774,-0.01927543,0.1503837,0.1267935,-0.488097,-0.2026326,0.8394194,65.84229,0.2332975,-0.8980886,-0.37284,0.1076519,1.123746,0.2077723,1.147852,0.4231296,-0.8851067,0.1277077,-0.1457333,196.7595,0.4276957,-0.8946582,0.1290859,0.1177734,-0.06251756,0.02070538,0.134936,0.1861879,-0.6716698,-0.5466557,0.4640705,124.6998,0.2101922,-0.758265,-0.6171334,-0.415684,-0.2149649,-0.3736761,0.5988631,0.7343245,0.2096846,0.6283985,-0.1480387,197.0266,0.7425057,0.2120207,0.6353996,-0.007651903,-0.02374601,0.09222767,0.09554249,-0.2641811,0.4550822,0.06527291,0.8478491,64.04304,-0.4982313,0.8582606,0.1231012,-0.08330509,1.208943,-0.08036699,1.214472,0.001583215,-0.1479219,-0.1703306,-0.9742197,333.9235,0.007017761,-0.655679,-0.7550079,False,False,False,False
1772879689440,15.05432,0.1555223,1.053388,0.1106017,1.070535,-0.4219165,-0.6911166,0.2483058,0.5316846,115.7613,-0.4981644,-0.8160138,0.2931791,-0.1007981,0.6342162,-0.06166555,0.6451303,0.5275004,0.2359166,-0.7601081,0.2971909,145.4221,0.5524616,0.2470801,-0.7960764,0.09852376,1.105712,0.2104751,1.12987,0.1102982,1.160271,0.2328337,1.188531,0.1298647,1.16015,0.2450781,1.192844,-0.015098,0.6463389,0.02940465,0.6471836,-0.004218515,0.6446252,0.07354864,0.6488211,-0.02245736,0.635878,0.1038784,0.6446983,0.1012824,-0.0700343,0.02825692,0.1263384,0.1583274,-0.05557507,0.01592867,0.1685523,0.1631205,-0.05908908,-0.006375283,0.1736101,-0.1111289,0.04730911,-0.03460449,0.1256394,-0.1552741,0.05416124,-0.02598792,0.1664898,-0.1772072,0.04624177,0.002034947,0.1831525,0.1003915,-0.07582913,0.03406994,0.1303429,0.1422396,-0.0662737,0.01636593,0.1577724,0.1349231,-0.07116811,-0.002027437,0.1525558,-0.1111882,0.04726597,-0.0351278,0.1258207,-0.1555011,0.0538657,-0.02601038,0.1666092,-0.1772538,0.04612365,0.002150356,0.1831691,0.1149003,-0.07321864,0.02325003,0.1382158,-0.1572733,0.913786,-0.01358238,0.3742671,136.0419,-0.1695996,0.9854043,-0.0146469,-0.1414414,0.04730774,-0.01927543,0.1503837,0.1267935,-0.488097,-0.2026326,0.8394194,65.84229,0.2332975,-0.8980886,-0.37284,0.1076519,1.123746,0.2077723,1.147852,0.4231296,-0.8851067,0.1277077,-0.1457333,196.7595,0.4276957,-0.8946582,0.1290859,0.1177734,-0.06251756,0.02070538,0.134936,0.1861879,-0.6716698,-0.5466557,0.4640705,124.6998,0.2101922,-0.758265,-0.6171334,-0.415684,-0.2149649,-0.3736761,0.5988631,0.7343245,0.2096846,0.6283985,-0.1480387,197.0266,0.7425057,0.2120207,0.6353996,-0.007651903,-0.02374601,0.09222767,0.09554249,-0.2641811,0.4550822,0.06527291,0.8478491,64.04304,-0.4982313,0.8582606,0.1231012,-0.08343455,1.208822,-0.08033943,1.214359,0.001070207,-0.1483108,-0.1708145,-0.9740766,333.8509,0.004730853,-0.6556085,-0.7550864,False,False,False,False
1772879689453,15.06872,0.1555223,1.053388,0.1106017,1.070535,-0.4219165,-0.6911166,0.2483058,0.5316846,115.7613,-0.4981644,-0.8160138,0.2931791,-0.1007981,0.6342162,-0.06166555,0.6451303,0.5275004,0.2359166,-0.7601081,0.2971909,145.4221,0.5524616,0.2470801,-0.7960764,0.09852376,1.105712,0.2104751,1.12987,0.1102982,1.160271,0.2328337,1.188531,0.1298647,1.16015,0.2450781,1.192844,-0.015098,0.6463389,0.02940465,0.6471836,-0.004218515,0.6446252,0.07354864,0.6488211,-0.02245736,0.635878,0.1038784,0.6446983,0.1012824,-0.0700343,0.02825692,0.1263384,0.1583274,-0.05557507,0.01592867,0.1685523,0.1631205,-0.05908908,-0.006375283,0.1736101,-0.1111289,0.04730911,-0.03460449,0.1256394,-0.1552741,0.05416124,-0.02598792,0.1664898,-0.1772072,0.04624177,0.002034947,0.1831525,0.1003915,-0.07582913,0.03406994,0.1303429,0.1422396,-0.0662737,0.01636593,0.1577724,0.1349231,-0.07116811,-0.002027437,0.1525558,-0.1111882,0.04726597,-0.0351278,0.1258207,-0.1555011,0.0538657,-0.02601038,0.1666092,-0.1772538,0.04612365,0.002150356,0.1831691,0.1149003,-0.07321864,0.02325003,0.1382158,-0.1572733,0.913786,-0.01358238,0.3742671,136.0419,-0.1695996,0.9854043,-0.0146469,-0.1414414,0.04730774,-0.01927543,0.1503837,0.1267935,-0.488097,-0.2026326,0.8394194,65.84229,0.2332975,-0.8980886,-0.37284,0.1076519,1.123746,0.2077723,1.147852,0.4231296,-0.8851067,0.1277077,-0.1457333,196.7595,0.4276957,-0.8946582,0.1290859,0.1177734,-0.06251756,0.02070538,0.134936,0.1861879,-0.6716698,-0.5466557,0.4640705,124.6998,0.2101922,-0.758265,-0.6171334,-0.415684,-0.2149649,-0.3736761,0.5988631,0.7343245,0.2096846,0.6283985,-0.1480387,197.0266,0.7425057,0.2120207,0.6353996,-0.007651903,-0.02374601,0.09222767,0.09554249,-0.2641811,0.4550822,0.06527291,0.8478491,64.04304,-0.4982313,0.8582606,0.1231012,-0.08355167,1.208691,-0.08030526,1.214234,0.000670265,-0.1486633,-0.1710697,-0.9739785,333.8013,0.002957391,-0.6559426,-0.7548057,False,False,False,False
1772879689468,15.08281,0.1555223,1.053388,0.1106017,1.070535,-0.4219165,-0.6911166,0.2483058,0.5316846,115.7613,-0.4981644,-0.8160138,0.2931791,-0.1007981,0.6342162,-0.06166555,0.6451303,0.5275004,0.2359166,-0.7601081,0.2971909,145.4221,0.5524616,0.2470801,-0.7960764,0.09852376,1.105712,0.2104751,1.12987,0.1102982,1.160271,0.2328337,1.188531,0.1298647,1.16015,0.2450781,1.192844,-0.015098,0.6463389,0.02940465,0.6471836,-0.004218515,0.6446252,0.07354864,0.6488211,-0.02245736,0.635878,0.1038784,0.6446983,0.1012824,-0.0700343,0.02825692,0.1263384,0.1583274,-0.05557507,0.01592867,0.1685523,0.1631205,-0.05908908,-0.006375283,0.1736101,-0.1111289,0.04730911,-0.03460449,0.1256394,-0.1552741,0.05416124,-0.02598792,0.1664898,-0.1772072,0.04624177,0.002034947,0.1831525,0.1003915,-0.07582913,0.03406994,0.1303429,0.1422396,-0.0662737,0.01636593,0.1577724,0.1349231,-0.07116811,-0.002027437,0.1525558,-0.1111882,0.04726597,-0.0351278,0.1258207,-0.1555011,0.0538657,-0.02601038,0.1666092,-0.1772538,0.04612365,0.002150356,0.1831691,0.1149003,-0.07321864,0.02325003,0.1382158,-0.1572733,0.913786,-0.01358238,0.3742671,136.0419,-0.1695996,0.9854043,-0.0146469,-0.1414414,0.04730774,-0.01927543,0.1503837,0.1267935,-0.488097,-0.2026326,0.8394194,65.84229,0.2332975,-0.8980886,-0.37284,0.1066226,1.124412,0.2073943,1.148339,0.4196487,-0.892786,0.1001678,-0.1295935,194.8922,0.4232176,-0.9003787,0.1010197,0.1177734,-0.06251756,0.02070538,0.134936,0.1861879,-0.6716698,-0.5466557,0.4640705,124.6998,0.2101922,-0.758265,-0.6171334,-0.415684,-0.2149649,-0.3736761,0.5988631,0.7343245,0.2096846,0.6283985,-0.1480387,197.0266,0.7425057,0.2120207,0.6353996,-0.006622568,-0.0244118,0.09260572,0.09599799,-0.276446,0.4321845,0.08464213,0.8541838,62.66064,-0.5316564,0.8311701,0.1627823,-0.08369739,1.208571,-0.08027194,1.214123,0.0001373977,-0.1490201,-0.1711572,-0.9739087,333.766,0.000605436,-0.6566493,-0.7541956,False,False,False,False
1772879689481,15.09666,0.1555223,1.053388,0.1106017,1.070535,-0.4219165,-0.6911166,0.2483058,0.5316846,115.7613,-0.4981644,-0.8160138,0.2931791,-0.1007981,0.6342162,-0.06166555,0.6451303,0.5275004,0.2359166,-0.7601081,0.2971909,145.4221,0.5524616,0.2470801,-0.7960764,0.09852376,1.105712,0.2104751,1.12987,0.1102982,1.160271,0.2328337,1.188531,0.1298647,1.16015,0.2450781,1.192844,-0.015098,0.6463389,0.02940465,0.6471836,-0.004218515,0.6446252,0.07354864,0.6488211,-0.02245736,0.635878,0.1038784,0.6446983,0.1012824,-0.0700343,0.02825692,0.1263384,0.1583274,-0.05557507,0.01592867,0.1685523,0.1631205,-0.05908908,-0.006375283,0.1736101,-0.1111289,0.04730911,-0.03460449,0.1256394,-0.1552741,0.05416124,-0.02598792,0.1664898,-0.1772072,0.04624177,0.002034947,0.1831525,0.1003915,-0.07582913,0.03406994,0.1303429,0.1422396,-0.0662737,0.01636593,0.1577724,0.1349231,-0.07116811,-0.002027437,0.1525558,-0.1111882,0.04726597,-0.0351278,0.1258207,-0.1555011,0.0538657,-0.02601038,0.1666092,-0.1772538,0.04612365,0.002150356,0.1831691,0.1149003,-0.07321864,0.02325003,0.1382158,-0.1572733,0.913786,-0.01358238,0.3742671,136.0419,-0.1695996,0.9854043,-0.0146469,-0.1414414,0.04730774,-0.01927543,0.1503837,0.1267935,-0.488097,-0.2026326,0.8394194,65.84229,0.2332975,-0.8980886,-0.37284,0.1063801,1.124587,0.2071543,1.148445,0.4188862,-0.8958095,0.08502272,-0.1217823,193.99,0.4220274,-0.9025272,0.0856603,0.1177734,-0.06251756,0.02070538,0.134936,0.1861879,-0.6716698,-0.5466557,0.4640705,124.6998,0.2101922,-0.758265,-0.6171334,-0.415684,-0.2149649,-0.3736761,0.5988631,0.7343245,0.2096846,0.6283985,-0.1480387,197.0266,0.7425057,0.2120207,0.6353996,-0.006380051,-0.02458715,0.09284572,0.09625778,-0.28401,0.4197762,0.09365924,0.8569449,62.0495,-0.5510388,0.8144535,0.1817185,-0.08392604,1.208409,-0.08023461,1.213974,-6.967429E-05,-0.1497577,-0.1711573,-0.9737956,333.709,-0.0003063615,-0.6584922,-0.7525876,False,False,False,False
1772879689495,15.11014,0.1555223,1.053388,0.1106017,1.070535,-0.4219165,-0.6911166,0.2483058,0.5316846,115.7613,-0.4981644,-0.8160138,0.2931791,-0.1007981,0.6342162,-0.06166555,0.6451303,0.5275004,0.2359166,-0.7601081,0.2971909,145.4221,0.5524616,0.2470801,-0.7960764,0.09852376,1.105712,0.2104751,1.12987,0.1102982,1.160271,0.2328337,1.188531,0.1298647,1.16015,0.2450781,1.192844,-0.015098,0.6463389,0.02940465,0.6471836,-0.004218515,0.6446252,0.07354864,0.6488211,-0.02245736,0.635878,0.1038784,0.6446983,0.1012824,-0.0700343,0.02825692,0.1263384,0.1583274,-0.05557507,0.01592867,0.1685523,0.1631205,-0.05908908,-0.006375283,0.1736101,-0.1111289,0.04730911,-0.03460449,0.1256394,-0.1552741,0.05416124,-0.02598792,0.1664898,-0.1772072,0.04624177,0.002034947,0.1831525,0.1003915,-0.07582913,0.03406994,0.1303429,0.1422396,-0.0662737,0.01636593,0.1577724,0.1349231,-0.07116811,-0.002027437,0.1525558,-0.1111882,0.04726597,-0.0351278,0.1258207,-0.1555011,0.0538657,-0.02601038,0.1666092,-0.1772538,0.04612365,0.002150356,0.1831691,0.1149003,-0.07321864,0.02325003,0.1382158,-0.1572733,0.913786,-0.01358238,0.3742671,136.0419,-0.1695996,0.9854043,-0.0146469,-0.1414414,0.04730774,-0.01927543,0.1503837,0.1267935,-0.488097,-0.2026326,0.8394194,65.84229,0.2332975,-0.8980886,-0.37284,0.1061039,1.124781,0.2068432,1.148553,0.4177221,-0.8991724,0.06657943,-0.1120911,192.8717,0.4203714,-0.904875,0.06700168,0.1177734,-0.06251756,0.02070538,0.134936,0.1861879,-0.6716698,-0.5466557,0.4640705,124.6998,0.2101922,-0.758265,-0.6171334,-0.415684,-0.2149649,-0.3736761,0.5988631,0.7343245,0.2096846,0.6283985,-0.1480387,197.0266,0.7425057,0.2120207,0.6353996,-0.006103925,-0.02478087,0.09315677,0.09658951,-0.2929946,0.4044414,0.1046792,0.8600138,61.36375,-0.5741941,0.7926012,0.2051444,-0.08421377,1.208253,-0.08020174,1.213837,-0.0008342084,-0.1504177,-0.1713552,-0.9736587,333.6401,-0.00365864,-0.6596964,-0.7515233,False,False,False,False
1772879689510,15.12379,0.1555223,1.053388,0.1106017,1.070535,-0.4219165,-0.6911166,0.2483058,0.5316846,115.7613,-0.4981644,-0.8160138,0.2931791,-0.1007981,0.6342162,-0.06166555,0.6451303,0.5275004,0.2359166,-0.7601081,0.2971909,145.4221,0.5524616,0.2470801,-0.7960764,0.09852376,1.105712,0.2104751,1.12987,0.1102982,1.160271,0.2328337,1.188531,0.1298647,1.16015,0.2450781,1.192844,-0.015098,0.6463389,0.02940465,0.6471836,-0.004218515,0.6446252,0.07354864,0.6488211,-0.02245736,0.635878,0.1038784,0.6446983,0.1012824,-0.0700343,0.02825692,0.1263384,0.1583274,-0.05557507,0.01592867,0.1685523,0.1631205,-0.05908908,-0.006375283,0.1736101,-0.1111289,0.04730911,-0.03460449,0.1256394,-0.1552741,0.05416124,-0.02598792,0.1664898,-0.1772072,0.04624177,0.002034947,0.1831525,0.1003915,-0.07582913,0.03406994,0.1303429,0.1422396,-0.0662737,0.01636593,0.1577724,0.1349231,-0.07116811,-0.002027437,0.1525558,-0.1111882,0.04726597,-0.0351278,0.1258207,-0.1555011,0.0538657,-0.02601038,0.1666092,-0.1772538,0.04612365,0.002150356,0.1831691,0.1149003,-0.07321864,0.02325003,0.1382158,-0.1572733,0.913786,-0.01358238,0.3742671,136.0419,-0.1695996,0.9854043,-0.0146469,-0.1414414,0.04730774,-0.01927543,0.1503837,0.1267935,-0.488097,-0.2026326,0.8394194,65.84229,0.2332975,-0.8980886,-0.37284,0.1047528,1.125536,0.2065162,1.14911,0.4095365,-0.9074886,0.0306952,-0.08832953,190.135,0.4111435,-0.9110497,0.03081565,0.1177734,-0.06251756,0.02070538,0.134936,0.1861879,-0.6716698,-0.5466557,0.4640705,124.6998,0.2101922,-0.758265,-0.6171334,-0.415684,-0.2149649,-0.3736761,0.5988631,0.7343245,0.2096846,0.6283985,-0.1480387,197.0266,0.7425057,0.2120207,0.6353996,-0.004752785,-0.02553606,0.09348378,0.09702523,-0.3059406,0.372407,0.1321898,0.8661637,59.96833,-0.6121742,0.7451706,0.2645063,-0.0845319,1.208079,-0.08017264,1.213683,-0.00116732,-0.1508103,-0.1715007,-0.973572,333.5966,-0.005111302,-0.6603475,-0.7509436,False,False,False,False
1772879689523,15.1383,0.1555223,1.053388,0.1106017,1.070535,-0.4219165,-0.6911166,0.2483058,0.5316846,115.7613,-0.4981644,-0.8160138,0.2931791,-0.1007981,0.6342162,-0.06166555,0.6451303,0.5275004,0.2359166,-0.7601081,0.2971909,145.4221,0.5524616,0.2470801,-0.7960764,0.09852376,1.105712,0.2104751,1.12987,0.1102982,1.160271,0.2328337,1.188531,0.1298647,1.16015,0.2450781,1.192844,-0.015098,0.6463389,0.02940465,0.6471836,-0.004218515,0.6446252,0.07354864,0.6488211,-0.02245736,0.635878,0.1038784,0.6446983,0.1012824,-0.0700343,0.02825692,0.1263384,0.1583274,-0.05557507,0.01592867,0.1685523,0.1631205,-0.05908908,-0.006375283,0.1736101,-0.1111289,0.04730911,-0.03460449,0.1256394,-0.1552741,0.05416124,-0.02598792,0.1664898,-0.1772072,0.04624177,0.002034947,0.1831525,0.1003915,-0.07582913,0.03406994,0.1303429,0.1422396,-0.0662737,0.01636593,0.1577724,0.1349231,-0.07116811,-0.002027437,0.1525558,-0.1111882,0.04726597,-0.0351278,0.1258207,-0.1555011,0.0538657,-0.02601038,0.1666092,-0.1772538,0.04612365,0.002150356,0.1831691,0.1149003,-0.07321864,0.02325003,0.1382158,-0.1572733,0.913786,-0.01358238,0.3742671,136.0419,-0.1695996,0.9854043,-0.0146469,-0.1414414,0.04730774,-0.01927543,0.1503837,0.1267935,-0.488097,-0.2026326,0.8394194,65.84229,0.2332975,-0.8980886,-0.37284,0.1043469,1.125739,0.2064862,1.149266,0.4056838,-0.9102119,0.02149798,-0.08045408,189.2293,0.4070032,-0.9131721,0.02156789,0.1177734,-0.06251756,0.02070538,0.134936,0.1861879,-0.6716698,-0.5466557,0.4640705,124.6998,0.2101922,-0.758265,-0.6171334,-0.415684,-0.2149649,-0.3736761,0.5988631,0.7343245,0.2096846,0.6283985,-0.1480387,197.0266,0.7425057,0.2120207,0.6353996,-0.0043469,-0.02573872,0.09351382,0.09708867,-0.307754,0.36332,0.14112,0.8679698,59.55291,-0.6197004,0.7315895,0.2841624,-0.08515149,1.207967,-0.080043,1.213607,-0.001685696,-0.1509362,-0.1720877,-0.9734481,333.5345,-0.007364081,-0.6593756,-0.7517772,False,False,False,False
1772879689536,15.15162,0.1555223,1.053388,0.1106017,1.070535,-0.4219165,-0.6911166,0.2483058,0.5316846,115.7613,-0.4981644,-0.8160138,0.2931791,-0.1007981,0.6342162,-0.06166555,0.6451303,0.5275004,0.2359166,-0.7601081,0.2971909,145.4221,0.5524616,0.2470801,-0.7960764,0.09852376,1.105712,0.2104751,1.12987,0.1102982,1.160271,0.2328337,1.188531,0.1298647,1.16015,0.2450781,1.192844,-0.015098,0.6463389,0.02940465,0.6471836,-0.004218515,0.6446252,0.07354864,0.6488211,-0.02245736,0.635878,0.1038784,0.6446983,0.1012824,-0.0700343,0.02825692,0.1263384,0.1583274,-0.05557507,0.01592867,0.1685523,0.1631205,-0.05908908,-0.006375283,0.1736101,-0.1111289,0.04730911,-0.03460449,0.1256394,-0.1552741,0.05416124,-0.02598792,0.1664898,-0.1772072,0.04624177,0.002034947,0.1831525,0.1003915,-0.07582913,0.03406994,0.1303429,0.1422396,-0.0662737,0.01636593,0.1577724,0.1349231,-0.07116811,-0.002027437,0.1525558,-0.1111882,0.04726597,-0.0351278,0.1258207,-0.1555011,0.0538657,-0.02601038,0.1666092,-0.1772538,0.04612365,0.002150356,0.1831691,0.1149003,-0.07321864,0.02325003,0.1382158,-0.1572733,0.913786,-0.01358238,0.3742671,136.0419,-0.1695996,0.9854043,-0.0146469,-0.1414414,0.04730774,-0.01927543,0.1503837,0.1267935,-0.488097,-0.2026326,0.8394194,65.84229,0.2332975,-0.8980886,-0.37284,0.1035336,1.125967,0.2065045,1.149419,0.3941039,-0.9167691,0.009527019,-0.06423362,187.3657,0.3949194,-0.9186662,0.009546734,0.1177734,-0.06251756,0.02070538,0.134936,0.1861879,-0.6716698,-0.5466557,0.4640705,124.6998,0.2101922,-0.758265,-0.6171334,-0.415684,-0.2149649,-0.3736761,0.5988631,0.7343245,0.2096846,0.6283985,-0.1480387,197.0266,0.7425057,0.2120207,0.6353996,-0.003533602,-0.025967,0.09349547,0.09709879,-0.3049602,0.3490552,0.1600848,0.8715119,58.73042,-0.6218922,0.7118133,0.326454,-0.08568949,1.207852,-0.07992622,1.213523,-0.001599018,-0.150791,-0.1725004,-0.9733977,333.5092,-0.006978896,-0.6581256,-0.752876,False,False,False,False
1772879689551,15.16588,0.1555223,1.053388,0.1106017,1.070535,-0.4219165,-0.6911166,0.2483058,0.5316846,115.7613,-0.4981644,-0.8160138,0.2931791,-0.1007981,0.6342162,-0.06166555,0.6451303,0.5275004,0.2359166,-0.7601081,0.2971909,145.4221,0.5524616,0.2470801,-0.7960764,0.09852376,1.105712,0.2104751,1.12987,0.1102982,1.160271,0.2328337,1.188531,0.1298647,1.16015,0.2450781,1.192844,-0.015098,0.6463389,0.02940465,0.6471836,-0.004218515,0.6446252,0.07354864,0.6488211,-0.02245736,0.635878,0.1038784,0.6446983,0.1012824,-0.0700343,0.02825692,0.1263384,0.1583274,-0.05557507,0.01592867,0.1685523,0.1631205,-0.05908908,-0.006375283,0.1736101,-0.1111289,0.04730911,-0.03460449,0.1256394,-0.1552741,0.05416124,-0.02598792,0.1664898,-0.1772072,0.04624177,0.002034947,0.1831525,0.1003915,-0.07582913,0.03406994,0.1303429,0.1422396,-0.0662737,0.01636593,0.1577724,0.1349231,-0.07116811,-0.002027437,0.1525558,-0.1111882,0.04726597,-0.0351278,0.1258207,-0.1555011,0.0538657,-0.02601038,0.1666092,-0.1772538,0.04612365,0.002150356,0.1831691,0.1149003,-0.07321864,0.02325003,0.1382158,-0.1572733,0.913786,-0.01358238,0.3742671,136.0419,-0.1695996,0.9854043,-0.0146469,-0.1414414,0.04730774,-0.01927543,0.1503837,0.1267935,-0.488097,-0.2026326,0.8394194,65.84229,0.2332975,-0.8980886,-0.37284,0.1032718,1.126068,0.2065217,1.149498,0.390695,-0.9185982,0.00521082,-0.05922637,186.7908,0.391382,-0.9202135,0.005219983,0.1177734,-0.06251756,0.02070538,0.134936,0.1861879,-0.6716698,-0.5466557,0.4640705,124.6998,0.2101922,-0.758265,-0.6171334,-0.415684,-0.2149649,-0.3736761,0.5988631,0.7343245,0.2096846,0.6283985,-0.1480387,197.0266,0.7425057,0.2120207,0.6353996,-0.003271773,-0.02606773,0.09347828,0.09710005,-0.3046028,0.3442352,0.1659513,0.8724561,58.5094,-0.6233012,0.7044,0.3395821,-0.08616482,1.207779,-0.07983194,1.213478,-0.001639606,-0.150308,-0.172966,-0.9733897,333.5052,-0.007154981,-0.6559202,-0.7547962,False,False,False,False
1772879689565,15.17909,0.1555223,1.053388,0.1106017,1.070535,-0.4219165,-0.6911166,0.2483058,0.5316846,115.7613,-0.4981644,-0.8160138,0.2931791,-0.1007981,0.6342162,-0.06166555,0.6451303,0.5275004,0.2359166,-0.7601081,0.2971909,145.4221,0.5524616,0.2470801,-0.7960764,0.09852376,1.105712,0.2104751,1.12987,0.1102982,1.160271,0.2328337,1.188531,0.1298647,1.16015,0.2450781,1.192844,-0.015098,0.6463389,0.02940465,0.6471836,-0.004218515,0.6446252,0.07354864,0.6488211,-0.02245736,0.635878,0.1038784,0.6446983,0.1012824,-0.0700343,0.02825692,0.1263384,0.1583274,-0.05557507,0.01592867,0.1685523,0.1631205,-0.05908908,-0.006375283,0.1736101,-0.1111289,0.04730911,-0.03460449,0.1256394,-0.1552741,0.05416124,-0.02598792,0.1664898,-0.1772072,0.04624177,0.002034947,0.1831525,0.1003915,-0.07582913,0.03406994,0.1303429,0.1422396,-0.0662737,0.01636593,0.1577724,0.1349231,-0.07116811,-0.002027437,0.1525558,-0.1111882,0.04726597,-0.0351278,0.1258207,-0.1555011,0.0538657,-0.02601038,0.1666092,-0.1772538,0.04612365,0.002150356,0.1831691,0.1149003,-0.07321864,0.02325003,0.1382158,-0.1572733,0.913786,-0.01358238,0.3742671,136.0419,-0.1695996,0.9854043,-0.0146469,-0.1414414,0.04730774,-0.01927543,0.1503837,0.1267935,-0.488097,-0.2026326,0.8394194,65.84229,0.2332975,-0.8980886,-0.37284,0.1032718,1.126068,0.2065217,1.149498,0.390695,-0.9185982,0.00521082,-0.05922637,186.7908,0.391382,-0.9202135,0.005219983,0.1177734,-0.06251756,0.02070538,0.134936,0.1861879,-0.6716698,-0.5466557,0.4640705,124.6998,0.2101922,-0.758265,-0.6171334,-0.415684,-0.2149649,-0.3736761,0.5988631,0.7343245,0.2096846,0.6283985,-0.1480387,197.0266,0.7425057,0.2120207,0.6353996,-0.003271773,-0.02606773,0.09347828,0.09710005,-0.3046028,0.3442352,0.1659513,0.8724561,58.5094,-0.6233012,0.7044,0.3395821,-0.08668639,1.207714,-0.0797585,1.213445,-0.001794061,-0.1501485,-0.1733738,-0.9733416,333.4812,-0.007822017,-0.65464,-0.7559013,False,False,False,False
1772879689579,15.19312,0.1555223,1.053388,0.1106017,1.070535,-0.4219165,-0.6911166,0.2483058,0.5316846,115.7613,-0.4981644,-0.8160138,0.2931791,-0.1007981,0.6342162,-0.06166555,0.6451303,0.5275004,0.2359166,-0.7601081,0.2971909,145.4221,0.5524616,0.2470801,-0.7960764,0.09852376,1.105712,0.2104751,1.12987,0.1102982,1.160271,0.2328337,1.188531,0.1298647,1.16015,0.2450781,1.192844,-0.015098,0.6463389,0.02940465,0.6471836,-0.004218515,0.6446252,0.07354864,0.6488211,-0.02245736,0.635878,0.1038784,0.6446983,0.1012824,-0.0700343,0.02825692,0.1263384,0.1583274,-0.05557507,0.01592867,0.1685523,0.1631205,-0.05908908,-0.006375283,0.1736101,-0.1111289,0.04730911,-0.03460449,0.1256394,-0.1552741,0.05416124,-0.02598792,0.1664898,-0.1772072,0.04624177,0.002034947,0.1831525,0.1003915,-0.07582913,0.03406994,0.1303429,0.1422396,-0.0662737,0.01636593,0.1577724,0.1349231,-0.07116811,-0.002027437,0.1525558,-0.1111882,0.04726597,-0.0351278,0.1258207,-0.1555011,0.0538657,-0.02601038,0.1666092,-0.1772538,0.04612365,0.002150356,0.1831691,0.1149003,-0.07321864,0.02325003,0.1382158,-0.1572733,0.913786,-0.01358238,0.3742671,136.0419,-0.1695996,0.9854043,-0.0146469,-0.1414414,0.04730774,-0.01927543,0.1503837,0.1267935,-0.488097,-0.2026326,0.8394194,65.84229,0.2332975,-0.8980886,-0.37284,0.103279,1.126034,0.2065074,1.149463,0.3914841,-0.9182463,0.006891681,-0.05929907,186.7992,0.3921743,-0.9198651,0.00690383,0.1177734,-0.06251756,0.02070538,0.134936,0.1861879,-0.6716698,-0.5466557,0.4640705,124.6998,0.2101922,-0.758265,-0.6171334,-0.415684,-0.2149649,-0.3736761,0.5988631,0.7343245,0.2096846,0.6283985,-0.1480387,197.0266,0.7425057,0.2120207,0.6353996,-0.003279001,-0.02603436,0.09349264,0.09710517,-0.3036232,0.3449075,0.1645212,0.8728028,58.42804,-0.6220852,0.7066715,0.3370831,-0.08718255,1.20754,-0.07976641,1.213308,-0.002100686,-0.1502458,-0.1738244,-0.9732456,333.4333,-0.009142661,-0.6539035,-0.7565231,False,False,False,False
1772879689592,15.20758,0.1555223,1.053388,0.1106017,1.070535,-0.4219165,-0.6911166,0.2483058,0.5316846,115.7613,-0.4981644,-0.8160138,0.2931791,-0.1007981,0.6342162,-0.06166555,0.6451303,0.5275004,0.2359166,-0.7601081,0.2971909,145.4221,0.5524616,0.2470801,-0.7960764,0.09852376,1.105712,0.2104751,1.12987,0.1102982,1.160271,0.2328337,1.188531,0.1298647,1.16015,0.2450781,1.192844,-0.015098,0.6463389,0.02940465,0.6471836,-0.004218515,0.6446252,0.07354864,0.6488211,-0.02245736,0.635878,0.1038784,0.6446983,0.1012824,-0.0700343,0.02825692,0.1263384,0.1583274,-0.05557507,0.01592867,0.1685523,0.1631205,-0.05908908,-0.006375283,0.1736101,-0.1111289,0.04730911,-0.03460449,0.1256394,-0.1552741,0.05416124,-0.02598792,0.1664898,-0.1772072,0.04624177,0.002034947,0.1831525,0.1003915,-0.07582913,0.03406994,0.1303429,0.1422396,-0.0662737,0.01636593,0.1577724,0.1349231,-0.07116811,-0.002027437,0.1525558,-0.1111882,0.04726597,-0.0351278,0.1258207,-0.1555011,0.0538657,-0.02601038,0.1666092,-0.1772538,0.04612365,0.002150356,0.1831691,0.1149003,-0.07321864,0.02325003,0.1382158,-0.1572733,0.913786,-0.01358238,0.3742671,136.0419,-0.1695996,0.9854043,-0.0146469,-0.1414414,0.04730774,-0.01927543,0.1503837,0.1267935,-0.488097,-0.2026326,0.8394194,65.84229,0.2332975,-0.8980886,-0.37284,0.1032752,1.12597,0.2065123,1.149401,0.3934332,-0.9174667,0.008905868,-0.05818721,186.6715,0.394101,-0.9190239,0.008920983,0.1177734,-0.06251756,0.02070538,0.134936,0.1861879,-0.6716698,-0.5466557,0.4640705,124.6998,0.2101922,-0.758265,-0.6171334,-0.415684,-0.2149649,-0.3736761,0.5988631,0.7343245,0.2096846,0.6283985,-0.1480387,197.0266,0.7425057,0.2120207,0.6353996,-0.003275186,-0.0259701,0.09348774,0.09708311,-0.3021678,0.3445299,0.1620337,0.8739216,58.1648,-0.6216589,0.7088116,0.3333569,-0.08767346,1.207439,-0.07973418,1.213241,-0.002548374,-0.1503002,-0.1742052,-0.973168,333.3946,-0.01107528,-0.6532074,-0.7570991,False,False,False,False
1772879689607,15.22135,0.1555223,1.053388,0.1106017,1.070535,-0.4219165,-0.6911166,0.2483058,0.5316846,115.7613,-0.4981644,-0.8160138,0.2931791,-0.1007981,0.6342162,-0.06166555,0.6451303,0.5275004,0.2359166,-0.7601081,0.2971909,145.4221,0.5524616,0.2470801,-0.7960764,0.09852376,1.105712,0.2104751,1.12987,0.1102982,1.160271,0.2328337,1.188531,0.1298647,1.16015,0.2450781,1.192844,-0.015098,0.6463389,0.02940465,0.6471836,-0.004218515,0.6446252,0.07354864,0.6488211,-0.02245736,0.635878,0.1038784,0.6446983,0.1012824,-0.0700343,0.02825692,0.1263384,0.1583274,-0.05557507,0.01592867,0.1685523,0.1631205,-0.05908908,-0.006375283,0.1736101,-0.1111289,0.04730911,-0.03460449,0.1256394,-0.1552741,0.05416124,-0.02598792,0.1664898,-0.1772072,0.04624177,0.002034947,0.1831525,0.1003915,-0.07582913,0.03406994,0.1303429,0.1422396,-0.0662737,0.01636593,0.1577724,0.1349231,-0.07116811,-0.002027437,0.1525558,-0.1111882,0.04726597,-0.0351278,0.1258207,-0.1555011,0.0538657,-0.02601038,0.1666092,-0.1772538,0.04612365,0.002150356,0.1831691,0.1149003,-0.07321864,0.02325003,0.1382158,-0.1572733,0.913786,-0.01358238,0.3742671,136.0419,-0.1695996,0.9854043,-0.0146469,-0.1414414,0.04730774,-0.01927543,0.1503837,0.1267935,-0.488097,-0.2026326,0.8394194,65.84229,0.2332975,-0.8980886,-0.37284,0.1029433,1.125931,0.2063518,1.149304,0.3937525,-0.9179847,0.003101853,-0.04747212,185.4419,0.3941969,-0.9190208,0.003105354,0.1177734,-0.06251756,0.02070538,0.134936,0.1861879,-0.6716698,-0.5466557,0.4640705,124.6998,0.2101922,-0.758265,-0.6171334,-0.415684,-0.2149649,-0.3736761,0.5988631,0.7343245,0.2096846,0.6283985,-0.1480387,197.0266,0.7425057,0.2120207,0.6353996,-0.002943315,-0.02593124,0.09364818,0.09721664,-0.3012485,0.3336109,0.1657799,0.8777644,57.25233,-0.6287895,0.6963389,0.3460289,-0.08824416,1.207331,-0.07968619,1.213172,-0.00293914,-0.1503551,-0.175075,-0.9730023,333.3122,-0.01273483,-0.651465,-0.7585722,False,False,False,False
1772879689621,15.23561,0.1555223,1.053388,0.1106017,1.070535,-0.4219165,-0.6911166,0.2483058,0.5316846,115.7613,-0.4981644,-0.8160138,0.2931791,-0.1007981,0.6342162,-0.06166555,0.6451303,0.5275004,0.2359166,-0.7601081,0.2971909,145.4221,0.5524616,0.2470801,-0.7960764,0.09852376,1.105712,0.2104751,1.12987,0.1102982,1.160271,0.2328337,1.188531,0.1298647,1.16015,0.2450781,1.192844,-0.015098,0.6463389,0.02940465,0.6471836,-0.004218515,0.6446252,0.07354864,0.6488211,-0.02245736,0.635878,0.1038784,0.6446983,0.1012824,-0.0700343,0.02825692,0.1263384,0.1583274,-0.05557507,0.01592867,0.1685523,0.1631205,-0.05908908,-0.006375283,0.1736101,-0.1111289,0.04730911,-0.03460449,0.1256394,-0.1552741,0.05416124,-0.02598792,0.1664898,-0.1772072,0.04624177,0.002034947,0.1831525,0.1003915,-0.07582913,0.03406994,0.1303429,0.1422396,-0.0662737,0.01636593,0.1577724,0.1349231,-0.07116811,-0.002027437,0.1525558,-0.1111882,0.04726597,-0.0351278,0.1258207,-0.1555011,0.0538657,-0.02601038,0.1666092,-0.1772538,0.04612365,0.002150356,0.1831691,0.1149003,-0.07321864,0.02325003,0.1382158,-0.1572733,0.913786,-0.01358238,0.3742671,136.0419,-0.1695996,0.9854043,-0.0146469,-0.1414414,0.04730774,-0.01927543,0.1503837,0.1267935,-0.488097,-0.2026326,0.8394194,65.84229,0.2332975,-0.8980886,-0.37284,0.1027606,1.125909,0.2062996,1.149257,0.3936316,-0.9183221,0.001584706,-0.04166724,184.7761,0.3939738,-0.9191203,0.001586083,0.1177734,-0.06251756,0.02070538,0.134936,0.1861879,-0.6716698,-0.5466557,0.4640705,124.6998,0.2101922,-0.758265,-0.6171334,-0.415684,-0.2149649,-0.3736761,0.5988631,0.7343245,0.2096846,0.6283985,-0.1480387,197.0266,0.7425057,0.2120207,0.6353996,-0.002760574,-0.02590919,0.09370036,0.09725567,-0.2994168,0.3285934,0.1674379,0.8799663,56.72342,-0.6303032,0.6917229,0.3524739,-0.08891417,1.207242,-0.07964228,1.213129,-0.003036624,-0.150208,-0.1761481,-0.972831,333.2273,-0.01311624,-0.6488008,-0.760845,False,False,False,False
1772879689633,15.24911,0.1555223,1.053388,0.1106017,1.070535,-0.4219165,-0.6911166,0.2483058,0.5316846,115.7613,-0.4981644,-0.8160138,0.2931791,-0.1007981,0.6342162,-0.06166555,0.6451303,0.5275004,0.2359166,-0.7601081,0.2971909,145.4221,0.5524616,0.2470801,-0.7960764,0.09852376,1.105712,0.2104751,1.12987,0.1102982,1.160271,0.2328337,1.188531,0.1298647,1.16015,0.2450781,1.192844,-0.015098,0.6463389,0.02940465,0.6471836,-0.004218515,0.6446252,0.07354864,0.6488211,-0.02245736,0.635878,0.1038784,0.6446983,0.1012824,-0.0700343,0.02825692,0.1263384,0.1583274,-0.05557507,0.01592867,0.1685523,0.1631205,-0.05908908,-0.006375283,0.1736101,-0.1111289,0.04730911,-0.03460449,0.1256394,-0.1552741,0.05416124,-0.02598792,0.1664898,-0.1772072,0.04624177,0.002034947,0.1831525,0.1003915,-0.07582913,0.03406994,0.1303429,0.1422396,-0.0662737,0.01636593,0.1577724,0.1349231,-0.07116811,-0.002027437,0.1525558,-0.1111882,0.04726597,-0.0351278,0.1258207,-0.1555011,0.0538657,-0.02601038,0.1666092,-0.1772538,0.04612365,0.002150356,0.1831691,0.1149003,-0.07321864,0.02325003,0.1382158,-0.1572733,0.913786,-0.01358238,0.3742671,136.0419,-0.1695996,0.9854043,-0.0146469,-0.1414414,0.04730774,-0.01927543,0.1503837,0.1267935,-0.488097,-0.2026326,0.8394194,65.84229,0.2332975,-0.8980886,-0.37284,0.1024807,1.125904,0.2062637,1.149221,0.3933306,-0.9188494,-0.004744296,-0.03137542,183.5959,0.3935243,-0.919302,-0.004746633,0.1177734,-0.06251756,0.02070538,0.134936,0.1861879,-0.6716698,-0.5466557,0.4640705,124.6998,0.2101922,-0.758265,-0.6171334,-0.415684,-0.2149649,-0.3736761,0.5988631,0.7343245,0.2096846,0.6283985,-0.1480387,197.0266,0.7425057,0.2120207,0.6353996,-0.002480701,-0.02590442,0.09373631,0.09728149,-0.2988753,0.3178153,0.1717991,0.8832623,55.92316,-0.6374246,0.6778188,0.3664035,-0.08954955,1.207125,-0.07956737,1.213055,-0.002706035,-0.1497656,-0.1770855,-0.97273,333.1773,-0.01166695,-0.6457077,-0.7634959,False,False,False,False
1772879689648,15.26308,0.1555223,1.053388,0.1106017,1.070535,-0.4219165,-0.6911166,0.2483058,0.5316846,115.7613,-0.4981644,-0.8160138,0.2931791,-0.1007981,0.6342162,-0.06166555,0.6451303,0.5275004,0.2359166,-0.7601081,0.2971909,145.4221,0.5524616,0.2470801,-0.7960764,0.09852376,1.105712,0.2104751,1.12987,0.1102982,1.160271,0.2328337,1.188531,0.1298647,1.16015,0.2450781,1.192844,-0.015098,0.6463389,0.02940465,0.6471836,-0.004218515,0.6446252,0.07354864,0.6488211,-0.02245736,0.635878,0.1038784,0.6446983,0.1012824,-0.0700343,0.02825692,0.1263384,0.1583274,-0.05557507,0.01592867,0.1685523,0.1631205,-0.05908908,-0.006375283,0.1736101,-0.1111289,0.04730911,-0.03460449,0.1256394,-0.1552741,0.05416124,-0.02598792,0.1664898,-0.1772072,0.04624177,0.002034947,0.1831525,0.1003915,-0.07582913,0.03406994,0.1303429,0.1422396,-0.0662737,0.01636593,0.1577724,0.1349231,-0.07116811,-0.002027437,0.1525558,-0.1111882,0.04726597,-0.0351278,0.1258207,-0.1555011,0.0538657,-0.02601038,0.1666092,-0.1772538,0.04612365,0.002150356,0.1831691,0.1149003,-0.07321864,0.02325003,0.1382158,-0.1572733,0.913786,-0.01358238,0.3742671,136.0419,-0.1695996,0.9854043,-0.0146469,-0.1414414,0.04730774,-0.01927543,0.1503837,0.1267935,-0.488097,-0.2026326,0.8394194,65.84229,0.2332975,-0.8980886,-0.37284,0.1014636,1.125979,0.2056388,1.149091,0.3905168,-0.9204202,-0.01465844,-0.01041504,181.1935,0.390538,-0.9204702,-0.01465923,0.1177734,-0.06251756,0.02070538,0.134936,0.1861879,-0.6716698,-0.5466557,0.4640705,124.6998,0.2101922,-0.758265,-0.6171334,-0.415684,-0.2149649,-0.3736761,0.5988631,0.7343245,0.2096846,0.6283985,-0.1480387,197.0266,0.7425057,0.2120207,0.6353996,-0.001463577,-0.0259788,0.09436122,0.09788299,-0.294752,0.2978896,0.1814598,0.8896379,54.34446,-0.6454421,0.6523128,0.397357,-0.09011438,1.207093,-0.07951748,1.213061,-0.002369687,-0.1498286,-0.1771442,-0.9727105,333.1677,-0.01021319,-0.6457512,-0.7634795,True,True,False,False
1772879689662,15.27752,0.2176079,1.111604,0.1027528,1.137354,-0.09120996,-0.7842479,0.573007,0.2197701,154.6089,-0.09349578,-0.803902,0.5873672,-0.102613,0.6366165,-0.05960045,0.6475818,0.5227762,0.2460473,-0.7664482,0.2805763,147.4108,0.544654,0.2563442,-0.7985235,0.1160138,1.104532,0.190571,1.12684,0.07602923,1.139036,0.1898035,1.157241,0.08879846,1.153217,0.204933,1.174645,-0.01196724,0.643361,0.02660319,0.644022,-0.001896907,0.6420868,0.07326983,0.6462566,-0.01974683,0.633118,0.1044254,0.6419759,0.1083895,-0.07370508,0.03004473,0.1344745,0.1572881,-0.05736259,0.01856978,0.1684484,0.155199,-0.06832339,-0.003076285,0.1696004,-0.108976,0.05021478,-0.0359988,0.1252726,-0.1555764,0.05414492,-0.02631517,0.1668178,-0.1780118,0.04573545,0.001892269,0.1838029,0.1010367,-0.07565777,0.03374521,0.130657,0.1434536,-0.06555479,0.01654373,0.1585877,0.1365589,-0.07093861,-0.002112053,0.1538996,-0.1110098,0.04750387,-0.03519807,0.1257724,-0.1555072,0.05388822,-0.02603497,0.166626,-0.177315,0.04609233,0.002129534,0.1832202,0.1158594,-0.07294382,0.02305249,0.1388367,-0.1684899,0.908448,-0.01961874,0.3820321,135.0808,-0.182319,0.9830103,-0.02122898,-0.1413362,0.04741775,-0.01933769,0.1503274,0.1274373,-0.4883819,-0.2001351,0.8397552,65.77145,0.2347063,-0.8994718,-0.3685966,0.1011728,1.125837,0.2054065,1.148885,0.391937,-0.9198264,-0.01731297,-0.002260674,180.2591,0.391938,-0.9198288,-0.01731302,0.1333807,-0.07926221,0.01444818,0.1558258,-0.4540291,-0.4328807,-0.3874671,0.6755303,95.00932,-0.6157728,-0.5870904,-0.5254986,-0.3941545,-0.2350201,-0.3753433,0.5928531,0.8240756,0.0359623,0.565164,-0.01400126,181.6045,0.8241563,0.03596582,0.5652193,-0.001172781,-0.02583706,0.0945935,0.09806558,-0.2930332,0.2899415,0.18224,0.8926669,53.57941,-0.6501486,0.6432891,0.4043334,-0.09070574,1.206932,-0.07955571,1.212948,-0.002823031,-0.1499927,-0.1782372,-0.9724844,333.0562,-0.01211767,-0.643833,-0.7650707,True,True,False,False
1772879689677,15.29419,0.2168467,1.112177,0.1018458,1.137688,-0.08779842,-0.7833099,0.5752823,0.2185574,154.7514,-0.08997361,-0.8027163,0.5895348,-0.1026155,0.6366179,-0.05954886,0.6475788,0.5227559,0.2463003,-0.7665117,0.2802182,147.4535,0.5445735,0.2565798,-0.7985027,0.1155814,1.104335,0.1901166,1.126525,0.07571504,1.138586,0.1898533,1.156787,0.08813383,1.152966,0.2045475,1.174282,-0.01193882,0.643247,0.02662851,0.6439086,-0.001843792,0.6419735,0.0732953,0.6461467,-0.01969016,0.6329889,0.1044504,0.6418509,0.1082856,-0.0739364,0.03025814,0.1345657,0.1569893,-0.05809513,0.01844475,0.168407,0.1550893,-0.06867667,-0.003034383,0.1696419,-0.1089758,0.05022768,-0.03597496,0.1252707,-0.1555892,0.05413427,-0.02631844,0.1668268,-0.1780216,0.04571958,0.001892202,0.1838084,0.10164,-0.07551452,0.03345502,0.130967,0.14458,-0.06493401,0.01670193,0.1593699,0.138101,-0.07075037,-0.002188808,0.1551847,-0.1108405,0.04773054,-0.03526272,0.125727,-0.155514,0.0539087,-0.02605856,0.1666427,-0.1773738,0.04606131,0.002109784,0.1832691,0.1167506,-0.0727139,0.02287644,0.1394322,-0.1781865,0.9034699,-0.02524435,0.3890431,134.2101,-0.1934246,0.9807325,-0.02740318,-0.1412364,0.0475224,-0.019396,0.1502741,0.1280389,-0.4886667,-0.1977356,0.8400664,65.70573,0.2360235,-0.9007953,-0.3645006,0.1006072,1.125337,0.2043453,1.148156,0.38852,-0.9212142,-0.01910068,0.007188731,179.1762,0.3885301,-0.9212381,-0.01910118,0.1331509,-0.07972329,0.01438447,0.1558585,-0.457259,-0.42676,-0.3902508,0.6756437,94.99168,-0.6202407,-0.5788709,-0.5293486,-0.3934928,-0.2354317,-0.3752356,0.5925087,0.8203316,0.03417849,0.5707946,-0.009029067,181.0347,0.820365,0.03417988,0.5708178,-0.0006071851,-0.02533662,0.09565468,0.0989552,-0.2884215,0.2828957,0.1875407,0.8953277,52.8989,-0.6475444,0.6351382,0.4210536,-0.09126232,1.206698,-0.07956208,1.212757,-0.003003168,-0.1501974,-0.1789399,-0.9723231,332.9771,-0.01285382,-0.6428577,-0.7658783,True,True,False,False
1772879689689,15.30801,0.2152698,1.112895,0.09980305,1.137909,-0.08471896,-0.7824992,0.5772161,0.2175758,154.8666,-0.08679835,-0.8017054,0.5913837,-0.1026502,0.6367322,-0.05946711,0.6476892,0.5227356,0.246554,-0.7665505,0.2799272,147.4883,0.5445042,0.2568214,-0.7984723,0.1146381,1.103763,0.1887168,1.125633,0.0752279,1.137847,0.1890823,1.155901,0.08752322,1.152194,0.2035593,1.173306,-0.01197437,0.6431534,0.02665823,0.6438171,-0.001821559,0.6419662,0.07332237,0.6461425,-0.01964713,0.6329985,0.1044983,0.6418668,0.1077348,-0.07457902,0.03077304,0.1345949,0.1560168,-0.05936638,0.01842652,0.1679438,0.1540814,-0.06985515,-0.002853215,0.1692009,-0.1089207,0.05030331,-0.03587175,0.1252235,-0.1555685,0.05415215,-0.02632202,0.1668139,-0.1780293,0.04571899,0.001865014,0.1838155,0.1022175,-0.07542586,0.03320086,0.1313003,0.1456638,-0.06440639,0.01686536,0.160158,0.1396154,-0.07066554,-0.002251771,0.1564965,-0.1106586,0.04797435,-0.03532044,0.1256757,-0.1555192,0.05393177,-0.02608352,0.1666589,-0.1774359,0.04602887,0.002086588,0.1833208,0.1176147,-0.07255653,0.0227218,0.1400498,-0.1876273,0.8985143,-0.03141658,0.3955767,133.3961,-0.2042907,0.9783125,-0.03420673,-0.1411293,0.0476359,-0.01945321,0.1502168,0.1286787,-0.4890406,-0.1951403,0.8403578,65.64415,0.2374005,-0.9022357,-0.3600162,0.1004129,1.125108,0.2040145,1.147856,0.3901565,-0.9204782,-0.01879237,0.01203606,178.6207,0.3901848,-0.9205449,-0.01879373,0.1323081,-0.08072095,0.01449517,0.1556644,-0.4615444,-0.4174505,-0.3903662,0.6784732,94.55109,-0.6282721,-0.5682498,-0.5313816,-0.391901,-0.2355188,-0.3749531,0.5913081,0.8158661,0.02819029,0.5775064,-0.007381884,180.8459,0.8158882,0.02819105,0.577522,-0.000412859,-0.02510834,0.09598547,0.09921598,-0.2862244,0.2788813,0.1864876,0.8975096,52.33478,-0.6490421,0.6323909,0.422879,-0.0918823,1.206566,-0.0795971,1.212675,-0.003176605,-0.1505933,-0.1796781,-0.9721252,332.8801,-0.01354846,-0.6422915,-0.7663406,True,True,False,False
1772879689704,15.32204,0.2147165,1.11312,0.09895226,1.13795,-0.0818313,-0.7817588,0.5789232,0.2168062,154.957,-0.0838251,-0.8008062,0.5930285,-0.1026544,0.6367904,-0.0594859,0.6477488,0.5227265,0.2468576,-0.7665325,0.2797255,147.5124,0.5444614,0.2571219,-0.7984048,0.1143948,1.103407,0.1882496,1.125181,0.07514209,1.137192,0.1889921,1.155236,0.08730422,1.15161,0.2032603,1.172665,-0.01193221,0.6431493,0.02659336,0.6438094,-0.001793687,0.6419511,0.0732961,0.6461244,-0.01961889,0.6329786,0.1044746,0.6418425,0.1076755,-0.07472076,0.03091301,0.1346581,0.1556974,-0.05990149,0.01838088,0.1678324,0.1537902,-0.07025929,-0.002795756,0.1691023,-0.1089018,0.0503261,-0.03589223,0.1252221,-0.1555848,0.05413818,-0.02632461,0.1668249,-0.1780497,0.04568695,0.001857743,0.1838272,0.1026537,-0.07536951,0.03301802,0.1315619,0.1464657,-0.06404635,0.01698648,0.1607566,0.1407482,-0.07063307,-0.002295246,0.157494,-0.1105182,0.0481623,-0.03536614,0.1256369,-0.1555244,0.05394826,-0.02610279,0.1666722,-0.1774849,0.04600155,0.002068299,0.1833612,0.1182646,-0.07245787,0.02260779,0.1405267,-0.1943611,0.8948372,-0.03619093,0.4002253,132.8155,-0.2120881,0.9764523,-0.03949178,-0.1410462,0.04772261,-0.01949851,0.1501722,0.1291816,-0.4893254,-0.1931443,0.840576,65.59801,0.2384773,-0.9033251,-0.3565563,0.09984013,1.124449,0.2028372,1.146951,0.38837,-0.9211149,-0.02096246,0.01663537,178.0936,0.3884237,-0.9212424,-0.02096536,0.1322301,-0.08096483,0.01438891,0.155715,-0.4620039,-0.4144889,-0.3913745,0.679395,94.40723,-0.6296281,-0.5648736,-0.5333728,-0.3912531,-0.2355583,-0.3749087,0.5908665,0.8130606,0.02879197,0.5814407,-0.005510111,180.6314,0.8130729,0.0287924,0.5814496,0.0001598671,-0.02444923,0.09716281,0.1001918,-0.2849091,0.2747873,0.1896384,0.8985301,52.069,-0.6491253,0.6260643,0.4320645,-0.09251727,1.206531,-0.07953243,1.212684,-0.003301989,-0.1505464,-0.1809159,-0.9719024,332.7715,-0.01402809,-0.6395774,-0.7685986,True,True,False,False
1772879689717,15.33631,0.2130875,1.113513,0.09681476,1.137844,-0.07871196,-0.7809875,0.5806308,0.2161729,155.0313,-0.08061817,-0.7999011,0.5946923,-0.1026495,0.6369017,-0.05965612,0.6478731,0.5227453,0.2474097,-0.7663558,0.2796869,147.517,0.5444745,0.2576939,-0.7982113,0.1133871,1.102981,0.1866834,1.124399,0.07472938,1.136317,0.1880872,1.1542,0.08659942,1.150656,0.2021039,1.171475,-0.01200591,0.6431138,0.02642365,0.6437684,-0.001773533,0.6419971,0.07313825,0.6461521,-0.0195901,0.6329735,0.1042873,0.6418061,0.1073385,-0.0750927,0.03109679,0.1346383,0.1547169,-0.0610164,0.01825811,0.1673131,0.1529175,-0.07123283,-0.002607271,0.1687148,-0.1088611,0.05035207,-0.03575595,0.1251582,-0.1556042,0.05413579,-0.02632327,0.166842,-0.1780461,0.04569319,0.001858331,0.1838253,0.1030332,-0.07534709,0.03286238,0.1318066,0.1471341,-0.06380091,0.01708949,0.1612794,0.141734,-0.07068165,-0.002320522,0.1583976,-0.1103839,0.04833969,-0.03539772,0.1255959,-0.1555309,0.05396346,-0.02612065,0.1666859,-0.1775304,0.04597657,0.00205129,0.1833987,0.1188231,-0.07241823,0.02251052,0.1409612,-0.2001987,0.8915878,-0.04091752,0.4041256,132.3273,-0.2188673,0.9747287,-0.0447331,-0.1409657,0.04780519,-0.01953613,0.1501277,0.1296113,-0.4896653,-0.1911742,0.8407623,65.55859,0.2393983,-0.9044355,-0.3531079,0.09964426,1.124228,0.2024987,1.146657,0.3905041,-0.9201012,-0.02154321,0.02136056,177.5521,0.3905932,-0.9203111,-0.02154812,0.1314581,-0.08183055,0.01441718,0.1555164,-0.4659347,-0.4099776,-0.3900054,0.6802346,94.27605,-0.6356592,-0.5593188,-0.5320714,-0.3896767,-0.2351877,-0.3747614,0.5895824,0.8110139,0.02493204,0.5844806,-0.004156784,180.4763,0.811021,0.02493226,0.5844857,0.0003557429,-0.0242275,0.09750134,0.100467,-0.2835978,0.2702331,0.18839,0.9005863,51.52951,-0.6524332,0.6216868,0.4334021,-0.09315517,1.206462,-0.07951394,1.212663,-0.003292212,-0.1506505,-0.1811593,-0.971841,332.7416,-0.0139715,-0.6393312,-0.7688042,True,True,False,False
1772879689730,15.3498,0.2124704,1.113673,0.09607717,1.137824,-0.07619005,-0.780429,0.5818734,0.2157526,155.0806,-0.07802775,-0.7992529,0.5959081,-0.1026866,0.6369943,-0.05974315,0.647978,0.5227631,0.2479595,-0.7661626,0.2796957,147.5159,0.5444946,0.2582673,-0.7980123,0.1131385,1.102695,0.1863559,1.12404,0.07457766,1.135761,0.1879738,1.153624,0.08614463,1.150234,0.2018477,1.170984,-0.0120548,0.6431816,0.02633676,0.6438335,-0.001802285,0.6420275,0.07304324,0.6461717,-0.01962717,0.6329258,0.1041908,0.6417445,0.1072666,-0.07525036,0.03112657,0.134676,0.1544257,-0.06138541,0.01821561,0.1671743,0.1528671,-0.07146612,-0.002562165,0.1687671,-0.1088569,0.05034691,-0.03574223,0.1251485,-0.1555987,0.05414254,-0.02632177,0.1668388,-0.1780347,0.04571424,0.001897447,0.1838199,0.1033816,-0.07533913,0.03271956,0.132039,0.1477341,-0.06360215,0.01718215,0.1617585,0.1426501,-0.07074621,-0.002340406,0.1592468,-0.1102583,0.04850485,-0.03542607,0.1255572,-0.1555364,0.05397819,-0.0261372,0.1666985,-0.1775719,0.04595498,0.002038631,0.1834334,0.119333,-0.07240024,0.02242042,0.1413677,-0.2054402,0.8885581,-0.04534861,0.4076791,131.8817,-0.2249858,0.9730957,-0.04966309,-0.1408907,0.04788302,-0.01956902,0.1500864,0.1299761,-0.489979,-0.1893183,0.8409432,65.5203,0.2401967,-0.9054847,-0.3498615,0.09941158,1.124013,0.2023059,1.146392,0.3921812,-0.9192921,-0.02049599,0.02599926,177.0204,0.3923138,-0.9196029,-0.02050292,0.1313198,-0.08195717,0.01431028,0.1554563,-0.4663156,-0.4074264,-0.3919404,0.6803943,94.25108,-0.6363074,-0.5559505,-0.5348194,-0.3890359,-0.2348701,-0.3749559,0.589156,0.8083448,0.02528282,0.5881643,-0.001526579,180.1749,0.8083457,0.02528285,0.588165,0.0005884245,-0.0240128,0.09769411,0.1006037,-0.2809549,0.2667219,0.1869568,0.9027575,50.95417,-0.6531555,0.6200671,0.4346315,-0.09372468,1.206375,-0.07954147,1.212622,-0.003201503,-0.1505018,-0.1816952,-0.9717643,332.7043,-0.01356835,-0.6378442,-0.7700458,True,True,False,False
1772879689745,15.36279,0.2116033,1.113912,0.09521451,1.137823,-0.07351384,-0.7799003,0.5830626,0.2153815,155.1242,-0.07528068,-0.7986445,0.5970761,-0.1027282,0.6371713,-0.05985834,0.6481693,0.5227323,0.2485652,-0.7659931,0.2796801,147.5178,0.5444599,0.2588969,-0.797832,0.1127825,1.102505,0.1860314,1.123764,0.07443149,1.135105,0.1879626,1.152967,0.08563125,1.149748,0.2014994,1.170408,-0.01211659,0.6432806,0.02620141,0.6439279,-0.00181878,0.642141,0.07291012,0.6462696,-0.01970228,0.6329813,0.1041128,0.6417889,0.1071364,-0.07550941,0.03104047,0.1346974,0.1539236,-0.06201033,0.01815788,0.1669355,0.1526281,-0.07175028,-0.002495304,0.1686703,-0.1088309,0.05036436,-0.03568387,0.1251162,-0.1555973,0.05414394,-0.02632093,0.1668378,-0.1780665,0.04567065,0.001975112,0.1838407,0.103675,-0.07535244,0.03258832,0.1322441,0.1482178,-0.06347773,0.01725841,0.1621598,0.1434299,-0.07082468,-0.002352512,0.1599807,-0.1101467,0.04865018,-0.03544622,0.1255212,-0.1555412,0.05399115,-0.02615156,0.1667094,-0.1776105,0.04593276,0.002033667,0.1834652,0.1197562,-0.0724121,0.02233751,0.1417181,-0.2095768,0.885979,-0.04905896,0.4107458,131.4966,-0.2298622,0.9717346,-0.05380747,-0.1408281,0.04795035,-0.01959155,0.1500521,0.1303059,-0.4902543,-0.1876698,0.8411011,65.48685,0.2409157,-0.9064048,-0.3469727,0.09870242,1.123327,0.2014542,1.145509,0.3934169,-0.9186562,-0.0171812,0.03160297,176.378,0.3936135,-0.9191153,-0.01718979,0.1310625,-0.08234919,0.01410048,0.1554271,-0.4656098,-0.4048811,-0.3930165,0.6817747,94.03504,-0.6364596,-0.5534472,-0.5372291,-0.3885258,-0.2345572,-0.3750146,0.5887319,0.8053606,0.02612393,0.5922092,-0.0005269931,180.0604,0.8053607,0.02612394,0.5922093,0.001297578,-0.02332723,0.09854585,0.1012775,-0.2759593,0.2637734,0.1852133,0.9055199,50.21324,-0.650381,0.6216613,0.4365107,-0.09432558,1.206161,-0.07957271,1.212458,-0.003248186,-0.1504142,-0.1824788,-0.9716309,332.6396,-0.01373425,-0.6359937,-0.771572,True,True,False,False
1772879689759,15.37729,0.2095874,1.114125,0.09359411,1.137524,-0.07096886,-0.7792405,0.5844296,0.2149178,155.1786,-0.07266693,-0.7978854,0.5984132,-0.102713,0.6374854,-0.05997707,0.6484866,0.5227352,0.2490661,-0.7658451,0.2796344,147.5232,0.5444554,0.259415,-0.7976668,0.1118339,1.10198,0.1853291,1.123038,0.07361908,1.134102,0.1871649,1.151798,0.08469855,1.148736,0.200598,1.169191,-0.0120421,0.6435187,0.02602878,0.6441575,-0.00178824,0.6423953,0.07278588,0.646508,-0.01977552,0.6332123,0.1040769,0.6420131,0.1064607,-0.07633429,0.03094748,0.1346052,0.1528452,-0.06283368,0.01822746,0.1662587,0.1515806,-0.07254671,-0.002300814,0.1680624,-0.1087942,0.05043738,-0.03570012,0.1251184,-0.155602,0.05413959,-0.0263216,0.166841,-0.1781283,0.04556985,0.002070732,0.1838766,0.1038853,-0.07542654,0.03246448,0.1324208,0.1485671,-0.06342912,0.01733155,0.1624679,0.1440451,-0.07095465,-0.00234861,0.1605898,-0.1100447,0.04878507,-0.03546538,0.1254895,-0.1555458,0.05400235,-0.02616439,0.1667193,-0.1776496,0.04590537,0.002036464,0.1834961,0.1200758,-0.07248379,0.02226064,0.1420128,-0.213279,0.8836666,-0.05233828,0.413408,131.1618,-0.234232,0.9704799,-0.05748011,-0.1407761,0.04801003,-0.01960754,0.1500244,0.1306645,-0.4904616,-0.1861736,0.8412572,65.45379,0.241687,-0.9071949,-0.3443608,0.0984492,1.123016,0.2012395,1.145144,0.397883,-0.9164587,-0.01662466,0.03893767,175.5369,0.3981849,-0.9171542,-0.01663728,0.1300339,-0.08311737,0.0140228,0.1549643,-0.4634831,-0.4015144,-0.3939247,0.6846847,93.57838,-0.6359193,-0.5508956,-0.5404821,-0.3871609,-0.2341725,-0.3744684,0.5873303,0.8013206,0.02755613,0.5975993,-0.001157809,180.1327,0.801321,0.02755615,0.5975996,0.001550801,-0.02301574,0.09876055,0.1014188,-0.2731765,0.2570521,0.1815261,0.9090365,49.25496,-0.6555446,0.6168506,0.4356101,-0.09491652,1.206042,-0.07955785,1.212384,-0.003477498,-0.1502662,-0.1829587,-0.9715628,332.6066,-0.01468649,-0.6346182,-0.7726881,True,True,False,False
1772879689773,15.39082,0.2086799,1.114177,0.09291485,1.137353,-0.06884658,-0.7785652,0.585781,0.2143762,155.2421,-0.07048527,-0.7970967,0.5997239,-0.1028363,0.6378507,-0.05989073,0.6488572,0.5227102,0.2494322,-0.7657455,0.2796277,147.524,0.5444282,0.2597958,-0.7975613,0.1113791,1.10181,0.1851036,1.122788,0.07325576,1.133453,0.1871158,1.151127,0.08410783,1.148218,0.2003917,1.168604,-0.01220301,0.6437524,0.02612657,0.6443979,-0.001873408,0.6426607,0.07279795,0.6467735,-0.01979569,0.6334005,0.1040568,0.6421961,0.106341,-0.07656614,0.03079601,0.1346075,0.1524478,-0.06334591,0.01822202,0.1660876,0.1513481,-0.07291725,-0.002252534,0.1680127,-0.1087797,0.05048915,-0.0355814,0.1250928,-0.1555386,0.0542062,-0.02631317,0.1668021,-0.1780457,0.04571427,0.002066225,0.1838324,0.1040903,-0.07552167,0.0323252,0.1326018,0.148891,-0.06342218,0.01740588,0.1627694,0.1446547,-0.07111848,-0.00234059,0.1612089,-0.1099391,0.04892732,-0.03547506,0.125455,-0.1555452,0.05401937,-0.02617681,0.1667262,-0.1776827,0.04588942,0.002038948,0.1835242,0.1203885,-0.07258344,0.02217205,0.1423142,-0.2168161,0.8813202,-0.05571494,0.4161265,130.8194,-0.2384411,0.9692222,-0.06127189,-0.1407197,0.04807876,-0.01961873,0.149995,0.1309337,-0.4907341,-0.1845583,0.8414124,65.42087,0.2422933,-0.908105,-0.3415257,0.0981606,1.122712,0.2010358,1.144785,0.4011672,-0.9146486,-0.01613715,0.04714235,174.5959,0.4016137,-0.9156666,-0.01615511,0.1296441,-0.08344758,0.01385928,0.1548004,-0.4618101,-0.3980792,-0.3992457,0.6847389,93.56985,-0.6336682,-0.5462204,-0.5478211,-0.3865415,-0.2336523,-0.374276,0.5865921,0.7968269,0.03000763,0.6034548,0.003001491,179.6561,0.7968304,0.03000776,0.6034575,0.001839399,-0.02271223,0.09896423,0.1015537,-0.2696014,0.2499518,0.1790787,0.9125624,48.27622,-0.6592728,0.6112224,0.4379122,-0.09553263,1.205818,-0.07963613,1.212215,-0.003696878,-0.1501445,-0.1833383,-0.9715092,332.5807,-0.01559851,-0.6335158,-0.773573,True,True,False,False
1772879689787,15.40491,0.207487,1.114063,0.0923171,1.136974,-0.06703835,-0.7777057,0.5873775,0.2136992,155.3216,-0.06862359,-0.7960959,0.6012671,-0.1030412,0.6384092,-0.05983606,0.6494337,0.5226753,0.2497282,-0.7656754,0.2796206,147.5249,0.5443907,0.2601035,-0.7974866,0.1106379,1.101752,0.1849107,1.122626,0.07272485,1.132727,0.1871533,1.150385,0.0833332,1.147543,0.2002409,1.16786,-0.01240479,0.6441783,0.02614842,0.6448281,-0.002074857,0.6432504,0.07290855,0.6473724,-0.01999562,0.633966,0.104133,0.6427724,0.1062435,-0.07673867,0.03046941,0.1345544,0.1519279,-0.0639641,0.01815483,0.1658406,0.1509677,-0.07339355,-0.002180055,0.1678768,-0.1087359,0.05057491,-0.03550014,0.1250663,-0.1556086,0.05414788,-0.0263204,0.1668496,-0.1780826,0.04565655,0.002054453,0.1838537,0.1042589,-0.075617,0.03217984,0.1327531,0.1491289,-0.06346463,0.01746455,0.1630098,0.1451492,-0.07129668,-0.002328016,0.1617311,-0.1098448,0.04905637,-0.03547703,0.1254234,-0.1555502,0.05402943,-0.02618806,0.1667358,-0.177714,0.04587118,0.002040163,0.18355,0.1206423,-0.07269385,0.02207753,0.1425706,-0.2195723,0.8793257,-0.058732,0.4184791,130.5228,-0.2417594,0.968179,-0.0646667,-0.1406681,0.04813949,-0.01962722,0.1499671,0.1311341,-0.4910322,-0.1829562,0.8415571,65.39017,0.2427653,-0.9090357,-0.3387023,0.09725264,1.121648,0.1999948,1.143482,0.405354,-0.9120491,-0.01487206,0.06027779,173.0885,0.4060924,-0.9137105,-0.01489915,0.1290066,-0.08379259,0.01352439,0.1544241,-0.4609046,-0.3933515,-0.4044454,0.6850296,93.52413,-0.6326629,-0.5399359,-0.5551639,-0.3859892,-0.2329951,-0.3739139,0.5857354,0.7918883,0.03120199,0.6098304,0.006804463,179.2203,0.7919067,0.03120271,0.6098446,0.002747357,-0.02164841,0.1000052,0.1023584,-0.2631437,0.2390974,0.1759374,0.917951,46.74333,-0.6633417,0.602725,0.443509,-0.09612358,1.205738,-0.07969535,1.212186,-0.004175603,-0.149849,-0.1837305,-0.9714788,332.566,-0.01760918,-0.6319369,-0.7748206,True,True,False,False
1772879689800,15.41933,0.2051567,1.113281,0.09088383,1.135669,-0.06522636,-0.7764862,0.589538,0.2127427,155.4337,-0.0667545,-0.7946779,0.6033499,-0.103291,0.6388409,-0.05991013,0.6499046,0.5226418,0.2500089,-0.7656171,0.2795919,147.5283,0.5443512,0.2603936,-0.7974191,0.108884,1.101248,0.1839357,1.1218,0.0712947,1.131331,0.1863881,1.148797,0.08188187,1.145963,0.1993558,1.166053,-0.01259111,0.6444358,0.02602216,0.6450839,-0.00232194,0.643717,0.07289797,0.6478357,-0.0203384,0.6345624,0.1042099,0.6433838,0.1060881,-0.0769443,0.02994668,0.1344318,0.1511701,-0.06472,0.01802285,0.1654264,0.1500708,-0.07419902,-0.002058923,0.1674245,-0.1086865,0.05072952,-0.03543862,0.1250685,-0.1556875,0.05408068,-0.02632876,0.1669027,-0.1782393,0.04540227,0.002042577,0.1839424,0.1044077,-0.07572497,0.03199817,0.1328877,0.149295,-0.06356675,0.01750997,0.1632064,0.1455496,-0.07153279,-0.002306125,0.1621941,-0.1097506,0.04919248,-0.0354739,0.1253933,-0.1555613,0.0540336,-0.0261995,0.1667494,-0.1777567,0.04583303,0.002040359,0.1835818,0.1208626,-0.07283202,0.02195664,0.1428089,-0.2219993,0.877462,-0.06196371,0.4206392,130.2501,-0.2447007,0.9671902,-0.06830005,-0.1406226,0.04819545,-0.01963289,0.1499432,0.1315144,-0.4913476,-0.1813069,0.8416707,65.3661,0.243549,-0.9099174,-0.3357589,0.09703112,1.121335,0.1996713,1.143099,0.4083724,-0.9103613,-0.01469664,0.0652556,172.517,0.4092447,-0.9123058,-0.01472803,0.127822,-0.08430684,0.01312987,0.1536832,-0.4590678,-0.3852285,-0.4129414,0.6858098,93.40134,-0.6307775,-0.5293195,-0.5673981,-0.3844925,-0.2322432,-0.3729615,0.5838422,0.7838286,0.03250168,0.6200087,0.01207408,178.6164,0.7838857,0.03250405,0.6200539,0.002968878,-0.02133501,0.1003287,0.102615,-0.2613755,0.2343585,0.1734211,0.9201544,46.10267,-0.6675309,0.5985318,0.4429028,-0.09674971,1.205598,-0.07975301,1.2121,-0.004493366,-0.1497365,-0.1839504,-0.9714531,332.5536,-0.01894082,-0.6311821,-0.7754036,True,True,False,False
1772879689814,15.4325,0.2044932,1.113133,0.090422,1.135367,-0.06364208,-0.7751271,0.5918186,0.2118454,155.539,-0.06512009,-0.7931285,0.6055629,-0.1033298,0.6387715,-0.05992979,0.6498443,0.5226418,0.2500089,-0.7656171,0.2795919,147.5283,0.5443512,0.2603936,-0.7974191,0.1084178,1.101185,0.1836871,1.121652,0.07088491,1.130928,0.1862326,1.148349,0.08148516,1.145573,0.1990964,1.165597,-0.01262648,0.6443194,0.02599912,0.6449673,-0.002355088,0.6436269,0.07285538,0.6477414,-0.02035185,0.6344599,0.10416,0.6432751,0.1061029,-0.07695261,0.02986789,0.1344307,0.1509998,-0.06498114,0.01800075,0.1653708,0.1498093,-0.07447501,-0.002017841,0.1673124,-0.1086765,0.05076601,-0.03541026,0.1250666,-0.1556642,0.05410154,-0.02632608,0.1668873,-0.178213,0.04544628,0.002038218,0.1839277,0.1045485,-0.07582694,0.03182123,0.1330139,0.1494366,-0.06368423,0.01755073,0.163386,0.1459034,-0.07177717,-0.00228218,0.1626191,-0.1096614,0.04932318,-0.03546862,0.1253651,-0.1555699,0.05403924,-0.02621002,0.1667609,-0.1777946,0.04580091,0.002040181,0.1836105,0.1210683,-0.07296983,0.0218372,0.143035,-0.22412,0.8757728,-0.06512448,0.4225531,130.0082,-0.2472808,0.966276,-0.07185451,-0.1405785,0.04825121,-0.01963709,0.1499204,0.1318424,-0.4916603,-0.1797202,0.8417769,65.34354,0.2442315,-0.9107763,-0.3329227,0.09656936,1.12056,0.1989891,1.14218,0.4057148,-0.9115102,-0.0163128,0.06541176,172.499,0.4065856,-0.9134665,-0.01634782,0.1274613,-0.08444511,0.01316864,0.1534626,-0.4594957,-0.3830215,-0.4162107,0.6847823,93.56301,-0.6305279,-0.5255887,-0.5711315,-0.3841119,-0.2321663,-0.372776,0.5834424,0.7807348,0.03413167,0.6237414,0.01533102,178.2431,0.7808266,0.03413568,0.6238147,0.003430642,-0.02055955,0.1010109,0.1031391,-0.2616602,0.2342231,0.1766585,0.919492,46.29618,-0.6656172,0.595822,0.4493881,-0.09735787,1.20553,-0.07984576,1.212087,-0.004720567,-0.1494081,-0.1845056,-0.9713972,332.5266,-0.01987939,-0.6291918,-0.7769955,True,True,False,False
1772879689828,15.44596,0.2033636,1.112919,0.08958656,1.134888,-0.06220163,-0.7738596,0.5938781,0.211142,155.6214,-0.06363629,-0.7917084,0.6075757,-0.1035374,0.6386407,-0.06012187,0.6497666,0.5226418,0.2500089,-0.7656171,0.2795919,147.5283,0.5443512,0.2603936,-0.7974191,0.1073552,1.100854,0.1829827,1.12111,0.07031426,1.130238,0.1856883,1.147546,0.08113442,1.144771,0.1985713,1.164694,-0.01289487,0.643967,0.02581407,0.6446132,-0.002556209,0.6434726,0.07263675,0.6475644,-0.02052448,0.6342626,0.1039247,0.643048,0.1061388,-0.07692529,0.03005116,0.1344842,0.1504726,-0.06533015,0.01809974,0.1650383,0.1490026,-0.07501293,-0.001858115,0.1668298,-0.1086281,0.05088267,-0.03521825,0.1250177,-0.1556372,0.05412529,-0.02632324,0.1668694,-0.1781717,0.04552206,0.002045788,0.1839065,0.1046701,-0.0759109,0.03168593,0.1331251,0.1495158,-0.06381005,0.0175927,0.1635121,0.1461403,-0.07202452,-0.002249765,0.1629404,-0.1095824,0.04944239,-0.03544948,0.1253376,-0.155575,0.05404582,-0.02621867,0.1667692,-0.1778235,0.04577959,0.00204061,0.1836331,0.1212385,-0.0730957,0.02174106,0.1432286,-0.2258803,0.8745275,-0.06808594,0.4237266,129.8598,-0.2493737,0.9654858,-0.07516746,-0.1405382,0.0483056,-0.01963296,0.1498995,0.1320328,-0.4920199,-0.1781614,0.8418684,65.3241,0.2446489,-0.9116833,-0.3301224,0.09646821,1.120358,0.1988865,1.141957,0.4055291,-0.9114332,-0.01630938,0.06759974,172.2477,0.4064589,-0.9135227,-0.01634677,0.1267664,-0.08473846,0.01348947,0.1530761,-0.4642176,-0.3817691,-0.4129547,0.6842681,93.64384,-0.6365855,-0.5235232,-0.5662882,-0.383468,-0.2318338,-0.372334,0.5826038,0.7811938,0.03089206,0.6233451,0.01493586,178.2884,0.7812808,0.0308955,0.6234146,0.003531791,-0.02035832,0.1011135,0.1032031,-0.260453,0.2325685,0.1770644,0.9201763,46.09625,-0.6652622,0.5940384,0.4522668,-0.09801385,1.205413,-0.07990605,1.212028,-0.004661519,-0.1491098,-0.1850303,-0.9713436,332.5007,-0.0196126,-0.6273559,-0.7784855,True,True,False,False
1772879689841,15.45974,0.2029442,1.112883,0.08938938,1.134763,-0.06086902,-0.772691,0.595653,0.2108107,155.6603,-0.06226838,-0.790455,0.6093469,-0.1035892,0.6387509,-0.06017368,0.6498879,0.5226515,0.2502977,-0.7655922,0.2793835,147.5532,0.5443268,0.260678,-0.7973427,0.1070419,1.100807,0.1829467,1.121028,0.07027157,1.129978,0.1857394,1.147296,0.08104268,1.144567,0.1985483,1.164484,-0.01297239,0.6439146,0.0257675,0.6445606,-0.002567593,0.6434651,0.07254513,0.6475467,-0.02051569,0.634222,0.1038211,0.6429909,0.1061942,-0.07687519,0.03015063,0.1345216,0.1502012,-0.06548684,0.01812968,0.1648563,0.1487473,-0.07516994,-0.001795843,0.1666719,-0.1086181,0.05092395,-0.03511125,0.1249958,-0.1556167,0.05415364,-0.02631868,0.1668588,-0.1781439,0.04556905,0.002046518,0.1838913,0.1047889,-0.07598608,0.03156624,0.133233,0.1495692,-0.06394077,0.01763456,0.1636165,0.1463435,-0.07226973,-0.002214378,0.1632307,-0.1095072,0.04955789,-0.03542311,0.1253101,-0.1555783,0.05405423,-0.02622647,0.1667762,-0.1778484,0.04576318,0.00204107,0.1836532,0.1213979,-0.07321661,0.0216531,0.1434119,-0.2274857,0.8734347,-0.07096878,0.4246477,129.7433,-0.2512658,0.9647389,-0.07838747,-0.1404994,0.04836028,-0.01962459,0.1498797,0.1321803,-0.4924042,-0.1766278,0.8419437,65.30812,0.2449754,-0.912594,-0.3273519,0.09630852,1.1202,0.1988883,1.141788,0.4037381,-0.9119464,-0.01616452,0.07133073,171.8192,0.4047692,-0.9142753,-0.01620581,0.1265359,-0.08476344,0.01365486,0.1529138,-0.4658954,-0.380468,-0.412531,0.6841081,93.669,-0.6387548,-0.5216316,-0.5655907,-0.3830999,-0.2317841,-0.3722789,0.5823066,0.7798354,0.03038638,0.6250622,0.01519338,178.2589,0.7799255,0.03038988,0.6251343,0.00369148,-0.02019954,0.1011117,0.1031757,-0.2578155,0.2302717,0.1791477,0.921093,45.82722,-0.6621811,0.5914368,0.4601284,-0.09862837,1.205355,-0.07995536,1.212024,-0.004587835,-0.1485213,-0.1853664,-0.97137,332.5135,-0.01931138,-0.6251646,-0.780255,True,True,False,False
1772879689857,15.47362,0.202013,1.112877,0.08922016,1.134577,-0.05981728,-0.771701,0.5969477,0.211076,155.6292,-0.06119606,-0.7894884,0.6107072,-0.1037556,0.6394149,-0.060263,0.6505753,0.5226785,0.2506689,-0.7655988,0.2789819,147.6011,0.5442888,0.2610328,-0.7972527,0.1063204,1.100968,0.1830318,1.121132,0.07013862,1.12964,0.185989,1.146995,0.08084622,1.14425,0.1987823,1.164199,-0.01316568,0.644389,0.02568304,0.645035,-0.002670516,0.6439322,0.072383,0.6479931,-0.02058781,0.6346488,0.1036473,0.6433861,0.1062426,-0.07685634,0.03008539,0.1345344,0.149566,-0.06584556,0.01817822,0.1644265,0.1481738,-0.07557231,-0.001702145,0.1663417,-0.1086183,0.05093803,-0.03500527,0.124972,-0.1555767,0.05419454,-0.02631338,0.1668339,-0.1780995,0.04563519,0.002043806,0.1838646,0.1049048,-0.07605546,0.03144818,0.1333358,0.149569,-0.06409262,0.0176779,0.1636803,0.1464895,-0.07253301,-0.002173542,0.1634776,-0.1094364,0.04966791,-0.0353898,0.1252823,-0.1555782,0.05406541,-0.0262334,0.1667808,-0.1778685,0.04575298,0.002041289,0.1836701,0.121544,-0.07334065,0.02156064,0.143585,-0.2289501,0.8725042,-0.07392705,0.4252683,129.6647,-0.2529648,0.9640213,-0.08168128,-0.1404622,0.04841488,-0.01961198,0.1498608,0.1322863,-0.4928082,-0.1751606,0.8419972,65.29675,0.2452099,-0.9134843,-0.324683,0.09534255,1.11971,0.1989584,1.141239,0.3973748,-0.9128137,-0.01626398,0.09273593,169.358,0.3990946,-0.9167642,-0.01633437,0.1259457,-0.08487944,0.01368659,0.1524931,-0.4673722,-0.3774876,-0.4121079,0.6850063,93.52781,-0.6415213,-0.5181445,-0.5656648,-0.3826564,-0.2315282,-0.3718975,0.5816692,0.7775896,0.02835557,0.6279604,0.01470417,178.315,0.7776736,0.02835864,0.6280283,0.004657455,-0.0197103,0.1010416,0.1030514,-0.2445931,0.2152741,0.1874351,0.9266604,44.15988,-0.6506868,0.5726901,0.4986303,-0.09932635,1.205204,-0.08008651,1.21194,-0.00434949,-0.1481105,-0.1858462,-0.9713421,332.5,-0.01829935,-0.6231363,-0.7818995,True,True,False,False
1772879689870,15.48931,0.1989074,1.112895,0.08894239,1.134024,-0.05905425,-0.7705761,0.5981171,0.212087,155.5106,-0.06042896,-0.7885142,0.6120406,-0.1046942,0.6421205,-0.06058494,0.6534142,0.5226829,0.2511555,-0.765588,0.2785654,147.6508,0.5442247,0.2615066,-0.797141,0.1036575,1.100869,0.1832012,1.120812,0.06869428,1.129068,0.1866905,1.146458,0.07980981,1.143345,0.1992635,1.16332,-0.01399819,0.6470724,0.02529502,0.6477179,-0.003572841,0.6465595,0.07212187,0.6505794,-0.02164284,0.6374194,0.1035205,0.6461334,0.1060216,-0.07708903,0.03030835,0.1345433,0.1482103,-0.06687824,0.01824005,0.1636206,0.1463153,-0.07662882,-0.001427293,0.1651732,-0.1086247,0.05092054,-0.03512023,0.1250027,-0.1556804,0.05410122,-0.02632518,0.1669022,-0.1783117,0.04528664,0.002066076,0.1839843,0.1049944,-0.07613835,0.03135677,0.133432,0.14946,-0.06431603,0.01772299,0.1636733,0.1464755,-0.0728615,-0.002113692,0.1636103,-0.1093713,0.04976838,-0.03536818,0.1252592,-0.1555863,0.05406829,-0.02624076,0.1667905,-0.177904,0.04571557,0.002043277,0.1836952,0.1216371,-0.07349629,0.02148132,0.1437314,-0.2299502,0.8720719,-0.07690582,0.4250871,129.6876,-0.2540458,0.9634531,-0.0849645,-0.1404377,0.04845268,-0.01960311,0.1498489,0.1326643,-0.4931008,-0.173974,0.8420124,65.29353,0.2459214,-0.9140667,-0.3224977,0.09499803,1.119629,0.1991491,1.141163,0.393999,-0.9132397,-0.01682404,0.1023475,168.2513,0.3960789,-0.9180608,-0.01691285,0.1240627,-0.08542661,0.01365206,0.151247,-0.4687476,-0.3588521,-0.4190294,0.6898661,92.76099,-0.6474978,-0.4956951,-0.5788202,-0.382044,-0.2296069,-0.3698552,0.5791976,0.7651474,0.01815508,0.6433819,0.01672743,178.0831,0.7652544,0.01815761,0.6434719,0.00500197,-0.01962888,0.1008509,0.102865,-0.2388518,0.2083619,0.1917641,0.9288498,43.4876,-0.6447492,0.5624457,0.5176421,-0.09991862,1.205094,-0.08016678,1.211884,-0.004362661,-0.147614,-0.1860334,-0.9713818,332.5192,-0.0183673,-0.6214718,-0.7832218,True,True,False,False
1772879689883,15.50278,0.1973673,1.112939,0.08874686,1.133783,-0.05834299,-0.7694241,0.5991561,0.2135287,155.3416,-0.05972034,-0.7875884,0.6133009,-0.1049667,0.6429255,-0.06059552,0.65425,0.5226262,0.2518443,-0.765588,0.2780492,147.7124,0.5440811,0.262183,-0.7970169,0.1025318,1.101073,0.18345,1.12095,0.06812853,1.129049,0.187264,1.146499,0.07950322,1.143168,0.1996405,1.16319,-0.01420815,0.6477576,0.02522747,0.6484044,-0.003750835,0.647165,0.07205959,0.6511753,-0.02189796,0.6381127,0.1035711,0.646834,0.1059375,-0.07719117,0.03036475,0.1345483,0.1476261,-0.06738915,0.01824939,0.1633028,0.145448,-0.07711208,-0.001311839,0.1646302,-0.1086291,0.0509071,-0.0351318,0.1250042,-0.155696,0.05408943,-0.02632661,0.1669132,-0.1784269,0.04509757,0.00207568,0.1840496,0.105079,-0.07623282,0.03126775,0.1335317,0.1492954,-0.06459177,0.01777022,0.1636368,0.1463833,-0.07324289,-0.002041744,0.1636972,-0.1093047,0.04987055,-0.03534697,0.1252358,-0.1555962,0.05407018,-0.02624846,0.1668015,-0.1779509,0.04566012,0.002046184,0.1837269,0.121712,-0.07367807,0.02140056,0.1438758,-0.2306823,0.871873,-0.0800565,0.4245166,129.7599,-0.2547793,0.9629485,-0.08841918,-0.1404207,0.04848379,-0.01959206,0.1498416,0.1332787,-0.4933607,-0.1729467,0.8419748,65.30151,0.2470334,-0.914449,-0.3205584,0.09337863,1.119378,0.1995282,1.140849,0.3844963,-0.9142507,-0.01535747,0.1267772,165.4332,0.387624,-0.9216877,-0.0154824,0.123208,-0.08569881,0.01372433,0.1507079,-0.4700167,-0.3513396,-0.421348,0.6914555,92.50912,-0.6506151,-0.4863377,-0.5832461,-0.3815081,-0.2294237,-0.3694803,0.5785321,0.759464,0.01314694,0.6501875,0.01725793,178.0223,0.7595772,0.0131489,0.6502843,0.006621376,-0.01937771,0.1004719,0.1025375,-0.2217131,0.1923778,0.202321,0.9342915,41.77208,-0.6218981,0.5396135,0.5675037,-0.1005911,1.204927,-0.08025075,1.211778,-0.004147076,-0.1471404,-0.1862895,-0.9714056,332.5306,-0.0174668,-0.6197311,-0.7846205,True,True,False,False
1772879689898,15.51665,0.1934726,1.113199,0.08894135,1.133381,-0.05769578,-0.7682761,0.6000597,0.2152939,155.1345,-0.05908128,-0.7867254,0.6144695,-0.1051996,0.6440763,-0.06047554,0.6554072,0.5224994,0.2527559,-0.7655984,0.2774313,147.7861,0.5438479,0.263083,-0.7968794,0.09906476,1.10118,0.1841221,1.120854,0.06560281,1.128981,0.1882653,1.146449,0.07793891,1.142571,0.2005868,1.16266,-0.0144964,0.6485912,0.02531695,0.6492469,-0.00389107,0.6481958,0.0722222,0.6522185,-0.02198799,0.6389853,0.1036375,0.6477086,0.105753,-0.07738337,0.03073718,0.1345981,0.1466217,-0.06803188,0.01840577,0.1626808,0.1434503,-0.07807969,-0.001027882,0.1633263,-0.1086113,0.05091462,-0.03491564,0.1249313,-0.1558347,0.05395028,-0.02634413,0.1670003,-0.1784644,0.04504806,0.002079457,0.1840739,0.1051316,-0.07632262,0.03122635,0.1336147,0.1490868,-0.06486025,0.01781982,0.1635581,0.1461544,-0.07362036,-0.001962619,0.163661,-0.1092506,0.04995203,-0.03531331,0.1252115,-0.1556148,0.05406082,-0.02625593,0.166817,-0.177991,0.04561235,0.002048781,0.1837539,0.121742,-0.07385054,0.02135128,0.1439823,-0.2311236,0.8721554,-0.08281929,0.4231642,129.931,-0.2550884,0.9625875,-0.09140666,-0.1404041,0.04850697,-0.01957757,0.1498317,0.1336037,-0.4937047,-0.1717592,0.8419647,65.30365,0.2476286,-0.91506,-0.3183481,0.09311563,1.119373,0.1998227,1.140875,0.3790595,-0.9152727,-0.0158066,0.1354248,164.4336,0.382584,-0.923783,-0.01595357,0.121219,-0.08603422,0.01380217,0.1492864,-0.4703096,-0.3292674,-0.427528,0.6982921,91.41972,-0.6570285,-0.4599907,-0.5972621,-0.3804317,-0.2298462,-0.3679529,0.5770156,0.7442608,0.0006600198,0.667679,0.01674652,178.0809,0.7443652,0.0006601123,0.6677727,0.006884374,-0.01937342,0.1001773,0.1022654,-0.2156775,0.1867674,0.2083352,0.93552,41.37537,-0.6105111,0.5286763,0.5897273,-0.1012638,1.204883,-0.08034115,1.211797,-0.004105503,-0.1464533,-0.1866875,-0.9714332,332.544,-0.01729992,-0.6171305,-0.7866707,True,True,False,False
1772879689911,15.52925,0.1920384,1.113292,0.08886294,1.133223,-0.05700288,-0.7668969,0.6010845,0.217525,154.8726,-0.05840132,-0.785711,0.6158308,-0.1052672,0.6442614,-0.06045935,0.6555983,0.5223755,0.253755,-0.7655842,0.2767908,147.8625,0.5436143,0.2640722,-0.7967114,0.09807648,1.10128,0.1845353,1.120932,0.06521453,1.129142,0.1888148,1.146675,0.07789933,1.142548,0.2012635,1.162751,-0.01446468,0.6485924,0.025239,0.6492444,-0.003824559,0.6481284,0.07215983,0.6521443,-0.02191484,0.638819,0.1035808,0.647533,0.1056316,-0.07747475,0.03107992,0.1346341,0.1460266,-0.06825835,0.01851764,0.1622525,0.1426029,-0.07862031,-0.000886187,0.162842,-0.1086046,0.05093104,-0.03491601,0.1249322,-0.1558544,0.05393215,-0.0263463,0.1670132,-0.1784772,0.04503127,0.00211747,0.1840826,0.1051717,-0.07641495,0.03121461,0.1336962,0.1488415,-0.06513258,0.01787575,0.1634491,0.1458698,-0.07402108,-0.00187635,0.1635868,-0.1091988,0.0500305,-0.03528147,0.1251887,-0.155634,0.05405051,-0.02626317,0.1668327,-0.17803,0.04556578,0.002054286,0.1837801,0.121755,-0.07402977,0.02131744,0.1440803,-0.2317798,0.8725725,-0.08579757,0.421348,130.1606,-0.255574,0.9621496,-0.09460543,-0.140389,0.04852898,-0.01956257,0.1498226,0.1338891,-0.4940254,-0.1705756,0.8419718,65.30214,0.2481627,-0.9156733,-0.3161609,0.09290066,1.119397,0.20013,1.140935,0.3720898,-0.9172133,-0.01580851,0.1414888,163.732,0.3758711,-0.9265344,-0.01596916,0.1204571,-0.08618286,0.01404838,0.1487776,-0.4721038,-0.3221836,-0.4277128,0.7002695,91.10273,-0.6613224,-0.4513144,-0.5991396,-0.3798671,-0.2303181,-0.3680879,0.5769178,0.7389069,-0.005758774,0.6736083,0.01534196,178.2419,0.7389939,-0.005759452,0.6736876,0.007099345,-0.0193969,0.09987,0.1019836,-0.2101719,0.1839044,0.2154458,0.9357298,41.3073,-0.5958637,0.5213921,0.6108161,-0.1019981,1.204781,-0.08038445,1.21176,-0.003969267,-0.1457757,-0.1872031,-0.9714364,332.5456,-0.0167268,-0.6143101,-0.7888883,True,True,False,False
1772879689925,15.54343,0.1907608,1.113459,0.0889343,1.133177,-0.05635051,-0.7656186,0.602034,0.2195631,154.6333,-0.05775995,-0.7847682,0.6170921,-0.1053502,0.6445307,-0.06052104,0.655882,0.5222582,0.2546958,-0.7655736,0.2761767,147.9357,0.5433925,0.2650026,-0.7965541,0.09714762,1.101405,0.1850338,1.121057,0.06492801,1.129304,0.1894822,1.146929,0.07793609,1.142535,0.2020455,1.162877,-0.01452092,0.6485716,0.02509023,0.6492191,-0.003765885,0.648106,0.07196455,0.6521,-0.02187643,0.6387061,0.1034273,0.6473958,0.1055547,-0.07753669,0.03146599,0.1346991,0.1454397,-0.06851187,0.0186616,0.1618482,0.1417795,-0.07916463,-0.0007095784,0.1623852,-0.1085626,0.05098217,-0.034793,0.1248823,-0.1558147,0.05396746,-0.02634184,0.1669868,-0.1784576,0.04504383,0.002187401,0.1840675,0.1051998,-0.07649724,0.03123305,0.1337697,0.148592,-0.06538049,0.0179334,0.1633272,0.1455697,-0.07439842,-0.001790752,0.1634897,-0.1091521,0.05010031,-0.03524563,0.1251658,-0.1556473,0.05404442,-0.02626894,0.166844,-0.1780613,0.04552749,0.002064051,0.1838011,0.1217541,-0.07419471,0.02130303,0.1441622,-0.2325116,0.8730785,-0.08863898,0.4193037,130.4187,-0.2561134,0.9617032,-0.09763658,-0.1403768,0.04855005,-0.01954192,0.1498154,0.1341178,-0.4943226,-0.169516,0.841975,65.30146,0.2485888,-0.9162326,-0.3141999,0.09174383,1.119289,0.2010628,1.140899,0.3608631,-0.9178595,-0.01657372,0.1644294,161.0718,0.3658426,-0.9305251,-0.01680242,0.1197252,-0.08623506,0.01434397,0.1482442,-0.4746267,-0.3161796,-0.4252163,0.7028165,90.69317,-0.6671999,-0.444465,-0.5977418,-0.3794355,-0.2307001,-0.3681667,0.5768366,0.7350895,-0.01274354,0.677746,0.01189503,178.6369,0.7351415,-0.01274444,0.6777939,0.008256175,-0.01928866,0.09893724,0.1011375,-0.1947723,0.1680017,0.2277634,0.9391289,40.18843,-0.5669156,0.4889956,0.6629412,-0.1027235,1.204688,-0.08045439,1.211734,-0.003914106,-0.1450601,-0.1875557,-0.9714757,332.5645,-0.01650553,-0.6117092,-0.7909105,True,True,False,False
1772879689939,15.55942,0.1884915,1.113826,0.0895807,1.133209,-0.05545809,-0.7642683,0.6030343,0.2217386,154.3777,-0.05687391,-0.7837796,0.6184294,-0.1053848,0.6453268,-0.06069584,0.6566861,0.5221975,0.2555404,-0.7655744,0.2755083,148.0154,0.5432208,0.2658283,-0.796396,0.09510257,1.100815,0.1860256,1.120465,0.06286009,1.129662,0.1906673,1.147363,0.07703684,1.14243,0.2034209,1.162954,-0.01442574,0.6490579,0.02478629,0.6496912,-0.003680911,0.6486277,0.07169923,0.6525888,-0.02188497,0.6391967,0.1032603,0.6478534,0.1052861,-0.07768053,0.03275613,0.1348792,0.1455824,-0.06849463,0.01915085,0.1620263,0.1408537,-0.0797502,-0.0002817214,0.161864,-0.1085062,0.0511188,-0.03475547,0.1248786,-0.1558087,0.05397082,-0.02634095,0.1669822,-0.1785139,0.04493319,0.002281152,0.1840962,0.1052068,-0.07659404,0.03135765,0.1338597,0.1483458,-0.06563524,0.01803299,0.1632165,0.1451839,-0.07483622,-0.001667309,0.1633451,-0.1090993,0.05018363,-0.03520554,0.1251418,-0.1556605,0.0540384,-0.02627483,0.1668553,-0.1780984,0.04547888,0.002081811,0.1838252,0.1217388,-0.07437883,0.02136508,0.1442533,-0.2335295,0.8739132,-0.09185936,0.4162952,130.7982,-0.2568433,0.9611579,-0.1010299,-0.1403677,0.04857381,-0.01951382,0.1498109,0.1344358,-0.4946126,-0.1683224,0.8419935,65.29754,0.2491915,-0.9168192,-0.3120042,0.09159954,1.1193,0.2016058,1.140995,0.353438,-0.9189995,-0.01376064,0.1741615,159.9403,0.3589234,-0.9332625,-0.01397421,0.1188914,-0.08637331,0.01492292,0.1477098,-0.4770313,-0.2945504,-0.4295306,0.707944,89.86424,-0.6754248,-0.4170516,-0.6081689,-0.379287,-0.2314415,-0.3668699,0.5762094,0.7204812,-0.02728352,0.6928358,0.01188171,178.6384,0.7205321,-0.02728545,0.6928848,0.008400463,-0.01930034,0.09839419,0.1006205,-0.1849716,0.1635697,0.2342435,0.9402982,39.79665,-0.5434713,0.4805895,0.6882388,-0.1033909,1.204648,-0.08046122,1.211751,-0.004172538,-0.1442784,-0.1877712,-0.9715495,332.6002,-0.01761778,-0.6091891,-0.7928295,True,True,False,False
1772879689954,15.57231,0.1871784,1.113895,0.08997427,1.13309,-0.05411521,-0.7627813,0.6041984,0.2240105,154.1106,-0.05552632,-0.7826715,0.6199535,-0.1053887,0.645478,-0.06071775,0.6568373,0.522225,0.2562289,-0.7655411,0.2749088,148.0868,0.5431525,0.2664969,-0.7962192,0.09427749,1.100787,0.1869516,1.120522,0.06283277,1.1294,0.1916805,1.147273,0.07704334,1.142278,0.2043888,1.162975,-0.01434038,0.6489314,0.02470251,0.6495597,-0.003605668,0.6485413,0.07163109,0.6524951,-0.02181775,0.639087,0.103213,0.6477354,0.1052023,-0.07772221,0.03314745,0.1349334,0.1447216,-0.06872486,0.01946741,0.161389,0.1400816,-0.08002004,-3.07411E-05,0.1613259,-0.1084879,0.05122679,-0.03470639,0.1248933,-0.1558191,0.0539619,-0.02634228,0.1669892,-0.1785452,0.04488458,0.002286509,0.1841148,0.1052064,-0.07669706,0.03152109,0.1339567,0.1480148,-0.06591738,0.01816398,0.1630442,0.144718,-0.07530959,-0.001517861,0.1631476,-0.1090435,0.05027889,-0.03515995,0.1251186,-0.1556749,0.05403141,-0.02628099,0.1668675,-0.1781392,0.04542461,0.002100504,0.1838515,0.1217037,-0.07458007,0.02144578,0.1443395,-0.2346374,0.8749663,-0.09527767,0.412676,131.2539,-0.2575948,0.9605747,-0.1045998,-0.1403594,0.04860142,-0.01948213,0.149808,0.1347931,-0.4949358,-0.1669684,0.842016,65.29276,0.2498701,-0.917478,-0.3095146,0.0902482,1.119074,0.2032637,1.140959,0.3434193,-0.9169273,-0.01126229,0.2029301,156.5833,0.3507166,-0.9364111,-0.0115016,0.1181854,-0.08619286,0.01513749,0.1470583,-0.4771558,-0.2858205,-0.4276384,0.7125691,89.11136,-0.6800945,-0.4073826,-0.6095169,-0.3791026,-0.2319478,-0.3668885,0.5763035,0.7132695,-0.03388108,0.7000303,0.007512818,179.1391,0.7132896,-0.03388204,0.7000501,0.009751797,-0.01907372,0.09673634,0.09907989,-0.1641978,0.1437298,0.2438209,0.944951,38.19931,-0.5018083,0.4392555,0.745146,-0.1040948,1.20446,-0.08058209,1.211633,-0.004045559,-0.1436231,-0.1882607,-0.9715524,332.6016,-0.01708249,-0.6064528,-0.7949362,True,True,False,False
1772879689967,15.58615,0.1839726,1.114211,0.09123205,1.132976,-0.05185649,-0.7608911,0.6057319,0.2268139,153.7809,-0.05324413,-0.781252,0.6219409,-0.1053628,0.6455278,-0.06071988,0.6568823,0.5222685,0.2568859,-0.7654946,0.2743416,148.1544,0.5431062,0.2671353,-0.7960367,0.09178459,1.100172,0.188902,1.120038,0.06073409,1.129055,0.194026,1.147214,0.07578108,1.141823,0.2065901,1.162833,-0.01428689,0.6485597,0.02474053,0.6491886,-0.003506218,0.648348,0.07157095,0.6522958,-0.02167941,0.6388653,0.1031419,0.6475006,0.1048177,-0.07793406,0.03427352,0.1350375,0.144169,-0.06916349,0.02015981,0.1611667,0.1388141,-0.08065788,0.0005007386,0.1605469,-0.1085205,0.05139476,-0.03448712,0.1249299,-0.1558109,0.05396921,-0.02634142,0.1669838,-0.1785424,0.0448941,0.002256311,0.184114,0.1051773,-0.07678969,0.03172721,0.1340356,0.1477268,-0.06616047,0.01831344,0.1628981,0.1442759,-0.07571011,-0.001366694,0.1629399,-0.1090043,0.05036245,-0.03510956,0.1251039,-0.1556851,0.05402676,-0.02628552,0.1668762,-0.1781694,0.04538488,0.002112172,0.1838711,0.1216477,-0.07475399,0.02156553,0.1444001,-0.2352459,0.8761384,-0.0978534,0.4092255,131.6876,-0.2578226,0.9602219,-0.1072444,-0.1403563,0.04862889,-0.01945015,0.1498098,0.1350381,-0.4952705,-0.1657328,0.842024,65.29105,0.2503302,-0.9181197,-0.3072312,0.09009843,1.119049,0.2040294,1.141059,0.3364124,-0.9158965,-0.008206266,0.2188447,154.7176,0.3447697,-0.9386497,-0.00841013,0.1169281,-0.08627983,0.01557612,0.1461472,-0.475566,-0.2610002,-0.434329,0.7190788,88.04305,-0.684338,-0.3755784,-0.6249981,-0.3795719,-0.2332936,-0.3656447,0.5763652,0.6930262,-0.04667746,0.719354,0.008104756,179.0713,0.6930491,-0.04667899,0.7193777,0.009901568,-0.01904857,0.09597066,0.09834255,-0.1508971,0.1338628,0.249644,0.9470949,37.44121,-0.4701524,0.4170785,0.7778198,-0.104814,1.204396,-0.08063849,1.211634,-0.003965262,-0.1430358,-0.188833,-0.9715283,332.5899,-0.01673646,-0.603721,-0.7970207,True,True,False,False
1772879689981,15.59922,0.1821369,1.113998,0.09164522,1.132504,-0.04864621,-0.7585964,0.6076263,0.2301203,153.3917,-0.04998778,-0.779517,0.6243834,-0.1053248,0.6455356,-0.06072194,0.6568841,0.5223302,0.2574951,-0.765433,0.2738248,148.216,0.5430872,0.2677277,-0.7958507,0.09086269,1.10006,0.1902801,1.120087,0.06046245,1.128439,0.1954966,1.146843,0.0756098,1.141443,0.2078124,1.162667,-0.01424451,0.6482952,0.02478743,0.6489253,-0.003427681,0.6481701,0.07154612,0.6521158,-0.02157296,0.6385768,0.1030838,0.6472032,0.1048547,-0.07792991,0.03444616,0.1351078,0.1434351,-0.06930872,0.02051823,0.1606186,0.1381319,-0.08071626,0.0007200241,0.1599877,-0.1085708,0.0514535,-0.03435135,0.1249604,-0.1558273,0.05393095,-0.02634627,0.1669874,-0.1785287,0.0449158,0.002276734,0.1841062,0.1051515,-0.07688094,0.0319448,0.1341193,0.1473833,-0.06641242,0.01848989,0.1627094,0.1437842,-0.07611074,-0.001199697,0.1626904,-0.1089696,0.05044977,-0.03504889,0.1250919,-0.1556965,0.05401909,-0.02629038,0.1668851,-0.1781981,0.04534734,0.002125341,0.1838898,0.1215862,-0.07492932,0.02168728,0.1444574,-0.2357119,0.8774808,-0.1002985,0.405472,132.1586,-0.2578602,0.9599318,-0.1097229,-0.1403565,0.04865898,-0.01941174,0.1498148,0.1351821,-0.4956609,-0.1642891,0.8420541,65.28466,0.250619,-0.9189234,-0.3045815,0.08980372,1.119035,0.2048548,1.141171,0.3292865,-0.9140487,-0.003706602,0.2367946,152.6051,0.3389257,-0.9408054,-0.003815104,0.1162336,-0.08587845,0.01553763,0.1453505,-0.4746868,-0.2487654,-0.4346203,0.7238048,87.26097,-0.6879471,-0.360527,-0.6298802,-0.3796365,-0.2338559,-0.3656306,0.5766265,0.6809793,-0.05393181,0.7302887,0.006085926,179.3026,0.6809919,-0.0539328,0.7303023,0.01019628,-0.01903534,0.09514518,0.09756492,-0.1353015,0.1229032,0.2548704,0.9495417,36.55754,-0.4313902,0.3918597,0.812619,-0.1054375,1.20442,-0.08070869,1.211717,-0.003803623,-0.1423153,-0.1893974,-0.9715248,332.5883,-0.01605326,-0.6006445,-0.7993553,True,True,False,False
1772879689995,15.6122,0.1802815,1.114303,0.09184846,1.132523,-0.0449244,-0.7564401,0.6095209,0.2329473,153.0587,-0.04619527,-0.777839,0.6267636,-0.1053082,0.6455256,-0.06069367,0.656869,0.5223585,0.257865,-0.7653772,0.2735785,148.2454,0.543077,0.2680928,-0.7957345,0.09013172,1.099234,0.1913551,1.1194,0.06035956,1.12807,0.1970154,1.146734,0.07552671,1.14137,0.2088076,1.162768,-0.01423451,0.6480832,0.0248492,0.6487156,-0.003407415,0.6480543,0.07158197,0.6520046,-0.02155254,0.6383691,0.1030923,0.6469989,0.1043177,-0.07817931,0.03551675,0.1351134,0.1425717,-0.06979287,0.02081271,0.1600965,0.1373026,-0.08082582,0.0009002686,0.1593287,-0.1085922,0.05152331,-0.03422904,0.1249742,-0.1558471,0.05390506,-0.02632413,0.1669941,-0.178515,0.04493344,0.002339892,0.1840981,0.1050882,-0.07697947,0.03221587,0.134191,0.1470182,-0.06666895,0.01866616,0.1625039,0.1432923,-0.07646856,-0.001040338,0.1624229,-0.108941,0.05053123,-0.03498667,0.1250824,-0.1557079,0.05401044,-0.02629294,0.1668934,-0.1782222,0.04531593,0.002141623,0.1839056,0.1214748,-0.07510611,0.02184536,0.1444793,-0.2357975,0.8790167,-0.1020063,0.4016515,132.6371,-0.2574791,0.9598426,-0.1113858,-0.1403582,0.04868844,-0.01937116,0.1498207,0.1352282,-0.4960391,-0.1628383,0.8421059,65.27367,0.2507419,-0.9197623,-0.301937,0.08857377,1.118806,0.2068401,1.141207,0.3218807,-0.9096565,-0.001717123,0.2625164,149.5611,0.3335802,-0.9427201,-0.001779536,0.1155958,-0.08583112,0.01580151,0.1448415,-0.4725913,-0.2343448,-0.4353433,0.7295315,86.30573,-0.6909763,-0.3426358,-0.636516,-0.3799654,-0.2343094,-0.3654062,0.576885,0.6669418,-0.06103286,0.7425957,0.003923342,179.5504,0.666947,-0.06103333,0.7426015,0.01142623,-0.01880574,0.0931599,0.09572347,-0.1171506,0.10385,0.2610515,0.9525456,35.44368,-0.3848621,0.3411671,0.8576044,-0.1060947,1.204348,-0.08076994,1.211707,-0.003421879,-0.1417494,-0.1897907,-0.9715323,332.5919,-0.01444398,-0.5983334,-0.8011189,True,True,False,False
1772879690009,15.6268,0.1774831,1.114238,0.09317351,1.132125,-0.03977896,-0.7540227,0.6115733,0.2363167,152.6615,-0.0409385,-0.7760021,0.6294004,-0.1053835,0.645031,-0.06066756,0.6563926,0.5223594,0.2582383,-0.7653221,0.2733788,148.2691,0.5430458,0.268465,-0.7956303,0.08843338,1.098581,0.1938025,1.119045,0.05889846,1.127441,0.1997027,1.146505,0.07459497,1.140852,0.2112836,1.162647,-0.0143029,0.6472715,0.02489132,0.6479078,-0.003523101,0.647423,0.07164828,0.651385,-0.02167435,0.6377291,0.1031519,0.6463811,0.1043229,-0.07819731,0.0360983,0.1352818,0.1423544,-0.06980447,0.02115887,0.1599535,0.1367052,-0.08096209,0.001060709,0.1588845,-0.1085839,0.05169488,-0.03403211,0.1249841,-0.1558784,0.05387748,-0.02622756,0.1669993,-0.1785414,0.04488234,0.002432451,0.1841124,0.1050305,-0.07707133,0.03250873,0.1342692,0.1466664,-0.06690548,0.01885419,0.1623048,0.1427954,-0.07680752,-0.0008818468,0.1621441,-0.108914,0.05061901,-0.03491466,0.1250743,-0.1557208,0.05400041,-0.02628801,0.1669014,-0.1782463,0.04528322,0.002163561,0.1839211,0.1213715,-0.07527113,0.02201462,0.1445041,-0.2358275,0.8806668,-0.1035035,0.397616,133.1416,-0.2570182,0.9598005,-0.112804,-0.1403601,0.04872058,-0.019323,0.1498267,0.1352707,-0.4964361,-0.1612812,0.8421647,65.26117,0.2508634,-0.9206554,-0.2991008,0.08856954,1.118761,0.2076312,1.141307,0.3181586,-0.9063031,0.005077608,0.278144,147.7011,0.3312291,-0.9435356,0.005286205,0.1152696,-0.08546729,0.01594046,0.1443809,-0.471108,-0.213809,-0.4398444,0.7340845,85.54018,-0.6937668,-0.3148611,-0.6477272,-0.3812063,-0.2356188,-0.3644284,0.5776179,0.6474911,-0.07102714,0.7587298,0.006309886,179.2769,0.6475039,-0.07102855,0.7587447,0.01143046,-0.01876068,0.0923688,0.09494532,-0.1021047,0.09476947,0.2617306,0.9550344,34.49447,-0.3443716,0.319632,0.8827473,-0.1068299,1.204288,-0.08077813,1.211713,-0.003213483,-0.1412901,-0.1902955,-0.9715011,332.5768,-0.013557,-0.5960729,-0.8028162,True,True,False,False
1772879690021,15.64028,0.1761966,1.114125,0.09345441,1.131837,-0.03361768,-0.7519214,0.613126,0.239918,152.2366,-0.03462908,-0.7745434,0.6315722,-0.1053523,0.6447172,-0.06067809,0.6560801,0.5223466,0.2585508,-0.7652686,0.2732574,148.2836,0.5430132,0.2687804,-0.7955464,0.08849586,1.097709,0.1952821,1.118451,0.05870521,1.127001,0.2014388,1.146366,0.07499547,1.140287,0.212811,1.162398,-0.01422532,0.64684,0.02486533,0.647474,-0.003481385,0.6470321,0.07162881,0.6509941,-0.02162813,0.6373463,0.1031446,0.6460007,0.1042883,-0.07820122,0.03658321,0.1353876,0.1426482,-0.06951626,0.02120456,0.1600958,0.1364849,-0.08088738,0.001106456,0.1586572,-0.1085822,0.05177276,-0.03399682,0.1250052,-0.1558811,0.05387473,-0.02620612,0.1669975,-0.1785614,0.04485337,0.002439715,0.1841248,0.1049681,-0.07716626,0.03285105,0.1343582,0.1463288,-0.06712482,0.01905166,0.1621136,0.1422652,-0.07715029,-0.0007147989,0.1618396,-0.1088862,0.05071595,-0.03483755,0.1250678,-0.1557343,0.05398985,-0.02628113,0.1669094,-0.1782727,0.04524711,0.002186762,0.1839382,0.1212637,-0.07543451,0.02221621,0.1445296,-0.236046,0.8824716,-0.104961,0.3930768,133.7078,-0.2567097,0.9597239,-0.1141494,-0.1403629,0.04875602,-0.0192713,0.1498341,0.1353446,-0.4968552,-0.1596153,0.8422232,65.24873,0.2510429,-0.9215886,-0.2960614,0.0885631,1.11873,0.2085752,1.141448,0.3157338,-0.9014088,0.01138269,0.2960486,145.5591,0.3305515,-0.9437128,0.01191689,0.1154274,-0.08462836,0.0158398,0.1440012,-0.4661775,-0.2035379,-0.4390172,0.7406179,84.43184,-0.6937925,-0.302917,-0.6533709,-0.3817756,-0.2359702,-0.364525,0.5781981,0.6339041,-0.07343934,0.7699069,0.00398281,179.5436,0.6339091,-0.07343992,0.769913,0.0114369,-0.01872993,0.09142476,0.0940218,-0.08654097,0.08294635,0.2611453,0.9578277,33.39793,-0.3011763,0.2886665,0.9088269,-0.1074999,1.204212,-0.08084068,1.2117,-0.002987477,-0.140503,-0.1907723,-0.9715225,332.5871,-0.01260818,-0.5929709,-0.8051249,True,True,False,False
1772879690037,15.65446,0.1750596,1.114239,0.09322356,1.131753,-0.02707546,-0.7506557,0.6131643,0.2445659,151.6876,-0.02792342,-0.7741651,0.6323677,-0.1052708,0.6443803,-0.06066821,0.6557351,0.5223168,0.2587986,-0.7652313,0.2731844,148.2923,0.5429704,0.2690321,-0.7954903,0.08893058,1.096197,0.1962392,1.117169,0.05876141,1.126654,0.203013,1.146306,0.07564134,1.139756,0.2141709,1.162168,-0.01412686,0.6463729,0.02483974,0.6470042,-0.003371854,0.6466368,0.07160236,0.6505978,-0.02149962,0.6369465,0.1031244,0.6455987,0.1039588,-0.07831383,0.03762282,0.1354842,0.1431096,-0.06930668,0.0211978,0.1604155,0.136462,-0.08087161,0.001119301,0.1586296,-0.1085481,0.05185355,-0.03393116,0.1249912,-0.1558622,0.05389183,-0.02620413,0.166985,-0.1785549,0.04486807,0.002427414,0.1841219,0.1048893,-0.07725583,0.03322349,0.1344397,0.1460775,-0.06729512,0.01921917,0.1619773,0.1418123,-0.07744075,-0.0005716461,0.1615801,-0.1088598,0.05080474,-0.03476681,0.1250612,-0.1557442,0.0539822,-0.02627512,0.1669153,-0.1782948,0.04521753,0.002205546,0.1839525,0.1211492,-0.07557645,0.02244476,0.144543,-0.2364638,0.8841202,-0.1060759,0.3887986,134.2405,-0.2566568,0.9596205,-0.1151344,-0.1403634,0.04879004,-0.01922515,0.1498397,0.135405,-0.4972495,-0.1581162,0.8422634,65.24019,0.2511844,-0.9224276,-0.293315,0.08847314,1.118145,0.2106974,1.141257,0.3173462,-0.8922462,0.01544826,0.3208574,142.5704,0.3350617,-0.942055,0.01631064,0.1160755,-0.0841814,0.01574121,0.1442492,-0.4589339,-0.1921282,-0.440156,0.7474818,83.25456,-0.6908719,-0.2892268,-0.662604,-0.382526,-0.2363697,-0.3645199,0.5788536,0.6184629,-0.07531306,0.7821876,0.003795187,179.5651,0.6184673,-0.07531361,0.7821931,0.01152686,-0.01814449,0.08930264,0.09185343,-0.07007332,0.06255975,0.2571438,0.9617969,31.7768,-0.255962,0.2285167,0.9392883,-0.1081438,1.204082,-0.08086903,1.211631,-0.002791236,-0.1399617,-0.1913777,-0.9714822,332.5676,-0.01177177,-0.5902751,-0.8071171,True,True,False,False
1772879690050,15.66932,0.1730183,1.113993,0.09423073,1.13128,-0.02008393,-0.7501239,0.6118162,0.2501833,151.0233,-0.02074361,-0.7747626,0.631912,-0.1051626,0.6439898,-0.06061117,0.6553288,0.5223168,0.2587986,-0.7652313,0.2731844,148.2923,0.5429704,0.2690321,-0.7954903,0.08886024,1.094959,0.1986735,1.116379,0.05825884,1.125611,0.2058596,1.145763,0.07619275,1.138304,0.2169787,1.161302,-0.01411813,0.6457814,0.02497298,0.6464183,-0.00327969,0.6463528,0.07174137,0.6503303,-0.02139916,0.6364454,0.1031487,0.6451049,0.1037892,-0.07845639,0.0377569,0.1354739,0.1433628,-0.06899843,0.0212612,0.1605171,0.1358568,-0.08108562,0.00116311,0.1582192,-0.1085597,0.05192073,-0.03370436,0.1249678,-0.1559501,0.05379543,-0.02623988,0.1670417,-0.1785054,0.04494568,0.002497397,0.1840938,0.1047993,-0.07735409,0.03359452,0.1345182,0.1458554,-0.06743452,0.01938629,0.161855,0.1413249,-0.07773905,-0.0004296694,0.1612956,-0.1088352,0.05089607,-0.03467986,0.1250528,-0.1557611,0.05396691,-0.02627224,0.1669257,-0.178312,0.04519528,0.002229431,0.183964,0.1210383,-0.07571452,0.0226718,0.1445578,-0.2371828,0.8857416,-0.1072655,0.3843181,134.7972,-0.2569135,0.9594247,-0.1161887,-0.1403618,0.04882831,-0.01917059,0.1498438,0.135172,-0.4977607,-0.1561546,0.8423649,65.21861,0.250826,-0.9236475,-0.2897613,0.08867428,1.11783,0.2117106,1.141153,0.3225616,-0.8838621,0.01279617,0.3384939,140.4297,0.3427974,-0.9393109,0.01359893,0.1161414,-0.0836975,0.01534605,0.1439778,-0.4484637,-0.17701,-0.4484096,0.7526463,82.35972,-0.681116,-0.2688386,-0.6810338,-0.3843795,-0.2365949,-0.363595,0.5795913,0.5978816,-0.07587314,0.7979143,0.01067492,178.7767,0.5979156,-0.07587745,0.7979596,0.01132572,-0.01783025,0.08828941,0.09078111,-0.0638485,0.04393745,0.2523865,0.9645175,30.61732,-0.2418332,0.1664179,0.9559415,-0.1089216,1.204,-0.08086226,1.211618,-0.002735232,-0.1396203,-0.1919484,-0.9714188,332.537,-0.01152297,-0.5881919,-0.8086391,True,True,False,False
1772879690065,15.68229,0.1719497,1.113929,0.09422687,1.131054,-0.01403764,-0.7502596,0.6096171,0.2555005,150.3935,-0.01451956,-0.7760165,0.6305456,-0.105114,0.6439921,-0.06064245,0.6553261,0.5223168,0.2587986,-0.7652313,0.2731844,148.2923,0.5429704,0.2690321,-0.7954903,0.08934896,1.094181,0.1998425,1.115864,0.05841153,1.124797,0.2077599,1.145314,0.07693535,1.137292,0.2181964,1.160587,-0.01407651,0.6457415,0.02495118,0.6463766,-0.003233988,0.6463866,0.07173675,0.6503631,-0.0214008,0.6364298,0.10315,0.6450897,0.1038995,-0.07843948,0.03767856,0.1355269,0.1438676,-0.06890482,0.02128416,0.1609309,0.1357478,-0.08070362,0.001208246,0.1579303,-0.1085603,0.05194513,-0.03366789,0.1249686,-0.155979,0.05376789,-0.02625083,0.1670615,-0.1785181,0.04492031,0.002553143,0.1841007,0.1047225,-0.07744674,0.03394313,0.1345992,0.1456857,-0.06756002,0.0195483,0.1617739,0.1408488,-0.0779921,-0.0002898574,0.1610007,-0.1088117,0.05098562,-0.03459347,0.1250449,-0.1557797,0.05394993,-0.02627041,0.1669372,-0.1783296,0.04517181,0.002257063,0.1839756,0.1209425,-0.07583348,0.02289283,0.1445748,-0.2372767,0.8874651,-0.1078015,0.380111,135.3189,-0.2565317,0.959483,-0.1165496,-0.1403621,0.04886502,-0.01911459,0.1498489,0.1349089,-0.4982563,-0.1541639,0.8424807,65.19398,0.2504219,-0.9248781,-0.2861636,0.08886096,1.117092,0.213899,1.140852,0.3222885,-0.8755249,0.01396365,0.3597102,137.8352,0.3454088,-0.9383331,0.01496537,0.116698,-0.08312264,0.01498796,0.1440571,-0.4420507,-0.1686875,-0.4574945,0.7528841,82.31834,-0.6716533,-0.2563044,-0.6951187,-0.3853619,-0.2363787,-0.3631449,0.5798732,0.5843651,-0.07554127,0.8076563,0.02241628,177.4311,0.5845119,-0.07556025,0.8078592,0.01113904,-0.01709199,0.08610101,0.08848502,-0.05080764,0.02535745,0.2508388,0.9663621,29.80627,-0.1975524,0.09859589,0.9753218,-0.1095502,1.203992,-0.08084548,1.211665,-0.002321595,-0.1389548,-0.1923014,-0.9714456,332.55,-0.009784917,-0.5856581,-0.8105002,True,True,False,False
1772879690078,15.69629,0.1695977,1.114027,0.0953483,1.130889,-0.008630248,-0.7507232,0.6065212,0.2616715,149.6615,-0.008941808,-0.7778251,0.6284173,-0.1049513,0.64423,-0.06082331,0.6555506,0.5222662,0.259024,-0.7651766,0.2732205,148.288,0.5429237,0.2692693,-0.795442,0.08867377,1.093045,0.2020501,1.115094,0.05878982,1.123587,0.2106878,1.144681,0.07798622,1.135703,0.2205922,1.159553,-0.01392873,0.645819,0.02474581,0.646443,-0.003106352,0.6465696,0.07157303,0.6505263,-0.02131371,0.6367286,0.1030767,0.6453699,0.1037024,-0.07855444,0.03806861,0.1355515,0.1428834,-0.06929411,0.02134639,0.160228,0.1341088,-0.08100314,0.00136438,0.1566798,-0.1085153,0.05204808,-0.033543,0.1249388,-0.1559836,0.05376518,-0.02617445,0.1670529,-0.1786133,0.04478004,0.002600431,0.1841595,0.1046456,-0.07753024,0.03425411,0.1346662,0.1454744,-0.06769074,0.01968384,0.1616549,0.1403407,-0.07821908,-0.0001651598,0.1606666,-0.1087894,0.05106571,-0.03451429,0.1250363,-0.1557951,0.053936,-0.02626318,0.1669459,-0.178351,0.04514228,0.002282947,0.1839894,0.1208283,-0.07594311,0.02308213,0.144567,-0.2370789,0.8892821,-0.1080237,0.3759015,135.8399,-0.2558425,0.9596642,-0.1165732,-0.1403646,0.04889428,-0.0190619,0.149854,0.1348426,-0.4986776,-0.1525634,0.8425333,65.18279,0.250337,-0.9258016,-0.2832359,0.08921766,1.116824,0.2150313,1.140831,0.3260611,-0.8662614,0.01386391,0.3782634,135.5477,0.3522327,-0.9357927,0.01497671,0.1160168,-0.08310394,0.01469407,0.1434646,-0.4331035,-0.1546524,-0.4640235,0.7570906,81.58324,-0.6629373,-0.2367214,-0.7102655,-0.3873818,-0.2358344,-0.3618724,0.5802018,0.5665056,-0.07848457,0.8197945,0.02913397,176.661,0.5667461,-0.0785179,0.8201426,0.01078235,-0.01682425,0.08496867,0.08728682,-0.04150913,0.007217953,0.2458718,0.9683864,28.89057,-0.166399,0.02893485,0.9856343,-0.1102726,1.204023,-0.08087114,1.211764,-0.001951143,-0.1384505,-0.1929223,-0.9713952,332.5256,-0.008216423,-0.5830264,-0.8124118,True,True,False,False
1772879690092,15.71014,0.1686715,1.114145,0.0957541,1.130902,-0.003369441,-0.751375,0.6031941,0.2675467,148.9633,-0.003496922,-0.7798029,0.6260155,-0.1049143,0.6443374,-0.06088501,0.6556559,0.5222487,0.2592414,-0.7650854,0.2733034,148.2781,0.5429187,0.2695018,-0.7953665,0.08934972,1.09227,0.2034767,1.114648,0.05906213,1.122981,0.2127574,1.144482,0.07871749,1.13494,0.2220312,1.15913,-0.0138701,0.6458927,0.02468425,0.646513,-0.003097255,0.6466236,0.07148601,0.6505704,-0.02127412,0.6368443,0.1030223,0.6454741,0.1036655,-0.07859504,0.03809071,0.135553,0.1433777,-0.06903973,0.02141048,0.1605679,0.1341481,-0.08045088,0.001411676,0.156429,-0.1085153,0.05209661,-0.03352508,0.1249543,-0.1559428,0.05379021,-0.02612469,0.1670151,-0.1786252,0.04476322,0.002590954,0.1841669,0.1045664,-0.07761633,0.0345643,0.1347335,0.1453049,-0.06779981,0.01982344,0.1615652,0.1398401,-0.07839952,-3.767211E-05,0.1603176,-0.1087672,0.05114906,-0.03443431,0.125029,-0.155807,0.05392421,-0.02625198,0.1669515,-0.1783731,0.04511163,0.002307849,0.1840037,0.1207173,-0.07603677,0.02328059,0.1445553,-0.2364929,0.8911598,-0.1075925,0.3719265,136.331,-0.2547695,0.9600303,-0.1159074,-0.1403678,0.04892473,-0.01900826,0.1498601,0.1348543,-0.4990896,-0.1510394,0.8425622,65.17664,0.2503797,-0.9266439,-0.2804301,0.08962025,1.116546,0.2162804,1.140826,0.3276749,-0.85771,0.01797229,0.3957774,133.3711,0.3568097,-0.9339722,0.01957027,0.1164268,-0.08236179,0.01443934,0.1433428,-0.4235956,-0.1442726,-0.47237,0.7593543,81.1854,-0.6510069,-0.2217267,-0.7259662,-0.3884812,-0.235329,-0.3616126,0.5805696,0.550736,-0.0781087,0.8301253,0.03848779,175.5885,0.5511442,-0.0781666,0.8307407,0.01037975,-0.01654601,0.08371957,0.08596788,-0.02883855,-0.007402492,0.241145,0.9700324,28.12452,-0.1186888,-0.03046592,0.9924636,-0.1110886,1.204048,-0.08092836,1.211867,-0.001600704,-0.1380361,-0.1934804,-0.9713438,332.5009,-0.006734738,-0.5807677,-0.8140417,True,True,False,False
1772879690107,15.72394,0.1672131,1.114369,0.09660821,1.130978,0.0006887726,-0.7519796,0.6004098,0.2720924,148.4224,0.0007157781,-0.7814634,0.6239508,-0.104919,0.644528,-0.06091232,0.6558465,0.5222625,0.2594059,-0.7649663,0.2734542,148.2602,0.5429572,0.2696849,-0.7952782,0.08926227,1.091515,0.2050714,1.114194,0.05956357,1.122167,0.2148063,1.144093,0.07963835,1.133906,0.2234369,1.158451,-0.0138962,0.6460335,0.02468005,0.6466541,-0.003125962,0.6467822,0.07142743,0.6507218,-0.02126527,0.6370248,0.1029737,0.6456442,0.1034399,-0.07872733,0.03827652,0.1355098,0.1427163,-0.06922749,0.02144012,0.1600627,0.1329761,-0.08032222,0.001507446,0.1553595,-0.1085111,0.05214471,-0.03346251,0.1249539,-0.1558902,0.05383251,-0.02609672,0.1669752,-0.1786024,0.04480431,0.002574764,0.1841545,0.1044762,-0.07770526,0.03486145,0.1347913,0.1450977,-0.06791408,0.01995284,0.1614428,0.1392906,-0.07855342,8.600752E-05,0.1599141,-0.1087467,0.05122876,-0.03435652,0.1250224,-0.1558136,0.05391688,-0.02623955,0.1669534,-0.1783915,0.04508703,0.002329214,0.1840157,0.1205809,-0.0761263,0.02346813,0.1445189,-0.2355622,0.8932039,-0.1066618,0.3678592,136.8327,-0.253325,0.9605567,-0.1147047,-0.1403702,0.0489559,-0.01895668,0.149866,0.134884,-0.4994868,-0.1496642,0.8425674,65.17553,0.2504388,-0.9273956,-0.2778811,0.08987636,1.115527,0.2194416,1.140453,0.3276896,-0.8455931,0.01378588,0.4211909,130.1804,0.3613007,-0.9323254,0.01519989,0.1158836,-0.08197812,0.01405042,0.1426424,-0.4125775,-0.1324866,-0.4785526,0.7636849,80.41972,-0.6390712,-0.2052182,-0.741265,-0.3897113,-0.234636,-0.3613221,0.5809326,0.5343615,-0.0771649,0.8406216,0.0431161,175.0577,0.5348589,-0.07723671,0.8414039,0.01012364,-0.01552701,0.08055843,0.0826634,-0.01726914,-0.03338703,0.240077,0.9700259,28.12753,-0.07106593,-0.1373943,0.9879647,-0.1118752,1.204092,-0.08096712,1.211985,-0.001432501,-0.1374982,-0.1939587,-0.971325,332.4918,-0.006025104,-0.5783178,-0.8157907,True,True,False,False
1772879690120,15.74257,0.1647522,1.114645,0.0997484,1.131161,0.004836428,-0.7524732,0.5977464,0.2765137,147.8955,0.005032652,-0.7830026,0.6219982,-0.1050025,0.6447986,-0.06093181,0.6561276,0.5223213,0.2595368,-0.7648132,0.2736458,148.2374,0.5430492,0.2698363,-0.7951642,0.08827266,1.091786,0.2091108,1.115131,0.05952639,1.121178,0.2191862,1.143952,0.08060588,1.13241,0.227078,1.157762,-0.01408103,0.6460803,0.0247327,0.6467069,-0.003211793,0.6470435,0.07141043,0.6509801,-0.02143895,0.6374008,0.1030471,0.6460326,0.1035331,-0.07877142,0.03751957,0.1353948,0.1416352,-0.06970923,0.02146238,0.1593127,0.130741,-0.08070415,0.001633108,0.1536523,-0.1084936,0.0522713,-0.0332208,0.124927,-0.15587,0.05389121,-0.0260985,0.1669756,-0.1786663,0.04470364,0.002572164,0.1841919,0.1044009,-0.07779034,0.03507357,0.1348371,0.1448214,-0.06805734,0.02007331,0.1612699,0.1386083,-0.07872505,0.0002094706,0.159405,-0.1087265,0.05131195,-0.03426589,0.1250141,-0.1558181,0.05391483,-0.0262283,0.1669552,-0.1784134,0.04505644,0.002348602,0.1840297,0.120445,-0.07621628,0.02358601,0.1444722,-0.2339749,0.8955943,-0.1056044,0.3633379,137.3893,-0.2511384,0.9612914,-0.1133511,-0.1403784,0.04898668,-0.01889753,0.1498763,0.1350615,-0.4999286,-0.1483853,0.8425032,65.1892,0.2507215,-0.9280428,-0.2754552,0.09028143,1.11472,0.2216526,1.140123,0.330618,-0.8381761,0.007835331,0.4336948,128.5955,0.3669212,-0.9302114,0.008695683,0.1142086,-0.0818045,0.01407288,0.1411865,-0.4065031,-0.1126919,-0.4904414,0.7625765,80.61626,-0.6283883,-0.1742035,-0.7581432,-0.3926007,-0.2335651,-0.3598393,0.5815259,0.5128167,-0.08288553,0.8526235,0.05641026,173.5324,0.5136347,-0.08301774,0.8539835,0.009718575,-0.01471984,0.0783474,0.0803084,-0.01542992,-0.04913439,0.2380871,0.9698775,28.19746,-0.06334289,-0.2017065,0.9773951,-0.112596,1.204052,-0.0809087,1.212009,-0.001246337,-0.1367409,-0.1946691,-0.9712901,332.4749,-0.005238946,-0.5747871,-0.818287,True,True,False,False
1772879690135,15.75196,0.1631369,1.114425,0.1016921,1.130884,0.008547486,-0.752687,0.5956707,0.2802954,147.4443,0.008904431,-0.7841194,0.620546,-0.1050903,0.644968,-0.06081348,0.6562971,0.5223213,0.2595368,-0.7648132,0.2736458,148.2374,0.5430492,0.2698363,-0.7951642,0.08799963,1.091798,0.2118384,1.115635,0.05939941,1.120189,0.2220922,1.143537,0.08170106,1.130816,0.2295952,1.156778,-0.0143169,0.6459615,0.02494574,0.6466015,-0.003277328,0.6472013,0.07149665,0.6511467,-0.02158048,0.6374764,0.1031742,0.6461322,0.1036529,-0.07875059,0.03666365,0.1352398,0.1413012,-0.06973851,0.02147989,0.1590311,0.1291614,-0.08108051,0.001716673,0.1525112,-0.1084951,0.05236489,-0.0328965,0.1248817,-0.1558449,0.05391844,-0.02611554,0.1669636,-0.1786444,0.04473269,0.002674222,0.1841792,0.1043226,-0.07789095,0.03524017,0.134878,0.1444526,-0.06823348,0.02022067,0.1610318,0.1376186,-0.07897183,0.00036738,0.1586681,-0.1087023,0.05142227,-0.03412242,0.1249991,-0.155821,0.05391521,-0.02621648,0.1669561,-0.1784376,0.04502252,0.002382717,0.1840453,0.120302,-0.07631999,0.02365393,0.1444189,-0.2316714,0.898817,-0.1045152,0.3571176,138.1534,-0.2480264,0.9622695,-0.1118935,-0.1403958,0.04903025,-0.01880139,0.1498948,0.1351668,-0.5006029,-0.1465177,0.8424128,65.20844,0.2508512,-0.9290507,-0.2719169,0.09055537,1.114389,0.2223879,1.139965,0.3335476,-0.8332075,0.005766503,0.4409967,127.665,0.3716371,-0.9283559,0.00642501,0.1133304,-0.08164328,0.01375255,0.1403515,-0.4044157,-0.105373,-0.4978307,0.7599402,81.08215,-0.6221847,-0.162114,-0.7659016,-0.394576,-0.232759,-0.3588274,0.5819142,0.5029588,-0.08496957,0.8574443,0.06783748,172.2204,0.5041201,-0.08516575,0.8594241,0.009444632,-0.0143894,0.07761216,0.07949782,-0.01367112,-0.0580235,0.2351388,0.9701322,28.07742,-0.05635776,-0.2391958,0.969335,-0.1132917,1.203891,-0.08089016,1.211913,-0.0007953303,-0.1360399,-0.1952398,-0.9712744,332.4674,-0.003342253,-0.5716868,-0.8204651,True,True,False,False
1772879690149,15.76737,0.1622502,1.114485,0.1019997,1.130843,0.01198344,-0.7526641,0.594062,0.2836255,147.0466,0.01249661,-0.7848958,0.6195018,-0.1051594,0.6450939,-0.06075938,0.656427,0.5223327,0.2597356,-0.7647079,0.27373,148.2273,0.5430745,0.2700496,-0.7950743,0.08815145,1.091692,0.2127582,1.115719,0.0598747,1.119597,0.2231786,1.143193,0.08214754,1.13024,0.2303756,1.156401,-0.01439773,0.6460564,0.02501207,0.6467006,-0.003352833,0.6473291,0.07155503,0.6512805,-0.02168845,0.6375366,0.1032374,0.6462052,0.1037516,-0.07868585,0.03635547,0.1351946,0.1409682,-0.06969375,0.02149309,0.1587174,0.1288551,-0.08086012,0.001751125,0.152135,-0.108493,0.05239049,-0.03286149,0.1248814,-0.1558431,0.05392136,-0.02611749,0.1669632,-0.1786326,0.04474802,0.00273291,0.1841724,0.1042908,-0.07793523,0.0353023,0.1348952,0.1442585,-0.06831483,0.02029156,0.1609011,0.1371304,-0.07907703,0.000444466,0.1582976,-0.1086906,0.05147621,-0.03405217,0.124992,-0.1558222,0.05391555,-0.02621097,0.1669565,-0.1784485,0.04500723,0.002402226,0.1840524,0.1202344,-0.07636355,0.02367225,0.1443887,-0.2304882,0.9003909,-0.1038786,0.3540915,138.5244,-0.2464558,0.9627678,-0.111075,-0.1404049,0.04905203,-0.01875294,0.1499043,0.1351881,-0.5009241,-0.1455783,0.8423814,65.21511,0.2508679,-0.929562,-0.2701488,0.09083913,1.114064,0.2233026,1.139848,0.3324352,-0.8277215,0.002524794,0.4520593,126.2482,0.3726903,-0.9279516,0.002830525,0.1132228,-0.08141463,0.0136282,0.1401195,-0.4013188,-0.1024754,-0.5014085,0.7596261,81.13754,-0.6170714,-0.1575671,-0.7709703,-0.3951817,-0.2321198,-0.3587018,0.5819924,0.4966176,-0.08453798,0.8606578,0.07411352,171.4994,0.4979871,-0.08477111,0.8630312,0.009160869,-0.01406348,0.07669739,0.07851238,-0.009249325,-0.06998728,0.2359536,0.9691967,28.51596,-0.03755487,-0.2841681,0.9580383,-0.1139382,1.203837,-0.08078643,1.211913,-0.0007995371,-0.1352882,-0.195848,-0.9712569,332.459,-0.003358925,-0.5683574,-0.8227746,True,True,False,False
1772879690163,15.78142,0.1610673,1.114588,0.1023695,1.130808,0.01652954,-0.7522408,0.592382,0.2880002,146.5235,0.01726088,-0.7855231,0.6185915,-0.1052966,0.6453332,-0.0607126,0.6566797,0.5222622,0.2602068,-0.7645891,0.2737486,148.2251,0.5430042,0.2705411,-0.7949553,0.08809794,1.091397,0.213899,1.115644,0.05996399,1.119165,0.2247034,1.143074,0.0830242,1.129469,0.2313168,1.155898,-0.01451888,0.6462095,0.02503518,0.6468573,-0.00347687,0.6475067,0.07157902,0.6514603,-0.02178376,0.6376641,0.1032441,0.6463354,0.1039974,-0.07852574,0.03632385,0.1352819,0.1411263,-0.0694883,0.02152155,0.1587716,0.1281587,-0.08069462,0.001825377,0.1514583,-0.108477,0.05244605,-0.03280536,0.1248761,-0.1558331,0.05393113,-0.0260871,0.1669522,-0.1786114,0.04478114,0.002759375,0.1841603,0.1042649,-0.07798738,0.0353925,0.134929,0.1439819,-0.06841845,0.02040017,0.1607111,0.1363381,-0.07921987,0.0005664057,0.1576838,-0.1086718,0.05156185,-0.03394208,0.124981,-0.1558231,0.05391692,-0.02620003,0.1669561,-0.1784629,0.04498726,0.002433764,0.1840619,0.1201553,-0.07640767,0.02369215,0.1443494,-0.2284317,0.903042,-0.1026869,0.3489837,139.1497,-0.243757,0.9636262,-0.109576,-0.1404162,0.04908845,-0.0186771,0.1499174,0.1351866,-0.5014263,-0.1440872,0.8423392,65.22408,0.2508343,-0.93038,-0.2673491,0.09123965,1.113047,0.2257837,1.139375,0.3287457,-0.8222357,0.007749297,0.4645371,124.6395,0.3712319,-0.928499,0.008750793,0.1131415,-0.08107442,0.01352915,0.1398467,-0.400159,-0.09521344,-0.5034541,0.7598297,81.10162,-0.6155136,-0.1464547,-0.7743992,-0.3958477,-0.2313928,-0.3586141,0.5821015,0.4871201,-0.08872163,0.8651203,0.08005974,170.816,0.4886888,-0.08900734,0.8679063,0.008760348,-0.0130465,0.07421634,0.07586184,0.00328025,-0.07831482,0.2356737,0.9686662,28.76177,0.01320728,-0.3153192,0.9488937,-0.1145471,1.203755,-0.08073126,1.211885,-0.0004427682,-0.1343803,-0.1964818,-0.9712552,332.4582,-0.001860054,-0.564527,-0.8254133,True,True,False,False
1772879690177,15.79493,0.1592848,1.114267,0.1051657,1.130496,0.01855944,-0.7519913,0.5916939,0.2899362,146.2917,0.01939243,-0.7857422,0.6182503,-0.1057945,0.6459288,-0.06069507,0.6573434,0.5222167,0.2605181,-0.7645139,0.273749,148.2251,0.5429571,0.2708648,-0.7948772,0.08725011,1.091378,0.2171252,1.116182,0.06055323,1.117895,0.227511,1.142417,0.08423261,1.127711,0.2337511,1.154758,-0.01492698,0.6466289,0.02498247,0.6472835,-0.004034978,0.6480487,0.07169473,0.652015,-0.02238219,0.6384071,0.1034015,0.6471139,0.1039397,-0.07854744,0.03570246,0.1350845,0.1392446,-0.0698415,0.02150753,0.157256,0.1255147,-0.08117678,0.002039209,0.1494917,-0.1084227,0.05262633,-0.03275719,0.1248921,-0.1559111,0.05388305,-0.02597848,0.1669927,-0.1787482,0.04453445,0.002761252,0.1842332,0.1042385,-0.07803279,0.03541763,0.1349414,0.1435978,-0.06853383,0.02048996,0.1604277,0.1354606,-0.07937854,0.0006858231,0.1570063,-0.1086516,0.05164816,-0.03384601,0.124973,-0.1558303,0.05391418,-0.02618207,0.166959,-0.178486,0.04495055,0.002460317,0.1840757,0.1200511,-0.07645433,0.02365268,0.1442809,-0.2265986,0.9057265,-0.1018218,0.3434312,139.8279,-0.2412734,0.9643823,-0.1084159,-0.1404243,0.04911829,-0.01861241,0.1499267,0.1354299,-0.5018474,-0.1428203,0.842265,65.23985,0.2512318,-0.9309614,-0.2649415,0.09167355,1.112712,0.2268193,1.139289,0.3325296,-0.8116319,0.01016128,0.4801818,122.6054,0.3790941,-0.9252856,0.01158417,0.1114193,-0.08115831,0.01339427,0.1384931,-0.3939907,-0.08344101,-0.5045707,0.7636868,80.4194,-0.6102829,-0.1292483,-0.7815688,-0.3980683,-0.2298247,-0.3575104,0.5823156,0.4739965,-0.09072907,0.8722959,0.07871133,170.971,0.4754717,-0.09101143,0.8750107,0.008326456,-0.01271188,0.07318075,0.07474185,0.01316703,-0.09348287,0.2286418,0.9689224,28.64331,0.05322912,-0.3779144,0.9243088,-0.1152393,1.203642,-0.0805506,1.211826,-0.0002038635,-0.1336029,-0.197237,-0.9712095,332.4362,-0.0008557529,-0.5608215,-0.827937,True,True,False,False
1772879690190,15.80839,0.1586507,1.114043,0.1060703,1.130271,0.02191403,-0.7516055,0.5905542,0.2930095,145.9236,0.02292,-0.7861082,0.6176637,-0.1058931,0.6459752,-0.06071032,0.6574063,0.522132,0.2611737,-0.7643812,0.2736569,148.236,0.5428541,0.271539,-0.7947176,0.08771317,1.090932,0.2186443,1.116078,0.06093295,1.117238,0.2292114,1.142134,0.08507824,1.126845,0.2347551,1.154179,-0.01498557,0.6464907,0.02494122,0.6471452,-0.004102748,0.6480174,0.07167579,0.6519822,-0.02251212,0.6384256,0.1034622,0.6471465,0.1039494,-0.07857145,0.03549922,0.1350524,0.1392707,-0.0697342,0.02152915,0.1572345,0.1248883,-0.08083878,0.002141789,0.1487837,-0.1084118,0.05273575,-0.03265655,0.1249025,-0.1559379,0.0538625,-0.02595646,0.1670076,-0.1788427,0.04437874,0.002796106,0.1842878,0.1042159,-0.07807496,0.03542402,0.13495,0.1432591,-0.0686278,0.02057131,0.1601753,0.134633,-0.07949284,0.0007997965,0.1563515,-0.1086328,0.0517333,-0.0337529,0.1249667,-0.1558387,0.05391013,-0.02616441,0.1669628,-0.1785139,0.04490579,0.002486603,0.1840922,0.1199589,-0.07648408,0.02360899,0.1442128,-0.2245983,0.9083036,-0.1005718,0.3382683,140.4572,-0.2386679,0.9652026,-0.1068719,-0.1404365,0.04914395,-0.01854859,0.1499386,0.1357703,-0.5022396,-0.1416419,0.8421754,65.25889,0.2517977,-0.931447,-0.2626872,0.09214966,1.112407,0.2278978,1.139245,0.3340225,-0.8014109,0.01400503,0.495957,120.5342,0.3846647,-0.9229154,0.01612838,0.1113053,-0.08065726,0.01317361,0.138087,-0.3847637,-0.07306273,-0.512741,0.7640127,80.36153,-0.5963469,-0.1132402,-0.7946993,-0.3988324,-0.2292559,-0.3576641,0.5827085,0.4580231,-0.08803456,0.8804496,0.0852854,170.2151,0.4596979,-0.08835647,0.8836691,0.007850341,-0.0124073,0.07210222,0.07358192,0.02502551,-0.1075476,0.2230074,0.9685428,28.81861,0.1005658,-0.4321831,0.896162,-0.115868,1.20361,-0.08037601,1.211842,9.148655E-05,-0.1326489,-0.1974567,-0.9712957,332.4776,0.0003845984,-0.5576397,-0.8300839,True,True,False,False
1772879690205,15.82354,0.1581406,1.113815,0.1072121,1.130083,0.0244273,-0.7512844,0.5896514,0.2954424,145.6319,0.02556868,-0.7863885,0.6172031,-0.1058995,0.6458502,-0.06074871,0.657288,0.5220693,0.2616885,-0.7642694,0.2735966,148.2432,0.5427793,0.2720694,-0.7945872,0.08820612,1.090662,0.2202583,1.116171,0.06162961,1.11654,0.2310146,1.141853,0.08604356,1.126007,0.2355227,1.153589,-0.01498511,0.6462119,0.02489104,0.6468647,-0.004069511,0.6478389,0.0716278,0.6517993,-0.02255598,0.6381924,0.1034628,0.6469179,0.1038657,-0.07861841,0.03517659,0.1349308,0.1389223,-0.06990583,0.02150877,0.1569995,0.1238816,-0.08036464,0.002263546,0.1476829,-0.1084013,0.05281298,-0.03255247,0.1248988,-0.1559568,0.05385655,-0.02595691,0.1670234,-0.1788798,0.04431573,0.002883747,0.18431,0.1041886,-0.07811733,0.03540473,0.1349484,0.1429209,-0.06872745,0.02064441,0.1599251,0.1337946,-0.07956082,0.0009139314,0.1556655,-0.1086147,0.05181749,-0.03365929,0.1249606,-0.1558479,0.05390595,-0.02614823,0.1669675,-0.1785425,0.04485978,0.00251757,0.1841091,0.1198556,-0.07650285,0.02355555,0.1441281,-0.22196,0.9110103,-0.09861884,0.3332693,141.0654,-0.2354185,0.9662491,-0.1045986,-0.1404517,0.04916846,-0.01848185,0.1499526,0.1360952,-0.502615,-0.1404472,0.8420991,65.2751,0.2523446,-0.9319372,-0.2604141,0.0932563,1.111457,0.2306903,1.138969,0.3280606,-0.7940824,0.01243092,0.5115221,118.4695,0.3817899,-0.924136,0.01446684,0.1110049,-0.0801973,0.01296625,0.1375566,-0.3754618,-0.06078071,-0.5196736,0.7650316,80.18039,-0.5830218,-0.09438106,-0.8069559,-0.3997473,-0.2288692,-0.3578223,0.5832803,0.4412923,-0.08645482,0.8886784,0.08965143,169.7129,0.4430765,-0.08680437,0.8922714,0.006743699,-0.01145661,0.06930973,0.07057315,0.03513125,-0.1220828,0.2265325,0.9656836,30.10707,0.1352651,-0.4700528,0.8722132,-0.1164913,1.20344,-0.08016045,1.211719,0.0004293426,-0.1319126,-0.1977391,-0.9713383,332.4982,0.001806228,-0.5549515,-0.8318807,True,True,False,False
1772879690218,15.837,0.1578227,1.113515,0.1103246,1.130042,0.02658785,-0.7510253,0.5889058,0.2973953,145.3975,0.02784784,-0.7866162,0.616814,-0.1058856,0.6456121,-0.06090656,0.6570664,0.5220148,0.2621085,-0.7641669,0.2735848,148.2446,0.5427207,0.2725051,-0.7944779,0.08838533,1.090292,0.2237068,1.116509,0.0627812,1.115633,0.234298,1.141698,0.08782367,1.124757,0.2381352,1.153039,-0.01496863,0.6457429,0.0247325,0.6463897,-0.004055132,0.6474889,0.07143578,0.6514302,-0.02251758,0.6377213,0.1032389,0.6464161,0.1040482,-0.07848807,0.03507121,0.1349681,0.1380144,-0.06996983,0.02151826,0.1562267,0.1221026,-0.08029307,0.00240469,0.1461568,-0.1083823,0.05295612,-0.03238646,0.1248997,-0.155925,0.05389217,-0.0258934,0.1669953,-0.1788112,0.04442754,0.002991699,0.1842721,0.1041764,-0.07814955,0.03537574,0.13495,0.1424945,-0.06883541,0.02072034,0.1596006,0.1327786,-0.07962445,0.001043474,0.1548267,-0.1085945,0.05191643,-0.03354869,0.1249544,-0.1558546,0.05390475,-0.02612608,0.1669699,-0.1785658,0.04482222,0.00255877,0.1841231,0.119738,-0.07650988,0.02347547,0.144021,-0.2188572,0.914356,-0.0962575,0.326786,141.8524,-0.2315709,0.9674718,-0.1018492,-0.1404647,0.04920426,-0.01840148,0.1499667,0.1363008,-0.5030503,-0.1389619,0.8420523,65.28504,0.2526915,-0.9326181,-0.2576251,0.09371703,1.111214,0.2315514,1.138945,0.3311676,-0.7874554,0.0129284,0.5196874,117.3774,0.3876223,-0.9216941,0.01513232,0.1099522,-0.08000118,0.01308725,0.1366051,-0.3743404,-0.04485673,-0.5228103,0.7645433,80.26723,-0.5807578,-0.06959146,-0.8110965,-0.4025638,-0.2278607,-0.3573782,0.5845488,0.4262835,-0.09414093,0.8947994,0.09356213,169.2629,0.4281617,-0.09455571,0.8987418,0.00628297,-0.0112139,0.06844857,0.06964506,0.03943602,-0.1309667,0.2217379,0.9654662,30.20283,0.1513694,-0.5026967,0.8511086,-0.1170973,1.203337,-0.08002196,1.211667,0.0004751292,-0.1315207,-0.1978415,-0.9713706,332.5137,0.001999959,-0.5536098,-0.8327736,True,True,False,False
1772879690232,15.85004,0.1574994,1.113389,0.1111543,1.129954,0.02856431,-0.750811,0.5882574,0.2990321,145.201,0.029934,-0.7868131,0.6164649,-0.1058978,0.6455741,-0.06097745,0.6570377,0.5219647,0.2624628,-0.7640681,0.273617,148.2408,0.5426738,0.2728761,-0.7943828,0.08873592,1.090313,0.2248688,1.116791,0.0633812,1.115098,0.2355036,1.141456,0.08839478,1.124237,0.238834,1.15272,-0.01497829,0.6456147,0.0246552,0.646259,-0.004053537,0.6473568,0.07132888,0.6512873,-0.02253248,0.6376721,0.1031751,0.6463579,0.1041079,-0.07843225,0.03466811,0.1348775,0.1376762,-0.07004598,0.02151163,0.1559613,0.1216076,-0.08000483,0.002461135,0.1455858,-0.108373,0.05301231,-0.03231566,0.1248972,-0.1558923,0.0539442,-0.02584573,0.1669742,-0.1788291,0.04437854,0.002996095,0.1842778,0.104171,-0.0781716,0.03532056,0.1349442,0.1421188,-0.06892982,0.02078206,0.159314,0.1319074,-0.07965412,0.001154037,0.1540963,-0.1085773,0.0520019,-0.03345252,0.1249491,-0.1558575,0.05390783,-0.02610422,0.1669702,-0.1785864,0.04478762,0.002592877,0.1841351,0.1196366,-0.07650743,0.02338759,0.1439211,-0.2159192,0.9172506,-0.09397392,0.321246,142.5234,-0.2280044,0.96859,-0.09923373,-0.1404768,0.04923444,-0.01833159,0.1499793,0.1365922,-0.5034072,-0.1378402,0.8419762,65.30121,0.2531761,-0.9330742,-0.2554892,0.09415122,1.110966,0.2323416,1.1389,0.3324259,-0.7814913,0.01205421,0.5278439,116.2802,0.3913925,-0.9201144,0.01419242,0.1097079,-0.07978567,0.01291642,0.1362659,-0.3693344,-0.0397299,-0.5279951,0.7636982,80.41738,-0.5721028,-0.06154203,-0.8178699,-0.4034167,-0.2273792,-0.3574823,0.5850127,0.417631,-0.09207695,0.898557,0.09849717,168.6947,0.4196716,-0.09252687,0.9029476,0.00584878,-0.01096582,0.06765838,0.06879036,0.04331476,-0.1400353,0.2192037,0.9646056,30.57913,0.1642593,-0.5310456,0.8312697,-0.1175818,1.20321,-0.07982863,1.211574,0.0001438795,-0.1310262,-0.1982134,-0.9713618,332.5095,0.0006055395,-0.5514444,-0.8342125,True,True,False,False
1772879690245,15.86268,0.1571759,1.113405,0.111819,1.129991,0.03084828,-0.750439,0.5876469,0.3009332,144.9727,0.03234775,-0.7869164,0.6162112,-0.1058999,0.6455832,-0.06100002,0.657049,0.5219357,0.2627645,-0.7639553,0.2736976,148.2312,0.5426565,0.2731963,-0.7942843,0.08905138,1.09017,0.2258765,1.11688,0.06408996,1.1147,0.2366789,1.14135,0.08896711,1.123894,0.2396447,1.152598,-0.01503343,0.6454836,0.02466095,0.6461294,-0.004044269,0.6473034,0.07127391,0.6512281,-0.02258651,0.6377042,0.1032104,0.6463971,0.1041649,-0.07837419,0.03459947,0.1348701,0.1373686,-0.07017548,0.02149294,0.1557456,0.1213178,-0.07986014,0.002498791,0.1452649,-0.1083646,0.05307646,-0.0321641,0.1248781,-0.1558591,0.05399372,-0.02581768,0.1669549,-0.178878,0.04429166,0.003024884,0.1843048,0.1041706,-0.07818694,0.03526595,0.1349385,0.141759,-0.06902416,0.02083589,0.1590412,0.1311054,-0.07966972,0.00125588,0.1534193,-0.1085612,0.05208328,-0.03335495,0.124943,-0.1558577,0.05391433,-0.02608252,0.1669691,-0.1786084,0.04475006,0.002625594,0.1841479,0.1195376,-0.07650308,0.02330221,0.1438227,-0.2130509,0.9199708,-0.09174208,0.3159851,143.1594,-0.2245563,0.9696517,-0.09669641,-0.1404926,0.04926125,-0.01826021,0.1499943,0.1369852,-0.5037512,-0.1368963,0.8418607,65.32578,0.2538196,-0.9333993,-0.2536549,0.09496789,1.110341,0.2341487,1.138728,0.3275442,-0.7809635,0.001516468,0.5317975,115.746,0.3867696,-0.9221748,0.001790671,0.1095452,-0.07960268,0.01292417,0.1360286,-0.3664401,-0.03403923,-0.531916,0.7626457,80.604,-0.5665287,-0.0526258,-0.8223601,-0.4041747,-0.2268248,-0.3575532,0.5853639,0.4093406,-0.09234084,0.9017863,0.1034175,168.128,0.4115472,-0.09283863,0.9066476,0.005032115,-0.01034093,0.06585136,0.06684802,0.03932538,-0.1479476,0.2272068,0.9617392,31.80091,0.1435406,-0.5400199,0.8293221,-0.1180931,1.203073,-0.07972989,1.211482,-5.352661E-05,-0.1307181,-0.1985559,-0.9713333,332.4958,-0.000225165,-0.5498786,-0.8352452,True,True,False,False
1772879690259,15.87758,0.1570682,1.113616,0.1133151,1.130332,0.03300597,-0.7501273,0.5871388,0.3024693,144.788,0.03462797,-0.7869906,0.6159925,-0.1058849,0.6457124,-0.06108607,0.6571816,0.5219276,0.2629718,-0.7638715,0.273748,148.2252,0.5426562,0.2734159,-0.794209,0.08933453,1.089774,0.227558,1.116858,0.0650858,1.114421,0.2384958,1.141512,0.08997245,1.123537,0.2417928,1.152777,-0.01507392,0.6453932,0.02460782,0.6460381,-0.004026045,0.6474532,0.07122034,0.651371,-0.02269508,0.637806,0.1032152,0.6465021,0.1041739,-0.07829081,0.03501563,0.1349361,0.1368538,-0.07029358,0.02148177,0.1553435,0.1209854,-0.08039252,0.002520606,0.1452818,-0.1083471,0.05319341,-0.03196173,0.1248606,-0.1558947,0.05397312,-0.02582629,0.1669828,-0.1789268,0.0441963,0.003142841,0.1843312,0.1041708,-0.07819458,0.03524753,0.1349383,0.141398,-0.06911758,0.02088343,0.1587664,0.1303606,-0.07972292,0.001348956,0.1528119,-0.1085454,0.05216498,-0.03325241,0.124936,-0.1558604,0.05391866,-0.02606366,0.1669701,-0.1786319,0.0447093,0.002663661,0.1841612,0.119435,-0.07651073,0.0232308,0.1437299,-0.2108937,0.9224642,-0.09031838,0.3105257,143.8182,-0.2218614,0.9704378,-0.09501547,-0.140512,0.0492867,-0.01818365,0.1500115,0.1373405,-0.5041066,-0.1358496,0.8417594,65.34724,0.2544036,-0.9337854,-0.2516419,0.09530681,1.11022,0.2348017,1.138773,0.3287584,-0.7775229,0.0001559147,0.5360748,115.1663,0.3894455,-0.9210495,0.0001846957,0.1091163,-0.07990246,0.01330976,0.1358967,-0.3758769,-0.02956552,-0.5317037,0.7583758,81.35757,-0.5766596,-0.04535858,-0.8157246,-0.406013,-0.2258424,-0.357119,0.5859909,0.4082617,-0.1026419,0.9003814,0.110003,167.369,0.4107544,-0.1032686,0.9058788,0.004693195,-0.01022005,0.06519832,0.06616114,0.0405096,-0.1533636,0.2256437,0.9612095,32.02173,0.1468699,-0.5560285,0.8180841,-0.1184878,1.203043,-0.07951018,1.211476,-0.0002366511,-0.1302984,-0.1991013,-0.971278,332.4691,-0.0009945517,-0.547593,-0.8367443,True,True,False,False
1772879690273,15.89084,0.1568097,1.113683,0.1137512,1.130406,0.03510749,-0.7499373,0.5864667,0.304004,144.6035,0.03685165,-0.7871946,0.6156027,-0.1058608,0.6457793,-0.06108468,0.6572433,0.5219176,0.263186,-0.7637787,0.27382,148.2166,0.5426574,0.2736444,-0.7941296,0.08963387,1.089639,0.2282741,1.116896,0.06558952,1.114099,0.2392799,1.141391,0.09023577,1.123326,0.2426403,1.15277,-0.01504595,0.6454189,0.02463082,0.646064,-0.004006204,0.6474746,0.07117608,0.6513874,-0.02267734,0.6378248,0.1032104,0.6465192,0.1042209,-0.07824747,0.03495065,0.1349304,0.136667,-0.07027982,0.02148567,0.1551733,0.121112,-0.08039283,0.00252147,0.1453873,-0.1083612,0.05323002,-0.03192231,0.1248784,-0.1558434,0.05400892,-0.02580719,0.1669435,-0.1789156,0.04421313,0.003169417,0.1843248,0.1041751,-0.0781991,0.03522212,0.1349376,0.1409932,-0.06921703,0.02093496,0.1584562,0.1295693,-0.07978024,0.001449285,0.1521683,-0.1085296,0.05225611,-0.0331386,0.1249302,-0.1558589,0.05392638,-0.02604171,0.1669678,-0.1786561,0.04466685,0.002706937,0.1841751,0.1193198,-0.0765195,0.02314725,0.1436253,-0.2087225,0.9250885,-0.08892025,0.3045316,144.54,-0.2191307,0.9712193,-0.09335437,-0.1405359,0.04931611,-0.01809676,0.1500331,0.1377449,-0.5044844,-0.1347374,0.8416459,65.37134,0.255069,-0.9341788,-0.2494999,0.09562418,1.110095,0.235537,1.13883,0.3271417,-0.772575,-0.002092722,0.5441525,114.0665,0.3899249,-0.9208434,-0.002494346,0.1091106,-0.07979865,0.01322399,0.1358228,-0.3747507,-0.02714795,-0.533594,0.7576956,81.47709,-0.5742352,-0.04159915,-0.8176327,-0.4066227,-0.225431,-0.3571575,0.5862786,0.4040481,-0.1028086,0.9018127,0.1136206,166.9519,0.4066817,-0.1034787,0.9076906,0.004375823,-0.01009524,0.06446299,0.06539525,0.04426755,-0.1622864,0.2263176,0.9594186,32.75756,0.1569848,-0.575512,0.8025842,-0.1189786,1.202902,-0.07939581,1.211376,-0.0004816805,-0.1303173,-0.1994765,-0.9711984,332.4308,-0.002021554,-0.5469257,-0.8371785,True,True,False,False
1772879690287,15.90498,0.1562051,1.114052,0.1144747,1.130759,0.03715339,-0.7498783,0.5855162,0.3057335,144.3954,0.03902187,-0.7875904,0.6149623,-0.1058205,0.6458192,-0.0610822,0.6572758,0.521922,0.2633706,-0.7636759,0.2739208,148.2046,0.5426782,0.2738445,-0.7940463,0.08975697,1.08955,0.2292404,1.117017,0.06587938,1.114019,0.2404488,1.141575,0.09077759,1.123141,0.2432612,1.152763,-0.01499981,0.6454169,0.02465315,0.6460617,-0.003984917,0.6474401,0.07115698,0.6513508,-0.0226563,0.6378715,0.1032288,0.6465675,0.1040518,-0.07831381,0.03502882,0.1348586,0.1364237,-0.07039842,0.02146785,0.1550104,0.1204183,-0.08026354,0.002559006,0.1447389,-0.1083694,0.05327785,-0.03188513,0.1248964,-0.1558013,0.05406571,-0.0257519,0.1669141,-0.1789253,0.04419536,0.003172792,0.18433,0.1041656,-0.07820792,0.03520725,0.1349315,0.1406417,-0.06930792,0.02097595,0.1581887,0.1288653,-0.07981742,0.001534658,0.1515897,-0.1085173,0.05233471,-0.03304217,0.1249268,-0.1558545,0.0539371,-0.02601942,0.1669636,-0.1786768,0.04463057,0.002742776,0.1841869,0.1192048,-0.07652743,0.02307896,0.143523,-0.2065902,0.9274628,-0.08739885,0.2991566,145.1861,-0.2165053,0.9719754,-0.09159346,-0.1405574,0.04934168,-0.01802252,0.1500526,0.1381786,-0.504782,-0.1339259,0.8415258,65.3968,0.2557836,-0.9344063,-0.2479114,0.09658487,1.109914,0.2381483,1.139277,0.3215152,-0.7622833,-0.003607559,0.5617289,111.6491,0.3886218,-0.921387,-0.004360529,0.1086696,-0.0797261,0.01328361,0.1354319,-0.3741233,-0.01977836,-0.5358626,0.756632,81.66366,-0.5721931,-0.03024949,-0.819561,-0.4073202,-0.2250418,-0.3571579,0.5866134,0.3961538,-0.1062002,0.9043663,0.1179218,166.4556,0.3989372,-0.1069464,0.9107204,0.00341513,-0.009914041,0.06185174,0.06273428,0.05573675,-0.1794915,0.2283278,0.9552711,34.40285,0.1884706,-0.6069401,0.7720771,-0.1194722,1.202846,-0.0792259,1.211358,-0.0005866221,-0.129986,-0.2002489,-0.9710838,332.3758,-0.002457171,-0.5444693,-0.838778,True,True,False,False
1772879690300,15.92081,0.1554955,1.114647,0.1174946,1.131557,0.03932961,-0.7500012,0.5841274,0.3078094,144.1455,0.04133658,-0.7882733,0.6139351,-0.1058395,0.6458189,-0.06111752,0.6572818,0.5219253,0.2636227,-0.7635497,0.2740237,148.1923,0.5426981,0.274115,-0.7939394,0.09022756,1.089618,0.232461,1.117787,0.06676374,1.113915,0.2440437,1.142288,0.09221929,1.122707,0.2457049,1.152972,-0.01504674,0.6451845,0.02465187,0.6458306,-0.004033994,0.6473507,0.07111697,0.6512579,-0.02276009,0.637996,0.1032927,0.6467042,0.1035385,-0.07849979,0.0349455,0.1345497,0.1356673,-0.0709049,0.02134027,0.1545592,0.1186004,-0.08021083,0.00262779,0.1432017,-0.1083545,0.05343338,-0.03169057,0.1249004,-0.1557712,0.05411753,-0.02567668,0.1668911,-0.179013,0.04402818,0.003158733,0.1843749,0.1041144,-0.07823174,0.0351859,0.1349002,0.1402358,-0.06943823,0.02100568,0.1578891,0.1280277,-0.07984953,0.001623854,0.1508962,-0.108504,0.05242436,-0.03293188,0.1249238,-0.1558477,0.05395182,-0.02599145,0.1669577,-0.1787043,0.04458142,0.002776717,0.1842021,0.1190359,-0.07654643,0.0230006,0.1433803,-0.2035377,0.9303052,-0.08518677,0.2929982,145.9249,-0.2128804,0.9730076,-0.08909697,-0.1405835,0.04936765,-0.01794004,0.1500757,0.1388619,-0.5051152,-0.1332043,0.8413279,65.43878,0.2569019,-0.9344899,-0.2464351,0.09706577,1.109809,0.2391154,1.139418,0.3228433,-0.7548831,-0.005016359,0.5708753,110.3774,0.3932142,-0.9194266,-0.006109786,0.1073938,-0.07962333,0.01329924,0.1343509,-0.3711034,-0.001288313,-0.5403882,0.7551566,81.92192,-0.5660993,-0.001965256,-0.8243346,-0.409998,-0.2243574,-0.3570509,0.5881496,0.3779145,-0.1133582,0.910533,0.1235333,165.8079,0.3808315,-0.1142331,0.9175611,0.002934232,-0.009808779,0.06088462,0.06173945,0.05989401,-0.1901416,0.2253471,0.9536654,35.01967,0.1990697,-0.6319734,0.7489862,-0.1199738,1.202758,-0.07910343,1.211313,-0.0007265138,-0.1297406,-0.2007299,-0.9710172,332.3438,-0.003039683,-0.5428256,-0.8398399,True,True,False,False
1772879690315,15.93273,0.1550154,1.114891,0.11858,1.131845,0.04101787,-0.7502599,0.5827157,0.3096287,143.9263,0.04313777,-0.789035,0.6128318,-0.1058758,0.6458201,-0.06111038,0.6572883,0.5219252,0.2638976,-0.763428,0.2740984,148.1834,0.5427101,0.2744069,-0.7938303,0.09058593,1.089584,0.2337331,1.118048,0.06730578,1.11365,0.2455428,1.142382,0.09285721,1.122349,0.2464908,1.152844,-0.0150873,0.6450838,0.02468569,0.6457322,-0.004072551,0.6473401,0.07112455,0.6512485,-0.02280322,0.6379937,0.1033113,0.6467064,0.1032901,-0.07858242,0.03475264,0.1343569,0.1352824,-0.07113384,0.02127717,0.1543181,0.1178057,-0.07996929,0.002677247,0.1424094,-0.1083619,0.05350606,-0.03160487,0.1249162,-0.1557689,0.05412223,-0.02567359,0.1668901,-0.1790266,0.04400386,0.003151357,0.1843822,0.1040399,-0.07826346,0.0351467,0.1348509,0.1397877,-0.06959162,0.02103024,0.1575622,0.127103,-0.07986036,0.001719147,0.1501193,-0.1084912,0.05252222,-0.03281184,0.1249221,-0.1558406,0.05396724,-0.0259627,0.1669515,-0.1787334,0.04452917,0.002810608,0.1842183,0.1188317,-0.07656676,0.02290876,0.1432071,-0.1997691,0.9334483,-0.08232568,0.2863374,146.7224,-0.2084992,0.9742409,-0.08592339,-0.140612,0.04939649,-0.01785191,0.1501015,0.139582,-0.5054932,-0.1323844,0.8411111,65.48473,0.258073,-0.9346059,-0.2447653,0.09806102,1.109495,0.2419931,1.139805,0.3181596,-0.7496456,-0.01101185,0.5802454,109.0644,0.3906474,-0.920441,-0.01352074,0.1068856,-0.07946732,0.01315936,0.1338385,-0.3671004,0.006239843,-0.5454639,0.7534371,82.22202,-0.5583106,0.009489967,-0.8295777,-0.4109356,-0.2238779,-0.3572354,0.588733,0.3681593,-0.1137154,0.9136373,0.1295939,165.1077,0.3712903,-0.1146825,0.9214073,0.001938984,-0.009494901,0.05800696,0.05881088,0.062699,-0.2016447,0.2298042,0.9500518,36.37076,0.2008987,-0.6461054,0.7363334,-0.1204707,1.202657,-0.07893156,1.21125,-0.0007077809,-0.1296598,-0.2009303,-0.9709865,332.3291,-0.002959766,-0.5422053,-0.8402413,True,True,False,False
1772879690328,15.94683,0.1551273,1.115302,0.1213191,1.132556,0.04289189,-0.7506489,0.5809016,0.3118329,143.6605,0.04514285,-0.7900429,0.6113873,-0.1058052,0.6457628,-0.06125004,0.6572335,0.5219561,0.2641867,-0.7632851,0.2741587,148.1762,0.542752,0.2747125,-0.793696,0.0912613,1.089196,0.236708,1.11835,0.06839758,1.113518,0.2488257,1.143029,0.09428434,1.121978,0.2493523,1.153213,-0.01510572,0.6449341,0.02463943,0.6455814,-0.004001838,0.6472946,0.07100278,0.6511894,-0.0228282,0.6378548,0.1032241,0.6465563,0.1032033,-0.07868557,0.03510964,0.1344434,0.1350586,-0.07135598,0.02122901,0.1542179,0.1170945,-0.08012734,0.002726942,0.1419117,-0.1084054,0.05350422,-0.03145861,0.1249163,-0.1557854,0.05410839,-0.02569602,0.1669044,-0.1790413,0.04396695,0.003253393,0.1843894,0.1039816,-0.07829288,0.03514412,0.1348223,0.1394581,-0.06971458,0.02104409,0.1573262,0.1264054,-0.07987896,0.001789383,0.1495399,-0.1084852,0.05259065,-0.03271753,0.124921,-0.1558367,0.05397708,-0.02594411,0.1669482,-0.1787549,0.04448999,0.002841467,0.1842301,0.1186732,-0.07659076,0.02285157,0.1430793,-0.1969576,0.9358585,-0.08019965,0.2809707,147.3637,-0.2052248,0.9751408,-0.083566,-0.1406389,0.04941522,-0.0177805,0.1501243,0.1400538,-0.505778,-0.131719,0.8409659,65.51548,0.2588373,-0.9347426,-0.2434335,0.09865163,1.10934,0.2429389,1.139907,0.321466,-0.7425717,-0.007376746,0.5875309,108.036,0.3972631,-0.9176595,-0.009116079,0.1065356,-0.07952996,0.01332884,0.1336132,-0.3694115,0.01650472,-0.5471718,0.7509099,82.66148,-0.5593715,0.02499184,-0.8285402,-0.4138808,-0.2232531,-0.3569679,0.5903942,0.359466,-0.1217163,0.9152094,0.1355034,164.4245,0.3628123,-0.1228493,0.923729,0.001348376,-0.009340286,0.05706115,0.05783627,0.06890871,-0.2084529,0.2233057,0.9497019,36.49903,0.2200461,-0.6656525,0.7130818,-0.1208517,1.202567,-0.07873635,1.211186,-0.0008858523,-0.1293909,-0.2009495,-0.9710183,332.3444,-0.003706416,-0.5413732,-0.840775,True,True,False,False
1772879690342,15.95959,0.1547917,1.115375,0.1222209,1.132678,0.04521646,-0.7508808,0.578985,0.3144995,143.3388,0.0476335,-0.7910189,0.6099344,-0.1057448,0.6457511,-0.06129438,0.6572164,0.5219561,0.2641867,-0.7632851,0.2741587,148.1762,0.542752,0.2747125,-0.793696,0.09200974,1.088991,0.2379697,1.11848,0.06918684,1.112996,0.2502503,1.142879,0.09487616,1.121565,0.2500251,1.153005,-0.01506758,0.6448937,0.02462116,0.6455394,-0.003931847,0.647272,0.07093561,0.6511592,-0.02278705,0.637771,0.1031691,0.6464634,0.103018,-0.07881108,0.03480794,0.1342962,0.134788,-0.07146547,0.02121948,0.1540304,0.1167061,-0.07958724,0.002766833,0.1412873,-0.1084191,0.05350608,-0.03141603,0.1249182,-0.1557652,0.05412544,-0.02570192,0.166892,-0.1790151,0.04400601,0.003312342,0.1843744,0.1039032,-0.07833502,0.03511678,0.1347792,0.1390782,-0.06985699,0.02105836,0.1570548,0.1256165,-0.07985523,0.001868887,0.1488619,-0.1084798,0.05266511,-0.03261166,0.12492,-0.1558309,0.05398914,-0.02592441,0.1669436,-0.178776,0.04445063,0.002879767,0.1842418,0.1184796,-0.07661165,0.02277943,0.1429184,-0.1933237,0.9385906,-0.07706232,0.2751998,148.0522,-0.2010883,0.976288,-0.08015744,-0.1406705,0.04943675,-0.01769828,0.1501513,0.1405148,-0.5060859,-0.1309516,0.8408237,65.54562,0.2595832,-0.9349292,-0.2419163,0.09925551,1.109115,0.2438363,1.139932,0.3215964,-0.7370368,-0.008714985,0.5943709,107.0644,0.3999005,-0.9164946,-0.01083696,0.1063533,-0.07923727,0.01309165,0.1332702,-0.360942,0.0211697,-0.5502977,0.7526255,82.36335,-0.5481703,0.03215087,-0.8357487,-0.4149544,-0.2228994,-0.3569026,0.5909744,0.35021,-0.1172805,0.9189481,0.1383208,164.0986,0.3536091,-0.1184188,0.9278673,0.0007444918,-0.0091151,0.0561637,0.05690343,0.07213286,-0.2164429,0.221837,0.9480179,37.11031,0.2266779,-0.6801732,0.6971241,-0.121322,1.202405,-0.07853922,1.21106,-0.0008771922,-0.1292121,-0.2013036,-0.9709688,332.3206,-0.003667096,-0.5401704,-0.8415484,True,True,False,False
1772879690357,15.97366,0.1543956,1.115669,0.1231047,1.133009,0.04694973,-0.7509125,0.5778125,0.3163207,143.1189,0.04949098,-0.7915572,0.6090878,-0.1056648,0.6457431,-0.06129836,0.657196,0.5220222,0.26431,-0.7631574,0.2742701,148.1629,0.5428385,0.2748497,-0.7935892,0.09255072,1.088968,0.2391423,1.118752,0.07006261,1.112759,0.2516917,1.143018,0.09561515,1.121287,0.2509111,1.152989,-0.01503175,0.6448045,0.02467997,0.6454517,-0.003878918,0.6472831,0.070972,0.6511739,-0.02276691,0.6377444,0.1031988,0.6464412,0.1027385,-0.07903396,0.03465411,0.1341733,0.1342891,-0.07194495,0.02110666,0.1538022,0.1160656,-0.07963718,0.002803579,0.1407877,-0.1084378,0.05355206,-0.03131985,0.12493,-0.1557836,0.05411977,-0.02570441,0.1669077,-0.1790203,0.04399876,0.003346033,0.1843783,0.1038167,-0.07838691,0.03508243,0.1347338,0.1387227,-0.070012,0.02106195,0.1568097,0.1249075,-0.07983904,0.001938277,0.1482562,-0.1084767,0.05273096,-0.03251576,0.12492,-0.1558274,0.05399884,-0.02590808,0.166941,-0.1787942,0.04441708,0.002914382,0.1842518,0.1182854,-0.07664706,0.02271068,0.1427654,-0.1898226,0.9410186,-0.07411317,0.2701086,148.6586,-0.1971508,0.9773468,-0.07697431,-0.1406992,0.04945625,-0.01762441,0.1501759,0.1408772,-0.5063722,-0.1302092,0.8407059,65.57053,0.2601649,-0.9351425,-0.2404637,0.100903,1.108865,0.2466632,1.140441,0.3207855,-0.7247834,-0.007603292,0.609695,104.8651,0.4047071,-0.9143961,-0.009592412,0.1058338,-0.07928611,0.01313073,0.132889,-0.3585912,0.02694894,-0.5530787,0.7515252,82.55466,-0.5435635,0.04085002,-0.8383737,-0.4158778,-0.2223064,-0.3569857,0.5914502,0.342708,-0.1183661,0.9209589,0.1427434,163.5867,0.3462537,-0.1195907,0.9304872,-0.0009030253,-0.008865118,0.05333683,0.05407609,0.08286225,-0.2320239,0.2178823,0.9443656,38.40381,0.251939,-0.7054583,0.6624616,-0.1217941,1.202282,-0.07830003,1.21097,-0.001075452,-0.1287501,-0.2017797,-0.9709311,332.3026,-0.004493047,-0.5378951,-0.8430001,True,True,False,False
1772879690370,15.98877,0.1543957,1.116168,0.1260203,1.133821,0.04876299,-0.7508386,0.5767187,0.3182122,142.8903,0.0514367,-0.7920077,0.6083406,-0.1055475,0.645763,-0.06133819,0.6572005,0.5221391,0.2643303,-0.7629609,0.274574,148.1267,0.5430092,0.2748957,-0.7934567,0.09352434,1.088511,0.2426054,1.119134,0.07240148,1.11242,0.2553644,1.143649,0.0974859,1.120901,0.2536997,1.15338,-0.0149759,0.6446846,0.02470595,0.6453316,-0.003832188,0.6473403,0.07094051,0.6512271,-0.0227397,0.6378559,0.1032201,0.6465537,0.1023961,-0.07967833,0.03505349,0.1343962,0.1329802,-0.07314162,0.02082269,0.1531895,0.1146975,-0.07999651,0.002859727,0.1398683,-0.1084209,0.05367948,-0.03116715,0.1249319,-0.1557361,0.05414867,-0.02569697,0.1668717,-0.1790374,0.04397233,0.003335968,0.1843884,0.1037013,-0.07849182,0.03508008,0.1347054,0.1382562,-0.07026625,0.02104251,0.1565085,0.124078,-0.07985184,0.002013135,0.147566,-0.1084722,0.05280801,-0.0324062,0.1249202,-0.15582,0.05401101,-0.02589093,0.1669353,-0.1788139,0.04438095,0.002948631,0.1842628,0.1180074,-0.07674487,0.02264846,0.142578,-0.1855115,0.9439248,-0.07039804,0.2638855,149.3985,-0.1923288,0.9786126,-0.07298507,-0.1407308,0.0494803,-0.01754219,0.1502038,0.1412932,-0.5067255,-0.1293557,0.840555,65.60246,0.2608202,-0.9353904,-0.2387842,0.1016903,1.108756,0.2477873,1.140648,0.3230722,-0.7187438,-0.006008271,0.6156262,104.0051,0.4099702,-0.9120671,-0.007624338,0.1046944,-0.07959753,0.01314647,0.1321723,-0.3513577,0.04177387,-0.5595574,0.7494653,82.91183,-0.5307168,0.06309836,-0.8451972,-0.4190568,-0.2209924,-0.357077,0.593254,0.324725,-0.1193908,0.9263169,0.1491198,162.8482,0.3283968,-0.1207408,0.9367911,-0.001690269,-0.008755565,0.05221272,0.05296871,0.08708136,-0.2383174,0.2132759,0.9434698,38.71466,0.2627217,-0.7189958,0.6434466,-0.1222586,1.202216,-0.07801274,1.210932,-0.0009998373,-0.1279268,-0.2023661,-0.9709179,332.2963,-0.004176212,-0.5343363,-0.8452615,True,True,False,False
1772879690383,16.00185,0.1543507,1.116336,0.1269981,1.13409,0.05016766,-0.7507017,0.5759311,0.3197399,142.7056,0.0529471,-0.7922928,0.6078395,-0.1055685,0.6457778,-0.06138115,0.6572224,0.5222093,0.2643543,-0.762813,0.2748287,148.0964,0.5431232,0.2749414,-0.7933627,0.09447573,1.088147,0.2438695,1.119134,0.0734649,1.11217,0.2568707,1.14381,0.09827515,1.120702,0.2548014,1.153497,-0.01501974,0.6447002,0.02469212,0.6453477,-0.003905554,0.6474124,0.07093266,0.6512983,-0.02280732,0.6379362,0.1032034,0.6466326,0.101931,-0.08009513,0.03512006,0.1343078,0.1325707,-0.07363423,0.02073124,0.1530581,0.114345,-0.08008848,0.002876356,0.1396324,-0.1084113,0.05372253,-0.0311405,0.1249354,-0.1557318,0.05415136,-0.02569467,0.1668682,-0.1790366,0.04397555,0.003319338,0.1843881,0.1035479,-0.0786308,0.03508354,0.1346693,0.1377634,-0.07055818,0.02101553,0.1562013,0.1232344,-0.07987235,0.002087958,0.1468695,-0.1084669,0.05288728,-0.03229649,0.1249207,-0.1558123,0.05402318,-0.02587392,0.1669295,-0.1788332,0.04434581,0.002980764,0.1842736,0.1176876,-0.07687288,0.02259374,0.1423738,-0.1809128,0.9467989,-0.06630991,0.2577702,150.1244,-0.1872404,0.9799139,-0.06862915,-0.1407607,0.04950591,-0.0174613,0.1502309,0.1417008,-0.5070937,-0.1284689,0.8404003,65.63516,0.261457,-0.9356556,-0.2370422,0.1037819,1.108431,0.2506639,1.14115,0.3203791,-0.7059659,0.002060834,0.6316369,101.658,0.4132515,-0.9106132,0.002658234,0.1043728,-0.07972445,0.01307442,0.1319872,-0.3460428,0.04597181,-0.5629525,0.7491499,82.96642,-0.5224072,0.06940184,-0.8498672,-0.4204403,-0.2201538,-0.3572846,0.5940455,0.3171592,-0.1169688,0.9286966,0.1524833,162.4583,0.3209119,-0.1183528,0.9396852,-0.003781945,-0.008431077,0.04933611,0.050194,0.1042124,-0.250784,0.2079075,0.9396924,40.00008,0.3046961,-0.733242,0.6078798,-0.12281,1.202111,-0.07767658,1.210863,-0.0006777105,-0.1268432,-0.2028557,-0.9709582,332.3156,-0.00283266,-0.5301728,-0.8478858,True,True,False,False
1772879690397,16.01594,0.1547393,1.116386,0.1301739,1.134552,0.05152653,-0.7504743,0.5752389,0.3212997,142.5169,0.05441157,-0.7924944,0.6074474,-0.1057237,0.6458082,-0.06150628,0.6572889,0.5222482,0.2643899,-0.7626783,0.2750943,148.0647,0.5432065,0.2750002,-0.7932853,0.09621376,1.087388,0.2474583,1.119333,0.07564423,1.111583,0.2605415,1.144211,0.1006402,1.119954,0.257041,1.153471,-0.01516273,0.6446167,0.02456517,0.6452628,-0.004103628,0.6475044,0.07083298,0.6513801,-0.02296383,0.6379849,0.1030454,0.646661,0.1011684,-0.08087339,0.03530146,0.1342451,0.1315391,-0.07448783,0.02058764,0.1525609,0.1123882,-0.07996738,0.002970651,0.1379664,-0.1083697,0.05387395,-0.03105848,0.124944,-0.1557245,0.05415672,-0.02569299,0.1668628,-0.1789878,0.04404698,0.003299765,0.1843575,0.1033672,-0.07880112,0.03510009,0.1346343,0.1372906,-0.07085662,0.02098303,0.1559156,0.1224106,-0.07987957,0.002154996,0.146184,-0.1084595,0.05296222,-0.03220247,0.1249218,-0.1558057,0.05403332,-0.02586018,0.1669244,-0.178845,0.04432311,0.003004991,0.1842799,0.1173535,-0.07701488,0.0225519,0.1421679,-0.1762062,0.9495586,-0.06167327,0.2519647,150.8124,-0.1820808,0.9812162,-0.06372942,-0.140779,0.04953485,-0.01739534,0.1502499,0.1419467,-0.5074496,-0.1275344,0.8402863,65.65928,0.2618253,-0.936007,-0.2352412,0.104596,1.108367,0.2516575,1.141381,0.321979,-0.6976686,0.003224279,0.6399826,100.419,0.4190311,-0.9079623,0.004196153,0.10309,-0.07991286,0.01281274,0.131064,-0.3341608,0.06301222,-0.5667403,0.7504475,82.74168,-0.5055919,0.09533872,-0.8574892,-0.4239718,-0.2183563,-0.3576752,0.5961234,0.2961432,-0.1157831,0.9356971,0.1528551,162.4152,0.2996646,-0.1171599,0.9468235,-0.004595965,-0.008367419,0.04834247,0.04927607,0.1099235,-0.2598907,0.2031647,0.9376022,40.69463,0.3161355,-0.7474349,0.5842934,-0.1233884,1.202047,-0.07731736,1.210834,-0.0006494746,-0.1259444,-0.2030743,-0.9710296,332.3497,-0.00271793,-0.5270537,-0.8498279,True,True,False,False
1772879690411,16.02892,0.1547472,1.11649,0.1312499,1.134779,0.05276521,-0.7501562,0.5747017,0.3227994,142.3354,0.05574964,-0.7925854,0.6072071,-0.10579,0.6458549,-0.06150936,0.6573458,0.5222385,0.2644395,-0.7625698,0.2753654,148.0324,0.5432404,0.275074,-0.7932366,0.09667957,1.087104,0.2488434,1.119404,0.07683592,1.111302,0.2618804,1.144324,0.1015669,1.119757,0.2579505,1.153564,-0.01524881,0.6446521,0.02458117,0.6453008,-0.004166354,0.6475603,0.07080534,0.6514331,-0.02304082,0.6380696,0.1030342,0.6467455,0.1011488,-0.08105654,0.03552995,0.1344009,0.1309136,-0.0748409,0.02053954,0.1521887,0.1118002,-0.07989714,0.002999187,0.1374476,-0.1083581,0.05392421,-0.03100714,0.1249429,-0.1556817,0.05423121,-0.02568378,0.1668456,-0.178964,0.04408671,0.003299683,0.1843438,0.1031867,-0.07898457,0.03513506,0.1346125,0.136772,-0.07118069,0.02094696,0.1556022,0.1215476,-0.079881,0.002223658,0.1454639,-0.1084512,0.05304046,-0.03210524,0.1249228,-0.1557956,0.05404942,-0.02584583,0.166918,-0.1788547,0.04430388,0.00302896,0.1842851,0.1169911,-0.07717097,0.02251138,0.1419473,-0.1711921,0.9524785,-0.0566088,0.2455067,151.5764,-0.1765969,0.9825494,-0.05839601,-0.140797,0.04956719,-0.01732726,0.1502696,0.1422304,-0.5078096,-0.126656,0.8401537,65.68729,0.2622492,-0.9363163,-0.2335325,0.1054118,1.108308,0.2527196,1.141633,0.3235848,-0.6883397,0.007835587,0.6491687,99.04209,0.4254087,-0.9049428,0.01030125,0.1026658,-0.07985186,0.01274903,0.1306871,-0.3283668,0.07000816,-0.5714803,0.7487887,83.02888,-0.495417,0.1056235,-0.8622098,-0.4252588,-0.217453,-0.3579427,0.59687,0.2856067,-0.1141352,0.9384126,0.1574291,161.8846,0.289213,-0.1155764,0.9502621,-0.005411834,-0.008308291,0.04728043,0.04830895,0.1188125,-0.2682584,0.1966864,0.9355403,41.36881,0.3363693,-0.7594649,0.5568377,-0.1237988,1.201888,-0.0770008,1.210698,-0.0006728094,-0.124993,-0.2033785,-0.9710888,332.3782,-0.002818422,-0.5236001,-0.8519598,True,True,False,False
1772879690426,16.04289,0.1547325,1.116476,0.1324915,1.134908,0.05381343,-0.7497724,0.5743626,0.3241191,142.1756,0.05688425,-0.7925575,0.6071382,-0.105873,0.6459086,-0.06145963,0.6574072,0.5222385,0.2644395,-0.7625698,0.2753654,148.0324,0.5432404,0.275074,-0.7932366,0.09732307,1.086813,0.2502756,1.119497,0.07777134,1.111013,0.2634322,1.144463,0.1024608,1.119489,0.2587952,1.153572,-0.01537836,0.6446472,0.02466316,0.6453021,-0.004233856,0.6475782,0.07082406,0.6514534,-0.0231243,0.6381174,0.1030817,0.6468033,0.1008921,-0.08124904,0.03561192,0.1343459,0.1304877,-0.07517139,0.02050748,0.1519814,0.1110601,-0.07968966,0.003041238,0.1367262,-0.1083659,0.05392954,-0.03092616,0.124932,-0.155652,0.05427088,-0.02567887,0.1668301,-0.1789608,0.04409077,0.003303401,0.1843418,0.1030137,-0.07915531,0.03517101,0.1345897,0.1362981,-0.07148159,0.02091382,0.1553196,0.1207569,-0.07986657,0.002285304,0.1447968,-0.1084448,0.0531075,-0.03201634,0.1249229,-0.1557847,0.05406611,-0.02583324,0.1669113,-0.1788627,0.04428782,0.003049653,0.1842894,0.1166515,-0.07731266,0.02247585,0.1417391,-0.1663254,0.9551406,-0.05167268,0.2395253,152.283,-0.1713122,0.9837782,-0.05322196,-0.1408146,0.04959508,-0.01726519,0.1502881,0.1425057,-0.5081339,-0.1259477,0.8400174,65.71609,0.2626544,-0.9365497,-0.2321362,0.1073661,1.107926,0.2554905,1.142061,0.3183739,-0.6815511,0.007935336,0.6588347,97.57788,0.4232077,-0.9059713,0.01054827,0.1021571,-0.0797447,0.01259963,0.1302077,-0.3195357,0.07819137,-0.5758916,0.7484197,83.09265,-0.4817905,0.1178956,-0.8683195,-0.4264685,-0.2168645,-0.3581311,0.5976316,0.2729182,-0.1103628,0.9422401,0.1597476,161.6155,0.2764687,-0.1117985,0.9544979,-0.007366121,-0.007925749,0.04450956,0.04580588,0.1267926,-0.2773772,0.1984546,0.9314513,42.67564,0.3484595,-0.7623056,0.5454054,-0.1242325,1.20171,-0.07673833,1.21055,-0.0008405837,-0.1241906,-0.2037658,-0.9711105,332.3885,-0.003522533,-0.5204308,-0.8538969,True,True,False,False
1772879690439,16.0578,0.1557213,1.116358,0.1356114,1.135295,0.05477883,-0.7493789,0.5740517,0.3254154,142.0185,0.057932,-0.7925146,0.6070952,-0.1059459,0.6459022,-0.06125311,0.6573934,0.5222473,0.2644911,-0.76245,0.2756308,148.0008,0.5432925,0.2751493,-0.7931747,0.09891228,1.086316,0.2535977,1.119901,0.079718,1.110613,0.2665389,1.144927,0.104714,1.11897,0.2612782,1.153831,-0.0155593,0.644501,0.02490737,0.6451698,-0.004340206,0.6476512,0.07107341,0.6515538,-0.02328965,0.6382374,0.1033771,0.6469746,0.1006436,-0.08147819,0.03581518,0.1343523,0.1298656,-0.07526651,0.02052855,0.1514977,0.1098533,-0.07951957,0.003100276,0.1356492,-0.1083251,0.0540074,-0.03072794,0.1248813,-0.1556701,0.05426266,-0.02568016,0.1668445,-0.1790163,0.0440007,0.003317669,0.1843743,0.1028224,-0.0793428,0.03522301,0.1345674,0.1357789,-0.07178709,0.02088273,0.1550012,0.1198768,-0.07983857,0.002351086,0.1440492,-0.1084352,0.05318013,-0.03191235,0.1249188,-0.1557755,0.05408198,-0.02582088,0.1669059,-0.1788751,0.04426464,0.003071286,0.1842962,0.1162778,-0.07745785,0.02243661,0.141505,-0.1612242,0.9580141,-0.04612533,0.232569,153.1033,-0.1657696,0.9850235,-0.04742575,-0.1408336,0.04962291,-0.01719499,0.150307,0.142834,-0.5085368,-0.1251414,0.8398383,65.7539,0.2631252,-0.9368138,-0.2305324,0.1080195,1.107912,0.256226,1.142273,0.3191872,-0.6794566,0.005505542,0.660627,97.30458,0.425178,-0.9050801,0.007333738,0.1013724,-0.07965411,0.01261708,0.1295389,-0.3177854,0.0896012,-0.5768711,0.7471304,83.31518,-0.4781047,0.134804,-0.8678963,-0.4295256,-0.215154,-0.3584844,0.5994118,0.2612289,-0.1152239,0.9446611,0.1615506,161.4062,0.2647059,-0.1167576,0.9572348,-0.008019499,-0.007911801,0.04377398,0.04520033,0.1258589,-0.2808933,0.1979463,0.9306321,42.93293,0.3439177,-0.7675591,0.540901,-0.1245738,1.201635,-0.07642271,1.21049,-0.00135637,-0.1232165,-0.204021,-0.9711804,332.4222,-0.005690767,-0.5169654,-0.855988,True,True,False,False
1772879690452,16.07148,0.1560443,1.116441,0.136214,1.135493,0.05557064,-0.7490675,0.5737448,0.3265374,141.8825,0.05879344,-0.7925095,0.607019,-0.1059582,0.6458092,-0.06121716,0.6573007,0.5222473,0.2644911,-0.76245,0.2756308,148.0008,0.5432925,0.2751493,-0.7931747,0.09957682,1.086311,0.254338,1.120122,0.08059031,1.110575,0.2674237,1.145158,0.1053623,1.119016,0.2620758,1.154115,-0.01555461,0.644364,0.02493285,0.6450338,-0.004356515,0.647585,0.07115288,0.6514968,-0.02336018,0.638219,0.1034707,0.646974,0.1006138,-0.08149433,0.03585,0.1343491,0.1297418,-0.0754326,0.02051045,0.1514718,0.1099083,-0.07954291,0.003096908,0.1357074,-0.108314,0.05405167,-0.03071188,0.1248869,-0.1557138,0.05423589,-0.02568245,0.1668769,-0.1790638,0.04390068,0.00332208,0.1843967,0.1026333,-0.07952701,0.03527668,0.1345459,0.135262,-0.07209919,0.02085085,0.1546896,0.1190233,-0.07981326,0.002414938,0.1433267,-0.1084248,0.05325475,-0.03180957,0.1249154,-0.1557702,0.05409516,-0.02580903,0.1669034,-0.1788912,0.04423348,0.003092757,0.1843047,0.1159027,-0.07760611,0.0223973,0.141272,-0.1560779,0.9607612,-0.04071471,0.2256546,153.9173,-0.1602102,0.9861979,-0.04179265,-0.1408531,0.04964839,-0.01712611,0.1503258,0.1432243,-0.508931,-0.1243234,0.8396546,65.79268,0.2637061,-0.9370494,-0.2289057,0.1090446,1.108158,0.2576855,1.142937,0.3192614,-0.6819276,0.001981032,0.6580601,97.69582,0.4240054,-0.9056559,0.002630974,0.1013633,-0.07966872,0.01266466,0.1295454,-0.3181956,0.09016021,-0.5785685,0.7455745,83.58307,-0.4774683,0.1352899,-0.8681709,-0.4303976,-0.214827,-0.3587521,0.6000798,0.2595627,-0.1157696,0.9444791,0.1648759,161.0199,0.2631643,-0.1173759,0.9575842,-0.009044595,-0.008157611,0.04231447,0.04403255,0.1215049,-0.2798276,0.2001475,0.9310609,42.79846,0.333014,-0.7669361,0.5485533,-0.1249434,1.201594,-0.07602561,1.210463,-0.001382848,-0.1223331,-0.2043173,-0.9712297,332.4459,-0.005806759,-0.5136926,-0.8579552,True,True,False,False
1772879690466,16.08568,0.1568537,1.116786,0.1373494,1.136081,0.05630669,-0.7487964,0.5734369,0.3275725,141.757,0.05959477,-0.792523,0.6069233,-0.1060493,0.6456292,-0.06115527,0.6571327,0.5222473,0.2644911,-0.76245,0.2756308,148.0008,0.5432925,0.2751493,-0.7931747,0.1005259,1.086696,0.2556233,1.120873,0.08148414,1.110923,0.2688741,1.145898,0.1064716,1.119289,0.263718,1.154855,-0.01564076,0.643932,0.02498142,0.6446062,-0.004391727,0.6472691,0.07109107,0.6511762,-0.02347381,0.6380705,0.1035549,0.6468451,0.1007746,-0.08140676,0.03583859,0.1344135,0.130024,-0.07539771,0.02055843,0.1517027,0.1101325,-0.0798436,0.003079638,0.1360649,-0.1082667,0.05423509,-0.03054508,0.1248844,-0.1555945,0.05438536,-0.02566372,0.1668114,-0.1790825,0.0438601,0.003322013,0.1844052,0.1024862,-0.07967581,0.03532116,0.1345334,0.1348474,-0.07236031,0.02082771,0.1544462,0.1183195,-0.07981566,0.002467556,0.142745,-0.1084123,0.05333235,-0.03170947,0.1249122,-0.1557563,0.05411813,-0.02579753,0.1668961,-0.1789064,0.04420392,0.003110905,0.1843126,0.1156047,-0.07773343,0.02235832,0.1410916,-0.1519275,0.9629826,-0.03664244,0.2196359,154.6247,-0.1557302,0.9870854,-0.03755958,-0.1408742,0.04967617,-0.01705787,0.150347,0.1437504,-0.5092936,-0.1237126,0.839435,65.839,0.2645096,-0.9371314,-0.2276387,0.1094344,1.108215,0.258127,1.14313,0.3184656,-0.6797141,0.0006628821,0.6607329,97.28841,0.4242695,-0.9055356,0.0008831114,0.1015359,-0.0798093,0.012724,0.1297728,-0.322031,0.08640756,-0.5773717,0.7452999,83.63029,-0.483001,0.1295991,-0.8659759,-0.4321135,-0.2145123,-0.3593329,0.6015461,0.2637399,-0.1175558,0.9428606,0.1662409,160.8614,0.2674616,-0.1192147,0.9561653,-0.009434395,-0.008215427,0.04187304,0.04370186,0.1224952,-0.2832587,0.2004915,0.9298187,43.1869,0.3328509,-0.7696865,0.5447869,-0.1253119,1.201515,-0.07567604,1.2104,-0.00121136,-0.1211627,-0.204803,-0.9712744,332.4674,-0.005090552,-0.5091674,-0.8606529,True,True,False,False
1772879690480,16.09877,0.1568496,1.117023,0.1378433,1.136373,0.05697747,-0.748574,0.5731278,0.3285043,141.644,0.06032538,-0.7925591,0.606804,-0.1060842,0.6456104,-0.06111297,0.657116,0.5222473,0.2644911,-0.76245,0.2756308,148.0008,0.5432925,0.2751493,-0.7931747,0.1008792,1.086735,0.256166,1.121067,0.08207708,1.110993,0.2694382,1.14614,0.1068568,1.119435,0.2641526,1.155132,-0.0157495,0.6437184,0.02507245,0.644399,-0.004418355,0.6472369,0.07113071,0.6511487,-0.02349997,0.6380407,0.1035863,0.6468217,0.1006269,-0.08144151,0.03594104,0.1343513,0.1297081,-0.07548536,0.02054982,0.1514745,0.1099515,-0.07975111,0.003093392,0.1358644,-0.1082622,0.05431599,-0.03034709,0.1248674,-0.1555926,0.05440094,-0.02566069,0.1668143,-0.1790733,0.04387523,0.003320463,0.1843998,0.1023339,-0.07982048,0.03537196,0.1345166,0.1344263,-0.07261636,0.02080494,0.154196,0.1176339,-0.07981037,0.002518834,0.1421752,-0.1084,0.05341295,-0.03159784,0.1249077,-0.1557429,0.0541413,-0.02578632,0.1668894,-0.17892,0.04417699,0.003128076,0.1843197,0.1152969,-0.07785746,0.02232388,0.1409025,-0.1478456,0.9650902,-0.03259722,0.2137287,155.3181,-0.1513427,0.987918,-0.03336826,-0.1408945,0.04970673,-0.01698482,0.1503679,0.1442295,-0.5097275,-0.1229874,0.8391959,65.88939,0.265211,-0.9372934,-0.2261507,0.1098258,1.108317,0.2586937,1.143395,0.3174871,-0.6784354,-0.0005671915,0.6625156,97.01598,0.4238541,-0.9057301,-0.0007572163,0.1013222,-0.07977283,0.01280759,0.1295914,-0.3220964,0.08883479,-0.5781333,0.7443952,83.78564,-0.4823685,0.1330381,-0.8658071,-0.4326291,-0.2143168,-0.3595366,0.6019685,0.2607856,-0.1189478,0.9431687,0.1681525,160.6392,0.2645526,-0.1206659,0.9567924,-0.009825841,-0.008317351,0.04130629,0.04326586,0.1230343,-0.2855889,0.2012949,0.9288607,43.48423,0.3321395,-0.7709667,0.5434095,-0.1256002,1.201466,-0.07535331,1.210361,-0.00104748,-0.1203242,-0.2049964,-0.971338,332.498,-0.004406683,-0.5061966,-0.8624072,True,True,False,False
1772879690495,16.11203,0.1568395,1.117297,0.1384466,1.136714,0.05748823,-0.7483998,0.5728994,0.3292099,141.5583,0.06088199,-0.7925808,0.6067199,-0.1061553,0.6456476,-0.06103058,0.6571564,0.5222473,0.2644911,-0.76245,0.2756308,148.0008,0.5432925,0.2751493,-0.7931747,0.1011052,1.086847,0.2568333,1.121349,0.08248989,1.111159,0.2701072,1.146489,0.1073142,1.119555,0.2647234,1.155421,-0.01589409,0.6435799,0.02520368,0.6442693,-0.004486409,0.6472711,0.07121406,0.6511923,-0.02355446,0.6380567,0.1036489,0.6468495,0.1005538,-0.08147844,0.03604304,0.1343462,0.1295049,-0.07554267,0.02053827,0.1513276,0.1096624,-0.0798009,0.003106833,0.1356602,-0.1082606,0.05438359,-0.03016237,0.1248507,-0.155594,0.05440506,-0.02566022,0.1668168,-0.1790566,0.04390412,0.003318183,0.1843905,0.1021986,-0.07994644,0.03542294,0.1345019,0.1340524,-0.07283868,0.02078468,0.1539725,0.1170283,-0.07980965,0.002563506,0.1416749,-0.1083894,0.05348669,-0.03148878,0.1249025,-0.1557316,0.05416134,-0.02577674,0.1668838,-0.1789304,0.04415626,0.003142518,0.1843251,0.1150214,-0.07796662,0.02229393,0.1407328,-0.1443529,0.9669006,-0.02914565,0.2083654,155.9469,-0.1475924,0.9885993,-0.02979972,-0.1409114,0.04973644,-0.01691601,0.1503858,0.1445918,-0.5101793,-0.1222237,0.8389707,65.93684,0.2657075,-0.9375252,-0.224603,0.1109342,1.108911,0.2607368,1.144541,0.3169015,-0.6746835,0.005260414,0.6665943,96.3905,0.4251311,-0.9051043,0.007056973,0.1010716,-0.07980864,0.01286068,0.1294229,-0.3226667,0.09055812,-0.5783468,0.7437745,83.89211,-0.4827228,0.1354787,-0.8652308,-0.4332347,-0.2140964,-0.3597297,0.6024409,0.2589354,-0.1204553,0.9432623,0.1694089,160.4931,0.2627329,-0.1222219,0.9570962,-0.0109342,-0.008911252,0.03926325,0.04172014,0.1302789,-0.2870333,0.1981531,0.9281029,43.71806,0.3499072,-0.7709229,0.5322056,-0.125731,1.201261,-0.07511473,1.210156,-0.0007616468,-0.119469,-0.2055838,-0.9713197,332.4892,-0.003203192,-0.5024403,-0.864606,True,True,False,False
1772879690508,16.12714,0.157534,1.117794,0.140561,1.137558,0.05787193,-0.7482951,0.5726733,0.3297736,141.4899,0.06130111,-0.7926351,0.6066068,-0.1063741,0.645847,-0.06093092,0.6573784,0.5222473,0.2644911,-0.76245,0.2756308,148.0008,0.5432925,0.2751493,-0.7931747,0.1016206,1.087073,0.2591126,1.122138,0.08346238,1.111592,0.2722773,1.147492,0.1084391,1.119927,0.2664202,1.156276,-0.01615674,0.6435372,0.02534123,0.6442385,-0.004671533,0.6474172,0.0712962,0.6513479,-0.02391615,0.6384359,0.1039046,0.6472778,0.1008026,-0.08148381,0.03638339,0.1346273,0.1293968,-0.07556072,0.02052543,0.1512424,0.1091672,-0.07954933,0.003133938,0.1351125,-0.1082482,0.05452018,-0.02995463,0.1248495,-0.15558,0.05446829,-0.02565091,0.166823,-0.1791863,0.04365928,0.003335886,0.1844587,0.1020912,-0.08006471,0.03549683,0.1345102,0.1336943,-0.07304808,0.02076473,0.1537575,0.1164235,-0.07978962,0.002607389,0.1411652,-0.1083785,0.0535662,-0.03137076,0.1248974,-0.1557199,0.05418495,-0.02576706,0.1668791,-0.1789501,0.04411803,0.003157394,0.1843353,0.1147612,-0.07806379,0.02226897,0.1405702,-0.1408142,0.9687759,-0.02547283,0.202474,156.6367,-0.1437925,0.989266,-0.0260116,-0.1409376,0.04976155,-0.01684001,0.1504101,0.1452206,-0.5106288,-0.1216037,0.8386786,65.99831,0.2666425,-0.9375759,-0.223279,0.1112943,1.108943,0.2613224,1.14474,0.3146151,-0.6748984,0.001140307,0.667479,96.25443,0.4225128,-0.9063557,0.001531377,0.1008433,-0.07977033,0.01264866,0.1292001,-0.3165082,0.09513988,-0.5780966,0.7460398,83.50303,-0.4753079,0.1428738,-0.8681414,-0.4355241,-0.2136755,-0.3602545,0.6042531,0.2522419,-0.117903,0.9458641,0.1667764,160.7991,0.2558247,-0.1195777,0.9592991,-0.01129431,-0.008942604,0.03867757,0.04127331,0.1284654,-0.2894134,0.2016911,0.9268535,44.10095,0.3421882,-0.7708988,0.5372364,-0.1259566,1.201159,-0.07483663,1.210061,-0.0009375974,-0.1187885,-0.2060122,-0.9713122,332.4856,-0.003942668,-0.4995148,-0.8662967,True,True,False,False
1772879690522,16.1403,0.1576068,1.118139,0.1412058,1.137986,0.05811901,-0.7482417,0.5724757,0.3301943,141.4389,0.06157242,-0.7927019,0.606492,-0.1064462,0.6459256,-0.06089939,0.6574644,0.5222473,0.2644911,-0.76245,0.2756308,148.0008,0.5432925,0.2751493,-0.7931747,0.101923,1.087291,0.2597788,1.122531,0.08394381,1.111809,0.2729289,1.147892,0.1089227,1.120096,0.2670932,1.15664,-0.01624645,0.6435362,0.02538621,0.6442416,-0.004735832,0.6474764,0.07130863,0.6514085,-0.02401103,0.6385437,0.1039619,0.6473968,0.1006671,-0.08155572,0.03642248,0.1345801,0.1291139,-0.07567411,0.02050163,0.1510539,0.1088907,-0.07971539,0.00314182,0.1349874,-0.1082441,0.05456267,-0.02988389,0.1248475,-0.1555616,0.05448969,-0.02564848,0.1668124,-0.1792079,0.04361975,0.003338709,0.1844703,0.1019678,-0.08019398,0.03557708,0.1345148,0.1332972,-0.07327576,0.02074192,0.1535177,0.1157704,-0.07978319,0.002653723,0.1406243,-0.1083669,0.05365259,-0.03124185,0.1248921,-0.1557062,0.05421137,-0.02575678,0.1668733,-0.1789724,0.04407483,0.003173114,0.1843469,0.1144695,-0.07817461,0.02223993,0.1403892,-0.1371885,0.9707035,-0.0217822,0.1960599,157.3867,-0.1399038,0.9899159,-0.02221331,-0.1409676,0.04978799,-0.01675682,0.1504377,0.1459356,-0.5111159,-0.1209602,0.8383508,66.06725,0.2677073,-0.9376019,-0.2218919,0.1114809,1.109081,0.261656,1.144968,0.3155359,-0.6760791,0.001852362,0.6658459,96.5055,0.4229198,-0.9061637,0.002482761,0.1005703,-0.07986333,0.01284052,0.1290636,-0.3204188,0.09654473,-0.5779227,0.7443228,83.79808,-0.479798,0.1445669,-0.8653867,-0.4361701,-0.213405,-0.3603287,0.6046675,0.2524032,-0.1220912,0.9449104,0.1689107,160.551,0.2560828,-0.1238711,0.9586854,-0.01148093,-0.009080887,0.03834403,0.04104313,0.1276476,-0.2874914,0.2011002,0.9276927,43.8441,0.3419026,-0.7700427,0.5386446,-0.1260767,1.201033,-0.07446467,1.209926,-0.0008681633,-0.1182824,-0.2061967,-0.9713349,332.4965,-0.003652114,-0.4975802,-0.8674105,True,True,False,False
1772879690536,16.15435,0.1576711,1.118167,0.1414361,1.138052,0.05827609,-0.748225,0.5722507,0.3305941,141.3903,0.06174799,-0.7928018,0.6063436,-0.1065394,0.6459756,-0.06089481,0.6575282,0.5222473,0.2644911,-0.76245,0.2756308,148.0008,0.5432925,0.2751493,-0.7931747,0.1022219,1.087478,0.2600838,1.12281,0.08399758,1.111857,0.2732027,1.148007,0.1090913,1.120084,0.267443,1.156726,-0.01633693,0.6435282,0.02539433,0.6442362,-0.004830529,0.647544,0.07134639,0.6514805,-0.02410743,0.6385973,0.1039693,0.6474545,0.1006274,-0.08159703,0.03619032,0.1345128,0.1292076,-0.07559463,0.02051575,0.1510961,0.1089313,-0.07978417,0.003141001,0.1350607,-0.1082399,0.05460525,-0.02984441,0.1248531,-0.1555949,0.05447235,-0.02564921,0.1668379,-0.1792101,0.04361461,0.003339171,0.1844712,0.1018654,-0.08030117,0.03562393,0.1345135,0.1329847,-0.0734529,0.02072464,0.153329,0.115248,-0.07978326,0.002690947,0.1401953,-0.1083572,0.05372537,-0.0311351,0.1248883,-0.1556977,0.05423131,-0.02574856,0.1668706,-0.1789906,0.04403967,0.003185799,0.1843564,0.1142399,-0.07826355,0.02220678,0.1402465,-0.1344289,0.9721602,-0.01891693,0.190986,157.9793,-0.1369498,0.9903905,-0.01927167,-0.1409903,0.04981086,-0.01668931,0.150459,0.146487,-0.5115318,-0.1203528,0.8380883,66.1224,0.2685201,-0.9376708,-0.2206144,0.1115991,1.109203,0.2622932,1.145244,0.3160391,-0.6786548,-0.0004878697,0.6629833,96.94441,0.4221542,-0.9065239,-0.0006516797,0.1006276,-0.07988606,0.01269666,0.1291081,-0.3199893,0.09423701,-0.577111,0.7454322,83.60754,-0.4800453,0.1413736,-0.8657772,-0.4365775,-0.2133106,-0.3604682,0.6050113,0.2542218,-0.1209107,0.9447217,0.1680862,160.6469,0.257891,-0.1226558,0.9583568,-0.01159909,-0.009203434,0.03770682,0.04050983,0.1238576,-0.2856147,0.2025365,0.9284734,43.60389,0.3334891,-0.7690232,0.5453334,-0.1262151,1.200969,-0.07411163,1.209855,-0.000786223,-0.1176104,-0.2064032,-0.9713727,332.5148,-0.003309568,-0.4950755,-0.8688443,True,True,False,False
1772879690549,16.16893,0.1578301,1.11834,0.1418535,1.138295,0.05839732,-0.7482368,0.5719689,0.3310332,141.337,0.06188653,-0.7929437,0.6061438,-0.1065843,0.6460148,-0.06094379,0.6575785,0.5222997,0.2648383,-0.7623334,0.2755207,148.0139,0.5433292,0.2755015,-0.7930275,0.1025903,1.087713,0.2605901,1.123188,0.08402748,1.112091,0.2737994,1.148378,0.1090893,1.120326,0.2682239,1.157141,-0.01646236,0.6433122,0.02541582,0.6440245,-0.004866709,0.6475079,0.07129736,0.6514395,-0.02426821,0.6386911,0.1040425,0.6475648,0.1005871,-0.08167329,0.03604843,0.1344908,0.1294821,-0.07555611,0.02052434,0.1513129,0.1093484,-0.0798891,0.003121331,0.1354588,-0.1082558,0.05468742,-0.02961796,0.1248489,-0.155599,0.0544749,-0.0256488,0.1668425,-0.1793186,0.04340091,0.00335367,0.1845265,0.1017617,-0.08041244,0.03565835,0.1345107,0.1327007,-0.07362346,0.0207084,0.1531624,0.1147696,-0.07979184,0.002725849,0.1398078,-0.1083489,0.05380338,-0.03101207,0.1248841,-0.1556897,0.05425107,-0.02574047,0.1668683,-0.1790172,0.04398787,0.003199413,0.1843701,0.1140261,-0.07835484,0.02217383,0.1401182,-0.1319146,0.9734296,-0.01626745,0.1864635,158.5071,-0.1342695,0.9908066,-0.01655784,-0.1410229,0.04982898,-0.01661096,0.1504869,0.1472272,-0.5119941,-0.1197591,0.8377613,66.19107,0.2696288,-0.9376551,-0.2193244,0.1116708,1.109244,0.262407,1.145316,0.3170954,-0.6780712,-1.685229E-05,0.6630762,96.93019,0.4236117,-0.9058439,-2.251319E-05,0.1008316,-0.07998123,0.0127467,0.1293309,-0.3226315,0.09061825,-0.5762078,0.7454408,83.60606,-0.4840161,0.1359467,-0.8644346,-0.437029,-0.2133657,-0.3607088,0.6054999,0.2582898,-0.1218945,0.9434403,0.1683709,160.6138,0.2620305,-0.1236599,0.957104,-0.01167081,-0.009243608,0.03759304,0.04043376,0.1239386,-0.2858144,0.2012718,0.9286761,43.5413,0.3341633,-0.7706133,0.5426694,-0.1263368,1.200929,-0.07368574,1.209802,-0.0006401663,-0.1169754,-0.206586,-0.9714106,332.5331,-0.00269651,-0.4927239,-0.870182,True,True,False,False
1772879690565,16.18237,0.1577007,1.118383,0.1420388,1.138343,0.05845296,-0.7482768,0.5716904,0.3314136,141.2908,0.06195428,-0.7930984,0.6059346,-0.1065286,0.6460295,-0.06094886,0.6575844,0.5223517,0.2652984,-0.7622047,0.2753354,148.036,0.5433533,0.2759649,-0.7928497,0.1028004,1.087912,0.2607868,1.123445,0.08423276,1.112018,0.273894,1.148345,0.1091671,1.120288,0.2682998,1.157129,-0.01641682,0.643203,0.02541209,0.6439141,-0.004792754,0.6474418,0.07133207,0.6513771,-0.02420672,0.6385858,0.104039,0.647458,0.1004171,-0.08173496,0.03576877,0.1343265,0.1291819,-0.0755968,0.02051812,0.1510756,0.1091572,-0.07984924,0.003130347,0.1352811,-0.1082559,0.05471224,-0.02955644,0.1248453,-0.1556522,0.05445086,-0.02565047,0.1668845,-0.1793355,0.04336875,0.003355801,0.1845354,0.1016489,-0.08052343,0.03566762,0.1344942,0.1324054,-0.07378908,0.02069243,0.1529843,0.1142986,-0.07979666,0.002759796,0.1394248,-0.1083411,0.05387966,-0.03088991,0.12488,-0.1556865,0.05426783,-0.02573292,0.1668697,-0.1790439,0.04393591,0.003212537,0.1843839,0.1138063,-0.07844334,0.02212969,0.139982,-0.1295042,0.9745955,-0.01364054,0.1822258,159.0011,-0.1317095,0.9911913,-0.01387282,-0.141053,0.04984631,-0.01653507,0.1505125,0.1479242,-0.5124654,-0.1191147,0.8374423,66.25801,0.2706627,-0.9376779,-0.2179489,0.1116023,1.109303,0.2626396,1.14542,0.3176555,-0.6761412,0.0003409036,0.6647767,96.66961,0.4252177,-0.9050911,0.0004563379,0.100685,-0.07995328,0.01267956,0.1291927,-0.3213285,0.0901611,-0.5767198,0.745663,83.56785,-0.4822411,0.1353113,-0.8655254,-0.4368036,-0.2134792,-0.3610635,0.6055886,0.2577821,-0.1209272,0.9437117,0.1683253,160.6191,0.2615136,-0.1226777,0.957372,-0.01160232,-0.009302497,0.03736046,0.04021137,0.1251373,-0.2877324,0.1999596,0.9282064,43.68616,0.3363311,-0.7733372,0.5374304,-0.1264228,1.200846,-0.07324261,1.209702,-0.000501702,-0.1163165,-0.20675,-0.971455,332.5545,-0.002114887,-0.4903235,-0.8715389,True,True,False,False
1772879690577,16.19606,0.1576195,1.118422,0.142217,1.138392,0.05848229,-0.7483097,0.5714179,0.3318043,141.2433,0.06199438,-0.7932487,0.6057338,-0.1063915,0.6461883,-0.06108172,0.6577305,0.5224373,0.2658809,-0.7619742,0.2752492,148.0463,0.5434283,0.2765637,-0.7925895,0.1026959,1.087866,0.2609896,1.123439,0.08414593,1.11208,0.2742392,1.148481,0.1090644,1.12035,0.2685721,1.157242,-0.01628306,0.6432393,0.0252879,0.6439421,-0.004663822,0.6475447,0.0712605,0.6514707,-0.0241077,0.6386526,0.1039572,0.6475071,0.100461,-0.0817228,0.03586289,0.134377,0.1293271,-0.07564633,0.0205082,0.1512232,0.1092851,-0.07983696,0.003124312,0.135377,-0.1082549,0.0547598,-0.0294988,0.1248517,-0.1557115,0.05441144,-0.02565462,0.1669276,-0.179386,0.04329651,0.003365763,0.1845677,0.1015564,-0.08061683,0.03568282,0.1344843,0.1321657,-0.07393371,0.02067808,0.1528448,0.1139081,-0.0797998,0.002788183,0.1391073,-0.1083344,0.0539482,-0.03078157,0.124877,-0.1556885,0.05427902,-0.02572682,0.1668742,-0.1790705,0.04388612,0.00322447,0.1843981,0.1136239,-0.07851928,0.02209664,0.1398711,-0.1273516,0.9755734,-0.01140401,0.1786284,159.4203,-0.1294333,0.9915203,-0.01159042,-0.1410797,0.04986054,-0.01646868,0.1505349,0.1485299,-0.512893,-0.1184712,0.8371644,66.31622,0.2715597,-0.9377305,-0.2166027,0.1116554,1.109309,0.2627688,1.145461,0.3167706,-0.6767089,0.000232896,0.6646213,96.69344,0.4239546,-0.9056833,0.0003116998,0.1007587,-0.07993564,0.01266204,0.1292375,-0.3195823,0.09161817,-0.5779146,0.7453108,83.6284,-0.479337,0.1374168,-0.8668061,-0.436684,-0.2135273,-0.3612548,0.6056334,0.2552418,-0.1206354,0.9443364,0.1689016,160.5521,0.2589624,-0.1223938,0.9581015,-0.01165536,-0.009308696,0.03723124,0.04010816,0.1252352,-0.2873293,0.2009389,0.9281065,43.71692,0.3363688,-0.771737,0.5397013,-0.1265012,1.2007,-0.0728154,1.209539,-0.0005419712,-0.1159449,-0.2069564,-0.9714554,332.5547,-0.002284655,-0.4887604,-0.8724155,True,True,False,False
1772879690591,16.20937,0.1575664,1.118466,0.1423533,1.138445,0.05845698,-0.7483463,0.5711967,0.3321069,141.2066,0.06197454,-0.793377,0.6055676,-0.1063437,0.6462085,-0.06110979,0.6577453,0.5226108,0.2664521,-0.7616243,0.2753354,148.036,0.5436228,0.277165,-0.7922461,0.1027047,1.087922,0.2611302,1.123526,0.08422887,1.112076,0.2743386,1.148507,0.109183,1.120323,0.26868,1.157253,-0.01625793,0.643209,0.02528757,0.6439112,-0.004638028,0.6474473,0.07121798,0.6513689,-0.02412422,0.6385793,0.1039642,0.6474366,0.1004405,-0.08172113,0.03583357,0.1343528,0.1292125,-0.07564641,0.02052042,0.1511269,0.1091505,-0.07986998,0.003129885,0.135288,-0.1082504,0.0547879,-0.02948009,0.1248557,-0.1556613,0.05447984,-0.0256459,0.1669018,-0.1793972,0.04327767,0.003367625,0.1845743,0.101468,-0.08070428,0.03569476,0.1344732,0.1319318,-0.07406934,0.0206656,0.1527067,0.1135314,-0.07980536,0.002815241,0.1388027,-0.1083278,0.05401469,-0.03067851,0.1248746,-0.1556863,0.05429492,-0.02572041,0.1668763,-0.1790964,0.04383793,0.003235806,0.1844119,0.1134474,-0.0785909,0.02206182,0.1397626,-0.1253732,0.9764887,-0.009344819,0.1751115,159.8297,-0.1273408,0.9918136,-0.009491475,-0.1411077,0.04987432,-0.01640408,0.1505587,0.1491938,-0.5132766,-0.1179781,0.8368808,66.37562,0.2725573,-0.9376883,-0.2155303,0.1116852,1.109303,0.2628745,1.145482,0.3162556,-0.6761631,-6.943419E-05,0.6654217,96.57063,0.4236695,-0.905817,-9.301702E-05,0.1006922,-0.07995225,0.01266033,0.1291959,-0.3200096,0.09170251,-0.5770479,0.7457884,83.54628,-0.480363,0.1376536,-0.8662003,-0.4364682,-0.213231,-0.3618158,0.6057084,0.2552158,-0.1220297,0.9443154,0.1680536,160.6507,0.2588979,-0.1237903,0.9579394,-0.01168524,-0.009302616,0.0371255,0.04001733,0.125691,-0.2882258,0.2012757,0.927694,43.84373,0.3366647,-0.7720158,0.5391189,-0.1265847,1.200605,-0.07238609,1.209428,-0.000736806,-0.1156469,-0.2068555,-0.9715123,332.5822,-0.003109027,-0.4879838,-0.8728477,True,True,False,False
1772879690606,16.22306,0.1575586,1.118483,0.1424921,1.138478,0.0583627,-0.748378,0.5710648,0.3322787,141.1857,0.06187857,-0.7934616,0.6054667,-0.106272,0.6462449,-0.06112505,0.6577709,0.5227708,0.2668862,-0.7613194,0.275455,148.0217,0.5438086,0.2776265,-0.7919571,0.1027239,1.087905,0.2612582,1.123542,0.08425653,1.112071,0.2745083,1.148545,0.1092089,1.120342,0.2687481,1.157289,-0.01621271,0.6431938,0.0252963,0.6438951,-0.004600998,0.6474055,0.07119501,0.6513246,-0.02410747,0.6385415,0.103972,0.6473998,0.1004033,-0.08173374,0.03586061,0.1343399,0.1291999,-0.07568423,0.02053955,0.1511376,0.1090951,-0.07981333,0.003133923,0.1352099,-0.1082371,0.05482637,-0.02945229,0.1248545,-0.1556147,0.05453097,-0.02563944,0.166874,-0.1793952,0.04328282,0.00336691,0.1845735,0.1013858,-0.08078375,0.03570756,0.1344623,0.1317209,-0.074194,0.02065587,0.1525838,0.1131889,-0.07980598,0.002839842,0.1385236,-0.1083208,0.05407735,-0.03058385,0.1248724,-0.1556808,0.05431314,-0.02571416,0.1668762,-0.1791195,0.04379508,0.003245927,0.1844243,0.1132857,-0.07865509,0.02203135,0.1396627,-0.1234886,0.9773143,-0.00740313,0.1719084,160.2024,-0.1253548,0.9920835,-0.007515007,-0.141134,0.04988834,-0.01634402,0.1505815,0.1498379,-0.5136207,-0.1175786,0.8366108,66.43212,0.2735277,-0.9376102,-0.2146388,0.1119832,1.10929,0.2636434,1.145676,0.3157001,-0.6764779,0.0007441721,0.665365,96.57934,0.4228966,-0.9061773,0.0009968572,0.1006447,-0.07994072,0.01267677,0.1291533,-0.3199357,0.09270591,-0.577238,0.7455489,83.58746,-0.4800589,0.1391039,-0.8661372,-0.4362929,-0.2129411,-0.3622269,0.6057258,0.2540458,-0.1231091,0.9444619,0.1682172,160.6317,0.2577182,-0.1248888,0.9581149,-0.01198324,-0.009290099,0.03635657,0.03939167,0.126445,-0.2875672,0.2015376,0.9277389,43.8299,0.3387859,-0.7704828,0.5399824,-0.1266297,1.200522,-0.07188075,1.20932,-0.001229974,-0.115426,-0.2070767,-0.9714909,332.5719,-0.005188084,-0.4868719,-0.8734583,True,True,False,False
1772879690620,16.23794,0.1579536,1.118441,0.1432579,1.138588,0.05798954,-0.7484894,0.5710321,0.3321494,141.2014,0.06147996,-0.7935413,0.6054028,-0.1061026,0.6462132,-0.06112946,0.6577128,0.5229334,0.2672244,-0.7610515,0.2755584,148.0094,0.5439945,0.2779869,-0.7917029,0.1030106,1.087763,0.2620046,1.123604,0.08448636,1.112057,0.2751229,1.148696,0.1095087,1.120336,0.2694468,1.157474,-0.01601303,0.6430662,0.02527993,0.6437621,-0.004480232,0.6473557,0.07126155,0.6512815,-0.02410406,0.6385796,0.1041045,0.6474586,0.100384,-0.08178647,0.03598172,0.13439,0.1291946,-0.0755726,0.02059366,0.1510846,0.1090853,-0.07977908,0.00313513,0.1351818,-0.1082,0.05494068,-0.02944328,0.1248704,-0.1556454,0.05452468,-0.02563898,0.1669006,-0.1794847,0.04310593,0.003379546,0.1846194,0.1013064,-0.08086319,0.03572928,0.1344561,0.1315208,-0.07430321,0.02065094,0.1524636,0.1128638,-0.07980385,0.002863235,0.1382574,-0.1083112,0.05414575,-0.03049349,0.1248717,-0.155678,0.0543299,-0.02570821,0.1668781,-0.1791484,0.04374049,0.003256512,0.1844397,0.1131299,-0.07871463,0.0220073,0.1395661,-0.1218812,0.978066,-0.005500897,0.168825,160.561,-0.1236561,0.9923094,-0.005581006,-0.1411618,0.04990018,-0.01628576,0.1506051,0.1506064,-0.5139298,-0.1171934,0.836337,66.48936,0.274721,-0.9374593,-0.2137724,0.1121763,1.109269,0.2639821,1.145752,0.313987,-0.6766468,0.001543871,0.6660022,96.48149,0.4209224,-0.9070944,0.002069671,0.1006722,-0.07996336,0.01267474,0.1291886,-0.3194582,0.09309521,-0.5767671,0.7460693,83.49794,-0.479762,0.1398103,-0.8661881,-0.4368331,-0.2126945,-0.3625152,0.6062008,0.2536879,-0.1235578,0.9446978,0.1670993,160.7616,0.2573056,-0.1253198,0.9581696,-0.01217625,-0.009268641,0.03601792,0.03913387,0.128008,-0.2873336,0.2027015,0.9273433,43.95123,0.3420734,-0.7678365,0.5416754,-0.1265926,1.200425,-0.07142521,1.209193,-0.001745108,-0.1152601,-0.2073668,-0.9714479,332.5511,-0.007355478,-0.4858114,-0.874033,True,True,False,False
1772879690634,16.25164,0.1581598,1.118418,0.1438464,1.138668,0.05727635,-0.7486991,0.5711362,0.3316211,141.2656,0.06071187,-0.7936072,0.6053939,-0.1060207,0.6461191,-0.06112286,0.6576064,0.5231186,0.267481,-0.760807,0.2756335,148.0005,0.5441993,0.2782599,-0.791466,0.1030902,1.087774,0.2624933,1.123736,0.08466135,1.112031,0.275437,1.148758,0.10977,1.120261,0.2696651,1.157477,-0.01596641,0.6429099,0.02531609,0.6436062,-0.00445867,0.6472416,0.07132678,0.6511751,-0.02412074,0.6384676,0.1041761,0.6473603,0.1002951,-0.08182938,0.03596768,0.1343459,0.1289322,-0.07557301,0.02059397,0.1508605,0.1086788,-0.07971384,0.003154099,0.1348159,-0.1081854,0.05497954,-0.02940981,0.124867,-0.1556591,0.05451476,-0.02564009,0.1669102,-0.1795126,0.04305451,0.003382817,0.1846345,0.10122,-0.08094579,0.03574966,0.1344461,0.1312995,-0.07441177,0.02064607,0.152325,0.112506,-0.07979615,0.002888102,0.1379615,-0.1083004,0.05421703,-0.03040084,0.1248707,-0.1556764,0.0543457,-0.02570238,0.1668808,-0.1791795,0.04368184,0.003267311,0.1844562,0.1129588,-0.07877298,0.02197775,0.1394557,-0.1202497,0.9788612,-0.00342778,0.1654054,160.9584,-0.1219292,0.9925327,-0.003475655,-0.1411899,0.04991171,-0.01622637,0.1506289,0.1514044,-0.5142501,-0.1167716,0.836055,66.54829,0.2759603,-0.9373084,-0.2128361,0.112735,1.109236,0.2654663,1.146118,0.3133789,-0.6769054,0.002991593,0.6660209,96.47861,0.4201167,-0.9074613,0.004010538,0.1004025,-0.07993635,0.0126608,0.1289604,-0.3193231,0.09500394,-0.5761919,0.746331,83.4529,-0.4797703,0.1427397,-0.8657055,-0.4369752,-0.2124922,-0.3629198,0.6064743,0.2525319,-0.1249583,0.9450767,0.1656602,160.9288,0.25607,-0.1267091,0.9583178,-0.012735,-0.009236455,0.03453371,0.03794825,0.1293077,-0.2864208,0.2027421,0.9274365,43.92268,0.3457602,-0.7658702,0.5421189,-0.1265299,1.200269,-0.07097059,1.209004,-0.002078462,-0.115092,-0.2076479,-0.9714072,332.5314,-0.008754377,-0.4847619,-0.8746027,True,True,False,False
1772879690647,16.26591,0.1590296,1.11826,0.1455387,1.138849,0.05623395,-0.7490119,0.5714452,0.3305592,141.3946,0.05958341,-0.7936254,0.6054822,-0.1057549,0.6458169,-0.06111915,0.6572664,0.5233511,0.2676754,-0.7605603,0.2756839,147.9944,0.5444494,0.2784665,-0.7912214,0.103692,1.087721,0.2640312,1.124101,0.08510327,1.111998,0.2769047,1.149112,0.1103731,1.120158,0.271017,1.157751,-0.01580365,0.642466,0.02538734,0.6431616,-0.004259866,0.6468913,0.07137278,0.6508307,-0.02384369,0.6381691,0.1041693,0.6470546,0.1002206,-0.08186194,0.03591387,0.1342957,0.1289579,-0.075547,0.02058764,0.1508686,0.108472,-0.07962199,0.003165051,0.1345951,-0.1081708,0.05502417,-0.029279,0.1248432,-0.1556471,0.05452662,-0.02563863,0.1669027,-0.1795031,0.04308381,0.003260687,0.18463,0.1011408,-0.0810184,0.03576268,0.1344336,0.1311139,-0.07450175,0.02064144,0.1522085,0.1121863,-0.07978234,0.002910052,0.1376933,-0.1082902,0.054281,-0.03031193,0.1248679,-0.1556741,0.05436004,-0.02569733,0.1668825,-0.1792052,0.04363444,0.003266786,0.1844699,0.1128117,-0.07881954,0.02194902,0.1393584,-0.1187847,0.9795507,-0.001499374,0.1623838,161.3094,-0.1203824,0.9927264,-0.001519542,-0.1412098,0.04992473,-0.01617623,0.1506464,0.1520918,-0.5146199,-0.1163653,0.8357593,66.61003,0.2769859,-0.937213,-0.2119217,0.1129073,1.109177,0.2658213,1.14616,0.3093589,-0.6770743,0.006673899,0.6676998,96.22044,0.4155644,-0.9095197,0.008965105,0.1003297,-0.07988773,0.01261523,0.1288691,-0.3184363,0.09618969,-0.576265,0.7465016,83.42354,-0.4785754,0.1445627,-0.8660642,-0.4382748,-0.2124667,-0.3632174,0.6075802,0.2518574,-0.1249801,0.9455168,0.1641522,161.104,0.2553208,-0.1266988,0.9585191,-0.01290733,-0.00917685,0.03417867,0.03766955,0.1344656,-0.285172,0.2046915,0.9266593,44.16017,0.3577143,-0.7586334,0.5445338,-0.1264904,1.2001,-0.07042839,1.208802,-0.002652576,-0.1147892,-0.2080441,-0.9713568,332.5071,-0.01116284,-0.4830676,-0.8755122,True,True,False,False
1772879690661,16.27881,0.1593302,1.118217,0.146431,1.138964,0.05478734,-0.7496073,0.5718414,0.3287623,141.6127,0.05801207,-0.7937285,0.6054995,-0.1056735,0.645728,-0.06115536,0.6571693,0.5235879,0.2677819,-0.7603518,0.275706,147.9918,0.5446994,0.2785791,-0.7910097,0.1035138,1.087584,0.2646295,1.124092,0.08502966,1.111943,0.2771774,1.149119,0.1106391,1.119974,0.2709911,1.157592,-0.01575623,0.642347,0.02538636,0.6430416,-0.004235361,0.6467888,0.07139038,0.6507306,-0.02379339,0.6380647,0.1041446,0.6469457,0.100078,-0.08191873,0.03603454,0.1342564,0.1285845,-0.07547417,0.02059738,0.1505144,0.1075881,-0.07939535,0.003207758,0.1337502,-0.1081623,0.05504004,-0.02928366,0.124844,-0.155654,0.05451981,-0.02566396,0.1669108,-0.1794975,0.04310058,0.003190108,0.1846271,0.1010533,-0.08109247,0.03578505,0.1344185,0.1309058,-0.07458175,0.02063781,0.152068,0.111808,-0.07975051,0.002934544,0.1373674,-0.1082797,0.05434345,-0.03022734,0.1248655,-0.1556724,0.05437319,-0.02569458,0.1668848,-0.1792292,0.04359052,0.003260477,0.1844828,0.1126449,-0.078857,0.02191606,0.1392394,-0.117265,0.9803441,0.0008071362,0.158663,161.7414,-0.1187695,0.9929217,0.0008174916,-0.1412261,0.04993864,-0.01613206,0.1506616,0.152735,-0.5150048,-0.1159418,0.8354638,66.67167,0.2779297,-0.9371468,-0.2109776,0.1129642,1.109134,0.2661042,1.146189,0.3061704,-0.6781774,0.0106709,0.667998,96.17452,0.4114293,-0.9113291,0.01433946,0.09977894,-0.07985967,0.01254867,0.1284168,-0.3170523,0.1013776,-0.5744268,0.7478197,83.19628,-0.4775589,0.1526997,-0.8652284,-0.438483,-0.2123378,-0.3634855,0.6078457,0.24872,-0.1267554,0.9468754,0.1596827,161.623,0.251953,-0.1284031,0.9591833,-0.01296421,-0.009133697,0.03389585,0.03742224,0.1387036,-0.2824775,0.2061782,0.9265303,44.19949,0.3686768,-0.7508305,0.5480255,-0.1264632,1.199983,-0.06991994,1.208653,-0.002965151,-0.114471,-0.2082123,-0.9713574,332.5074,-0.01247837,-0.481733,-0.876229,True,True,False,False
1772879690675,16.2926,0.1597532,1.118156,0.1471628,1.139057,0.05327755,-0.7503101,0.5723423,0.3265283,141.8836,0.05636718,-0.7938214,0.6055331,-0.1056229,0.6456707,-0.06118263,0.6571074,0.5238236,0.2678155,-0.7601693,0.2757289,147.9891,0.5449482,0.2786159,-0.7908252,0.1033868,1.08749,0.2650547,1.124089,0.08480898,1.111898,0.2773385,1.149098,0.1107346,1.119835,0.2709597,1.157459,-0.01573764,0.64228,0.02539479,0.6429745,-0.00422011,0.6467267,0.07138613,0.6506683,-0.02380034,0.6379791,0.10414,0.6468608,0.09997246,-0.08197834,0.03607179,0.1342241,0.1284232,-0.07539329,0.02061209,0.1503381,0.1069907,-0.07920758,0.003236219,0.133159,-0.1081563,0.05504592,-0.02930287,0.1248459,-0.1556378,0.05453201,-0.02571471,0.1669075,-0.1794896,0.043118,0.003156222,0.184623,0.1009723,-0.08115891,0.03580655,0.1344034,0.1307196,-0.07464261,0.02063588,0.1519374,0.1114467,-0.07970979,0.002957169,0.1370503,-0.1082704,0.05439613,-0.030158,0.1248636,-0.1556698,0.0543851,-0.02569609,0.1668865,-0.1792488,0.04355508,0.003252659,0.1844932,0.1124929,-0.07888259,0.02188356,0.1391259,-0.1159233,0.9810762,0.003079878,0.155054,162.1601,-0.1173425,0.9930866,0.003117582,-0.14124,0.04995099,-0.01609691,0.150675,0.1532598,-0.5153351,-0.1155732,0.835215,66.72354,0.2786929,-0.9371032,-0.2101624,0.1129627,1.109018,0.267312,1.146358,0.3045531,-0.6836773,0.01083896,0.6631104,96.92495,0.4068729,-0.9133701,0.01448049,0.09942948,-0.07984764,0.01248238,0.1281315,-0.3157591,0.1050958,-0.5724303,0.7493829,82.9261,-0.4768789,0.1587221,-0.8645195,-0.4386255,-0.2122652,-0.3636566,0.6080255,0.2471787,-0.1275623,0.9479762,0.1548275,162.1864,0.2501957,-0.1291193,0.959547,-0.01296272,-0.009017944,0.03268796,0.03630232,0.1361713,-0.2763681,0.2094734,0.9280082,43.74718,0.3655017,-0.741808,0.5622541,-0.1263217,1.199807,-0.06943312,1.208435,-0.003275128,-0.1140971,-0.2082612,-0.9713899,332.5231,-0.01379059,-0.4804287,-0.876926,True,True,False,False
1772879690688,16.30736,0.1608893,1.11788,0.1484763,1.139117,0.05160627,-0.7511933,0.5729008,0.323775,142.2173,0.05454434,-0.7939606,0.6055175,-0.1055611,0.645702,-0.06113785,0.6571241,0.5240282,0.2677946,-0.7600237,0.2757618,147.9852,0.5451665,0.2785969,-0.7906815,0.1037801,1.087489,0.2661119,1.124374,0.08457951,1.111812,0.2781562,1.149195,0.1106939,1.119741,0.2722116,1.157658,-0.01570567,0.6423245,0.02547202,0.6430212,-0.004143876,0.6466957,0.07137451,0.6506357,-0.02383376,0.6379802,0.104231,0.6468778,0.1000909,-0.08198551,0.03582494,0.1342507,0.1288721,-0.07511099,0.02066866,0.1505884,0.1074557,-0.07922354,0.003215775,0.1335419,-0.1081527,0.0550394,-0.02933148,0.1248466,-0.1555548,0.05463267,-0.02576745,0.1668712,-0.1794907,0.04311439,0.00317385,0.1846235,0.100902,-0.08122478,0.03580802,0.1343908,0.1305724,-0.07467994,0.0206385,0.1518295,0.1111287,-0.07967104,0.002977779,0.1367696,-0.108261,0.0544474,-0.03009213,0.1248619,-0.1556606,0.05440482,-0.02570178,0.1668853,-0.179268,0.04351996,0.003246378,0.1845035,0.1123729,-0.07890045,0.02184612,0.1390331,-0.1150195,0.9816616,0.005189291,0.1519344,162.5219,-0.1163705,0.993192,0.005250243,-0.1412603,0.04996238,-0.01606021,0.1506938,0.1538656,-0.5156149,-0.1153696,0.834959,66.77686,0.279597,-0.93695,-0.209644,0.1129157,1.108875,0.2674283,1.146242,0.3001994,-0.683017,0.01521436,0.6656852,96.53018,0.4022865,-0.9152868,0.02038822,0.09985498,-0.07981481,0.01249032,0.1284423,-0.319151,0.1028472,-0.5698833,0.7501988,82.78481,-0.4826754,0.1555433,-0.8618762,-0.439582,-0.21224,-0.3633395,0.6085177,0.2532038,-0.128962,0.9467925,0.151132,162.6149,0.256146,-0.1304605,0.957794,-0.01291565,-0.008874536,0.0325717,0.03614536,0.1425563,-0.2757108,0.2111096,0.9268734,44.09491,0.3797708,-0.7344953,0.5623974,-0.1262742,1.199629,-0.06901161,1.208229,-0.003925277,-0.1140234,-0.2081024,-0.9714302,332.5425,-0.01653965,-0.4804521,-0.8768659,True,True,False,False
1772879690702,16.32108,0.1609956,1.117906,0.1494317,1.139282,0.05014735,-0.7522203,0.5732905,0.3209173,142.5632,0.05294791,-0.7942292,0.6053069,-0.1055845,0.6457011,-0.06109555,0.657123,0.524185,0.2677434,-0.7598991,0.2758567,147.9738,0.5453451,0.2785516,-0.7905744,0.1033502,1.087237,0.2665831,1.124203,0.08413804,1.111636,0.2782685,1.14902,0.1108212,1.119384,0.2718792,1.157247,-0.01575061,0.6423599,0.02554995,0.6430607,-0.004221637,0.6466774,0.07141881,0.6506228,-0.02392449,0.6380149,0.1043141,0.6469288,0.09980758,-0.08206548,0.03594065,0.1341194,0.1284163,-0.07501108,0.02068597,0.150151,0.1061778,-0.07892114,0.003278643,0.1323368,-0.1081571,0.05503246,-0.02936301,0.1248548,-0.1555114,0.05466116,-0.02576435,0.1668395,-0.1794999,0.04310016,0.003153369,0.1846288,0.1008091,-0.08129614,0.03581927,0.1343673,0.1303894,-0.07470804,0.02064252,0.1516865,0.1107085,-0.07960739,0.003003315,0.1363918,-0.1082522,0.05449706,-0.03003025,0.1248611,-0.155648,0.05442658,-0.02570709,0.1668814,-0.1792877,0.04348433,0.003238484,0.1845141,0.1122176,-0.07890718,0.02180006,0.1389042,-0.1139378,0.9824113,0.007911608,0.1477286,163.0094,-0.1152018,0.9933099,0.007999377,-0.1412824,0.04997246,-0.01602506,0.1507142,0.1545218,-0.5158665,-0.1152668,0.8346966,66.83148,0.2805864,-0.9367297,-0.2093058,0.1127536,1.108676,0.2674715,1.146044,0.2979408,-0.6820414,0.02160472,0.6675209,96.24797,0.4001401,-0.9159946,0.02901556,0.09904628,-0.07970288,0.01239892,0.1277359,-0.3171658,0.1102114,-0.568313,0.7511856,82.61366,-0.4804878,0.1669639,-0.8609613,-0.4395941,-0.2120102,-0.36333,0.6084406,0.2488203,-0.1305513,0.9484543,0.1465591,163.1449,0.2515364,-0.1319764,0.9588075,-0.01275356,-0.00867641,0.03252849,0.0360005,0.1493265,-0.2738754,0.2101267,0.9265748,44.18595,0.3970281,-0.7281778,0.5586833,-0.1261345,1.199424,-0.06860488,1.207987,-0.004388998,-0.1138607,-0.2081266,-0.9714421,332.5483,-0.01849739,-0.4798647,-0.8771474,True,True,False,False
1772879690717,16.33536,0.1613652,1.117803,0.1500803,1.139318,0.04862507,-0.7535286,0.5736081,0.3174966,142.9768,0.05127824,-0.7946439,0.6049063,-0.1056631,0.6456481,-0.06102205,0.6570768,0.5242986,0.2676254,-0.7597739,0.2761004,147.9448,0.545503,0.278449,-0.7905016,0.1028993,1.086751,0.2667254,1.123725,0.08363444,1.111293,0.2781884,1.148632,0.1106481,1.119004,0.2715215,1.156778,-0.01585869,0.6423591,0.02566363,0.6430671,-0.004348983,0.6466898,0.07152689,0.6506479,-0.02403739,0.6380888,0.1044151,0.6470221,0.09968743,-0.08212467,0.03614542,0.1341213,0.1282422,-0.07497548,0.02070701,0.1499872,0.105484,-0.0786368,0.003320113,0.1316117,-0.108156,0.05504028,-0.0293752,0.1248602,-0.1555017,0.05467609,-0.02578015,0.1668378,-0.1795067,0.04309539,0.003079712,0.184633,0.1007201,-0.0813619,0.03584516,0.1343472,0.130219,-0.07472927,0.02064764,0.1515512,0.1102938,-0.07953036,0.003028459,0.1360109,-0.1082446,0.05454018,-0.02997826,0.1248608,-0.1556364,0.05444638,-0.02571289,0.1668779,-0.1793051,0.04345346,0.003225882,0.1845235,0.1120657,-0.07890575,0.02176164,0.1387747,-0.1127834,0.9831501,0.01075197,0.1434585,163.504,-0.1139622,0.9934257,0.01086435,-0.1413007,0.04998138,-0.01599821,0.1507315,0.1551236,-0.5160955,-0.1152197,0.8344499,66.8828,0.2814882,-0.9365098,-0.2090783,0.1124945,1.10846,0.2683409,1.146013,0.3016638,-0.6813875,0.02737398,0.6663039,96.43513,0.4045484,-0.9137796,0.03671006,0.09864443,-0.07966445,0.01224476,0.1273856,-0.3128078,0.1165995,-0.5673785,0.7527534,82.34112,-0.4751731,0.1771214,-0.8618807,-0.4396134,-0.2116592,-0.3632488,0.6082838,0.2446965,-0.1292625,0.9504598,0.1415664,163.723,0.247186,-0.1305776,0.9601295,-0.01249445,-0.008460402,0.0316591,0.03507119,0.1517269,-0.2707672,0.2046005,0.9283335,43.64703,0.4081436,-0.7283607,0.550373,-0.1260123,1.199362,-0.06809607,1.207885,-0.004782544,-0.1134495,-0.2082554,-0.9714608,332.5573,-0.02016247,-0.4782858,-0.8779729,True,True,False,False
1772879690731,16.34935,0.1619417,1.117504,0.1513453,1.139274,0.04723208,-0.7549624,0.5738382,0.3138641,143.4155,0.04974584,-0.7951426,0.6043787,-0.1058445,0.6454822,-0.06096719,0.6569378,0.5242986,0.2676254,-0.7597739,0.2761004,147.9448,0.545503,0.278449,-0.7905016,0.1029933,1.086625,0.2675832,1.123816,0.08324006,1.110664,0.2789106,1.14817,0.1101643,1.118531,0.2723657,1.156474,-0.01603316,0.6420338,0.02570095,0.6427479,-0.004434605,0.646513,0.07148668,0.6504684,-0.02424197,0.6381177,0.1045369,0.6470779,0.09953789,-0.08223514,0.03562695,0.1339391,0.1282383,-0.07508957,0.02074017,0.1500455,0.105555,-0.07858063,0.003335521,0.1316355,-0.1081194,0.05515943,-0.02927411,0.1248573,-0.1554389,0.05476191,-0.02586391,0.1668204,-0.1795901,0.04293411,0.002979726,0.1846749,0.1006228,-0.08143378,0.0358272,0.134313,0.1300559,-0.07475893,0.02065526,0.1514268,0.1099037,-0.07945218,0.003053736,0.1356495,-0.1082343,0.05459115,-0.02992029,0.1248602,-0.1556201,0.05447236,-0.02572532,0.1668732,-0.1793286,0.04341071,0.003205619,0.1845359,0.1119235,-0.07890747,0.02170807,0.1386525,-0.1115297,0.9837842,0.01366908,0.1397964,163.9279,-0.1126358,0.9935405,0.01380464,-0.1413258,0.04998906,-0.01596953,0.1507545,0.155947,-0.516353,-0.115269,0.8341302,66.94924,0.2827342,-0.9361555,-0.2089844,0.112327,1.10834,0.2682903,1.145869,0.2989709,-0.6829334,0.03642809,0.6655009,96.55846,0.4005522,-0.9149734,0.04880525,0.09865939,-0.07961161,0.0119631,0.1273374,-0.3071293,0.117358,-0.5693204,0.7535072,82.2098,-0.4671597,0.1785077,-0.865966,-0.4403526,-0.2117738,-0.3629134,0.6086581,0.2443217,-0.1229028,0.9517816,0.1389741,164.023,0.2467158,-0.1241071,0.9611081,-0.01232701,-0.008340001,0.03170967,0.03502876,0.1589684,-0.264546,0.2038507,0.92908,43.41632,0.4297848,-0.7152228,0.5511279,-0.1259619,1.1993,-0.06756885,1.207788,-0.004585768,-0.1127929,-0.208529,-0.9714795,332.5663,-0.01933914,-0.4756711,-0.8794104,True,True,False,False
1772879690747,16.3617,0.1621594,1.117466,0.1519839,1.139353,0.04623455,-0.7563076,0.5739037,0.3106376,143.8047,0.0486409,-0.7956707,0.6037734,-0.1058747,0.6454225,-0.06092757,0.6568803,0.5243174,0.26746,-0.7597446,0.2763051,147.9204,0.5455559,0.278294,-0.7905196,0.1025455,1.086458,0.2678364,1.123674,0.08253051,1.110327,0.2786084,1.14772,0.1100618,1.118091,0.2718397,1.155914,-0.01608305,0.6419491,0.02575674,0.6426668,-0.004476201,0.6465163,0.07151559,0.650475,-0.02432732,0.6381629,0.104619,0.647139,0.09955095,-0.08226812,0.03547759,0.1339294,0.1280923,-0.07472973,0.02081597,0.1497513,0.1046775,-0.07817376,0.003381938,0.1306903,-0.1081013,0.0552156,-0.02922536,0.124855,-0.1554098,0.05478938,-0.02588329,0.1668054,-0.179606,0.04290839,0.002979599,0.1846844,0.1005362,-0.08150121,0.03579894,0.1342815,0.1298972,-0.07475657,0.02066825,0.1512911,0.1094814,-0.07934886,0.00308026,0.1352475,-0.1082235,0.05464162,-0.02986413,0.1248595,-0.1556031,0.05449798,-0.02573809,0.1668676,-0.179351,0.04337012,0.003187353,0.1845478,0.1117892,-0.07888724,0.02164098,0.138522,-0.1105364,0.9844356,0.01694109,0.1355775,164.416,-0.1115665,0.9936098,0.01709897,-0.1413507,0.0499972,-0.01594082,0.1507775,0.1567274,-0.5166011,-0.1152897,0.8338274,67.01213,0.2839136,-0.9358287,-0.2088487,0.1118821,1.107826,0.2687719,1.145441,0.302492,-0.685552,0.03076319,0.6614913,97.17259,0.4033481,-0.9141268,0.04102017,0.09820824,-0.07944661,0.01170886,0.126861,-0.3022847,0.1212824,-0.5651564,0.7579663,81.42953,-0.463418,0.1859321,-0.866414,-0.4403776,-0.2116031,-0.3627408,0.6085139,0.2427854,-0.1204514,0.9537127,0.1303036,165.0257,0.2448731,-0.1214872,0.9619137,-0.01188207,-0.007826209,0.03122815,0.03431663,0.1509175,-0.2639149,0.204141,0.9305372,42.96261,0.4121203,-0.72069,0.5574612,-0.1258184,1.199173,-0.06710562,1.207622,-0.004255111,-0.1123164,-0.2082737,-0.971591,332.6203,-0.01797936,-0.4745768,-0.8800308,True,True,False,False
1772879690760,16.37825,0.1626989,1.1175,0.1522846,1.139503,0.04541628,-0.7576879,0.5737849,0.3075991,144.1708,0.04773044,-0.7962955,0.6030219,-0.1058755,0.6452288,-0.06080026,0.6566784,0.5243174,0.26746,-0.7597446,0.2763051,147.9204,0.5455559,0.278294,-0.7905196,0.1018726,1.086036,0.2678265,1.123203,0.08229242,1.110005,0.2788583,1.147452,0.1094847,1.117872,0.2726199,1.155832,-0.01615901,0.6416333,0.02591812,0.6423599,-0.004484598,0.6463271,0.07166025,0.6503031,-0.02429838,0.6380297,0.1047451,0.6470269,0.1000032,-0.08219427,0.03582129,0.1343119,0.1283258,-0.07513149,0.02073678,0.1501408,0.1053939,-0.07869714,0.003368929,0.1315769,-0.1080941,0.05524496,-0.02908115,0.1248281,-0.1554246,0.05477884,-0.02587619,0.1668146,-0.1796221,0.0428868,0.002917863,0.1846941,0.1004978,-0.0815511,0.03580055,0.1342835,0.1297841,-0.07478356,0.02067318,0.151208,0.1091871,-0.07930194,0.003101043,0.1349823,-0.1082142,0.05468506,-0.02980776,0.124857,-0.1555903,0.0545182,-0.02574803,0.1668638,-0.1793705,0.04333532,0.003167951,0.1845583,0.1116969,-0.07889121,0.02159983,0.1384434,-0.1096697,0.984956,0.01895222,0.1321936,164.8073,-0.1106407,0.9936765,0.01912002,-0.1413698,0.05000454,-0.01591483,0.150795,0.1573839,-0.5168782,-0.1152529,0.8335371,67.07237,0.2848766,-0.9355881,-0.2086164,0.1116919,1.107543,0.2687696,1.145148,0.3017289,-0.6855598,0.03592183,0.6615717,97.16029,0.4023685,-0.9142237,0.04790332,0.09861108,-0.07985976,0.01197828,0.1274567,-0.3070467,0.1181606,-0.5681503,0.7542981,82.07185,-0.4676796,0.1799768,-0.8653809,-0.4405354,-0.21173,-0.3621209,0.6083031,0.2493652,-0.1203976,0.9514159,0.1346454,164.5238,0.2516569,-0.1215041,0.9601592,-0.01169185,-0.007542849,0.03123045,0.03418969,0.1551465,-0.2612188,0.2027586,0.9309047,42.84747,0.4247534,-0.7151533,0.5551036,-0.1256275,1.199064,-0.06663805,1.207467,-0.004504343,-0.111926,-0.2082539,-0.9716392,332.6436,-0.01904839,-0.4733232,-0.8806837,True,True,False,False
1772879690775,16.39185,0.162835,1.117494,0.1529199,1.139602,0.044717,-0.7590207,0.5735741,0.3047962,144.5082,0.04695104,-0.7969411,0.6022295,-0.1058716,0.6451263,-0.06080365,0.6565774,0.5243174,0.26746,-0.7597446,0.2763051,147.9204,0.5455559,0.278294,-0.7905196,0.101327,1.085623,0.2680309,1.122803,0.08202507,1.109534,0.2787826,1.146958,0.1092734,1.117446,0.27243,1.155355,-0.01611919,0.6415805,0.02592132,0.6423062,-0.004474957,0.6462543,0.07168786,0.6502336,-0.02427421,0.6379699,0.1047405,0.6469663,0.1000196,-0.08218235,0.03594021,0.1343486,0.1279214,-0.0751093,0.0207303,0.1497833,0.104809,-0.07845361,0.003408134,0.1309638,-0.1081179,0.05523448,-0.02913702,0.1248571,-0.1554597,0.05475845,-0.02589107,0.1668429,-0.1796331,0.04287117,0.002874635,0.1847004,0.1004527,-0.08161058,0.03581371,0.1342895,0.1296086,-0.07481425,0.02067856,0.1510734,0.1087746,-0.07922202,0.003129974,0.1346025,-0.1082051,0.05473682,-0.02974457,0.1248568,-0.155578,0.05454083,-0.02576151,0.1668618,-0.1793952,0.04329159,0.003140318,0.1845716,0.1115571,-0.07888757,0.02154511,0.13832,-0.1084675,0.9856797,0.02183183,0.127255,165.378,-0.1093566,0.9937589,0.02201078,-0.1413926,0.05001243,-0.0158886,0.1508163,0.1581887,-0.5172028,-0.1152172,0.8331882,67.14469,0.286061,-0.9352851,-0.2083533,0.1110655,1.107065,0.2691104,1.144705,0.3071834,-0.6867428,0.0358383,0.6578286,97.73105,0.4078553,-0.9118059,0.04758343,0.09817779,-0.07972355,0.01187768,0.1270268,-0.3035716,0.1217331,-0.5668739,0.7560949,81.75775,-0.4638489,0.1860048,-0.8661675,-0.4404535,-0.2117386,-0.3618688,0.6080967,0.2477384,-0.1182963,0.9527023,0.1303462,165.0208,0.2498701,-0.1193142,0.9609002,-0.0110655,-0.007065177,0.03088957,0.03356378,0.1509097,-0.2587451,0.1987531,0.9331531,42.13647,0.4198004,-0.719777,0.5528911,-0.1254254,1.199007,-0.06615891,1.207363,-0.005023781,-0.1116186,-0.2084737,-0.9716249,332.6367,-0.02123975,-0.4719058,-0.8813937,True,True,False,False
1772879690788,16.40588,0.1631014,1.117106,0.1533339,1.139315,0.04403725,-0.7601546,0.573325,0.3025298,144.7808,0.04620228,-0.7975267,0.6015118,-0.1058216,0.6448945,-0.06085372,0.6563461,0.5243174,0.26746,-0.7597446,0.2763051,147.9204,0.5455559,0.278294,-0.7905196,0.1014123,1.085279,0.2681205,1.122498,0.08155566,1.108906,0.2789459,1.146357,0.1085393,1.116958,0.272906,1.154926,-0.0159865,0.6413963,0.02586113,0.6421165,-0.004363876,0.6460708,0.07159825,0.6500407,-0.02418933,0.6377313,0.1046632,0.6467153,0.09983878,-0.08224379,0.03553398,0.1341435,0.1281237,-0.07517049,0.02071315,0.1499844,0.1053552,-0.07850646,0.003395289,0.1314325,-0.1081396,0.05525993,-0.029227,0.1249082,-0.1554473,0.05477174,-0.02597652,0.166849,-0.1796167,0.04290351,0.00284832,0.1846916,0.1004044,-0.08166042,0.0357917,0.1342778,0.1294917,-0.07484229,0.02068129,0.1509874,0.1085055,-0.0791657,0.003150858,0.1343524,-0.1082,0.05477799,-0.02970383,0.1248606,-0.1555677,0.05455901,-0.02577843,0.1668608,-0.1794127,0.04326104,0.003117334,0.184581,0.1114624,-0.0788893,0.02149988,0.1382376,-0.1075617,0.9860924,0.02393853,0.1244151,165.706,-0.108404,0.9938142,0.02412599,-0.1414124,0.0500202,-0.01587284,0.1508358,0.1587565,-0.5174282,-0.1151414,0.8329507,67.19389,0.2869022,-0.9350879,-0.2080817,0.1106675,1.106806,0.2689888,1.144387,0.3035443,-0.6884457,0.04297824,0.6573099,97.80994,0.4027813,-0.9135179,0.05702902,0.0985944,-0.07969569,0.01185316,0.1273293,-0.302521,0.1177536,-0.569572,0.7551179,81.92866,-0.4614491,0.1796149,-0.8687943,-0.4405873,-0.2120848,-0.3611387,0.6078801,0.2521292,-0.1135218,0.9519145,0.1319189,164.839,0.2543521,-0.1145226,0.9603071,-0.01066747,-0.006805658,0.03101116,0.03349335,0.1571912,-0.2535283,0.199571,0.9333735,42.06615,0.4379722,-0.7063902,0.5560523,-0.1252285,1.198882,-0.06569227,1.207194,-0.005158979,-0.1114138,-0.2085622,-0.9716286,332.6385,-0.02181278,-0.4710707,-0.8818258,True,True,False,False
1772879690801,16.41929,0.1632003,1.117085,0.1537148,1.13936,0.04308052,-0.7616814,0.5729862,0.2994531,145.1505,0.04515253,-0.7983154,0.6005447,-0.1057663,0.6448129,-0.0608595,0.6562577,0.5243526,0.267272,-0.7597039,0.2765327,147.8932,0.5456296,0.2781173,-0.7905309,0.1005052,1.084906,0.268115,1.122055,0.08080764,1.108506,0.2785608,1.145824,0.1081184,1.116551,0.2724207,1.154378,-0.0159392,0.6413561,0.02587985,0.6420758,-0.004337144,0.6460863,0.0716188,0.6500581,-0.02419351,0.6377366,0.1046907,0.6467251,0.1001219,-0.08220503,0.035658,0.1343635,0.1280446,-0.07498489,0.02074853,0.1498287,0.1048617,-0.07821598,0.003416494,0.130864,-0.1081377,0.05528433,-0.02923149,0.1249183,-0.1554486,0.05477005,-0.02599975,0.1668533,-0.1796172,0.04290191,0.002857991,0.1846918,0.1003815,-0.08170453,0.03578087,0.1342846,0.1293745,-0.07485384,0.02068673,0.1508933,0.1082103,-0.07908876,0.003172376,0.1340693,-0.1081949,0.05481901,-0.02966557,0.1248652,-0.155558,0.0545761,-0.02579636,0.1668601,-0.1794292,0.04323195,0.003096325,0.1845899,0.1113726,-0.07887637,0.02144938,0.13815,-0.1067209,0.9865713,0.02634372,0.1208052,166.1228,-0.1075083,0.9938499,0.02653808,-0.141432,0.05002839,-0.01585767,0.1508553,0.1592778,-0.5176423,-0.1150209,0.8327348,67.23859,0.2876753,-0.9349259,-0.207742,0.1102253,1.106518,0.2687927,1.144019,0.301014,-0.6896933,0.04206201,0.6572248,97.82287,0.3993846,-0.9150833,0.05580777,0.09833972,-0.07966097,0.01169986,0.1270963,-0.2991542,0.1224284,-0.565305,0.7589127,81.26312,-0.4593945,0.1880065,-0.8681075,-0.440489,-0.2120223,-0.3606898,0.6075205,0.2508058,-0.1129188,0.9533629,0.1242789,165.7218,0.2527654,-0.113801,0.9608117,-0.01022527,-0.006517649,0.03120726,0.03348028,0.157249,-0.2531024,0.2024612,0.9328567,42.23086,0.436502,-0.7025781,0.5620051,-0.1250128,1.198877,-0.06525267,1.207142,-0.005235632,-0.1112518,-0.2082944,-0.9717042,332.6751,-0.02216599,-0.4710045,-0.8818519,True,True,False,False
1772879690814,16.43286,0.1634091,1.117202,0.1538324,1.13952,0.04228663,-0.762893,0.5727197,0.296982,145.4471,0.04428462,-0.7989387,0.59978,-0.1056682,0.6446911,-0.06085017,0.6561213,0.524386,0.2671193,-0.7596598,0.2767377,147.8688,0.545698,0.2779755,-0.7905337,0.0999582,1.084517,0.267842,1.121565,0.08027437,1.108346,0.278225,1.14555,0.1078381,1.116347,0.2722124,1.154105,-0.01586824,0.6412357,0.02592241,0.6419556,-0.00423779,0.6460097,0.0716299,0.6499826,-0.02414179,0.6377255,0.1047363,0.6467196,0.1002052,-0.08221135,0.03595433,0.1345084,0.128123,-0.07494605,0.02075823,0.1498777,0.1047097,-0.07827435,0.003418609,0.1307773,-0.1081356,0.05531562,-0.02919483,0.1249218,-0.1554313,0.05481842,-0.02601703,0.1668557,-0.1796308,0.04287956,0.002839111,0.1846996,0.1003678,-0.08174393,0.03579435,0.1343019,0.1292772,-0.074861,0.02069229,0.1508143,0.1079382,-0.07902546,0.003191516,0.1338128,-0.1081903,0.05485761,-0.02962898,0.1248694,-0.1555482,0.05459494,-0.02581351,0.1668598,-0.1794449,0.04320456,0.003076332,0.1845984,0.1112927,-0.07886546,0.02141201,0.1380735,-0.1060681,0.9870124,0.02840873,0.1172562,166.5324,-0.1068048,0.9938684,0.02860606,-0.1414515,0.05003616,-0.01584287,0.1508746,0.1598043,-0.5178361,-0.1149629,0.8325214,67.28275,0.2884592,-0.9347341,-0.2075169,0.1092158,1.105948,0.268859,1.143387,0.3082514,-0.6880137,0.04387999,0.6555097,98.08339,0.408179,-0.911051,0.05810482,0.09832754,-0.07968399,0.01186172,0.1271163,-0.3013082,0.1259477,-0.5643906,0.7581648,81.39465,-0.4620845,0.1931526,-0.865546,-0.4402551,-0.212038,-0.3602413,0.6070901,0.2513591,-0.1156967,0.9529796,0.1235432,165.8067,0.2532996,-0.1165898,0.9603366,-0.009215817,-0.005948067,0.03114104,0.03301629,0.1552078,-0.2525301,0.1951963,0.9348999,41.57609,0.4373135,-0.711529,0.5499853,-0.1247753,1.198926,-0.06472141,1.207138,-0.005227257,-0.1112745,-0.2078335,-0.9718004,332.7219,-0.02216771,-0.4718923,-0.8813786,True,True,False,False
1772879690828,16.44688,0.1631007,1.116729,0.1541974,1.139062,0.04126104,-0.7642019,0.5723877,0.29439,145.7581,0.04317429,-0.7996375,0.598929,-0.1055467,0.6444184,-0.06083163,0.655832,0.524386,0.2671193,-0.7596598,0.2767377,147.8688,0.545698,0.2779755,-0.7905337,0.09966782,1.084022,0.2678193,1.121055,0.0792908,1.107559,0.2783953,1.144761,0.1065476,1.115685,0.2726374,1.153445,-0.01569215,0.6409087,0.02593653,0.6416252,-0.004052405,0.6457325,0.0715799,0.6497003,-0.02394326,0.6375279,0.1047271,0.646516,0.09975278,-0.08242701,0.03547672,0.1341769,0.1282346,-0.0752359,0.02070686,0.150111,0.1051582,-0.07846964,0.003411159,0.1312531,-0.10814,0.05539256,-0.02919385,0.1249595,-0.1553849,0.05487425,-0.02607644,0.1668401,-0.1796381,0.04288376,0.002728246,0.184706,0.1003195,-0.0817976,0.03576939,0.1342918,0.1291953,-0.07489046,0.02069343,0.1507588,0.1077198,-0.07898179,0.003208773,0.1336113,-0.1081864,0.05489964,-0.02959479,0.1248764,-0.1555354,0.05461688,-0.02583417,0.1668582,-0.1794601,0.04317936,0.003048982,0.1846068,0.1112186,-0.07887334,0.02137434,0.1380125,-0.1052986,0.9872962,0.03028304,0.1150711,166.7845,-0.1060027,0.9938985,0.03048554,-0.1414716,0.0500466,-0.01583211,0.1508957,0.1603593,-0.5180438,-0.1149218,0.8322912,67.33035,0.2892803,-0.9345257,-0.2073133,0.1088949,1.105678,0.2687311,1.143065,0.3040368,-0.6885288,0.04693812,0.6567242,97.89897,0.4031618,-0.9130098,0.06224135,0.09841583,-0.07964684,0.01173867,0.1271499,-0.2965783,0.1237686,-0.5694659,0.7565919,81.67068,-0.4535618,0.1892813,-0.8708931,-0.4399227,-0.2126268,-0.3592862,0.6064889,0.2524998,-0.1083224,0.9532322,0.1259314,165.5309,0.2545261,-0.1091917,0.9608817,-0.008894853,-0.005677938,0.03126892,0.03300156,0.1596818,-0.2510909,0.1976442,0.9340193,41.85947,0.447009,-0.7028973,0.5532798,-0.1245511,1.198947,-0.06433243,1.207115,-0.005378926,-0.1111628,-0.2079841,-0.9717801,332.712,-0.02280281,-0.4712508,-0.8817044,True,True,False,False
1772879690842,16.46018,0.1630417,1.116774,0.1546082,1.139153,0.0400866,-0.7655241,0.5719521,0.2919532,146.0501,0.04191263,-0.8003953,0.5980057,-0.1055574,0.6443911,-0.06085543,0.6558091,0.524386,0.2671193,-0.7596598,0.2767377,147.8688,0.545698,0.2779755,-0.7905337,0.09890242,1.083675,0.2678308,1.120655,0.07876547,1.107261,0.2781484,1.144377,0.1063348,1.115308,0.2722616,1.152972,-0.01564641,0.6409105,0.02590336,0.6416246,-0.004054878,0.6457121,0.07155246,0.649677,-0.02392811,0.6375114,0.1046882,0.6464928,0.09977834,-0.08247774,0.03564347,0.1342712,0.1279322,-0.0752313,0.02070659,0.1498505,0.1044435,-0.07835715,0.003444433,0.1306145,-0.108152,0.05541269,-0.02925358,0.1249928,-0.1553849,0.05487555,-0.0260877,0.1668423,-0.179633,0.04289605,0.002699375,0.1847034,0.1002757,-0.08185266,0.0357592,0.13429,0.129093,-0.07491805,0.0206945,0.1506851,0.1074546,-0.07893122,0.00322785,0.1333681,-0.1081836,0.05494117,-0.02956717,0.1248857,-0.1555232,0.05463782,-0.02585469,0.1668569,-0.1794741,0.04315642,0.003020681,0.1846146,0.1111278,-0.07887809,0.02133346,0.1379357,-0.1045175,0.987655,0.03236248,0.1120998,167.1273,-0.1051804,0.9939197,0.03256776,-0.1414904,0.05005772,-0.01582543,0.1509164,0.1608837,-0.5182257,-0.1148773,0.8320828,67.37342,0.2900628,-0.9343269,-0.2071162,0.108549,1.105426,0.2686779,1.142776,0.3003953,-0.6906632,0.04818858,0.6560678,97.99866,0.3980318,-0.915147,0.06385114,0.09796298,-0.07965884,0.01169464,0.1268032,-0.2954346,0.1297071,-0.5670577,0.7578523,81.44955,-0.4528245,0.1988073,-0.8691523,-0.4396982,-0.2126612,-0.3589478,0.6061376,0.2502711,-0.1103874,0.9541454,0.1215966,166.0315,0.252142,-0.1112126,0.9612784,-0.008548982,-0.005426049,0.03132215,0.03291814,0.1613843,-0.2486268,0.2009197,0.933687,41.96596,0.45068,-0.6943126,0.5610862,-0.1243195,1.198967,-0.06395532,1.20709,-0.005724797,-0.1112738,-0.2079154,-0.9717801,332.712,-0.02426908,-0.4717219,-0.8814141,True,True,False,False
1772879690857,16.47386,0.1634126,1.116822,0.1548831,1.139291,0.0387689,-0.7669331,0.5714864,0.2893333,146.3639,0.0405012,-0.8012018,0.5970221,-0.1055737,0.6444457,-0.06087124,0.6558669,0.5244679,0.2669643,-0.7595953,0.2769089,147.8484,0.5458113,0.2778285,-0.7905072,0.09832733,1.08309,0.2676319,1.119991,0.07821965,1.10709,0.27787,1.144106,0.1060845,1.11508,0.2720281,1.152674,-0.01565891,0.6410281,0.02590738,0.6417425,-0.004102204,0.6458272,0.0715543,0.649792,-0.02397749,0.6376524,0.104693,0.6466345,0.09987696,-0.0825074,0.03610211,0.1344851,0.1280646,-0.07515562,0.02072167,0.1499277,0.1042646,-0.07829069,0.003454566,0.1304319,-0.1081524,0.05542111,-0.02929913,0.1250076,-0.1553729,0.05488551,-0.02611023,0.166838,-0.1796333,0.04290007,0.002661481,0.1847042,0.1002449,-0.08190314,0.03578564,0.1343048,0.1290137,-0.07493638,0.0206966,0.1506265,0.1072086,-0.07888183,0.003245332,0.1331411,-0.1081812,0.05497818,-0.0295465,0.124895,-0.1555116,0.05465692,-0.0258744,0.1668554,-0.1794864,0.04313666,0.002992985,0.1846215,0.1110472,-0.07888016,0.02131111,0.1378685,-0.103862,0.9879978,0.03429335,0.1090737,167.4762,-0.1044854,0.9939279,0.03449919,-0.141507,0.05006788,-0.01582252,0.150935,0.1613559,-0.5183777,-0.1148569,0.8318995,67.41128,0.29077,-0.9341379,-0.2069768,0.1080645,1.104838,0.2691799,1.142279,0.3004961,-0.6946382,0.04600367,0.651969,98.61957,0.3963044,-0.9161122,0.06067119,0.0979663,-0.07970984,0.01175051,0.1268429,-0.2962678,0.1335246,-0.5645982,0.7586998,81.30058,-0.4547889,0.2049683,-0.8666921,-0.4396234,-0.2124752,-0.3585245,0.6057675,0.2508555,-0.1129452,0.9541155,0.1182325,166.4198,0.2526274,-0.113743,0.9608548,-0.008064531,-0.004837513,0.0308201,0.03222292,0.1570353,-0.2451446,0.2031455,0.9348669,41.58669,0.4423549,-0.6905513,0.5722433,-0.1240338,1.199014,-0.06360143,1.207089,-0.006037809,-0.1114976,-0.2079574,-0.9717436,332.6942,-0.0255797,-0.4723691,-0.8810294,True,True,False,False
1772879690870,16.48849,0.1635434,1.116661,0.1555935,1.139249,0.03741811,-0.7683147,0.5711241,0.2865478,146.6972,0.03905589,-0.8019435,0.596122,-0.1055229,0.6444345,-0.0609223,0.6558524,0.5244679,0.2669643,-0.7595953,0.2769089,147.8484,0.5458113,0.2778285,-0.7905072,0.09782986,1.082758,0.2679534,1.119703,0.07777283,1.106593,0.2780894,1.143648,0.1056926,1.114558,0.2724454,1.152232,-0.01556413,0.6410699,0.02583672,0.6417791,-0.003966298,0.6458258,0.07145557,0.6497789,-0.02389162,0.6377705,0.1046578,0.646742,0.09986722,-0.08260215,0.03599796,0.1345081,0.1279016,-0.07534303,0.02068426,0.1498773,0.1040677,-0.07850779,0.003458112,0.1304052,-0.1081544,0.05541684,-0.02937062,0.1250242,-0.1553545,0.05494367,-0.026187,0.166852,-0.1796768,0.04283176,0.002553537,0.1847291,0.100215,-0.08195848,0.03580245,0.1343208,0.1289257,-0.07496857,0.02069562,0.150567,0.10696,-0.07885222,0.003262176,0.1329238,-0.1081791,0.05501291,-0.02953258,0.1249052,-0.1554992,0.05467962,-0.02589914,0.1668551,-0.1795014,0.04311252,0.002958196,0.1846299,0.1109632,-0.078894,0.02128184,0.1378043,-0.1032379,0.988337,0.0360104,0.1059957,167.8309,-0.1038228,0.9939362,0.03621441,-0.1415265,0.05007505,-0.01582554,0.150956,0.1619459,-0.5185007,-0.115002,0.8316881,67.45492,0.2916667,-0.9338266,-0.2071201,0.1078278,1.104611,0.2691535,1.142032,0.2976021,-0.6938653,0.05146344,0.653709,98.35634,0.3932655,-0.9169064,0.06800622,0.09789165,-0.07997688,0.01185351,0.1269629,-0.2996683,0.1319711,-0.5640565,0.7580388,81.41679,-0.4594664,0.2023446,-0.8648396,-0.439906,-0.2125074,-0.3576054,0.6054406,0.2566358,-0.1140211,0.9525086,0.1177488,166.4756,0.2584336,-0.1148198,0.9591811,-0.007827833,-0.004611373,0.03084648,0.03215657,0.1632682,-0.2435479,0.2030893,0.9342285,41.79229,0.4577503,-0.6828284,0.5693955,-0.1237839,1.199023,-0.0632724,1.207055,-0.006087949,-0.1120175,-0.2076727,-0.9717444,332.6946,-0.02579249,-0.4745785,-0.8798358,True,True,False,False
1772879690884,16.50202,0.163589,1.116634,0.1561916,1.13931,0.03619338,-0.7695483,0.5709165,0.2837953,147.0263,0.03774528,-0.8025451,0.5953963,-0.1054407,0.6443548,-0.06093134,0.6557618,0.5245827,0.2667938,-0.7595252,0.2770478,147.8318,0.5459535,0.2776627,-0.7904672,0.09709569,1.082232,0.2680804,1.119161,0.07733558,1.106239,0.2779464,1.143241,0.105426,1.114223,0.2721452,1.151811,-0.01555351,0.6409754,0.02590174,0.6416871,-0.003923093,0.6457884,0.07147211,0.6497433,-0.02388404,0.6377827,0.1047077,0.6467619,0.09987267,-0.08265205,0.03630436,0.1346251,0.1275572,-0.07532056,0.02068548,0.1495725,0.1034339,-0.07825139,0.003482804,0.1297458,-0.1081716,0.05541751,-0.02930735,0.1250245,-0.155344,0.05495612,-0.02620316,0.1668489,-0.1797026,0.04279638,0.002535991,0.1847457,0.1001862,-0.08201688,0.03584471,0.1343462,0.1288105,-0.07499821,0.02069477,0.150483,0.106663,-0.07880163,0.003280754,0.1326554,-0.1081784,0.05504698,-0.02951361,0.1249152,-0.1554861,0.0547029,-0.02592474,0.1668545,-0.1795184,0.0430859,0.002922646,0.1846396,0.1108531,-0.07890189,0.02125547,0.1377161,-0.1024988,0.988739,0.03815427,0.1021441,168.2747,-0.1030378,0.9939377,0.03835488,-0.1415496,0.0500806,-0.01582566,0.1509795,0.1625689,-0.5186439,-0.115163,0.831455,67.50301,0.2926048,-0.9334976,-0.2072798,0.1068437,1.104244,0.2694196,1.141646,0.3000769,-0.6984501,0.04776978,0.6479502,99.22554,0.3939657,-0.916983,0.06271611,0.09741574,-0.07991683,0.01173531,0.1265474,-0.2957374,0.1381016,-0.5625141,0.7596349,81.13594,-0.454736,0.2123498,-0.8649411,-0.4398502,-0.2124601,-0.357307,0.6052072,0.2528037,-0.1136062,0.9541545,0.1130188,167.0213,0.2544339,-0.1143388,0.9603074,-0.006843664,-0.004243612,0.03058037,0.03162283,0.1559338,-0.2396851,0.2041796,0.9362407,41.14099,0.4438013,-0.6821647,0.581113,-0.1234718,1.199085,-0.06298063,1.20707,-0.006160575,-0.1124468,-0.2075049,-0.9717302,332.6877,-0.02609372,-0.4762792,-0.878907,True,True,False,False
1772879690896,16.51605,0.1635719,1.116566,0.1566037,1.139298,0.03497229,-0.7707595,0.5708257,0.2808288,147.3806,0.03643866,-0.803077,0.5947601,-0.1051406,0.6441047,-0.06087507,0.6554626,0.5246772,0.2666216,-0.7594687,0.2771897,147.8149,0.546075,0.2774952,-0.7904421,0.09666271,1.082122,0.2680778,1.119017,0.07633621,1.105982,0.2779557,1.142928,0.1044128,1.113981,0.2725723,1.151586,-0.01532842,0.6407152,0.02602801,0.6414268,-0.003675569,0.6455669,0.07156096,0.6495315,-0.02366125,0.6375823,0.104809,0.6465725,0.09971415,-0.08275504,0.03603309,0.1344979,0.1278188,-0.07538779,0.02067436,0.1498279,0.1038272,-0.07850519,0.003471419,0.1302121,-0.1081867,0.05541181,-0.02924099,0.1250194,-0.1553362,0.05496606,-0.02619129,0.166843,-0.1797089,0.04278828,0.002553962,0.1847502,0.1001492,-0.08207469,0.03585947,0.1343578,0.1287328,-0.07502872,0.02069317,0.1504315,0.1064409,-0.07877842,0.003295688,0.1324635,-0.1081791,0.05507555,-0.02949226,0.1249233,-0.1554743,0.05472352,-0.02594562,0.1668536,-0.1795333,0.04306259,0.002893768,0.1846482,0.1107734,-0.07891886,0.02123152,0.1376579,-0.102002,0.9889943,0.03973455,0.09953472,168.5752,-0.1025111,0.99393,0.03993285,-0.1415716,0.05008473,-0.015822,0.1510011,0.1631116,-0.5187793,-0.115306,0.8312445,67.54645,0.2934152,-0.9332119,-0.2074194,0.1064596,1.104078,0.2692584,1.141412,0.2973275,-0.6989991,0.05309545,0.6482111,99.18627,0.3904699,-0.9179714,0.06972841,0.09769809,-0.08007127,0.01187657,0.1268754,-0.3002644,0.1336479,-0.5633122,0.7580627,81.41261,-0.4603997,0.2049243,-0.8637348,-0.4397422,-0.2131391,-0.3563122,0.6047809,0.2609282,-0.113398,0.951807,0.114547,166.845,0.262657,-0.1141493,0.9581134,-0.006459564,-0.004077911,0.03074163,0.03167654,0.161066,-0.2365543,0.2045367,0.9360902,41.19004,0.4578857,-0.6724871,0.581466,-0.1232351,1.199087,-0.06272259,1.207034,-0.005872978,-0.112842,-0.2073417,-0.971721,332.6833,-0.0248716,-0.4778768,-0.8780754,True,True,False,False
1772879690910,16.5287,0.1634476,1.116616,0.1570737,1.139394,0.03371068,-0.7719396,0.5707414,0.2778976,147.7305,0.03509297,-0.8035926,0.5941443,-0.1050491,0.6440318,-0.06082274,0.6553714,0.5247946,0.2664422,-0.7594044,0.2773163,147.7998,0.5462179,0.277319,-0.790405,0.09593689,1.08179,0.2680525,1.118627,0.07576969,1.105698,0.2776207,1.142534,0.1040286,1.113694,0.2721689,1.151178,-0.01527925,0.6406619,0.02612513,0.6413764,-0.003627081,0.6455356,0.07164064,0.6495088,-0.02360753,0.6375548,0.1048741,0.646554,0.09957992,-0.08283929,0.03617081,0.1344873,0.1273994,-0.07536633,0.02067594,0.1494597,0.1031407,-0.07833113,0.003502026,0.129561,-0.1081904,0.05540999,-0.02923141,0.1250197,-0.1553269,0.0549734,-0.02620552,0.166839,-0.1796959,0.04281479,0.002529293,0.1847434,0.1001031,-0.08213664,0.03588469,0.134368,0.1286248,-0.07505608,0.02069177,0.1503526,0.1061736,-0.07874218,0.003312405,0.1322276,-0.10818,0.05510265,-0.02947112,0.124931,-0.1554624,0.05474376,-0.02596668,0.1668523,-0.1795465,0.04304251,0.002864239,0.1846559,0.1106662,-0.07893198,0.02120591,0.1375753,-0.1014928,0.9892808,0.04162141,0.09638719,168.9377,-0.1019675,0.9939085,0.04181612,-0.1415922,0.05008953,-0.01581915,0.1510217,0.1636115,-0.5189236,-0.1154317,0.8310385,67.58886,0.2941516,-0.9329554,-0.2075309,0.1059861,1.103983,0.2690088,1.141217,0.2990896,-0.7003977,0.05557762,0.6456776,99.56701,0.3916785,-0.917219,0.07278271,0.09718025,-0.08004806,0.01177055,0.1264525,-0.2971863,0.1382225,-0.5611609,0.7600483,81.06308,-0.4573035,0.2126936,-0.8635017,-0.4394607,-0.2132332,-0.3560029,0.6044272,0.2589522,-0.1128986,0.9530302,0.1092316,167.458,0.260511,-0.1135782,0.958767,-0.005986117,-0.003982544,0.03099117,0.03181425,0.1607708,-0.2330783,0.2026186,0.937429,40.75164,0.4617509,-0.6694258,0.5819422,-0.1230191,1.199091,-0.06250792,1.207005,-0.005619474,-0.1131072,-0.2070898,-0.9717453,332.6951,-0.02380812,-0.479203,-0.8773809,True,True,False,False
1772879690925,16.5431,0.1634375,1.116665,0.1572449,1.139465,0.03264589,-0.7730035,0.5705785,0.2753909,148.0294,0.03395901,-0.804096,0.5935288,-0.104963,0.6439482,-0.06075976,0.6552696,0.5247946,0.2664422,-0.7594044,0.2773163,147.7998,0.5462179,0.277319,-0.790405,0.09572478,1.081652,0.2678546,1.118427,0.07531288,1.10546,0.2772113,1.142173,0.1035737,1.113497,0.2718378,1.150869,-0.01518318,0.6405728,0.02618396,0.6412874,-0.003511299,0.6455045,0.07171856,0.6494859,-0.02348529,0.6375363,0.1049314,0.6465406,0.09927472,-0.08302574,0.03601016,0.1343334,0.1271598,-0.07541078,0.0206652,0.1492764,0.1028781,-0.07828804,0.003510997,0.1293261,-0.1081887,0.05542137,-0.02923531,0.1250241,-0.1553572,0.05495553,-0.02625676,0.1668694,-0.1797104,0.04279492,0.002458811,0.184752,0.1000421,-0.08220212,0.03589393,0.1343651,0.1285169,-0.0750822,0.02068982,0.1502731,0.1059308,-0.07870873,0.00332703,0.1320132,-0.1081806,0.05512612,-0.02945376,0.1249378,-0.1554547,0.05475936,-0.02598804,0.1668536,-0.1795585,0.04302428,0.002834381,0.1846629,0.1105588,-0.07894758,0.02118046,0.1374939,-0.1010849,0.9894871,0.04345614,0.09385499,169.2292,-0.1015331,0.9938741,0.04364881,-0.1416085,0.05009354,-0.01582017,0.1510385,0.1640302,-0.5190721,-0.1154993,0.8308539,67.62688,0.2947583,-0.9327599,-0.2075494,0.1048469,1.103658,0.2688421,1.140758,0.2998143,-0.7030045,0.0557269,0.6424879,100.0448,0.3912514,-0.9174061,0.07272243,0.09701688,-0.08002265,0.011696,0.126304,-0.2953823,0.1373881,-0.5614364,0.760699,80.94827,-0.4550611,0.2116578,-0.8649395,-0.4389985,-0.2135815,-0.3557274,0.6040519,0.2611713,-0.1099706,0.952998,0.1071961,167.6926,0.2626849,-0.1106079,0.9585211,-0.004846863,-0.003657579,0.03115791,0.03174406,0.1586044,-0.2296961,0.202905,0.9385703,40.3744,0.459605,-0.665615,0.5879795,-0.1229532,1.199129,-0.0622181,1.207021,-0.005628085,-0.1135383,-0.2068826,-0.9717392,332.6921,-0.02384205,-0.4809783,-0.8764093,True,True,False,False
1772879690938,16.55792,0.1627854,1.116645,0.1570164,1.13932,0.03168835,-0.7740014,0.5703411,0.2731824,148.2925,0.03294137,-0.8046069,0.5928934,-0.1049035,0.6437706,-0.06070703,0.6550807,0.5249433,0.2662635,-0.7593368,0.2773916,147.7908,0.5463851,0.2771393,-0.7903526,0.09493449,1.08147,0.2675097,1.118102,0.07407989,1.105215,0.2767743,1.14175,0.1023364,1.113229,0.271711,1.150469,-0.01507109,0.6404009,0.02624177,0.6411155,-0.003466104,0.6454052,0.0718096,0.6493971,-0.02345457,0.6374812,0.1050229,0.6465,0.09907201,-0.08338886,0.03578825,0.1343494,0.1272593,-0.07563719,0.02062386,0.1494699,0.1030568,-0.07866177,0.003495723,0.1296942,-0.108182,0.05549192,-0.02930216,0.1250652,-0.1553731,0.05494481,-0.02632774,0.1668918,-0.1797383,0.04275997,0.002365686,0.1847698,0.09996162,-0.08230058,0.03588516,0.1343632,0.1284125,-0.07512824,0.02068434,0.1502061,0.1056924,-0.07870483,0.003341026,0.1318199,-0.1081807,0.05515647,-0.02944118,0.1249484,-0.1554479,0.05477474,-0.02601623,0.1668567,-0.1795735,0.04300235,0.002795495,0.1846717,0.1104508,-0.07899024,0.02115173,0.1374272,-0.1008422,0.9896287,0.0453081,0.09172333,169.4745,-0.1012691,0.9938181,0.04549991,-0.1416255,0.05009945,-0.01582792,0.1510571,0.1644932,-0.5192391,-0.1155062,0.830657,67.66742,0.2954344,-0.9325676,-0.2074524,0.1044536,1.103511,0.268801,1.14057,0.2997132,-0.7059341,0.06015009,0.6389139,100.5782,0.3896032,-0.9176577,0.07819029,0.09709612,-0.08040914,0.01171514,0.1266117,-0.296275,0.1360075,-0.5609933,0.7609268,80.90805,-0.4566242,0.2096172,-0.8646126,-0.4384499,-0.2141941,-0.3549318,0.603402,0.2648754,-0.1091651,0.9521899,0.1061063,167.8182,0.2663791,-0.1097848,0.9575957,-0.004453637,-0.003510714,0.03119901,0.03171022,0.1597402,-0.2235913,0.2022915,0.9399831,39.90255,0.468143,-0.6552685,0.5928461,-0.1228361,1.1991,-0.06199269,1.206968,-0.00527747,-0.1132902,-0.2071321,-0.9717169,332.6813,-0.02234809,-0.479741,-0.8771259,True,True,False,False
1772879690953,16.57081,0.1625427,1.116567,0.1572607,1.139242,0.03097675,-0.7747582,0.5701351,0.2715442,148.4877,0.03218611,-0.8050055,0.5923937,-0.1048828,0.6436951,-0.06074364,0.6550065,0.5249433,0.2662635,-0.7593368,0.2773916,147.7908,0.5463851,0.2771393,-0.7903526,0.09457734,1.081317,0.2675728,1.117939,0.07361171,1.10492,0.2763918,1.141341,0.1020207,1.112903,0.271451,1.150063,-0.01502122,0.6403223,0.02618164,0.6410334,-0.00342678,0.6453657,0.0717763,0.6493539,-0.02342791,0.6374594,0.1049995,0.6464737,0.098901,-0.08355676,0.03560083,0.1342779,0.126932,-0.07548843,0.02064849,0.1491194,0.1026022,-0.07858893,0.003512129,0.1292895,-0.1081679,0.05551722,-0.02932619,0.1250699,-0.1553868,0.05493215,-0.02636388,0.1669061,-0.1797602,0.0427248,0.002328455,0.1847825,0.09987127,-0.08240759,0.03586094,0.1343551,0.1282864,-0.07515892,0.02068129,0.1501132,0.1054292,-0.07869496,0.003355602,0.1316034,-0.1081797,0.0551872,-0.02943138,0.1249587,-0.1554427,0.05478815,-0.02604584,0.1668609,-0.1795894,0.0429787,0.002755709,0.1846811,0.1103285,-0.07902817,0.02111326,0.1373448,-0.1009381,0.9897298,0.04739634,0.08944252,169.7369,-0.1013443,0.9937127,0.04758707,-0.1416412,0.05010482,-0.01583803,0.1510747,0.1649483,-0.5194046,-0.115483,0.8304666,67.70662,0.2961004,-0.9323888,-0.2073047,0.1040899,1.103395,0.2687756,1.140419,0.3012411,-0.7043867,0.06464217,0.6394644,100.4962,0.3918223,-0.9161912,0.08407965,0.09686687,-0.0804306,0.01156582,0.1264359,-0.2942821,0.1342978,-0.5582716,0.7639994,80.36389,-0.456098,0.2081436,-0.8652464,-0.4383135,-0.2144334,-0.3546148,0.6032015,0.2677703,-0.106781,0.9522141,0.1009231,168.4153,0.2691444,-0.107329,0.9571007,-0.004089907,-0.003394723,0.0312244,0.03167356,0.163048,-0.2225083,0.1987014,0.9404379,39.74958,0.4796013,-0.6545019,0.5844745,-0.1227968,1.199115,-0.06171372,1.206965,-0.005110372,-0.1130025,-0.206919,-0.9717968,332.7201,-0.02167065,-0.4791896,-0.8774445,True,True,False,False
1772879690967,16.58459,0.1625187,1.116453,0.1573628,1.139141,0.0302757,-0.7755125,0.5699015,0.2699556,148.6767,0.03144309,-0.8054154,0.5918763,-0.1047908,0.6436248,-0.06077563,0.6549257,0.5252107,0.2660446,-0.7592343,0.2773759,147.7927,0.5466608,0.2769102,-0.7902423,0.0942072,1.081029,0.2675307,1.117618,0.0730879,1.104659,0.2763241,1.141038,0.101446,1.112696,0.2713844,1.149797,-0.01497774,0.6402238,0.02619202,0.6409343,-0.003376086,0.6453,0.07176821,0.6492874,-0.0234221,0.6374549,0.1050363,0.646475,0.09892325,-0.08370153,0.03558821,0.1343811,0.1270723,-0.0756032,0.02062866,0.1492942,0.1027562,-0.07857341,0.003509223,0.1294022,-0.1081554,0.05552916,-0.02932997,0.1250653,-0.155365,0.05494858,-0.02641946,0.1669,-0.1797927,0.04268422,0.002268918,0.184804,0.09980026,-0.08250451,0.03584051,0.1343563,0.1281955,-0.0751922,0.02067735,0.1500517,0.1052289,-0.07868586,0.003367109,0.1314379,-0.1081778,0.05521281,-0.02942379,0.1249666,-0.1554369,0.05480017,-0.02607383,0.1668638,-0.1796046,0.04295665,0.002719247,0.1846902,0.1102369,-0.07906527,0.02108452,0.1372882,-0.1009172,0.989792,0.04925201,0.08775963,169.9305,-0.1013081,0.9936257,0.04944277,-0.1416563,0.05010812,-0.01584768,0.151091,0.1653651,-0.5195515,-0.115491,0.8302906,67.74279,0.2967092,-0.932214,-0.2072217,0.1030165,1.102731,0.2692158,1.139783,0.3029225,-0.7092774,0.06217697,0.6334805,101.3852,0.3914948,-0.9166648,0.08035705,0.09689493,-0.08048998,0.01140096,0.1264802,-0.2893387,0.1360388,-0.5592716,0.7648476,80.21313,-0.4491364,0.2111712,-0.8681494,-0.4381239,-0.2147006,-0.3543654,0.6030123,0.2653003,-0.1028427,0.9535285,0.09911022,168.6241,0.2666129,-0.1033515,0.9582463,-0.00301645,-0.002731085,0.03078419,0.03105196,0.1567869,-0.2176169,0.2000463,0.94236,39.09654,0.4685788,-0.6503773,0.5978653,-0.1228515,1.199129,-0.06147233,1.206972,-0.004672961,-0.1125254,-0.2067162,-0.9718975,332.7691,-0.01985077,-0.4780086,-0.8781319,True,True,False,False
1772879690980,16.59925,0.161644,1.116124,0.1578078,1.138756,0.02966241,-0.7761827,0.5696644,0.2685948,148.8387,0.03079398,-0.8057929,0.5913963,-0.1044839,0.6435914,-0.06069848,0.6548367,0.5256346,0.265743,-0.7590759,0.2772956,147.8023,0.5470889,0.2765895,-0.7900583,0.09380475,1.080986,0.2679574,1.117645,0.07210024,1.104108,0.2764098,1.140463,0.1004239,1.112035,0.2721752,1.149254,-0.0147217,0.6401848,0.02633622,0.6408954,-0.003102091,0.6453637,0.07197571,0.6493723,-0.02323684,0.6374424,0.105185,0.6464801,0.09844685,-0.08403981,0.03486168,0.1340515,0.1268026,-0.07566398,0.02061482,0.1490936,0.1027675,-0.07919046,0.00350149,0.1297865,-0.1081547,0.05552459,-0.02938509,0.1250756,-0.1554462,0.05490309,-0.02657024,0.1669846,-0.1798075,0.04266921,0.002202608,0.1848141,0.09969236,-0.08262691,0.03576248,0.1343307,0.1280844,-0.07522981,0.02067236,0.149975,0.1050327,-0.07872608,0.003377822,0.1313053,-0.108176,0.05523767,-0.0294207,0.1249753,-0.1554376,0.05480837,-0.0261134,0.1668734,-0.1796208,0.04293373,0.002678059,0.1847,0.1101374,-0.0791264,0.02103657,0.1372362,-0.1015602,0.9897349,0.05071114,0.08682594,170.0379,-0.1019452,0.9934869,0.05090338,-0.1416708,0.05011091,-0.01586387,0.1511071,0.165699,-0.5197276,-0.1153654,0.8301312,67.77556,0.2971817,-0.9321331,-0.2069083,0.1027221,1.10258,0.2692602,1.139621,0.306138,-0.7050846,0.06812388,0.6359988,101.0118,0.3967111,-0.9136889,0.08827881,0.09680091,-0.08078216,0.01149544,0.126603,-0.2932166,0.1304686,-0.5582552,0.7650838,80.17111,-0.4553542,0.2026128,-0.8669491,-0.4378387,-0.2152867,-0.3530697,0.6022536,0.272892,-0.102399,0.9514215,0.09920537,168.6132,0.2742448,-0.1029066,0.9561381,-0.002722137,-0.002579927,0.03073978,0.03096773,0.161928,-0.2185223,0.1935426,0.9426393,39.0008,0.4850853,-0.654624,0.5797927,-0.122801,1.199187,-0.06116391,1.207009,-0.004347725,-0.1116278,-0.2064882,-0.9720509,332.8439,-0.01851907,-0.4754769,-0.8795337,True,True,False,False
1772879690995,16.61211,0.1613712,1.115773,0.1581234,1.138417,0.02922224,-0.7766938,0.5694481,0.2676223,148.9543,0.0303285,-0.8060971,0.5910057,-0.1043937,0.6435754,-0.06068614,0.6548054,0.5260307,0.2654538,-0.7589243,0.2772363,147.8094,0.5474914,0.2762837,-0.7898864,0.09343657,1.080516,0.2681344,1.117202,0.0716922,1.103604,0.2764654,1.139963,0.09990782,1.111618,0.272127,1.148795,-0.01467742,0.6401581,0.02643671,0.6408719,-0.003107053,0.6453597,0.07209519,0.6493816,-0.02329523,0.6374545,0.1052899,0.6465113,0.098337,-0.08413327,0.03481355,0.134017,0.1266593,-0.07568265,0.02061035,0.1489806,0.1026644,-0.07899082,0.003508821,0.1295833,-0.1081763,0.0555263,-0.02942475,0.1251043,-0.1554766,0.05487804,-0.02661727,0.1670122,-0.179835,0.04262782,0.002167091,0.1848309,0.0995781,-0.0827539,0.03568248,0.1343028,0.1279643,-0.07526799,0.02066713,0.1498908,0.1048331,-0.0787484,0.003388865,0.1311593,-0.108176,0.055262,-0.02942104,0.1249861,-0.1554409,0.05481425,-0.02615588,0.166885,-0.1796388,0.04290795,0.002634986,0.184711,0.1100296,-0.07918423,0.02098957,0.1371758,-0.1020661,0.9896637,0.05252745,0.08596046,170.1375,-0.1024453,0.9933405,0.0527226,-0.1416871,0.05011204,-0.01588287,0.1511248,0.1660333,-0.5198969,-0.1152179,0.829979,67.80684,0.2976603,-0.9320579,-0.2065597,0.1021766,1.101549,0.2696683,1.138671,0.3061587,-0.7091652,0.06474993,0.6317905,101.6353,0.3949725,-0.9148874,0.08353329,0.09662629,-0.08064638,0.01116566,0.1263533,-0.2852536,0.132941,-0.5611082,0.7655814,80.08254,-0.4433953,0.2066421,-0.8721809,-0.4376236,-0.2154677,-0.3528543,0.6020356,0.2673398,-0.09613251,0.953723,0.09849166,168.6954,0.268646,-0.09660219,0.9583827,-0.002176598,-0.001549125,0.03033176,0.03044919,0.1566405,-0.215516,0.1963228,0.9436494,38.65255,0.4733097,-0.6512096,0.5932147,-0.1228584,1.199253,-0.06090526,1.207067,-0.003953567,-0.1108254,-0.2061995,-0.9722057,332.9195,-0.01688632,-0.4733534,-0.8807116,True,True,False,False
1772879691008,16.62664,0.1612036,1.115029,0.1583501,1.137695,0.02878824,-0.7772244,0.5691427,0.2667772,149.0548,0.02987081,-0.8064516,0.5905451,-0.1042363,0.6436196,-0.0608287,0.654837,0.5264586,0.2651896,-0.7587727,0.2770915,147.8266,0.547913,0.2759967,-0.7896944,0.09295671,1.079646,0.2683176,1.116365,0.07097083,1.102847,0.2764628,1.139184,0.09936959,1.110757,0.2726199,1.148031,-0.01460797,0.6401382,0.02639633,0.6408487,-0.00306451,0.6453205,0.07203569,0.6493359,-0.02327897,0.6376504,0.1052663,0.6467,0.09846427,-0.08422258,0.03483942,0.1341732,0.126936,-0.07551149,0.0206451,0.149134,0.1029551,-0.07929289,0.003485754,0.1299972,-0.1081958,0.05551769,-0.02941106,0.1251142,-0.1554698,0.05488577,-0.02661302,0.1670077,-0.1799135,0.04247675,0.002026953,0.1848709,0.09949481,-0.08286373,0.03561943,0.1342921,0.1278874,-0.07528619,0.02066549,0.1498341,0.1046926,-0.07878911,0.003396111,0.1310717,-0.1081775,0.05528112,-0.0294203,0.1249957,-0.1554431,0.0548196,-0.02619007,0.1668942,-0.1796594,0.0428757,0.002589513,0.1847228,0.1099604,-0.07923642,0.02095458,0.1371452,-0.1029764,0.9895521,0.05370062,0.08543278,170.1982,-0.1033542,0.9931833,0.05389768,-0.1417038,0.05010778,-0.01590156,0.1511411,0.1665055,-0.520042,-0.1152672,0.8297865,67.84637,0.2983536,-0.9318398,-0.2065421,0.102004,1.101356,0.2696657,1.138468,0.3077385,-0.708226,0.06998067,0.6315187,101.6755,0.3968972,-0.9134148,0.09025564,0.09684756,-0.08093212,0.01132033,0.1267186,-0.2898029,0.1294699,-0.5598435,0.7653934,80.11599,-0.4503103,0.2011768,-0.8699129,-0.4376058,-0.2153506,-0.3516521,0.6012769,0.2731466,-0.09765489,0.9518632,0.09904993,168.6311,0.2744964,-0.09813748,0.9565672,-0.00200399,-0.001356244,0.03033429,0.03043065,0.1599793,-0.2132072,0.1926076,0.9443791,38.39909,0.4864676,-0.6483238,0.5856842,-0.1227781,1.199169,-0.06072503,1.206966,-0.003657505,-0.1097921,-0.2057811,-0.9724128,333.021,-0.01567949,-0.4706717,-0.8821702,True,True,False,False
1772879691022,16.63982,0.1611993,1.114642,0.1586676,1.13736,0.02841973,-0.7777626,0.5687868,0.2660062,149.1465,0.02948193,-0.8068317,0.5900453,-0.1042436,0.6436473,-0.06090451,0.6548724,0.5268574,0.2650048,-0.7586136,0.2769462,147.8439,0.5483041,0.2757923,-0.7894944,0.09275314,1.079148,0.2684819,1.115906,0.07073089,1.102354,0.2763357,1.13866,0.09907413,1.110351,0.2724652,1.147577,-0.01465116,0.6401241,0.02640318,0.6408359,-0.003171225,0.6453059,0.07209125,0.649328,-0.02342782,0.6376615,0.1052806,0.6467186,0.09846702,-0.08423199,0.03482918,0.1341784,0.1268369,-0.07527138,0.02068701,0.148934,0.1028904,-0.07892524,0.003497064,0.1297222,-0.1082204,0.05552583,-0.02944603,0.1251473,-0.1555242,0.05485902,-0.02662633,0.1670516,-0.179945,0.04242991,0.001999505,0.1848905,0.09940882,-0.0829782,0.03555332,0.1342815,0.1277995,-0.07528496,0.02066729,0.1497587,0.1045418,-0.07880051,0.003404557,0.1309584,-0.1081811,0.0553016,-0.02942245,0.1250084,-0.1554499,0.0548229,-0.02622657,0.1669073,-0.1796833,0.0428384,0.002540151,0.1847367,0.1098834,-0.07927494,0.02091898,0.1371003,-0.1040144,0.9893995,0.05540113,0.08485445,170.2647,-0.1043909,0.992981,0.05560167,-0.141722,0.05010216,-0.01592412,0.1511586,0.167019,-0.5201839,-0.1153071,0.8295888,67.88696,0.2991164,-0.9316035,-0.2065049,0.1017814,1.100842,0.269731,1.137966,0.3006272,-0.7155326,0.06109384,0.6276177,102.2508,0.3861514,-0.9190914,0.07847416,0.09680678,-0.08066712,0.0110657,0.1264958,-0.2844885,0.1297303,-0.5598041,0.7673695,79.76351,-0.4436777,0.2023226,-0.8730497,-0.437392,-0.2153994,-0.3515732,0.6010927,0.2712313,-0.09317151,0.9531458,0.09625943,168.9524,0.2724967,-0.0936062,0.9575926,-0.001781404,-0.000841856,0.03026906,0.03033311,0.1529626,-0.2110287,0.2045834,0.9435121,38.70005,0.4616509,-0.6368978,0.6174456,-0.122722,1.199185,-0.06042541,1.206962,-0.003389301,-0.108983,-0.2056455,-0.9725333,333.0804,-0.01456114,-0.4682138,-0.883496,True,True,False,False
1772879691036,16.65438,0.1611582,1.11488,0.1586322,1.137583,0.02826615,-0.7781797,0.5684667,0.2654863,149.2083,0.02931824,-0.8071444,0.5896257,-0.1042562,0.643637,-0.06097529,0.6548709,0.5271767,0.2649282,-0.7584726,0.2767981,147.8616,0.548612,0.2757003,-0.7893125,0.09242926,1.078987,0.2682865,1.115677,0.07046683,1.102501,0.2761171,1.138733,0.09918099,1.110279,0.2726878,1.147569,-0.01467009,0.6400813,0.02641127,0.6407939,-0.003237162,0.6452789,0.0721066,0.6493032,-0.02355296,0.6376457,0.1052897,0.6467091,0.09850794,-0.08423861,0.03515796,0.1342983,0.1268894,-0.07517496,0.02070506,0.1489325,0.1027474,-0.07938381,0.00349395,0.1298885,-0.1082632,0.05553586,-0.02948855,0.1251988,-0.1555644,0.05483016,-0.02667832,0.1670878,-0.179984,0.04236566,0.00196483,0.1849134,0.09933993,-0.08307458,0.03552309,0.1342822,0.1277299,-0.07527655,0.02067018,0.1496955,0.1044046,-0.07884511,0.003411392,0.1308759,-0.1081874,0.05531951,-0.02942751,0.1250229,-0.1554586,0.05482345,-0.02626111,0.166921,-0.1797063,0.04280225,0.002496158,0.1847501,0.1098177,-0.07931565,0.02089728,0.1370679,-0.1053385,0.989278,0.05625479,0.08407362,170.3545,-0.1057128,0.992793,0.05645466,-0.1417412,0.05009548,-0.01594574,0.1511767,0.1674729,-0.5202932,-0.1153147,0.8294277,67.92001,0.2998008,-0.9314002,-0.2064301,0.1010519,1.100155,0.2700262,1.137307,0.306127,-0.7181137,0.05900175,0.6221879,103.0478,0.3910328,-0.9172859,0.07536616,0.09676749,-0.08103431,0.01162339,0.1267502,-0.2971424,0.1292655,-0.5542768,0.7666642,79.88943,-0.462804,0.2013331,-0.8632948,-0.4371758,-0.2152916,-0.351257,0.6007118,0.278874,-0.1041069,0.9497982,0.09630428,168.9472,0.2801763,-0.1045931,0.9542336,-0.00105191,-0.0001552105,0.02997378,0.02999263,0.1461299,-0.2077829,0.2017936,0.9459132,37.86086,0.4504346,-0.6404755,0.6220138,-0.1227685,1.199194,-0.06016435,1.206962,-0.003272448,-0.1079933,-0.2054061,-0.9726948,333.1599,-0.01410002,-0.4653117,-0.8850351,True,True,False,False
1772879691050,16.66845,0.1607814,1.114318,0.1586986,1.136988,0.02834095,-0.7786237,0.568053,0.2650619,149.2587,0.02939227,-0.8075071,0.5891252,-0.1041525,0.6435335,-0.06104764,0.6547594,0.5275362,0.2649682,-0.7582897,0.2765761,147.8881,0.5489495,0.2757236,-0.7890697,0.09217683,1.078474,0.2683407,1.115172,0.06986455,1.101799,0.2762481,1.138048,0.09821207,1.109636,0.2733622,1.147025,-0.01455408,0.6399744,0.02645657,0.6406864,-0.003171187,0.6451588,0.07215206,0.6491886,-0.02347432,0.6374998,0.1052348,0.6465535,0.0984291,-0.08430879,0.03487919,0.1342118,0.1270833,-0.07524687,0.02069408,0.1491325,0.1034949,-0.07975802,0.003472671,0.1307081,-0.1083566,0.05551631,-0.02956897,0.1252898,-0.1556439,0.05478161,-0.02675813,0.1671587,-0.1799927,0.04236096,0.001846187,0.1849196,0.09926359,-0.08317803,0.03546912,0.1342755,0.1276757,-0.07527406,0.02067218,0.1496483,0.1043284,-0.07892163,0.003416528,0.1308614,-0.1082015,0.05533601,-0.02943936,0.1250453,-0.1554741,0.05481995,-0.02630277,0.1669409,-0.1797303,0.04276526,0.002441681,0.1847642,0.1097716,-0.07937215,0.02087834,0.1370607,-0.1069458,0.9890605,0.05662443,0.08435468,170.3222,-0.1073283,0.9925983,0.05682698,-0.1417628,0.05008788,-0.01597693,0.1511977,0.1679,-0.5204141,-0.1152706,0.8292717,67.95203,0.3004406,-0.9312302,-0.2062655,0.1009346,1.099839,0.2701748,1.137026,0.3058385,-0.7191603,0.05752663,0.6212584,103.1838,0.3902963,-0.9177578,0.07341272,0.09713754,-0.08118474,0.01163573,0.1271301,-0.2984773,0.1218814,-0.5558023,0.7662507,79.96322,-0.4645259,0.1896864,-0.8650059,-0.436873,-0.2156373,-0.350521,0.6001853,0.2853455,-0.1002146,0.948062,0.09855766,168.6878,0.2867415,-0.1007049,0.9527004,-0.0009345561,0.0001609325,0.02982521,0.02984028,0.1445025,-0.2073968,0.202983,0.9459935,37.83249,0.44574,-0.6397471,0.6261319,-0.1228494,1.199226,-0.05986873,1.206988,-0.002789789,-0.1069277,-0.205189,-0.9728598,333.2415,-0.01205637,-0.4620995,-0.8867465,True,True,False,False
1772879691064,16.68191,0.1606026,1.114259,0.1588528,1.136926,0.02867907,-0.779013,0.5676268,0.2647941,149.2906,0.02974067,-0.8078493,0.5886383,-0.1041136,0.6434753,-0.06099753,0.6546914,0.5278562,0.2650495,-0.7580994,0.2764093,147.908,0.5492551,0.2757945,-0.7888322,0.09200299,1.078224,0.2684719,1.114948,0.06980883,1.101493,0.2762926,1.137759,0.0980102,1.109393,0.273512,1.146807,-0.01446744,0.6399637,0.0265844,0.640679,-0.003182751,0.645018,0.07224379,0.649059,-0.02349541,0.6373191,0.1052997,0.6463867,0.09843764,-0.08434764,0.03487509,0.1342414,0.126919,-0.075246,0.0206933,0.1489919,0.1035029,-0.07977054,0.003468901,0.1307219,-0.1084299,0.05549682,-0.02970551,0.1253769,-0.1556387,0.05478667,-0.02678985,0.1671606,-0.1799764,0.04239266,0.001821913,0.1849107,0.09919652,-0.08327301,0.03542088,0.134272,0.1276143,-0.07527178,0.0206739,0.1495949,0.1042613,-0.07899057,0.003420782,0.1308497,-0.1082201,0.05534907,-0.02946098,0.1250722,-0.1554875,0.05481724,-0.02634232,0.1669587,-0.1797502,0.042735,0.00239135,0.1847759,0.1097235,-0.07942441,0.02086135,0.1370499,-0.1084646,0.9888526,0.05697784,0.08461386,170.2924,-0.108855,0.9924116,0.05718291,-0.141786,0.05008101,-0.01601021,0.1512207,0.1682627,-0.5204627,-0.1152729,0.8291673,67.97341,0.3010063,-0.9310594,-0.2062125,0.1009389,1.098807,0.2704937,1.136104,0.3022585,-0.7237326,0.05414809,0.617996,103.6601,0.3844641,-0.920567,0.06887481,0.09706298,-0.08126119,0.01167056,0.1271252,-0.3002336,0.1215867,-0.5550375,0.7661657,79.97839,-0.4671856,0.1891978,-0.8636792,-0.4365838,-0.2156482,-0.3505402,0.59999,0.2865491,-0.1012251,0.947552,0.09893631,168.6442,0.2879619,-0.1017242,0.9522237,-0.0009388924,0.00119257,0.02950636,0.02954537,0.141006,-0.204415,0.2088695,0.9458888,37.86951,0.4345448,-0.6299553,0.643683,-0.1229691,1.199308,-0.05953719,1.207065,-0.002591602,-0.1061242,-0.2049894,-0.9729904,333.3063,-0.01122656,-0.4597192,-0.8879932,True,True,False,False
1772879691077,16.69571,0.1604063,1.114225,0.1592252,1.136917,0.02967967,-0.7794902,0.5670192,0.2645816,149.3158,0.03077644,-0.8082952,0.5879726,-0.1040459,0.6432673,-0.06087063,0.6544644,0.5282011,0.2650995,-0.7579075,0.2762285,147.9295,0.5495843,0.2758316,-0.7885899,0.09228582,1.077403,0.268724,1.114238,0.07006403,1.100997,0.2763329,1.137305,0.09760399,1.109109,0.2741949,1.146661,-0.01423015,0.6399295,0.0267828,0.6406478,-0.003149692,0.6448454,0.07252584,0.6489187,-0.02347636,0.6370894,0.1054628,0.6461861,0.09796974,-0.08456289,0.03517564,0.1341129,0.1264234,-0.07509252,0.02071545,0.1484955,0.1038925,-0.07989242,0.003448933,0.1311043,-0.1085476,0.05547449,-0.03001881,0.1255434,-0.1557597,0.05470904,-0.02688826,0.1672637,-0.1799966,0.04236365,0.001718313,0.1849227,0.09910083,-0.08337361,0.03540175,0.1342588,0.1275214,-0.07525779,0.02067714,0.1495091,0.1042326,-0.07906091,0.003422977,0.1308693,-0.1082456,0.05535885,-0.02950449,0.1251089,-0.1555087,0.05480881,-0.0263849,0.1669824,-0.1797695,0.04270604,0.002338855,0.1847873,0.1096454,-0.07948212,0.02087297,0.1370226,-0.1103491,0.988528,0.05718171,0.08582427,170.1532,-0.1107577,0.9921888,0.05739347,-0.1418089,0.05007303,-0.0160569,0.1512444,0.1685526,-0.5204157,-0.1152608,0.8291396,67.97909,0.3015027,-0.930907,-0.2061756,0.101063,1.098287,0.2706441,1.135648,0.3090807,-0.7221784,0.05197655,0.6166247,103.8599,0.3926044,-0.9173347,0.06602232,0.09676486,-0.08149286,0.01225649,0.1271013,-0.3065322,0.1204562,-0.5502164,0.7673267,79.77113,-0.4780183,0.1878441,-0.8580288,-0.4363271,-0.2152194,-0.350196,0.599448,0.291234,-0.106061,0.9457459,0.09746103,168.814,0.2926271,-0.1065683,0.9502699,-0.001062952,0.00171268,0.02935594,0.02942507,0.1362689,-0.2060436,0.2035576,0.9473866,37.33696,0.4257179,-0.6437012,0.6359347,-0.1229932,1.199317,-0.05930677,1.207065,-0.002741021,-0.1056682,-0.2048973,-0.9730591,333.3404,-0.01188874,-0.4583189,-0.8887091,True,True,False,False
1772879691092,16.7099,0.1602441,1.114276,0.1593531,1.136962,0.03163667,-0.7799276,0.5663696,0.2644572,149.3306,0.0328046,-0.80872,0.5872782,-0.1040256,0.6431984,-0.06081366,0.6543881,0.5285022,0.2651051,-0.7577531,0.276071,147.9483,0.5498717,0.2758244,-0.7883921,0.09276449,1.077019,0.2688543,1.113938,0.07017633,1.100485,0.2766171,1.136885,0.09746423,1.108729,0.274697,1.146402,-0.01416603,0.6398635,0.02688673,0.6405848,-0.003187884,0.6446962,0.07263011,0.6487823,-0.02350106,0.6369532,0.1055361,0.6460646,0.09767877,-0.08464279,0.03502163,0.1339106,0.1264139,-0.07512557,0.02071033,0.1485033,0.1041996,-0.08004357,0.003429413,0.1314393,-0.108584,0.05549056,-0.03012552,0.1256074,-0.1557575,0.05471324,-0.02690332,0.1672654,-0.179991,0.04237838,0.001661934,0.1849201,0.09898738,-0.08347487,0.03537143,0.13423,0.127433,-0.07524724,0.02067978,0.1494288,0.1042299,-0.07913931,0.003423491,0.1309146,-0.1082726,0.05536936,-0.02955403,0.1251486,-0.1555286,0.05480118,-0.02642626,0.167005,-0.1797871,0.0426799,0.002284851,0.1847978,0.1095693,-0.0795447,0.02088809,0.1370003,-0.1122354,0.9881492,0.05719944,0.08770825,169.9364,-0.1126696,0.9919721,0.05742073,-0.1418311,0.05006658,-0.01610698,0.1512685,0.1688396,-0.520339,-0.1152785,0.8291268,67.98169,0.3020061,-0.9307385,-0.2062003,0.1013297,1.097949,0.2711463,1.135465,0.3182891,-0.717397,0.05312632,0.6174231,103.7436,0.404623,-0.9119864,0.0675365,0.09668157,-0.08150847,0.01235952,0.1270579,-0.3062513,0.1165278,-0.5537051,0.7655339,80.09097,-0.4759922,0.1811137,-0.8605983,-0.436136,-0.2149231,-0.3501788,0.5991926,0.2928944,-0.1011664,0.9452102,0.1027434,168.2057,0.2944526,-0.1017046,0.9502389,-0.001329683,0.002050877,0.02885374,0.02895708,0.1346927,-0.209176,0.1938198,0.9489665,36.76718,0.4270845,-0.6632563,0.6145648,-0.1229464,1.199249,-0.0590579,1.206981,-0.002851991,-0.1052278,-0.2048492,-0.9731166,333.369,-0.0123831,-0.45689,-0.8894377,True,True,False,False
1772879691106,16.7234,0.1603602,1.114263,0.1594348,1.136977,0.0346327,-0.7801583,0.5658495,0.2645145,149.3238,0.03591182,-0.8089725,0.5867485,-0.1039826,0.6430115,-0.06069196,0.6541863,0.5287564,0.2651472,-0.7576312,0.2758783,147.9713,0.5501045,0.2758523,-0.7882199,0.09326866,1.076317,0.2690924,1.113359,0.0704076,1.099877,0.2771817,1.136449,0.09750094,1.10825,0.2755151,1.146138,-0.01407184,0.6396786,0.02703555,0.6404043,-0.003203433,0.6444468,0.07284626,0.6485589,-0.02352597,0.6367035,0.1056993,0.6458461,0.09778994,-0.08465412,0.03516777,0.1340372,0.1268323,-0.07515288,0.02069725,0.1488717,0.104896,-0.08029546,0.003397495,0.1321442,-0.1086129,0.05550085,-0.0302337,0.125663,-0.1558116,0.05467939,-0.02690472,0.167305,-0.1800088,0.04234698,0.001638159,0.18493,0.09888938,-0.08357137,0.03535476,0.1342134,0.1273839,-0.07523952,0.02068121,0.1493832,0.1042844,-0.07923393,0.003421363,0.1310151,-0.1083005,0.05538012,-0.02960966,0.1251906,-0.1555518,0.05479121,-0.02646542,0.1670295,-0.1798053,0.04265265,0.002231925,0.1848085,0.1095231,-0.07961368,0.02091686,0.1370079,-0.1141488,0.987735,0.056779,0.09014308,169.6563,-0.1146154,0.9917727,0.05701111,-0.1418517,0.0500599,-0.01616031,0.1512913,0.1691229,-0.5202268,-0.1152946,0.8291373,67.97957,0.3025211,-0.9305633,-0.2062349,0.1021521,1.097093,0.2727652,1.135098,0.3282326,-0.7101213,0.06611081,0.6193711,103.4596,0.4180783,-0.9044998,0.08420704,0.09711105,-0.08155095,0.01221023,0.1273978,-0.3016828,0.1136621,-0.5587864,0.7640853,80.34863,-0.4676417,0.1761888,-0.8661808,-0.4362873,-0.2148359,-0.3503386,0.5993648,0.2907787,-0.09238559,0.9461571,0.1081651,167.5809,0.2924947,-0.09293082,0.9517409,-0.002152108,0.002907395,0.02723482,0.02747399,0.1427144,-0.2081612,0.1778789,0.9511366,35.97034,0.4622018,-0.674161,0.576087,-0.1229455,1.199342,-0.05875676,1.207058,-0.003375445,-0.1050842,-0.2048697,-0.9731261,333.3737,-0.01465845,-0.4563463,-0.8896815,True,True,False,False
1772879691118,16.73832,0.1613086,1.113602,0.1607334,1.136646,0.03791339,-0.7803897,0.565403,0.2643369,149.3449,0.0393117,-0.8091716,0.5862559,-0.104006,0.6421822,-0.06070216,0.6533758,0.5290009,0.2652023,-0.7575126,0.2756819,147.9947,0.5503267,0.2758935,-0.7880504,0.09437551,1.074912,0.2706414,1.11247,0.07132187,1.098648,0.2787506,1.135701,0.09741475,1.107491,0.2773713,1.145845,-0.01399141,0.6389689,0.02704668,0.6396942,-0.003245462,0.6436191,0.07294086,0.6477472,-0.02367503,0.6358275,0.1057884,0.6450026,0.0981684,-0.08466142,0.03538546,0.1343753,0.1273179,-0.07490771,0.02069475,0.1491619,0.106438,-0.07989824,0.003372699,0.1331321,-0.1086693,0.0554629,-0.03045766,0.125749,-0.1558976,0.05462337,-0.02697112,0.1673774,-0.1800681,0.0422526,0.001660809,0.1849664,0.09883301,-0.08365661,0.03535716,0.1342256,0.1273787,-0.07521357,0.02068227,0.1493659,0.1044528,-0.07928587,0.003417558,0.1311805,-0.1083293,0.0553866,-0.02967596,0.1252341,-0.1555788,0.05477809,-0.02650496,0.1670566,-0.1798258,0.04262137,0.00218727,0.1848207,0.1095196,-0.07966676,0.02097129,0.1370442,-0.1159716,0.987205,0.0566486,0.09363619,169.2543,-0.1164834,0.9915615,0.05689859,-0.1418752,0.05004892,-0.01621506,0.1513156,0.1693882,-0.5200271,-0.1153394,0.8292022,67.96625,0.3030478,-0.9303665,-0.2063506,0.1027415,1.096383,0.2732262,1.134576,0.3366325,-0.6988057,0.06865759,0.6274036,102.2823,0.4323038,-0.8974071,0.08817015,0.09778573,-0.08134226,0.01202301,0.1277621,-0.286631,0.1125623,-0.5619449,0.7677176,79.70126,-0.44731,0.1756622,-0.8769587,-0.4378158,-0.2145443,-0.3506186,0.6005375,0.283233,-0.07641321,0.9501098,0.1059791,167.8328,0.2848371,-0.07684597,0.9554907,-0.002741531,0.003617287,0.02677381,0.0271558,0.1471302,-0.2184288,0.1658773,0.9503297,36.26859,0.4727145,-0.7017897,0.5329471,-0.1228812,1.199357,-0.05851274,1.207054,-0.003637834,-0.1051409,-0.204965,-0.9730989,333.3602,-0.01579006,-0.4563652,-0.8896526,True,True,False,False
1772879691133,16.75173,0.1610761,1.113879,0.1614584,1.136987,0.04136432,-0.7806044,0.5650346,0.2639728,149.3882,0.04288547,-0.8093106,0.5858133,-0.1040661,0.6417429,-0.06085593,0.6529679,0.5292374,0.2652716,-0.757396,0.2754816,148.0186,0.5505398,0.2759491,-0.7878821,0.09504624,1.0738,0.2712182,1.111593,0.07188401,1.098033,0.2795664,1.135342,0.09756441,1.107125,0.2782182,1.14571,-0.01403411,0.6385174,0.02692985,0.6392391,-0.003334541,0.6431647,0.07288453,0.6472898,-0.0237988,0.6353238,0.105676,0.6444921,0.09759864,-0.08481515,0.03597729,0.1342143,0.1269483,-0.07491527,0.02067979,0.1488484,0.1064412,-0.07981892,0.003376976,0.1330872,-0.1086989,0.05545399,-0.03052724,0.1257875,-0.1559728,0.05456916,-0.02701965,0.1674377,-0.1800891,0.04221577,0.001639508,0.1849782,0.0987272,-0.08375591,0.03541031,0.1342237,0.1273418,-0.075188,0.02068206,0.1493215,0.1046233,-0.07933156,0.00341408,0.1313438,-0.108361,0.05539237,-0.02974893,0.1252813,-0.1556126,0.05476018,-0.02654908,0.1670892,-0.1798484,0.04258661,0.002140319,0.1848341,0.1094673,-0.07973037,0.02106293,0.1370535,-0.117821,0.9865875,0.05661407,0.09776647,168.7789,-0.1183882,0.9913366,0.05688659,-0.1418994,0.05003617,-0.01627553,0.1513405,0.1696239,-0.519814,-0.115317,0.8292908,67.94809,0.3035408,-0.9302037,-0.206359,0.1039146,1.095271,0.2750679,1.134054,0.3524826,-0.6875071,0.0815034,0.6296405,101.9528,0.4537118,-0.8849517,0.1049103,0.09720185,-0.08124936,0.01230518,0.1272834,-0.2783453,0.1179193,-0.5702522,0.7638268,80.39453,-0.4312615,0.1827012,-0.8835349,-0.438289,-0.2141106,-0.3509091,0.6008975,0.2717504,-0.06764022,0.9532401,0.1136224,166.9517,0.2735217,-0.06808111,0.9594534,-0.003914587,0.004728913,0.02493215,0.02567681,0.1534984,-0.2200702,0.1435036,0.952583,35.42963,0.5044652,-0.7232504,0.471618,-0.1228137,1.199356,-0.05827979,1.207035,-0.003730994,-0.1053647,-0.2050452,-0.9730574,333.3396,-0.01618212,-0.4569892,-0.8893247,True,True,False,False
1772879691147,16.76569,0.1624418,1.112548,0.1629218,1.136087,0.0440708,-0.7808284,0.5647284,0.2635271,149.4411,0.0456857,-0.8094406,0.585422,-0.1041332,0.641147,-0.06096389,0.6524031,0.5294495,0.2653595,-0.7572761,0.275319,148.038,0.5507337,0.2760271,-0.7877191,0.09649754,1.072177,0.2728912,1.11056,0.07302494,1.09619,0.2813509,1.134074,0.09807654,1.105608,0.2803521,1.144808,-0.01424786,0.637884,0.0269235,0.6386109,-0.003406499,0.6424361,0.07273164,0.646549,-0.02373574,0.6346068,0.1054533,0.6437466,0.09802188,-0.08472667,0.03584438,0.1344311,0.1275405,-0.07478546,0.02071147,0.149293,0.1077598,-0.07973431,0.00334765,0.134093,-0.108739,0.05534666,-0.03044324,0.1257546,-0.1559038,0.0546371,-0.02703382,0.1673978,-0.1800089,0.0423762,0.001494959,0.1849357,0.09867238,-0.08383137,0.03544405,0.1342394,0.1273573,-0.07515671,0.02068434,0.1493193,0.1048671,-0.07936287,0.003408916,0.1315568,-0.1083904,0.05538882,-0.0298029,0.125318,-0.1556352,0.05475061,-0.02658676,0.1671131,-0.1798609,0.04257025,0.002090156,0.1848419,0.1094713,-0.07977948,0.0211486,0.1370985,-0.119501,0.9859442,0.05641862,0.1022284,168.265,-0.1201303,0.9911368,0.05671576,-0.1419171,0.05002725,-0.01632773,0.1513598,0.169785,-0.5197098,-0.1154249,0.829308,67.94456,0.3038431,-0.93006,-0.2065615,0.104633,1.094605,0.2757955,1.133654,0.3635889,-0.6798958,0.07743695,0.6320985,101.5898,0.4692148,-0.8774116,0.09993307,0.09795235,-0.08103965,0.01177162,0.127674,-0.2594747,0.1149994,-0.5790271,0.7643139,80.30802,-0.4023834,0.1783367,-0.897933,-0.4401848,-0.2131981,-0.3510184,0.6020216,0.2626873,-0.0462862,0.9567861,0.1158167,166.6985,0.264467,-0.04659978,0.9632682,-0.004633017,0.005394816,0.02420446,0.02522746,0.1485035,-0.2284816,0.1331086,0.9529036,35.30869,0.489668,-0.7533836,0.4389056,-0.1227652,1.19934,-0.05804998,1.207003,-0.003753525,-0.1054506,-0.2050789,-0.973041,333.3314,-0.01627493,-0.4572239,-0.8892031,True,True,False,False
1772879691160,16.77854,0.1629336,1.112478,0.163509,1.136173,0.04651261,-0.7811084,0.5643916,0.262999,149.5038,0.04820979,-0.8096098,0.5849853,-0.1041417,0.6411162,-0.06092275,0.6523703,0.5296583,0.2654549,-0.7571436,0.2751899,148.0533,0.5509297,0.2761157,-0.7875509,0.09736947,1.071221,0.2733783,1.109834,0.07390791,1.09545,0.2820707,1.133595,0.09826432,1.105127,0.2815765,1.14466,-0.01428349,0.6378835,0.02700504,0.6386146,-0.00347193,0.6423698,0.07288523,0.6465008,-0.02381003,0.6345528,0.105554,0.6437126,0.09786993,-0.08475063,0.03620598,0.1344324,0.1274445,-0.07484376,0.02070561,0.1492394,0.1085035,-0.0799505,0.003319457,0.1348188,-0.1087623,0.05528843,-0.03049921,0.1257627,-0.1559798,0.05459144,-0.02703039,0.1674531,-0.180049,0.04231985,0.001466438,0.1849615,0.09860767,-0.08390551,0.0355055,0.1342544,0.1273643,-0.07513147,0.02068606,0.1493128,0.1051603,-0.07941026,0.003401701,0.131819,-0.1084204,0.05538072,-0.02985905,0.1253538,-0.155663,0.05473778,-0.02662254,0.1671405,-0.179876,0.04255006,0.002039853,0.1848515,0.1094629,-0.07984166,0.02125904,0.1371451,-0.1213336,0.9852062,0.05575155,0.1074186,167.6669,-0.1220398,0.9909399,0.05607601,-0.1419335,0.05001471,-0.0163822,0.1513769,0.1699679,-0.5195925,-0.1155829,0.8293221,67.94167,0.3041818,-0.9298849,-0.2068521,0.1053054,1.094414,0.276687,1.133749,0.3738891,-0.6703724,0.08606771,0.6351379,101.1396,0.4840622,-0.8679098,0.1114291,0.09800555,-0.08112144,0.01187023,0.1277759,-0.2570178,0.1133208,-0.5887638,0.7579298,81.43596,-0.3939959,0.1737153,-0.9025465,-0.4407319,-0.2123798,-0.3510967,0.6021782,0.2594825,-0.03858997,0.9565281,0.1274125,165.3598,0.2616147,-0.03890706,0.9643879,-0.005305409,0.005585551,0.02331302,0.02455285,0.1539747,-0.2314356,0.1175639,0.9533668,35.13323,0.5101636,-0.7668141,0.3895236,-0.1227446,1.199316,-0.0578186,1.206966,-0.003666955,-0.1055918,-0.2053505,-0.9729687,333.2955,-0.01587859,-0.4572321,-0.8892053,True,True,False,False
1772879691176,16.79263,0.1637594,1.111871,0.1642137,1.1358,0.04817836,-0.7813836,0.5640923,0.2625228,149.5604,0.0499296,-0.8097863,0.5845967,-0.1041614,0.6411834,-0.06088376,0.6524358,0.5298191,0.2655562,-0.757025,0.2751089,148.063,0.5510837,0.2762145,-0.7874085,0.09816851,1.070532,0.2742058,1.109444,0.07438963,1.094532,0.2829312,1.132954,0.09882828,1.10426,0.2825051,1.144101,-0.01430401,0.6379655,0.02708223,0.6387002,-0.003526304,0.6424351,0.07300459,0.6465794,-0.02392707,0.6346255,0.1056756,0.6438085,0.09821861,-0.08465473,0.03599997,0.1345709,0.1279646,-0.07467797,0.02072927,0.1496043,0.1089588,-0.07989909,0.003305465,0.1351548,-0.1087904,0.05526583,-0.03054621,0.1257884,-0.1560374,0.05454851,-0.02705314,0.1674965,-0.1801041,0.04222459,0.001468569,0.1849934,0.09857861,-0.08396146,0.03554243,0.1342778,0.1274091,-0.0750976,0.02068929,0.1493345,0.105444,-0.07944677,0.003394514,0.1320672,-0.108448,0.05537215,-0.02991037,0.1253861,-0.155691,0.05472364,-0.0266547,0.1671671,-0.1798931,0.04252575,0.001997186,0.184862,0.109492,-0.07988586,0.02134693,0.1372076,-0.1230135,0.9845276,0.05511004,0.1119645,167.1429,-0.1237919,0.9907573,0.05545876,-0.1419508,0.04999993,-0.01643034,0.1513935,0.1701638,-0.5194672,-0.1157314,0.8293396,67.93807,0.3045467,-0.9297041,-0.2071275,0.1074809,1.093608,0.2792477,1.133803,0.3770554,-0.662603,0.09388982,0.64029,100.3731,0.4908724,-0.8626146,0.1222312,0.09852652,-0.08085771,0.01124245,0.1279525,-0.2433455,0.113537,-0.595535,0.7571197,81.57813,-0.3725003,0.1737963,-0.9116132,-0.441523,-0.2118287,-0.3513333,0.6027014,0.2509849,-0.02444656,0.958958,0.1296487,165.1014,0.2531212,-0.02465464,0.9671204,-0.007480867,0.006392121,0.02075228,0.02296693,0.1624036,-0.2347303,0.1089133,0.9521895,35.57751,0.5315848,-0.7683266,0.3564984,-0.1227489,1.199283,-0.05759256,1.206923,-0.003800401,-0.1055067,-0.2054718,-0.9729518,333.2871,-0.01645137,-0.4567227,-0.889457,True,True,False,False
1772879691188,16.80701,0.1660028,1.111594,0.1671261,1.136279,0.0494773,-0.7817432,0.5637376,0.2619723,149.6257,0.05126781,-0.8100333,0.5841385,-0.1041937,0.641383,-0.06083821,0.652633,0.5299715,0.2656944,-0.7569182,0.2749756,148.0789,0.5512204,0.2763472,-0.7872664,0.100472,1.069486,0.2769519,1.109323,0.07632378,1.094025,0.2856731,1.133281,0.1002364,1.104023,0.2853197,1.144693,-0.01433659,0.6382585,0.02715714,0.6389968,-0.003528897,0.6426618,0.07307674,0.6468129,-0.02399536,0.6348674,0.1057771,0.6440661,0.09814535,-0.08466613,0.03644491,0.1346443,0.1282691,-0.0743044,0.02074315,0.149681,0.1097711,-0.07932043,0.003291205,0.1354705,-0.1088272,0.05517487,-0.03065317,0.1258064,-0.1560729,0.05451564,-0.02715788,0.1675358,-0.1801621,0.04212572,0.001392841,0.1850267,0.09854338,-0.08401876,0.03561581,0.1343073,0.127479,-0.07503311,0.02069367,0.1493623,0.1057958,-0.0794365,0.003386114,0.1323419,-0.1084788,0.0553561,-0.02997077,0.1254201,-0.155722,0.05470673,-0.02669561,0.167197,-0.179915,0.04249322,0.00194805,0.1848752,0.109525,-0.07991491,0.02147165,0.1372703,-0.1247758,0.9836704,0.05493167,0.1174992,166.5044,-0.1256462,0.9905318,0.05531484,-0.1419741,0.04997747,-0.01648568,0.1514139,0.170422,-0.5193121,-0.1159795,0.8293492,67.93612,0.3050164,-0.9294499,-0.2075768,0.1082121,1.093297,0.2801306,1.133791,0.3837982,-0.6591796,0.09872603,0.6390887,100.5522,0.499001,-0.8570424,0.1283602,0.09846009,-0.0805706,0.01155731,0.1277481,-0.2330382,0.1190438,-0.5983357,0.7573085,81.54501,-0.356842,0.182287,-0.9162071,-0.4441899,-0.2099322,-0.351562,0.6041292,0.2409358,-0.0171621,0.9618068,0.1287759,165.2023,0.2429587,-0.0173062,0.9698822,-0.008212127,0.006702542,0.01986939,0.02252012,0.1633395,-0.2335954,0.1000441,0.953281,35.16573,0.5407073,-0.7732775,0.3311789,-0.1227579,1.199236,-0.05735844,1.206866,-0.003733065,-0.1054843,-0.2056322,-0.9729206,333.2717,-0.0161507,-0.4563662,-0.8896454,True,True,False,False
1772879691202,16.82071,0.1666654,1.111781,0.1681756,1.136713,0.05026412,-0.7820971,0.5634466,0.2613918,149.6947,0.05207461,-0.8102679,0.5837417,-0.1041412,0.6414421,-0.06080223,0.6526793,0.53016,0.2657796,-0.7568015,0.2748512,148.0937,0.5513959,0.2764257,-0.7871158,0.1014676,1.069198,0.2778107,1.109351,0.07676826,1.093981,0.2866962,1.133527,0.1002539,1.104128,0.286689,1.145138,-0.01426189,0.6383702,0.02723408,0.63911,-0.003500108,0.6426873,0.07317097,0.6468487,-0.02397684,0.6349084,0.1058483,0.6441176,0.09780001,-0.08474411,0.03657208,0.1344765,0.1284873,-0.0742023,0.02074848,0.1498181,0.1105174,-0.07930769,0.003268301,0.1360679,-0.1088698,0.05513477,-0.03075134,0.1258496,-0.1561089,0.05449737,-0.02718558,0.1675679,-0.1801888,0.04209035,0.001342222,0.1850443,0.09848177,-0.08407887,0.03569506,0.1343207,0.1275626,-0.07496426,0.02069821,0.1493997,0.1061871,-0.07942582,0.003376351,0.1326483,-0.1085112,0.05533776,-0.03003546,0.1254555,-0.1557541,0.05468938,-0.02673621,0.1672277,-0.1799376,0.04245983,0.001897842,0.1848891,0.1095534,-0.07994778,0.02161381,0.1373344,-0.1265973,0.9826699,0.05460864,0.1238985,165.7657,-0.1275804,0.9903003,0.05503267,-0.1419982,0.04995345,-0.01654361,0.1514349,0.1706995,-0.519132,-0.1162838,0.8293623,67.93343,0.3055238,-0.9291599,-0.2081286,0.1087809,1.093303,0.2810418,1.134076,0.3849567,-0.6557533,0.1047972,0.6409473,100.275,0.5015168,-0.8543072,0.1365285,0.09829509,-0.08056886,0.01179351,0.1276415,-0.2260007,0.1162378,-0.6013205,0.7575132,81.50909,-0.3461915,0.178055,-0.9211124,-0.4449309,-0.2093574,-0.3517224,0.6045682,0.239297,-0.008233451,0.9622747,0.1292162,165.1514,0.2413201,-0.008303059,0.97041,-0.008780897,0.006697416,0.01895821,0.02194022,0.1689159,-0.2333575,0.09534776,0.9528487,35.3294,0.5566585,-0.7690244,0.3142164,-0.1227169,1.199187,-0.05705406,1.206799,-0.003474518,-0.1051642,-0.2058132,-0.972918,333.2704,-0.0150314,-0.4549595,-0.8903856,True,True,False,False
1772879691217,16.835,0.1674838,1.11175,0.1693098,1.136972,0.05072758,-0.7825204,0.5631609,0.2606497,149.7828,0.05254384,-0.8105379,0.5833244,-0.103997,0.6415263,-0.06071652,0.6527311,0.5305082,0.2657921,-0.7566116,0.2746901,148.1129,0.5517317,0.2764254,-0.7868806,0.102111,1.06899,0.2788798,1.109478,0.07726604,1.093781,0.2875867,1.133593,0.10071,1.104013,0.2875493,1.145283,-0.01409111,0.6384991,0.02734961,0.63924,-0.003441785,0.6426931,0.07334425,0.6468738,-0.02393261,0.6349196,0.1059881,0.64415,0.09795211,-0.08470966,0.03656861,0.1345645,0.1286525,-0.0739486,0.02077737,0.1498384,0.1106888,-0.07897116,0.003273189,0.1360116,-0.1088846,0.0551144,-0.03089377,0.1258883,-0.1561328,0.0544817,-0.02719028,0.1675858,-0.1802015,0.0420724,0.001316369,0.1850524,0.09843978,-0.08412888,0.03576432,0.1343397,0.127649,-0.07488373,0.02070449,0.149434,0.106544,-0.07938977,0.003368172,0.1329124,-0.1085408,0.05532005,-0.03010351,0.1254896,-0.1557841,0.05467292,-0.02677221,0.167256,-0.1799586,0.04242912,0.00185174,0.184902,0.1095875,-0.07996284,0.02174044,0.1373904,-0.128283,0.9817253,0.05463669,0.1295136,165.117,-0.1293726,0.990064,0.05510077,-0.1420189,0.04993096,-0.01660124,0.1514532,0.1709662,-0.5189184,-0.1166165,0.8293943,67.92686,0.3060271,-0.9288566,-0.2087418,0.1103144,1.093281,0.2838575,1.134905,0.3942069,-0.6558022,0.1033132,0.6354925,101.087,0.51056,-0.849367,0.1338069,0.09843561,-0.08027978,0.01166103,0.1275554,-0.2194636,0.1191561,-0.6016128,0.7587487,81.29198,-0.3369192,0.1829277,-0.9235925,-0.4455428,-0.2091674,-0.3520166,0.605124,0.2340123,-0.003629204,0.9639359,0.1266997,165.4422,0.2359135,-0.003658689,0.9717672,-0.01031443,0.006718755,0.01614252,0.02030049,0.161449,-0.231275,0.08818919,0.955337,34.37725,0.5463247,-0.7826078,0.298422,-0.1226974,1.199139,-0.05671322,1.206734,-0.003280522,-0.1047201,-0.2057373,-0.9729826,333.3024,-0.01420886,-0.4535722,-0.8911061,True,True,False,False
1772879691231,16.84918,0.169677,1.111837,0.1716924,1.137739,0.05075216,-0.783082,0.562793,0.2597516,149.8893,0.05255613,-0.8109164,0.5827973,-0.1037911,0.6417822,-0.06059692,0.6529387,0.5308077,0.2658081,-0.7564518,0.2745359,148.1313,0.552018,0.2764294,-0.7866785,0.1038093,1.069126,0.2812332,1.11036,0.07816897,1.093991,0.2900241,1.134478,0.1017255,1.104066,0.2908343,1.146253,-0.01379964,0.638801,0.02748626,0.639541,-0.003336769,0.6429362,0.07366557,0.6471512,-0.02382246,0.6350706,0.1061487,0.6443211,0.09836775,-0.08460514,0.03643757,0.1347662,0.129788,-0.0736016,0.02079532,0.1506471,0.1120523,-0.07941324,0.003224388,0.1373775,-0.1089095,0.05513255,-0.03106663,0.1259603,-0.1562744,0.05439158,-0.02717897,0.1676867,-0.1802001,0.04207508,0.001326367,0.1850518,0.09843384,-0.08416813,0.0358198,0.1343747,0.1278253,-0.07477807,0.02071197,0.1495328,0.106998,-0.07939171,0.003356322,0.1332775,-0.1085712,0.0553046,-0.03018288,0.1255281,-0.1558245,0.05464973,-0.02680574,0.1672914,-0.1799785,0.04239994,0.001808443,0.1849142,0.1096943,-0.07997716,0.02186987,0.1375045,-0.13066,0.9805959,0.0537056,0.1359241,164.3759,-0.131884,0.9897819,0.0542087,-0.1420321,0.04991098,-0.0166665,0.1514662,0.1711328,-0.5186623,-0.1168202,0.8294914,67.90694,0.3064044,-0.9286379,-0.2091604,0.1108404,1.093084,0.2845586,1.134942,0.3969488,-0.6533557,0.107568,0.6355998,101.071,0.5141699,-0.8462952,0.1393335,0.09913381,-0.08053896,0.01162711,0.1282545,-0.2180349,0.1106836,-0.6062279,0.7567679,81.63982,-0.333548,0.1693229,-0.9274027,-0.4481919,-0.2084222,-0.352173,0.6069115,0.2395209,0.004077776,0.9619709,0.1312446,164.917,0.2416108,0.004113357,0.9703646,-0.01084037,0.006915808,0.01544142,0.02009426,0.1640115,-0.2304929,0.08324943,0.9555328,34.30127,0.5561881,-0.781637,0.2823116,-0.1227434,1.199094,-0.05643849,1.20668,-0.003198983,-0.1038762,-0.2055747,-0.9731077,333.3646,-0.01388745,-0.450948,-0.8924425,True,True,False,False
1772879691244,16.86203,0.1704001,1.112277,0.1727707,1.13844,0.05059655,-0.7835562,0.5625041,0.2589765,149.9813,0.05238369,-0.8112326,0.5823726,-0.1038016,0.6417854,-0.0606065,0.6529444,0.5310485,0.265801,-0.756308,0.2744733,148.1387,0.5522582,0.2764169,-0.7865143,0.104563,1.06888,0.2819773,1.110382,0.07868545,1.09432,0.2906107,1.134981,0.1011934,1.104711,0.2921664,1.147165,-0.01381427,0.6387541,0.02749599,0.6394949,-0.003423807,0.6429063,0.07373875,0.6471303,-0.02401531,0.6351222,0.1062803,0.6444008,0.09800309,-0.08471477,0.03691477,0.1346993,0.1296671,-0.07329689,0.02083978,0.1504004,0.1132169,-0.07920786,0.003191918,0.1382105,-0.1088963,0.0551719,-0.03109023,0.125972,-0.1563053,0.0543676,-0.02717379,0.1677069,-0.1802841,0.04191978,0.001350291,0.1850985,0.09839863,-0.08421282,0.03590932,0.1344008,0.1279759,-0.07465696,0.02072242,0.1496025,0.1075064,-0.07937668,0.003342881,0.1336767,-0.1085978,0.05529375,-0.03025706,0.1255642,-0.1558638,0.05462666,-0.02683583,0.1673253,-0.1800035,0.04236068,0.001770985,0.1849292,0.1097647,-0.07999492,0.02203536,0.1375974,-0.133388,0.9792247,0.05276455,0.1433266,163.5192,-0.1347795,0.9894403,0.053315,-0.1420484,0.04988865,-0.01672517,0.1514805,0.171408,-0.5183923,-0.1170385,0.8295726,67.89028,0.3069634,-0.9283549,-0.2095965,0.1117999,1.09326,0.2865572,1.135708,0.4099739,-0.6474649,0.1067296,0.6334978,101.3827,0.5298569,-0.8367942,0.137939,0.09892718,-0.08048595,0.01215248,0.1281103,-0.2125884,0.1109816,-0.607644,0.7571381,81.57492,-0.3254295,0.1698902,-0.9301791,-0.4488254,-0.2079779,-0.3523943,0.6073555,0.2369639,0.009067575,0.9627067,0.130237,165.0334,0.2389995,0.009145469,0.9709767,-0.01179991,0.006739736,0.01344278,0.01911466,0.1581399,-0.2334136,0.07041395,0.9568448,33.78774,0.5441844,-0.8032131,0.2423056,-0.1228493,1.199051,-0.05616438,1.206635,-0.002916795,-0.1032411,-0.2052667,-0.9732412,333.431,-0.01269352,-0.449292,-0.8932946,True,True,False,False
1772879691258,16.87633,0.1719529,1.112677,0.1743837,1.13931,0.05020797,-0.7840925,0.562174,0.2581443,150.08,0.05196939,-0.8116006,0.5818966,-0.1038409,0.641645,-0.0606203,0.652814,0.5312539,0.2657962,-0.7561868,0.2744146,148.1457,0.552462,0.276407,-0.7863744,0.1056078,1.069042,0.2834746,1.111019,0.07917875,1.094852,0.2923582,1.135977,0.1011529,1.105227,0.295052,1.148396,-0.0138879,0.6384789,0.02748975,0.6392213,-0.003507298,0.6428918,0.0738636,0.6471305,-0.0241638,0.6351192,0.1063838,0.6444205,0.09825949,-0.08470008,0.03711411,0.1349314,0.1305896,-0.07318389,0.02081375,0.1511382,0.1150918,-0.07983223,0.003111675,0.1401035,-0.1088562,0.05524899,-0.03102944,0.1259562,-0.1564233,0.05424356,-0.02727085,0.1677925,-0.1803794,0.04175015,0.001271933,0.1851524,0.09838822,-0.08424924,0.03599936,0.1344401,0.1281712,-0.07454688,0.02072925,0.1497157,0.1080733,-0.07941072,0.003325603,0.1341527,-0.1086171,0.0552904,-0.03031478,0.1255934,-0.1559056,0.05459803,-0.02686834,0.1673602,-0.1800316,0.04231506,0.001733692,0.1849457,0.1098693,-0.0800285,0.02220293,0.1377272,-0.1364268,0.9777582,0.05081778,0.1509774,162.6329,-0.1380088,0.989096,0.05140705,-0.1420608,0.0498676,-0.01677705,0.151491,0.1716432,-0.5182469,-0.1169953,0.829621,67.88037,0.307424,-0.9282135,-0.2095461,0.1119898,1.093303,0.2869653,1.135871,0.414649,-0.6418484,0.1109766,0.6354377,101.0951,0.5370043,-0.831246,0.1437237,0.09946805,-0.0808344,0.01225551,0.1287567,-0.2062763,0.1044635,-0.6175339,0.7517908,82.50852,-0.3128235,0.1584217,-0.9365063,-0.4509167,-0.2077278,-0.352864,0.6090893,0.2371908,0.02066218,0.9612685,0.13884,164.0385,0.2395105,0.02086425,0.9706697,-0.01198984,0.006696939,0.01303467,0.01893431,0.1613409,-0.2355037,0.06264668,0.9563381,33.98693,0.5520409,-0.8057947,0.2143506,-0.122955,1.19904,-0.05587996,1.206622,-0.00286099,-0.1022898,-0.2052252,-0.9733505,333.4856,-0.01247584,-0.4460525,-0.8949199,True,True,False,False
1772879691272,16.88978,0.1722932,1.112785,0.1750998,1.139577,0.04947032,-0.7846876,0.5618078,0.2572744,150.1832,0.05119357,-0.8120215,0.5813779,-0.1038593,0.6416603,-0.06058256,0.6528285,0.5314815,0.2657913,-0.7560518,0.2743504,148.1534,0.5526883,0.2763967,-0.7862192,0.1058595,1.069082,0.2839719,1.111208,0.07904076,1.094966,0.2928582,1.136206,0.1009287,1.105333,0.2957004,1.148645,-0.01394588,0.6384348,0.02756084,0.6391816,-0.003554728,0.642899,0.07394676,0.6471475,-0.02419179,0.6350845,0.1064102,0.6443917,0.09808337,-0.08475892,0.03704198,0.1348204,0.1307753,-0.07311502,0.02079901,0.1512633,0.1153895,-0.07980338,0.003102317,0.1403316,-0.1088469,0.05526699,-0.03101604,0.1259527,-0.1564373,0.05423667,-0.02732095,0.1678115,-0.1803555,0.04179894,0.001210622,0.1851398,0.09836309,-0.08429126,0.03608532,0.1344711,0.1283859,-0.07442883,0.020735,0.1498417,0.1086765,-0.0794431,0.003307194,0.1346578,-0.1086361,0.05528848,-0.0303726,0.1256229,-0.1559495,0.05456824,-0.02690565,0.1673973,-0.1800583,0.04227251,0.001690567,0.1849616,0.1099739,-0.08006465,0.02237893,0.1378601,-0.1396532,0.9760983,0.04878398,0.1592149,161.6773,-0.1414577,0.9887102,0.0494143,-0.1420701,0.04984898,-0.01683311,0.1514998,0.1718218,-0.5181465,-0.1168638,0.8296652,67.87128,0.3077803,-0.9281433,-0.2093353,0.1120051,1.093268,0.2872753,1.135917,0.4157425,-0.6398514,0.1120651,0.6365452,100.9306,0.5390577,-0.8296405,0.1453052,0.09929086,-0.08075741,0.01222841,0.1285689,-0.1982702,0.1060259,-0.6220598,0.7499927,82.82052,-0.2997526,0.1602941,-0.9404543,-0.4511695,-0.2076418,-0.3531186,0.6093946,0.2318098,0.02749296,0.9622109,0.1402091,163.8801,0.2341225,0.02776725,0.9718105,-0.01200509,0.006732345,0.01272476,0.01874476,0.1625927,-0.2366991,0.06053446,0.955967,34.13217,0.5540266,-0.8065407,0.2062682,-0.1230604,1.198997,-0.05562294,1.206579,-0.002807133,-0.1016675,-0.2051117,-0.9734398,333.5303,-0.01226127,-0.4440732,-0.8959066,True,True,False,False
1772879691286,16.90389,0.1727182,1.112891,0.1756581,1.13983,0.04863986,-0.7852674,0.5614192,0.2565108,150.2738,0.05032362,-0.8124509,0.5808538,-0.1038838,0.6417944,-0.06048718,0.6529553,0.5314815,0.2657913,-0.7560518,0.2743504,148.1534,0.5526883,0.2763967,-0.7862192,0.1059326,1.068936,0.2842585,1.111148,0.07906765,1.095072,0.29319,1.136395,0.1006391,1.105514,0.2962102,1.148925,-0.01395233,0.6385643,0.02766113,0.6393154,-0.003561158,0.6430457,0.07403158,0.6473029,-0.02419056,0.6352342,0.1064989,0.6445539,0.09806063,-0.08474702,0.03726134,0.1348568,0.1308802,-0.07307291,0.02079415,0.151333,0.115841,-0.07971128,0.003095552,0.1406506,-0.1088561,0.05528229,-0.03102329,0.1259692,-0.1564341,0.05424149,-0.02734471,0.1678139,-0.1803586,0.04180648,0.001180828,0.1851443,0.09833952,-0.08432677,0.03617698,0.1345007,0.1285803,-0.07432315,0.02073961,0.1499565,0.1092349,-0.079464,0.003290699,0.1351207,-0.1086532,0.05528799,-0.03042331,0.1256498,-0.1559873,0.05454278,-0.02693987,0.1674297,-0.1800817,0.04223619,0.001650839,0.1849757,0.1100592,-0.08009773,0.0225479,0.1379749,-0.1425301,0.9745294,0.04694276,0.1666556,160.8131,-0.1445516,0.9883513,0.04760856,-0.142079,0.04983366,-0.01688297,0.1515087,0.1719746,-0.5180682,-0.1167339,0.8297008,67.86399,0.308083,-0.9280907,-0.2091223,0.1123315,1.093435,0.2888082,1.136499,0.4224823,-0.6389794,0.1136183,0.6326967,101.5013,0.545561,-0.8251287,0.1467179,0.09934536,-0.08066636,0.01236749,0.1285672,-0.1955429,0.1077744,-0.6239696,0.7488722,83.01444,-0.2950636,0.1626258,-0.9415361,-0.4513621,-0.2075177,-0.3529642,0.6094055,0.229722,0.02915171,0.9625762,0.140802,163.8115,0.2320336,0.02944504,0.9722621,-0.01233146,0.006564856,0.01119182,0.01790025,0.1593341,-0.2342724,0.05386245,0.9575115,33.52385,0.5524846,-0.8123304,0.1867659,-0.1231283,1.198945,-0.05537807,1.206522,-0.003039853,-0.1009174,-0.2051211,-0.9735152,333.5681,-0.0132964,-0.4414156,-0.8972051,True,True,False,False
1772879691300,16.91853,0.1737347,1.113139,0.177192,1.140465,0.04756171,-0.7859543,0.5609292,0.2556798,150.3723,0.04919694,-0.8129764,0.5802146,-0.1038971,0.6422706,-0.06021063,0.6533999,0.5317268,0.2657242,-0.7559375,0.2742551,148.1647,0.5529276,0.2763191,-0.786078,0.1062996,1.069078,0.2855021,1.111638,0.07949988,1.095407,0.2944062,1.137063,0.100174,1.105987,0.2981875,1.149851,-0.01390917,0.6391031,0.02797821,0.6398664,-0.003657755,0.6435032,0.07441221,0.6478016,-0.02438969,0.6357704,0.1069262,0.6451605,0.09827845,-0.08461659,0.03743507,0.1349815,0.1310906,-0.07291855,0.02078335,0.1514391,0.1171782,-0.07976213,0.003084183,0.1417823,-0.1088966,0.05527737,-0.03116227,0.1260362,-0.1564864,0.05419642,-0.02734055,0.1678474,-0.1804525,0.04163985,0.001202971,0.1851983,0.09833455,-0.08435038,0.03627942,0.1345395,0.1287847,-0.07420878,0.02074317,0.1500757,0.1098817,-0.07948827,0.003273883,0.135658,-0.108673,0.05528713,-0.03048348,0.1256811,-0.1560279,0.05451457,-0.0269725,0.1674636,-0.1801119,0.04218763,0.00161437,0.1849937,0.110152,-0.08013289,0.02273601,0.1381002,-0.1458496,0.9727185,0.04458141,0.1748119,159.8646,-0.1481306,0.9879308,0.04527862,-0.1420945,0.04981226,-0.01693468,0.1515219,0.1722485,-0.5178989,-0.1167024,0.8297541,67.85304,0.3086177,-0.9279192,-0.2090956,0.1123665,1.093547,0.2891842,1.136705,0.4249699,-0.6358606,0.1165599,0.633637,101.3621,0.5493189,-0.8219177,0.1506662,0.09973326,-0.0807128,0.01247017,0.1289061,-0.1911953,0.1023178,-0.6275089,0.7478021,83.1993,-0.2879788,0.1541113,-0.9451551,-0.4524572,-0.2072439,-0.3527762,0.6100152,0.2322835,0.03641786,0.9614658,0.1424848,163.6167,0.2346779,0.03679326,0.9713766,-0.01236652,0.006453514,0.01081577,0.01765105,0.1615234,-0.2350151,0.0493889,0.9572038,33.64589,0.558103,-0.8120345,0.1706507,-0.123146,1.198913,-0.0551254,1.206481,-0.003370733,-0.100519,-0.2049756,-0.9735859,333.6035,-0.01476313,-0.440253,-0.8977521,True,True,False,False
1772879691313,16.9318,0.1740614,1.113271,0.1779409,1.140759,0.04629726,-0.7867437,0.5603276,0.2548016,150.4763,0.04787754,-0.8135979,0.5794535,-0.1039383,0.6424282,-0.060142,0.653555,0.5319271,0.2656579,-0.7558625,0.2741375,148.1788,0.5531167,0.2762406,-0.7859727,0.1065419,1.069414,0.2860148,1.112116,0.07955837,1.095506,0.2948053,1.137265,0.09994231,1.106125,0.2987201,1.150102,-0.01393761,0.6392592,0.0280868,0.6400276,-0.003759731,0.643626,0.07456709,0.647942,-0.02452046,0.6358854,0.1070459,0.6452986,0.09807156,-0.08466671,0.03709194,0.1347676,0.1309658,-0.07294289,0.02076098,0.1513398,0.1173474,-0.07970193,0.00308454,0.1418884,-0.1089229,0.05527803,-0.03121879,0.1260733,-0.1565331,0.05416735,-0.02733116,0.16788,-0.1804686,0.04160956,0.001220368,0.1852074,0.09831239,-0.08437703,0.03634787,0.1345585,0.1289684,-0.07410214,0.02074467,0.150181,0.1105106,-0.07950627,0.003257932,0.136178,-0.1086941,0.05528636,-0.03054543,0.125714,-0.1560705,0.05448532,-0.02700271,0.1674986,-0.1801419,0.04213893,0.001581178,0.1850116,0.1102261,-0.08016924,0.02290609,0.1382085,-0.1490799,0.9708257,0.04236553,0.1829701,158.9144,-0.1516398,0.987496,0.043093,-0.1421099,0.04979089,-0.01698602,0.1515351,0.1725107,-0.5177047,-0.116663,0.8298263,67.8382,0.3091469,-0.9277501,-0.2090654,0.1126567,1.094082,0.2905909,1.137607,0.431816,-0.6348932,0.1142764,0.6303861,101.8428,0.5562618,-0.8178644,0.14721,0.09959637,-0.08059829,0.01244456,0.128726,-0.1856402,0.1037656,-0.6302484,0.7466977,83.38975,-0.2790895,0.1560002,-0.947509,-0.4526288,-0.2072777,-0.352828,0.6101839,0.2291096,0.04057622,0.962024,0.1427319,163.5881,0.2314796,0.04099595,0.9719755,-0.01265667,0.005917788,0.00940907,0.01684465,0.1556459,-0.23506,0.04413958,0.9584222,33.16007,0.5454476,-0.8237474,0.1546833,-0.1231299,1.198884,-0.05489471,1.20644,-0.003736047,-0.1004354,-0.2049806,-0.9735922,333.6067,-0.01636506,-0.4399386,-0.8978795,True,True,False,False
1772879691328,16.94581,0.1751181,1.113892,0.1792215,1.141728,0.04467418,-0.7876949,0.5596024,0.2537442,150.6016,0.04618578,-0.8143475,0.5785372,-0.1040923,0.6427411,-0.06017527,0.6538902,0.5320814,0.2656974,-0.7557999,0.2739725,148.1984,0.5532502,0.2762681,-0.7858692,0.1069078,1.070034,0.28701,1.113003,0.07980803,1.096217,0.295855,1.13824,0.09972718,1.106847,0.300503,1.151242,-0.0140365,0.6396241,0.0281266,0.640396,-0.003952761,0.6439009,0.07462372,0.6482227,-0.02468272,0.6362328,0.1070495,0.6456477,0.09826311,-0.08462439,0.0371166,0.1348872,0.1313361,-0.07293832,0.02075189,0.1516569,0.1184226,-0.08005939,0.003034309,0.1429777,-0.1090117,0.05524728,-0.03132357,0.1261625,-0.1566008,0.05412527,-0.02732586,0.1679287,-0.1805136,0.04154389,0.001131848,0.1852359,0.0983086,-0.08439606,0.03640703,0.1345836,0.1291507,-0.07401258,0.02074523,0.1502934,0.1111195,-0.07954884,0.003240722,0.136697,-0.1087185,0.05528336,-0.03060531,0.1257484,-0.1561113,0.05445761,-0.02702758,0.1675317,-0.1801705,0.04209314,0.001546598,0.1850288,0.1103065,-0.08021139,0.02305898,0.1383225,-0.1523046,0.9689909,0.03976494,0.1904703,158.0395,-0.1551449,0.987061,0.0405065,-0.1421256,0.04976971,-0.01703643,0.1515485,0.1727978,-0.517507,-0.1167092,0.8298834,67.82648,0.3097085,-0.9275369,-0.2091799,0.1126554,1.094289,0.2908719,1.137878,0.4327561,-0.6328603,0.1162878,0.6314167,101.6906,0.5580755,-0.8161267,0.1499629,0.1000251,-0.08084667,0.01248269,0.1292169,-0.183864,0.09891138,-0.6355445,0.7432994,83.97353,-0.2748509,0.1478587,-0.9500501,-0.4539711,-0.2074229,-0.3530042,0.6113314,0.2323783,0.04573559,0.9603016,0.1474101,163.0463,0.2349449,0.04624074,0.9709082,-0.01265539,0.005710602,0.009128064,0.016616,0.1576191,-0.2357161,0.04176079,0.9580451,33.31118,0.5499274,-0.822405,0.1457019,-0.1230777,1.19888,-0.05470054,1.206422,-0.003629474,-0.1002627,-0.2050238,-0.9736013,333.6112,-0.01590093,-0.4392567,-0.898221,True,True,False,False
1772879691341,16.95943,0.175515,1.114221,0.1800031,1.142232,0.04294975,-0.7886544,0.558861,0.2526931,150.7261,0.04439039,-0.8151077,0.5776065,-0.1041567,0.6428348,-0.06023011,0.6539976,0.5320814,0.2656974,-0.7557999,0.2739725,148.1984,0.5532502,0.2762681,-0.7858692,0.1069813,1.070389,0.2874151,1.113457,0.07985032,1.096533,0.296058,1.1386,0.09930211,1.107283,0.3009895,1.151752,-0.01409363,0.6397584,0.028106,0.6405306,-0.004014325,0.643993,0.07456668,0.648308,-0.02470798,0.6363744,0.1069821,0.645777,0.09808621,-0.08464266,0.03701496,0.1347419,0.131125,-0.07285632,0.02077287,0.1514375,0.1187394,-0.07991267,0.00302273,0.143158,-0.1090517,0.0552198,-0.03134654,0.1261907,-0.1565993,0.05412866,-0.02732728,0.1679286,-0.1805192,0.04153866,0.001069203,0.1852398,0.09829061,-0.08441602,0.03645621,0.1345963,0.1293104,-0.07391904,0.02074746,0.150385,0.111736,-0.07957827,0.003223087,0.1372152,-0.1087455,0.05527822,-0.03066528,0.125784,-0.1561508,0.054431,-0.02705183,0.1675637,-0.1801987,0.04204828,0.001507976,0.1850457,0.1103649,-0.08025243,0.02321045,0.1384182,-0.1556659,0.9670098,0.03724587,0.1981741,157.1396,-0.1588157,0.9865768,0.03799952,-0.1421423,0.04974785,-0.01708831,0.1515628,0.1731149,-0.5173115,-0.1168253,0.8299229,67.81837,0.3103096,-0.9272841,-0.20941,0.112467,1.094432,0.2910645,1.138046,0.4329543,-0.6332988,0.1156904,0.6309509,101.7594,0.5580583,-0.8162931,0.1491196,0.09983273,-0.08071913,0.01258308,0.128998,-0.1797348,0.1011942,-0.6376029,0.7422382,84.15513,-0.2682064,0.1510055,-0.9514531,-0.454323,-0.2074963,-0.3530263,0.6116303,0.2300165,0.04779952,0.9607998,0.1472126,163.0691,0.2325502,0.04832604,0.9713832,-0.01246701,0.005568027,0.008935481,0.01631785,0.1567915,-0.2355307,0.04199945,0.958216,33.24271,0.5481346,-0.8234025,0.1468278,-0.1229558,1.19892,-0.05453875,1.206442,-0.003574779,-0.1002064,-0.2048804,-0.9736375,333.6294,-0.01567191,-0.4393072,-0.8982005,True,True,False,False
1772879691355,16.97313,0.175805,1.114503,0.1804621,1.142625,0.04147158,-0.7894235,0.5583313,0.2517081,150.8428,0.04285125,-0.8156859,0.5769057,-0.1042269,0.6429337,-0.06030055,0.6541125,0.5320814,0.2656974,-0.7557999,0.2739725,148.1984,0.5532502,0.2762681,-0.7858692,0.1067161,1.070426,0.2874914,1.113486,0.0796777,1.096867,0.296116,1.138925,0.09885676,1.107638,0.3013243,1.152142,-0.01413566,0.6399117,0.02806541,0.6406828,-0.004079793,0.644086,0.07448618,0.6483915,-0.02474542,0.6364821,0.1068917,0.6458696,0.09808467,-0.08461609,0.0372944,0.1348012,0.1311314,-0.07280368,0.02077273,0.1514177,0.1190819,-0.07991377,0.003017455,0.1434427,-0.1090951,0.05519761,-0.03139404,0.1262304,-0.1565903,0.05413719,-0.02732929,0.1679233,-0.1805106,0.04155742,0.001035668,0.1852355,0.09827438,-0.08443178,0.03652227,0.1346122,0.1294539,-0.07383113,0.02074946,0.1504656,0.1123149,-0.07960472,0.003206881,0.137702,-0.108773,0.05527186,-0.03072271,0.1258191,-0.1561854,0.05440785,-0.02707369,0.167592,-0.1802233,0.0420096,0.001470755,0.1850606,0.1104087,-0.08029196,0.02336204,0.1385015,-0.1589158,0.9651148,0.03478203,0.2051574,156.3226,-0.1623696,0.9860899,0.03553795,-0.1421591,0.04972791,-0.01713739,0.1515776,0.173409,-0.5171168,-0.1169826,0.8299606,67.81062,0.310868,-0.9270283,-0.2097131,0.1119643,1.094987,0.2916982,1.138692,0.4408334,-0.6368324,0.1160551,0.6218053,103.1038,0.5628821,-0.8131451,0.148186,0.09984343,-0.08072764,0.0127194,0.129025,-0.1794502,0.101747,-0.6386797,0.7413052,84.31457,-0.26737,0.1515968,-0.9515943,-0.4545451,-0.2076386,-0.3529017,0.6117717,0.2308088,0.04763509,0.9605699,0.1475255,163.0329,0.2333622,0.04816206,0.9711965,-0.01196431,0.00501287,0.008301795,0.01540109,0.148864,-0.228186,0.03644051,0.9614796,31.90933,0.5415664,-0.8301396,0.1325704,-0.1228407,1.198968,-0.05437104,1.20647,-0.003442501,-0.1001087,-0.204914,-0.9736409,333.6311,-0.01509298,-0.438907,-0.8984056,True,True,False,False
1772879691370,16.98792,0.1760628,1.114983,0.1808916,1.1432,0.04003801,-0.7901329,0.5578864,0.2506981,150.9623,0.0413588,-0.8161981,0.5762901,-0.1041963,0.6429768,-0.0604232,0.6541613,0.5320814,0.2656974,-0.7557999,0.2739725,148.1984,0.5532502,0.2762681,-0.7858692,0.1062855,1.071113,0.287772,1.114178,0.07926044,1.097527,0.2960698,1.139519,0.09771773,1.108311,0.3022184,1.152926,-0.01406556,0.6399012,0.02797891,0.640667,-0.004046653,0.6441313,0.07436191,0.6484221,-0.02475262,0.6365529,0.1068072,0.6459258,0.09840439,-0.08456925,0.03716777,0.1349697,0.1313212,-0.07256146,0.02076039,0.1514642,0.1202879,-0.08015271,0.003000557,0.1445774,-0.1091336,0.05525912,-0.03137233,0.1262852,-0.1565897,0.05413762,-0.02733292,0.1679236,-0.1805398,0.04150723,0.001052514,0.1852527,0.09828468,-0.08444268,0.03657345,0.1346405,0.1296019,-0.07373047,0.02075032,0.1505437,0.112947,-0.07964816,0.003190523,0.1382427,-0.1088016,0.05527085,-0.03077422,0.1258559,-0.1562174,0.05438642,-0.02709424,0.1676182,-0.1802484,0.04196977,0.001437595,0.1850757,0.1104695,-0.08033355,0.02350806,0.1385987,-0.1629171,0.962985,0.03176142,0.2123886,155.4753,-0.1667208,0.9854683,0.03250297,-0.1421799,0.04970974,-0.01718022,0.151596,0.173718,-0.5169282,-0.117084,0.8299992,67.80269,0.311454,-0.9267856,-0.2099166,0.1117383,1.095166,0.2918052,1.13887,0.4432608,-0.6360208,0.1177959,0.6205816,103.2828,0.5652813,-0.8111043,0.1502226,0.1003561,-0.08096302,0.01265594,0.1295628,-0.1779609,0.09036773,-0.6406214,0.7414633,84.28757,-0.26522,0.1346775,-0.9547358,-0.4551795,-0.2084563,-0.3526841,0.6123956,0.2404075,0.05524605,0.9577312,0.1479977,162.9782,0.2430844,0.0558612,0.9683954,-0.01173826,0.004834175,0.008194834,0.01510998,0.1487357,-0.2270189,0.03335296,0.9618877,31.73878,0.5439322,-0.8302165,0.121973,-0.1227752,1.198974,-0.05419094,1.206461,-0.003491612,-0.1005088,-0.2047543,-0.9736331,333.6273,-0.01530608,-0.4405975,-0.8975754,True,True,False,False
1772879691384,17.00127,0.1763491,1.115087,0.1810875,1.143377,0.03872292,-0.7906945,0.5576072,0.2497535,151.0742,0.03999024,-0.8165722,0.5758565,-0.1041303,0.6429024,-0.06045009,0.6540801,0.5320814,0.2656974,-0.7557999,0.2739725,148.1984,0.5532502,0.2762681,-0.7858692,0.1063096,1.071427,0.2877975,1.114489,0.07903749,1.097746,0.2959187,1.139676,0.09716662,1.108562,0.302415,1.153172,-0.01400758,0.6397557,0.02796205,0.6405196,-0.003982012,0.6440609,0.07433984,0.6483492,-0.0247029,0.6364732,0.1067904,0.6458425,0.09835888,-0.08461421,0.03694181,0.1349027,0.131424,-0.0724788,0.02076082,0.1515139,0.1208074,-0.0801837,0.002990887,0.1450269,-0.1091315,0.05530281,-0.03131481,0.1262882,-0.1565944,0.05413329,-0.02733337,0.1679266,-0.180544,0.04149852,0.001069888,0.185255,0.09829099,-0.08445727,0.03660477,0.1346628,0.1297569,-0.07362403,0.02075121,0.1506252,0.1136154,-0.0796937,0.003173547,0.1388151,-0.1088297,0.05527357,-0.03082019,0.1258926,-0.1562495,0.0543649,-0.02711458,0.1676444,-0.1802735,0.0419297,0.001406327,0.1850909,0.1105317,-0.08037829,0.02364907,0.1386982,-0.1672679,0.9606139,0.02854259,0.220063,154.5745,-0.1714715,0.9847545,0.02925988,-0.1422012,0.04969333,-0.01721938,0.151615,0.1740108,-0.5167661,-0.117104,0.830036,67.79514,0.3120096,-0.9265859,-0.209973,0.1110258,1.095823,0.2921749,1.139527,0.4566264,-0.630198,0.123593,0.6156847,103.9966,0.5794805,-0.7997512,0.1568453,0.1005379,-0.08100956,0.0126248,0.1297298,-0.1748341,0.08923802,-0.6424761,0.7407388,84.41122,-0.2602499,0.1328356,-0.9563603,-0.455257,-0.208854,-0.352628,0.6125565,0.2406477,0.05855432,0.9574964,0.1478539,162.9948,0.243322,0.05920503,0.968137,-0.01102578,0.004176736,0.007825077,0.01415079,0.1463027,-0.224445,0.01736448,0.9632853,31.14765,0.54493,-0.8359846,0.06467704,-0.1226967,1.198944,-0.05402951,1.206416,-0.003615886,-0.1004298,-0.2046636,-0.9736599,333.6407,-0.01585879,-0.4404718,-0.8976272,True,True,False,False
1772879691396,17.01591,0.1763083,1.115161,0.1813129,1.143479,0.0374426,-0.7911487,0.5574697,0.248816,151.1851,0.03865838,-0.8168376,0.5755709,-0.1039521,0.642643,-0.06049962,0.6538014,0.5322579,0.2657766,-0.7556704,0.2739102,148.2058,0.5534234,0.2763454,-0.7857201,0.1059797,1.072254,0.2880459,1.115316,0.07836147,1.098028,0.2958604,1.139885,0.09554501,1.109038,0.3030626,1.153664,-0.01386236,0.6394688,0.02798341,0.6402309,-0.003845092,0.6437375,0.07431012,0.6480237,-0.02453341,0.6361476,0.1067311,0.6455053,0.09853889,-0.08460005,0.03622179,0.1348299,0.1316859,-0.07236744,0.02073738,0.1516847,0.1222166,-0.08023499,0.002938047,0.1462299,-0.1091716,0.05529083,-0.03130443,0.126315,-0.1565808,0.05414626,-0.02733003,0.1679175,-0.1805247,0.04153799,0.001032874,0.1852448,0.09831017,-0.08446832,0.03657514,0.1346756,0.1299061,-0.07352681,0.02075014,0.1507062,0.1142809,-0.07973558,0.003155327,0.1393838,-0.1088561,0.0552749,-0.03085765,0.1259252,-0.1562751,0.05434798,-0.02713125,0.1676655,-0.180293,0.04189939,0.001377434,0.1851027,0.1106059,-0.08041963,0.02374988,0.1387985,-0.1715213,0.9581628,0.02537316,0.2277294,153.6731,-0.1761498,0.9840184,0.02605785,-0.1422198,0.0496805,-0.01725263,0.1516321,0.1742469,-0.5166404,-0.1171397,0.8300596,67.79026,0.3124527,-0.9264193,-0.2100503,0.110812,1.095976,0.2922109,1.139662,0.4571533,-0.6317548,0.1238283,0.6136477,104.2925,0.5789828,-0.800115,0.1568281,0.1010719,-0.0810101,0.01216494,0.1301005,-0.1629727,0.08036707,-0.6501367,0.7377691,84.91655,-0.2414221,0.1190529,-0.9630896,-0.4553506,-0.2101678,-0.3527786,0.6131618,0.2407454,0.07459009,0.9558965,0.1507978,162.6537,0.2435303,0.07545293,0.9669541,-0.01081197,0.004024506,0.007789075,0.01391995,0.1450156,-0.2222635,0.01738997,0.9639851,30.84762,0.54526,-0.8357127,0.06538645,-0.1225671,1.198914,-0.05388944,1.206367,-0.003772476,-0.1007308,-0.2046779,-0.9736252,333.6232,-0.01653482,-0.4415047,-0.8971062,True,True,False,False
1772879691411,17.02851,0.1764906,1.115239,0.1814392,1.143603,0.03620476,-0.7915734,0.5573556,0.247902,151.2932,0.03737131,-0.8170784,0.575314,-0.1038533,0.6425949,-0.06053282,0.6537415,0.532479,0.2657922,-0.7555221,0.2738743,148.2101,0.5536475,0.2763586,-0.7855576,0.1058067,1.072659,0.2880411,1.115689,0.07814433,1.098222,0.2957176,1.14002,0.09511468,1.109253,0.3030995,1.153845,-0.01382156,0.6394022,0.02800403,0.6401643,-0.003809083,0.6436466,0.07432367,0.6479348,-0.02448678,0.6360645,0.1067193,0.6454197,0.09862462,-0.08457899,0.03595537,0.134808,0.1317358,-0.07237126,0.02071737,0.1517271,0.1225068,-0.08026607,0.002922401,0.1464892,-0.1091806,0.05526983,-0.03129748,0.1263119,-0.1565807,0.05414617,-0.02732974,0.1679173,-0.1805209,0.04154724,0.001001626,0.185243,0.09833665,-0.08447764,0.03652295,0.1346866,0.1300602,-0.0734295,0.02074738,0.1507912,0.1149736,-0.07978025,0.003135712,0.1399773,-0.1088835,0.05527448,-0.03089469,0.1259578,-0.1563009,0.05433099,-0.02714796,0.1676867,-0.1803122,0.04186974,0.001345787,0.1851145,0.1106869,-0.08046223,0.02383785,0.1389029,-0.1759977,0.9555289,0.02198269,0.2355976,152.7463,-0.1810954,0.9832054,0.02261941,-0.1422381,0.04966718,-0.01728714,0.1516487,0.1744888,-0.5165256,-0.1172022,0.8300715,67.78783,0.3128962,-0.9262425,-0.210169,0.1105212,1.096091,0.2922436,1.139753,0.4584709,-0.6320031,0.1238579,0.6124016,104.4733,0.5799415,-0.7994506,0.1566737,0.1011592,-0.08108464,0.01213434,0.1302119,-0.1629806,0.07882017,-0.6503205,0.7377723,84.91602,-0.241435,0.116762,-0.9633669,-0.4551976,-0.2104972,-0.3529158,0.6132402,0.2428401,0.07520128,0.9554417,0.1500163,162.7443,0.2456196,0.07606202,0.9663776,-0.01052125,0.003908873,0.007756382,0.01364322,0.1438595,-0.2213965,0.01633626,0.9643762,30.67862,0.5438206,-0.8369277,0.06175467,-0.1224236,1.198926,-0.05372253,1.206357,-0.003622675,-0.1006815,-0.2047945,-0.9736063,333.6138,-0.01587265,-0.441133,-0.8973012,True,True,False,False
1772879691425,17.04228,0.1764865,1.115322,0.1815868,1.143706,0.03520577,-0.7919207,0.5573053,0.2470484,151.3942,0.03633194,-0.817253,0.5751326,-0.1037423,0.6426406,-0.06055908,0.6537712,0.5327424,0.2657495,-0.7553391,0.2739081,148.2061,0.5539269,0.276317,-0.7853751,0.1055789,1.072825,0.288022,1.115821,0.07784829,1.098366,0.2956391,1.140118,0.09474204,1.109381,0.3031479,1.153951,-0.01376647,0.6394334,0.02803821,0.6401959,-0.003779996,0.643658,0.07434736,0.6479486,-0.02445662,0.6360784,0.1067231,0.6454329,0.09856717,-0.08461134,0.03588524,0.1347676,0.1317322,-0.07240802,0.02070339,0.1517396,0.1225943,-0.08035355,0.002913043,0.1466102,-0.1091844,0.05526882,-0.03129746,0.1263147,-0.1565672,0.05415857,-0.02732786,0.1679084,-0.1805089,0.04157096,0.0009829327,0.1852366,0.09835356,-0.08448745,0.03647616,0.1346925,0.1301829,-0.07335455,0.02074415,0.1508602,0.1155327,-0.07982232,0.003119374,0.1404605,-0.1089055,0.05527406,-0.03092424,0.1259839,-0.1563204,0.05431833,-0.02716116,0.1677029,-0.1803266,0.04184781,0.001319163,0.1851234,0.1107481,-0.08050054,0.02390398,0.1389852,-0.1797075,0.953321,0.01911221,0.241907,152.0018,-0.1852083,0.9825019,0.01969722,-0.1422521,0.04965731,-0.01731523,0.1516619,0.1746804,-0.5164378,-0.1172658,0.8300768,67.78674,0.3132443,-0.9260982,-0.210286,0.1097423,1.096633,0.2925887,1.140288,0.4646146,-0.6304176,0.126626,0.608829,104.9902,0.5856721,-0.794676,0.1596191,0.1011671,-0.08114479,0.01212008,0.1302542,-0.1624287,0.0776904,-0.6515182,0.7369567,85.05438,-0.2403004,0.1149368,-0.9638699,-0.4550255,-0.2107065,-0.3529175,0.6131852,0.2437881,0.07642917,0.9550298,0.1504795,162.6906,0.246596,0.07730947,0.9660299,-0.00974232,0.003366947,0.007411331,0.01269555,0.1419882,-0.2187444,0.009322126,0.9653515,30.25328,0.5441132,-0.8382505,0.03572333,-0.1223634,1.198998,-0.05353003,1.206414,-0.003454084,-0.1005383,-0.2048665,-0.9736066,333.6139,-0.01513405,-0.4405082,-0.8976217,True,True,False,False
1772879691439,17.05679,0.1763504,1.115395,0.181866,1.143801,0.03417956,-0.792303,0.5572508,0.2460877,151.5078,0.03526402,-0.8174414,0.5749314,-0.1036576,0.6430304,-0.06070831,0.6541548,0.532974,0.2656891,-0.7551269,0.2741014,148.1831,0.5541993,0.27627,-0.7851993,0.1051308,1.073421,0.2882648,1.116415,0.07698528,1.098596,0.2957354,1.140307,0.09385385,1.109619,0.3033673,1.154165,-0.01374567,0.6398243,0.02799706,0.6405841,-0.003796611,0.6440942,0.07428779,0.6483752,-0.02449853,0.6365027,0.1066386,0.6458388,0.0987322,-0.08457978,0.03539665,0.1347394,0.1321419,-0.07232603,0.02072021,0.1520587,0.1230489,-0.08032537,0.002897918,0.1469748,-0.1092226,0.05527996,-0.03126718,0.1263451,-0.1565856,0.05414136,-0.02733066,0.1679206,-0.1805151,0.04155866,0.0009860098,0.1852398,0.09838371,-0.08449481,0.03639021,0.1346959,0.1303389,-0.07327266,0.02074225,0.1509548,0.1161312,-0.07986237,0.003101742,0.1409754,-0.1089308,0.05527453,-0.03095155,0.1260127,-0.1563415,0.05430424,-0.02717466,0.1677202,-0.1803416,0.04182479,0.001292637,0.1851326,0.1108373,-0.08053391,0.02394941,0.1390834,-0.1835245,0.9509159,0.01610144,0.2486335,151.2067,-0.1894744,0.9817451,0.01662345,-0.1422687,0.04964728,-0.01734206,0.1516773,0.1748614,-0.5163597,-0.1172811,0.8300852,67.78503,0.3135759,-0.9259788,-0.2103181,0.1094957,1.096765,0.2926391,1.140404,0.4660662,-0.6295605,0.1282453,0.6082674,105.0714,0.5871832,-0.7931648,0.1615726,0.1016498,-0.08109791,0.01177221,0.1305685,-0.1574481,0.07266022,-0.6546775,0.7357499,85.25875,-0.2324804,0.1072866,-0.9666658,-0.4552422,-0.2111636,-0.3525315,0.6132813,0.2452637,0.08377377,0.9538908,0.1513946,162.5845,0.2481236,0.08475065,0.965014,-0.009495728,0.003234625,0.007360935,0.01244247,0.1424878,-0.2180205,0.007087421,0.9654607,30.20529,0.546875,-0.836773,0.02720186,-0.1223942,1.199056,-0.05333145,1.206466,-0.003065328,-0.1004081,-0.2048972,-0.9736149,333.6181,-0.01343281,-0.4400058,-0.8978954,True,True,False,False
1772879691452,17.07071,0.1764134,1.115436,0.1820323,1.143877,0.03340686,-0.7926023,0.5572198,0.2452989,151.601,0.0344597,-0.8175815,0.5747808,-0.1036576,0.6430629,-0.06079955,0.6541952,0.5332088,0.2656524,-0.7548951,0.2743185,148.1572,0.5544793,0.2762496,-0.7850089,0.1048667,1.073648,0.2883043,1.116618,0.0767273,1.098684,0.2956533,1.140353,0.09333409,1.10978,0.3034905,1.154309,-0.01377127,0.6399218,0.02796899,0.6406807,-0.003904838,0.6441876,0.07430194,0.6484702,-0.02466902,0.6366154,0.1066549,0.645959,0.09884641,-0.08452646,0.03526476,0.1347551,0.1321862,-0.07228153,0.02073292,0.1520778,0.1233999,-0.08031448,0.002883807,0.1472626,-0.1092352,0.05528212,-0.03131851,0.1263696,-0.1566171,0.05411282,-0.02733473,0.1679413,-0.1805545,0.04148282,0.0009969324,0.1852613,0.09842237,-0.08449745,0.03629616,0.1347004,0.1304932,-0.07318984,0.02074147,0.1510478,0.1167386,-0.07990015,0.003083531,0.1414971,-0.1089562,0.05527516,-0.03098221,0.1260425,-0.1563645,0.05428825,-0.02718803,0.1677387,-0.1803594,0.04179621,0.001267928,0.1851433,0.1109305,-0.08056477,0.02398659,0.1391819,-0.1874337,0.9484308,0.0129819,0.2553022,150.417,-0.1938578,0.9809377,0.01342685,-0.1422872,0.04963474,-0.01736951,0.1516936,0.1750814,-0.5162502,-0.1173108,0.8301027,67.78143,0.313985,-0.9258257,-0.2103813,0.1091991,1.096865,0.2926814,1.140483,0.4661529,-0.6300623,0.1287183,0.6075808,105.1704,0.5869038,-0.7932717,0.1620612,0.1017271,-0.08108472,0.01171705,0.1306156,-0.1551508,0.07226659,-0.6558537,0.7352291,85.34685,-0.2288972,0.1066164,-0.9675945,-0.4552867,-0.2110799,-0.3526452,0.6133509,0.2447005,0.08592487,0.9538569,0.1513136,162.5939,0.2475508,0.08692575,0.9649676,-0.009199075,0.003134608,0.007318586,0.01216596,0.1423893,-0.2170792,0.007002268,0.9656879,30.10523,0.5482712,-0.8358653,0.02696229,-0.1224525,1.199135,-0.05313797,1.206542,-0.002809037,-0.100081,-0.2048559,-0.9736581,333.6398,-0.01231964,-0.4389267,-0.8984395,True,True,False,False
1772879691467,17.08683,0.1764881,1.115484,0.1822078,1.143963,0.03264913,-0.792908,0.5571994,0.2444583,151.7003,0.03367071,-0.8177178,0.574634,-0.1036511,0.6429358,-0.0609373,0.654082,0.5335209,0.2656306,-0.7545713,0.2746238,148.1208,0.554854,0.276252,-0.7847432,0.1046138,1.073703,0.2883095,1.116649,0.07643146,1.098784,0.2955839,1.140412,0.09296259,1.109905,0.3034964,1.154401,-0.01385558,0.6398263,0.02796217,0.6405869,-0.004031126,0.6440871,0.07422653,0.6483625,-0.02483174,0.6365245,0.106593,0.6458654,0.09890431,-0.08450605,0.03529572,0.1347929,0.1322771,-0.07222708,0.02074479,0.1521326,0.1235662,-0.08025998,0.002879843,0.1473722,-0.1092725,0.0552818,-0.03129658,0.1263963,-0.1565803,0.05413219,-0.02733228,0.1679129,-0.1805503,0.04148002,0.001001574,0.1852566,0.09846113,-0.08449814,0.03621571,0.1347075,0.1306367,-0.07311241,0.02074174,0.1511343,0.1172876,-0.07992909,0.00306715,0.1419664,-0.1089817,0.0552757,-0.03100749,0.1260709,-0.1563819,0.0542757,-0.02719963,0.1677527,-0.1803748,0.04177079,0.001246508,0.1851524,0.1110167,-0.08059007,0.02401964,0.139271,-0.1909749,0.9461563,0.01017075,0.2611768,149.7202,-0.1978418,0.9801773,0.01053646,-0.1423078,0.0496231,-0.01739121,0.1517116,0.1752984,-0.5161452,-0.117365,0.8301144,67.779,0.3143843,-0.9256667,-0.210485,0.1085258,1.097404,0.2930472,1.141031,0.4722739,-0.6283269,0.1323417,0.6038613,105.7061,0.5924979,-0.7882766,0.1660312,0.1018415,-0.08105536,0.01171375,0.1306862,-0.1548906,0.07219414,-0.6561227,0.7350509,85.37696,-0.2284482,0.1064792,-0.9677157,-0.4553508,-0.2109914,-0.3529052,0.6135176,0.245095,0.08599731,0.9537881,0.1510675,162.6224,0.2479405,0.08699571,0.9648613,-0.008525789,0.002595544,0.006952852,0.01130345,0.1411184,-0.2139315,-0.0004194532,0.9666018,29.6993,0.550634,-0.8347455,-0.001636676,-0.1224544,1.199174,-0.05291421,1.206571,-0.002680398,-0.09973323,-0.2047805,-0.9737099,333.6658,-0.01176689,-0.4378269,-0.8989822,True,True,False,False
1772879691480,17.0999,0.1762763,1.115588,0.1825417,1.144086,0.03195281,-0.7932341,0.55718,0.2435347,151.8095,0.03294471,-0.817858,0.5744763,-0.1036633,0.6425623,-0.0610813,0.6537303,0.5337995,0.2655731,-0.7542598,0.274993,148.0768,0.5552047,0.2762225,-0.7845055,0.1042814,1.074317,0.288624,1.11729,0.07568914,1.098963,0.2957318,1.140572,0.09219036,1.110097,0.3037045,1.154579,-0.01409697,0.6392247,0.02802429,0.639994,-0.004140717,0.6436399,0.07398073,0.6478909,-0.0249026,0.636084,0.1064133,0.6454044,0.09896305,-0.08449395,0.03474343,0.1346849,0.1325437,-0.07216449,0.02075209,0.1523358,0.1238551,-0.08020416,0.002871618,0.147584,-0.1093063,0.05537352,-0.0309672,0.1263846,-0.1563814,0.05428273,-0.02731119,0.1677726,-0.1804527,0.04165923,0.0009949803,0.1852017,0.09850729,-0.08449776,0.0360803,0.1347047,0.1308121,-0.07302523,0.02074269,0.151244,0.1178917,-0.07995439,0.003049166,0.1424796,-0.1090115,0.05528469,-0.03100379,0.1260997,-0.1563818,0.05427634,-0.02720989,0.1677545,-0.1803819,0.04176053,0.001223374,0.1851569,0.1111287,-0.08061092,0.02402616,0.1393735,-0.1947051,0.943565,0.00716108,0.2678129,148.9317,-0.2020871,0.9793394,0.007432586,-0.1423362,0.04962143,-0.01739486,0.1517382,0.1754845,-0.5161765,-0.1173454,0.8300585,67.7905,0.3146708,-0.9255843,-0.2104185,0.1083444,1.097545,0.2931463,1.141174,0.4724388,-0.6291742,0.1351294,0.6022304,105.9404,0.5917895,-0.7881205,0.1692667,0.1021924,-0.08099673,0.01133543,0.1308902,-0.1493933,0.06707107,-0.6587766,0.7343001,85.50378,-0.2200763,0.09880467,-0.9704661,-0.4557833,-0.2116135,-0.3532617,0.6142578,0.2463065,0.09370629,0.9526852,0.1514705,162.5757,0.2491816,0.09480011,0.9638057,-0.008344389,0.002454758,0.0068537,0.01107375,0.1422056,-0.2109679,-0.001404479,0.9670927,29.47895,0.5589309,-0.8291972,-0.005520224,-0.1224885,1.199187,-0.05266819,1.206577,-0.002614028,-0.09939269,-0.2050279,-0.9736929,333.6573,-0.01147186,-0.4361924,-0.8997808,True,True,False,False
1772879691494,17.1118,0.1764048,1.115689,0.1828085,1.144246,0.03140921,-0.7935395,0.5571657,0.2426417,151.915,0.03237676,-0.817984,0.5743289,-0.1036675,0.6424173,-0.06104662,0.6535852,0.5339922,0.2654803,-0.7540287,0.2753421,148.0352,0.5554629,0.2761546,-0.7843466,0.1042778,1.074707,0.2888009,1.11771,0.07559811,1.099033,0.2957423,1.140637,0.09183867,1.11026,0.303792,1.15473,-0.01421497,0.6389983,0.02819202,0.6397778,-0.004222882,0.6435145,0.07403615,0.6477732,-0.02502714,0.6360167,0.1065042,0.6453578,0.09898034,-0.08446927,0.03441021,0.1345965,0.1325072,-0.0721425,0.02075471,0.152294,0.1240684,-0.08010433,0.002866551,0.1477088,-0.1093339,0.05543859,-0.03081636,0.1264001,-0.1563273,0.0543527,-0.02730095,0.1677432,-0.1804476,0.04166829,0.0009926781,0.1851987,0.09854321,-0.0844956,0.03595349,0.1346957,0.1309408,-0.0729582,0.0207436,0.1513231,0.1183606,-0.07996578,0.003035301,0.142874,-0.109036,0.05529638,-0.03098956,0.1261225,-0.1563777,0.05428214,-0.02721681,0.1677537,-0.1803869,0.04175352,0.001205858,0.1851601,0.1112145,-0.08062397,0.02401703,0.1394479,-0.1975417,0.9414856,0.004887622,0.2730535,148.3079,-0.2053451,0.9786764,0.005080694,-0.1423623,0.04962275,-0.0173903,0.1517625,0.1756763,-0.5162376,-0.1173297,0.8299822,67.80621,0.3149507,-0.9255052,-0.2103475,0.107992,1.09809,0.2938152,1.141837,0.4788831,-0.6260467,0.1391082,0.5994877,106.3336,0.5983167,-0.7821829,0.1738018,0.1022627,-0.08093404,0.01130732,0.1309039,-0.147606,0.06624735,-0.6578911,0.7355291,85.29611,-0.2178708,0.09778306,-0.9710668,-0.4559074,-0.2114684,-0.3535148,0.6144454,0.2470371,0.095272,0.9527031,0.1491733,162.8419,0.2498325,0.09635007,0.9634835,-0.007992014,0.00191021,0.006184846,0.01028462,0.1417756,-0.2089536,-0.009784091,0.9675446,29.27477,0.5610414,-0.8268815,-0.03871809,-0.1225782,1.199187,-0.05245096,1.206576,-0.002548883,-0.09879291,-0.2050424,-0.973751,333.6865,-0.01119818,-0.4340336,-0.9008269,True,True,False,False
1772879691508,17.12627,0.1765743,1.115906,0.1835032,1.144595,0.03087389,-0.7939348,0.5571054,0.2415533,152.0435,0.03181604,-0.8181625,0.574106,-0.1037317,0.6422438,-0.06087941,0.6534092,0.5341607,0.2653335,-0.7538283,0.275705,147.9919,0.5556984,0.2760319,-0.7842231,0.1042451,1.075302,0.2894647,1.11845,0.07522316,1.099261,0.2962175,1.140955,0.09129756,1.110513,0.3043598,1.15508,-0.01450196,0.6385143,0.02855379,0.639317,-0.004361552,0.6433486,0.07416855,0.6476244,-0.02506167,0.6357581,0.106572,0.6451155,0.09910035,-0.08446409,0.03395621,0.1345663,0.1327763,-0.07206194,0.02076453,0.1524915,0.1244883,-0.08001153,0.002892718,0.148012,-0.10936,0.05558625,-0.030409,0.1263889,-0.15622,0.05444517,-0.02728777,0.1676711,-0.1803123,0.04192261,0.0009759367,0.1851243,0.09858195,-0.08449341,0.03581461,0.1346857,0.1310684,-0.07289588,0.02074506,0.1514038,0.1187867,-0.07996896,0.003025386,0.1432288,-0.1090585,0.05531654,-0.03094919,0.1261409,-0.1563667,0.05429348,-0.02722174,0.1677479,-0.1803817,0.04176528,0.00118987,0.1851576,0.1113037,-0.08063138,0.02399452,0.1395194,-0.1999865,0.9395595,0.002938504,0.2778933,147.731,-0.2081866,0.9780844,0.003058992,-0.1423826,0.04963693,-0.01737257,0.1517842,0.175675,-0.5164672,-0.1170421,0.8298802,67.82714,0.3148627,-0.9256652,-0.2097748,0.1078365,1.098206,0.2939968,1.141981,0.4792812,-0.6265938,0.1425566,0.5977855,106.5771,0.5978639,-0.7816241,0.1778276,0.1026321,-0.08084052,0.01100734,0.1311095,-0.1411639,0.06223692,-0.6612493,0.7341313,85.53226,-0.2078974,0.09165867,-0.9738468,-0.4565219,-0.2117549,-0.3538056,0.6151673,0.2468293,0.1036334,0.951737,0.1501075,162.7337,0.249658,0.1048211,0.962644,-0.007836498,0.001793623,0.006003171,0.01003324,0.1432781,-0.2057446,-0.01136204,0.9679936,29.07046,0.5708854,-0.8197803,-0.04527156,-0.1227064,1.199176,-0.05225753,1.20657,-0.002766222,-0.09819691,-0.2053849,-0.9737386,333.6802,-0.01215019,-0.4313142,-0.9021204,True,True,False,False
1772879691522,17.14002,0.1766255,1.115985,0.183823,1.144732,0.03045882,-0.7942687,0.5570686,0.240591,152.1572,0.03138057,-0.8183052,0.5739269,-0.1037658,0.6422238,-0.06082938,0.6533903,0.5342721,0.2651875,-0.7537016,0.2759762,147.9596,0.5558592,0.2759023,-0.7841547,0.1041881,1.075545,0.2896974,1.118739,0.07515991,1.099233,0.2962997,1.140945,0.09112155,1.11052,0.3043621,1.155073,-0.01462564,0.6384538,0.0286859,0.6392652,-0.004468311,0.6433982,0.07425025,0.6476837,-0.02516742,0.635796,0.1066476,0.6451694,0.09909059,-0.08448321,0.03369911,0.1345065,0.1326551,-0.07210138,0.02075899,0.1524038,0.1244053,-0.07990786,0.002921447,0.1478867,-0.109367,0.05562177,-0.03030254,0.126385,-0.1561993,0.05445221,-0.0272873,0.167654,-0.1802954,0.04195389,0.0009792894,0.1851149,0.09862436,-0.08449256,0.03563826,0.1346694,0.1312007,-0.07282965,0.02074622,0.1514866,0.1192551,-0.07996386,0.003016722,0.1436144,-0.1090842,0.05534198,-0.03089528,0.1261611,-0.1563528,0.05430671,-0.02722721,0.1677401,-0.1803745,0.041781,0.001172316,0.185154,0.1113997,-0.08063857,0.0239563,0.1395936,-0.202596,0.9373678,0.0009140961,0.2833649,147.0777,-0.2112549,0.9774305,0.0009531642,-0.142406,0.04965527,-0.01734799,0.1518093,0.1756348,-0.5167764,-0.116628,0.8297544,67.85297,0.3146852,-0.9259092,-0.2089626,0.1075586,1.098258,0.294111,1.142034,0.4796785,-0.6271794,0.1442355,0.5964485,106.7681,0.5976174,-0.7813846,0.1796989,0.1026383,-0.08082493,0.01090983,0.1310966,-0.1387246,0.06139908,-0.6603025,0.7355178,85.29803,-0.2047579,0.09062522,-0.9746084,-0.4567506,-0.2116068,-0.3538344,0.6153026,0.2473506,0.1059488,0.951765,0.1474312,163.0438,0.2500834,0.1071194,0.9622805,-0.007558599,0.001742005,0.005888969,0.00973894,0.1436263,-0.2037046,-0.01219136,0.9683633,28.90117,0.5755528,-0.8163043,-0.04885437,-0.1228322,1.199159,-0.05204987,1.206556,-0.002846012,-0.09777243,-0.2056661,-0.9737217,333.6718,-0.01249669,-0.4293138,-0.9030694,True,True,False,False
1772879691536,17.15412,0.1766506,1.116078,0.1840847,1.144868,0.03015436,-0.7946634,0.5570052,0.23947,152.2895,0.03105804,-0.8184782,0.5736977,-0.1037969,0.642266,-0.06081508,0.6534354,0.5343291,0.2650732,-0.7536294,0.2761729,147.9362,0.5559511,0.2757996,-0.7841256,0.1039704,1.075557,0.2897935,1.118755,0.07492447,1.099212,0.2962573,1.140899,0.09080329,1.110522,0.3043868,1.155057,-0.01470008,0.6385111,0.02876978,0.6393279,-0.004521262,0.6434446,0.07424441,0.6477296,-0.02526014,0.6358969,0.1066928,0.6452799,0.09912761,-0.08448495,0.03368624,0.1345316,0.1326435,-0.07203913,0.02077074,0.1523659,0.124457,-0.07984406,0.002932519,0.147896,-0.1093962,0.05562833,-0.03026152,0.1264033,-0.1561482,0.05451364,-0.0272786,0.167625,-0.1802952,0.04195416,0.0009906217,0.1851148,0.09866437,-0.08449195,0.03548304,0.1346573,0.1313154,-0.07276679,0.02074817,0.151556,0.1196688,-0.07995433,0.003010026,0.1439527,-0.1091091,0.05536475,-0.03084489,0.1261802,-0.1563365,0.05432316,-0.02723129,0.1677309,-0.1803682,0.04179477,0.001157868,0.1851508,0.1114845,-0.08064306,0.02392134,0.1396579,-0.2049655,0.9353923,-0.0008502339,0.2881489,146.5057,-0.214044,0.9768236,-0.0008878934,-0.1424316,0.0496712,-0.01732261,0.1518357,0.1756625,-0.5170328,-0.116352,0.8296276,67.87899,0.3146287,-0.9260559,-0.2083978,0.1067263,1.098581,0.2943912,1.142338,0.4840599,-0.6259976,0.1466432,0.5935561,107.1805,0.6014717,-0.7778372,0.1822124,0.1027138,-0.08080038,0.01087336,0.1311376,-0.1378404,0.06095108,-0.6599555,0.7360324,85.21095,-0.2036208,0.09003828,-0.9749008,-0.4568838,-0.2115576,-0.3536572,0.6152827,0.2482023,0.1072566,0.9516052,0.1460804,163.2003,0.2508937,0.1084196,0.961924,-0.00672631,0.001419187,0.005608767,0.008872181,0.1424496,-0.2013501,-0.01743396,0.9689492,28.63091,0.5761117,-0.814324,-0.07050849,-0.122857,1.199145,-0.0519711,1.206542,-0.002502816,-0.09714133,-0.2056115,-0.9737973,333.7098,-0.01100537,-0.4271496,-0.9041141,True,True,False,False
1772879691550,17.16912,0.1763252,1.116223,0.1843969,1.145009,0.02990844,-0.7951186,0.5569972,0.2380041,152.4625,0.03079332,-0.818643,0.5734766,-0.1037475,0.6424793,-0.06078847,0.6536348,0.5343921,0.2649489,-0.7535584,0.2763641,147.9134,0.5560485,0.275686,-0.7840965,0.1034163,1.075966,0.2899969,1.119149,0.0740969,1.099237,0.2963257,1.140886,0.08999737,1.110556,0.304507,1.155058,-0.01476747,0.6386554,0.02891289,0.6394801,-0.004542586,0.6435567,0.07419738,0.6478357,-0.02525425,0.6361359,0.1067193,0.6455197,0.09924575,-0.08444004,0.03328422,0.1344904,0.1328605,-0.07199766,0.02077535,0.1525359,0.1246216,-0.07982451,0.002922207,0.1480238,-0.1094382,0.05563788,-0.03010198,0.1264057,-0.1560182,0.054621,-0.02718194,0.1675231,-0.1802657,0.04199451,0.001002066,0.1850953,0.0987117,-0.08448773,0.03530405,0.1346423,0.1314412,-0.07270418,0.02075038,0.1516353,0.1200719,-0.07994377,0.003002878,0.144282,-0.1091358,0.05538698,-0.03078441,0.1261984,-0.1563106,0.05434741,-0.02722728,0.1677139,-0.1803599,0.04181103,0.001145186,0.1851463,0.1115831,-0.08064187,0.02386818,0.1397268,-0.207148,0.933438,-0.002569985,0.2928767,145.9395,-0.2166479,0.9762462,-0.002687846,-0.1424615,0.04968749,-0.01728836,0.1518652,0.1757967,-0.5172857,-0.1162536,0.8294554,67.91434,0.3147247,-0.9260843,-0.208126,0.1063904,1.098612,0.2944014,1.142339,0.4858224,-0.625751,0.14967,0.5916175,107.4562,0.6025938,-0.7761553,0.1856444,0.1030468,-0.08076265,0.0106182,0.1313544,-0.1346243,0.05772338,-0.6618698,0.7351685,85.35709,-0.1985947,0.08515225,-0.9763756,-0.4570004,-0.2120456,-0.3530836,0.6152079,0.2494579,0.1128671,0.9505854,0.1463538,163.1686,0.2521732,0.1140956,0.9609323,-0.006390393,0.001388192,0.005598605,0.008608634,0.1431013,-0.1986737,-0.0203217,0.9693493,28.44488,0.5824538,-0.8086453,-0.08271379,-0.1228798,1.199168,-0.05187763,1.206563,-0.002130612,-0.09660941,-0.2056992,-0.9738326,333.7276,-0.00937495,-0.4250931,-0.9051014,True,True,False,False
1772879691564,17.18155,0.1763371,1.116267,0.1845085,1.145072,0.02979232,-0.7955066,0.5570497,0.2365954,152.6286,0.0306629,-0.8187524,0.5733275,-0.1037014,0.6425546,-0.06074659,0.6536976,0.5343921,0.2649489,-0.7535584,0.2763641,147.9134,0.5560485,0.275686,-0.7840965,0.1032293,1.076123,0.2899992,1.119284,0.07372491,1.099125,0.2962546,1.140736,0.08957311,1.110478,0.304472,1.15494,-0.01477106,0.6386824,0.02902006,0.6395119,-0.004523073,0.6435869,0.07423912,0.6478704,-0.02519872,0.6361988,0.1067502,0.6455846,0.09932542,-0.08442951,0.03302526,0.1344788,0.1330094,-0.07202373,0.02076896,0.152677,0.124784,-0.07983249,0.002910167,0.1481646,-0.1094801,0.05563053,-0.03001685,0.1264186,-0.1560047,0.05463429,-0.02713316,0.1675069,-0.1802563,0.04201102,0.001001298,0.1850899,0.09876456,-0.08448271,0.03510777,0.1346266,0.1315763,-0.07264557,0.02075198,0.1517245,0.1204778,-0.07993418,0.002994892,0.1446145,-0.1091655,0.05540796,-0.0307183,0.1262171,-0.1562842,0.05437212,-0.02721917,0.1676961,-0.1803509,0.04182826,0.001132792,0.1851414,0.1116909,-0.08064002,0.02380293,0.1398008,-0.2091966,0.9314597,-0.004294959,0.2976596,145.3658,-0.2191292,0.9756855,-0.004498885,-0.1424925,0.04970357,-0.01725085,0.1518952,0.1759443,-0.5175532,-0.1161828,0.8292671,67.95295,0.3148314,-0.9260997,-0.2078953,0.1055408,1.098852,0.2944613,1.142507,0.4928338,-0.6220479,0.1519844,0.5891283,107.8097,0.6099129,-0.7698236,0.1880903,0.1031889,-0.08075996,0.01051482,0.131456,-0.1321932,0.05641762,-0.6619815,0.7356104,85.28237,-0.1951465,0.08328492,-0.9772316,-0.4568588,-0.2122783,-0.3528103,0.6150262,0.2499931,0.1163946,0.9502963,0.1445444,163.3782,0.2526463,0.1176299,0.9603817,-0.005540803,0.001148343,0.005538732,0.007918127,0.1414078,-0.1980046,-0.02875251,0.9695213,28.36453,0.5771572,-0.8081578,-0.1173537,-0.1229298,1.199187,-0.05173454,1.206581,-0.002097506,-0.09640961,-0.2059098,-0.973808,333.7152,-0.009225002,-0.4240173,-0.9056079,True,True,False,False
1772879691578,17.19539,0.1760587,1.116314,0.1844393,1.145064,0.03001849,-0.7958242,0.5572347,0.2350578,152.8099,0.03088381,-0.8187649,0.5732977,-0.1035221,0.6426875,-0.06075733,0.6538008,0.5343921,0.2649489,-0.7535584,0.2763641,147.9134,0.5560485,0.275686,-0.7840965,0.1028015,1.076498,0.2899345,1.119588,0.07271395,1.099059,0.2961343,1.140576,0.08864393,1.110369,0.3044327,1.154753,-0.01471732,0.6385863,0.02912723,0.6394197,-0.004356135,0.6436685,0.07416761,0.6479421,-0.02502916,0.6363522,0.1067517,0.6457295,0.0995,-0.08440394,0.0325098,0.1344662,0.1335676,-0.07198644,0.0207675,0.1531458,0.1252314,-0.07989772,0.002921969,0.1485769,-0.1095271,0.05569218,-0.02974101,0.1264213,-0.1559366,0.05466813,-0.02710689,0.1674503,-0.180268,0.04198838,0.000997059,0.1850961,0.09881783,-0.08447701,0.03491959,0.1346132,0.1317205,-0.07259782,0.0207531,0.151827,0.1208221,-0.07993154,0.00298961,0.1448999,-0.1091917,0.05542855,-0.03064751,0.1262316,-0.1562591,0.05439356,-0.02721104,0.1676782,-0.1803449,0.04183985,0.00112296,0.1851381,0.1118035,-0.08063543,0.02373413,0.1398764,-0.2107058,0.9297895,-0.005778259,0.3017633,144.8729,-0.2210086,0.9752531,-0.006060796,-0.1425232,0.04971692,-0.01721008,0.1519238,0.1760985,-0.5178459,-0.1160615,0.8290685,67.99365,0.3149413,-0.9261355,-0.2075689,0.1052666,1.098821,0.2944763,1.142455,0.4995232,-0.6172802,0.1507661,0.588822,107.8531,0.6180208,-0.7637123,0.1865311,0.1037012,-0.08077219,0.01021987,0.1318428,-0.1275141,0.05256361,-0.6660937,0.7330051,85.72217,-0.1874592,0.07727406,-0.9792282,-0.4566562,-0.2130812,-0.3521862,0.6147956,0.2498573,0.1245977,0.9489388,0.1468404,163.1123,0.2525954,0.1259631,0.9593377,-0.005266637,0.001179338,0.005523741,0.007722695,0.138438,-0.2011597,-0.0358289,0.9690646,28.57738,0.5609144,-0.815046,-0.1451693,-0.122961,1.199184,-0.05158422,1.206575,-0.002472567,-0.09658228,-0.2058078,-0.9738115,333.717,-0.01087528,-0.4248052,-0.9052201,True,True,False,False
1772879691591,17.2092,0.1759733,1.116485,0.1843896,1.145209,0.03071284,-0.7960255,0.5576133,0.2333829,153.0074,0.03158506,-0.8186321,0.5734491,-0.1034097,0.6426477,-0.06080844,0.6537486,0.5345591,0.2648817,-0.7534207,0.276481,147.8994,0.5562417,0.2756257,-0.7839807,0.1025686,1.076217,0.2896679,1.119227,0.07224175,1.098924,0.2958809,1.14035,0.08824578,1.110192,0.3045301,1.154579,-0.01461936,0.6385379,0.02914767,0.63937,-0.004305866,0.6436582,0.07416394,0.6479311,-0.02499824,0.6363294,0.1067326,0.6457025,0.099481,-0.08440765,0.03274422,0.1345114,0.1337682,-0.07191423,0.02081671,0.1532936,0.1254294,-0.08017723,0.002925903,0.1488942,-0.1095582,0.05572604,-0.02973748,0.1264623,-0.1559378,0.05466333,-0.02711925,0.1674519,-0.1802612,0.04199045,0.0009943843,0.1850899,0.09887089,-0.08447146,0.03474556,0.1346036,0.1318843,-0.07254314,0.02075819,0.1519437,0.1211907,-0.0799512,0.002984513,0.1452181,-0.109221,0.05545235,-0.03057471,0.1262498,-0.1562334,0.05441514,-0.02720369,0.1676601,-0.1803382,0.0418519,0.001112674,0.1851343,0.111925,-0.08063523,0.02367391,0.1399632,-0.2126109,0.927976,-0.00777413,0.3059358,144.371,-0.2233185,0.9747114,-0.008165657,-0.1425566,0.04973184,-0.01716805,0.1519552,0.1762417,-0.5181483,-0.1158798,0.8288746,68.03339,0.3150354,-0.9262002,-0.2071373,0.1049355,1.098779,0.2944298,1.142373,0.5060873,-0.6091548,0.1497355,0.5919336,107.4113,0.6279103,-0.7557876,0.1857792,0.1038112,-0.08093679,0.01014893,0.1320248,-0.1256941,0.0507444,-0.6718235,0.7282028,86.52813,-0.1833982,0.07404032,-0.9802465,-0.456596,-0.2131748,-0.3520562,0.6147088,0.248485,0.1303101,0.9476019,0.1527262,162.4301,0.2514347,0.131857,0.9588505,-0.004935466,0.001220584,0.005570173,0.007541583,0.137882,-0.2080677,-0.04412679,0.9673414,29.36674,0.5439622,-0.8208535,-0.1740858,-0.122932,1.199163,-0.05148652,1.206547,-0.002646805,-0.0967886,-0.2060111,-0.9737476,333.6848,-0.01162765,-0.4252008,-0.9050249,True,True,False,False
1772879691606,17.22307,0.1758121,1.116626,0.184351,1.145316,0.03168083,-0.7960812,0.5581892,0.2316805,153.2079,0.03256691,-0.8183469,0.5738012,-0.1031792,0.6424279,-0.06087803,0.6535026,0.5347627,0.2648215,-0.7532477,0.276616,147.8833,0.5564761,0.2755742,-0.7838323,0.1023611,1.076165,0.2895049,1.119116,0.07167169,1.098748,0.2956109,1.140075,0.08762334,1.110058,0.3046794,1.154442,-0.01442326,0.6383913,0.02917264,0.6392202,-0.004152243,0.6434767,0.07416327,0.6477497,-0.02487697,0.6361378,0.1067185,0.6455068,0.09950192,-0.08437366,0.03271055,0.1344973,0.1340054,-0.07175962,0.02089778,0.1534393,0.1258188,-0.08037697,0.00291656,0.1493296,-0.1096108,0.05569318,-0.02977902,0.1265032,-0.1559512,0.05464975,-0.02713397,0.1674623,-0.1802683,0.04197323,0.0009942502,0.185093,0.09892126,-0.08446365,0.03458311,0.1345939,0.1320536,-0.07248059,0.02076933,0.1520624,0.1215601,-0.07998519,0.002979089,0.1455451,-0.1092521,0.05547157,-0.03051119,0.1262698,-0.1562108,0.05443386,-0.02719813,0.1676443,-0.1803327,0.04186159,0.001103221,0.185131,0.1120498,-0.08063452,0.02361742,0.1400531,-0.2147795,0.9261063,-0.01010555,0.3099918,143.8825,-0.2259079,0.9740908,-0.01062915,-0.142591,0.04974328,-0.01713067,0.151987,0.1763759,-0.5183999,-0.1157378,0.8287085,68.0674,0.3151368,-0.9262426,-0.2067926,0.1040057,1.099098,0.2944017,1.142587,0.5133919,-0.6042343,0.1580126,0.5885251,107.8952,0.6350096,-0.7473717,0.1954443,0.1039083,-0.08099698,0.01009433,0.1321338,-0.1223243,0.05234927,-0.6793082,0.7216902,87.6116,-0.176714,0.0756256,-0.9813526,-0.4564516,-0.2134698,-0.3519872,0.6146645,0.2426391,0.1360234,0.947068,0.1602697,161.5549,0.2458167,0.1378047,0.9594709,-0.004005656,0.0009024143,0.005598277,0.006942646,0.1402792,-0.2041514,-0.05581439,0.9672275,29.41824,0.5524718,-0.8040245,-0.2198179,-0.1228761,1.199214,-0.05136568,1.206586,-0.002913452,-0.09670031,-0.2063593,-0.9736819,333.6517,-0.01278327,-0.424289,-0.9054367,True,True,False,False
1772879691619,17.23769,0.175589,1.116575,0.1842274,1.145212,0.0330737,-0.7958699,0.5592476,0.2296506,153.447,0.03398193,-0.8177251,0.5746049,-0.1028031,0.6419325,-0.06082202,0.6529511,0.5349169,0.264666,-0.7530909,0.2768937,147.8502,0.5566828,0.2754353,-0.7837344,0.1020686,1.076724,0.2894676,1.119617,0.07067059,1.098522,0.2949732,1.139629,0.08645903,1.11002,0.3043564,1.154232,-0.01416849,0.6380769,0.02938754,0.6389104,-0.003837984,0.6430041,0.07420835,0.6472834,-0.0244671,0.6355487,0.1066724,0.6449029,0.09982932,-0.08416508,0.03192531,0.1344205,0.1345147,-0.07114893,0.02102437,0.1536177,0.1265513,-0.07996516,0.002903268,0.1497267,-0.1097061,0.0555484,-0.02979397,0.1265256,-0.155881,0.05471061,-0.02713478,0.167417,-0.1801363,0.04220933,0.0009803548,0.1850181,0.09899405,-0.08443972,0.03437005,0.1345778,0.1322509,-0.07237384,0.02078978,0.1521857,0.1219603,-0.07998358,0.002973011,0.1458784,-0.1092885,0.05547773,-0.03045369,0.1262901,-0.1561844,0.05445605,-0.02719305,0.167626,-0.1803169,0.04188946,0.001093371,0.1851219,0.1122107,-0.08060245,0.02353193,0.1401491,-0.2171627,0.924001,-0.01233042,0.3145004,143.3387,-0.2287711,0.9733936,-0.01298954,-0.1426232,0.04975609,-0.01709683,0.1520176,0.1763515,-0.51863,-0.1157038,0.8285745,68.09483,0.3149816,-0.9263256,-0.2066587,0.1038523,1.099116,0.2944157,1.142595,0.5207081,-0.5953137,0.156261,0.5916479,107.4519,0.6458823,-0.7384226,0.193825,0.1046562,-0.08075217,0.00970486,0.1325444,-0.113723,0.04773946,-0.6814524,0.721395,87.66045,-0.1642153,0.06893548,-0.9840129,-0.456224,-0.2145853,-0.351805,0.6147796,0.2405659,0.1480831,0.9460581,0.1586628,161.7414,0.2436522,0.149983,0.9581956,-0.0038523,0.0008836985,0.00558427,0.006841433,0.1390079,-0.2118475,-0.06481096,0.9651929,30.32288,0.5314982,-0.8100012,-0.2478054,-0.1228188,1.199353,-0.05123029,1.206713,-0.002595873,-0.09673247,-0.2062714,-0.9736983,333.66,-0.01139333,-0.4245605,-0.9053286,True,True,False,False
1772879691633,17.25049,0.1753514,1.116729,0.184171,1.145316,0.03470663,-0.7954139,0.5606461,0.2275706,153.6918,0.03564182,-0.8168467,0.5757529,-0.1027458,0.6418195,-0.06073673,0.6528231,0.5349368,0.2642988,-0.7529882,0.2774846,147.7797,0.5568024,0.275102,-0.7837666,0.1020964,1.076771,0.2893465,1.119634,0.07005467,1.098413,0.2946487,1.139402,0.08612467,1.109843,0.3043893,1.154046,-0.01420448,0.6381978,0.02959904,0.6390417,-0.003868897,0.643061,0.07429415,0.6473501,-0.02448389,0.6356222,0.1067722,0.6449925,0.09967021,-0.08414878,0.03177538,0.1342566,0.1347696,-0.07086371,0.02106357,0.1537146,0.1265937,-0.08016828,0.002888128,0.1498708,-0.1097684,0.05545678,-0.02981066,0.1265434,-0.1558166,0.05474246,-0.02712928,0.1673665,-0.1800975,0.04226727,0.0009766519,0.1849935,0.09905092,-0.08441524,0.03415181,0.1345487,0.1324628,-0.07224682,0.02081281,0.1523127,0.12235,-0.07999912,0.002965871,0.1462128,-0.1093289,0.05547597,-0.03039961,0.1263112,-0.1561535,0.05448014,-0.02718768,0.1676042,-0.1802985,0.04192124,0.001083554,0.1851111,0.1123744,-0.08056536,0.02344168,0.1402437,-0.2198932,0.9217651,-0.01496049,0.3190178,142.7929,-0.2320164,0.9725839,-0.01578529,-0.1426591,0.04976607,-0.01706321,0.1520507,0.1763199,-0.5188255,-0.1157986,0.8284456,68.12122,0.3148179,-0.9263591,-0.2067576,0.103599,1.0991,0.294488,1.142575,0.5242546,-0.5868822,0.1565824,0.5968319,106.7133,0.6533856,-0.7314393,0.1951508,0.1046012,-0.08089058,0.009567657,0.1325754,-0.1115044,0.04861937,-0.6896617,0.7138416,88.90332,-0.159222,0.06942577,-0.9847987,-0.4565379,-0.2141593,-0.3516327,0.6147655,0.2349589,0.1541146,0.9449416,0.1677157,160.6899,0.2383348,0.1563289,0.9585187,-0.00359904,0.0009000301,0.005511969,0.006644167,0.1417343,-0.2193218,-0.07121362,0.9626724,31.40824,0.5236431,-0.8102932,-0.2631016,-0.1228382,1.199456,-0.05108673,1.206811,-0.002183601,-0.09675709,-0.2065289,-0.9736422,333.6318,-0.0095738,-0.4242226,-0.9055071,True,True,False,False
1772879691648,17.26574,0.1753558,1.116772,0.1840438,1.145339,0.03664037,-0.7945511,0.5626765,0.225258,153.9639,0.0376069,-0.8155105,0.5775192,-0.1023478,0.6410564,-0.06069676,0.6520065,0.5349942,0.2638032,-0.752885,0.2781244,147.7034,0.5569695,0.274639,-0.7838103,0.1019244,1.076447,0.2891932,1.119267,0.06930687,1.098319,0.2944635,1.139217,0.08530548,1.10985,0.3045592,1.154037,-0.01388999,0.6378245,0.02978419,0.6386706,-0.003633958,0.6426115,0.07453586,0.6469299,-0.0244205,0.6353799,0.1070966,0.6448051,0.09988271,-0.08407635,0.03208317,0.1344423,0.1354772,-0.0705706,0.02109807,0.1542058,0.127427,-0.08021954,0.002851322,0.150602,-0.1098617,0.05528086,-0.02994103,0.1265781,-0.1559315,0.05463185,-0.02711879,0.1674356,-0.1802806,0.04192136,0.0009906441,0.1850932,0.09911285,-0.08439001,0.03399782,0.1345395,0.1326872,-0.07212204,0.02083404,0.1524517,0.1227279,-0.08001553,0.002957344,0.146538,-0.1093685,0.05546144,-0.03036547,0.126331,-0.1561369,0.05449143,-0.02718256,0.1675916,-0.1802972,0.04192125,0.001076637,0.1851097,0.1125353,-0.08053043,0.02338517,0.1403432,-0.2224814,0.9197572,-0.01750592,0.3228657,142.3274,-0.2350707,0.9718022,-0.01849651,-0.1427009,0.04975554,-0.01703879,0.1520838,0.1765295,-0.5188689,-0.1161431,0.8283255,68.14577,0.3150923,-0.9261431,-0.207307,0.1031014,1.099639,0.2946783,1.143097,0.5332815,-0.5737954,0.1669489,0.5987468,106.4396,0.6658209,-0.716404,0.2084416,0.1049196,-0.08099723,0.009518806,0.1328882,-0.1095877,0.052765,-0.6955953,0.7080632,89.84489,-0.1551906,0.07472218,-0.9850546,-0.4569773,-0.2144379,-0.3515145,0.6151214,0.2270543,0.1578017,0.9451738,0.1737567,159.9874,0.2305615,0.1602392,0.9597732,-0.003101423,0.0003613234,0.005321741,0.006170114,0.1489259,-0.2217211,-0.08844681,0.9596032,32.68246,0.5293123,-0.7880409,-0.3143576,-0.122817,1.199537,-0.0509709,1.206885,-0.001681421,-0.09653788,-0.2064933,-0.9736725,333.647,-0.007376224,-0.423502,-0.9058657,True,True,False,False
1772879691661,17.27894,0.1752538,1.116465,0.1839013,1.145001,0.03921207,-0.7930228,0.5655282,0.2230588,154.2225,0.04022555,-0.8135195,0.5801449,-0.1016496,0.6390348,-0.06080514,0.6499195,0.5350802,0.2632387,-0.7527069,0.2789751,147.6019,0.5572019,0.2741217,-0.7838259,0.1023224,1.077412,0.2894983,1.12031,0.06856149,1.097959,0.294121,1.138737,0.08357648,1.109999,0.3045263,1.154044,-0.01369528,0.6360227,0.03009594,0.6368816,-0.003094081,0.6406545,0.07437031,0.6449641,-0.02374196,0.6334803,0.1068964,0.6428747,0.1000673,-0.08388539,0.03073442,0.1341448,0.1361113,-0.06999247,0.02118599,0.1545124,0.1290681,-0.07956399,0.002816081,0.1516474,-0.1100562,0.05495739,-0.02958635,0.1265229,-0.1557438,0.05479999,-0.02700109,0.1672968,-0.1801188,0.04219608,0.0009765252,0.184998,0.09919634,-0.08434587,0.03371234,0.1345015,0.1329867,-0.07193575,0.02086483,0.1526288,0.1232826,-0.07997602,0.002944986,0.146981,-0.1094287,0.05541735,-0.03029731,0.1263473,-0.1561025,0.05451843,-0.02716668,0.1675658,-0.1802815,0.04194529,0.00106788,0.1850999,0.1127543,-0.08046114,0.02327292,0.1404605,-0.2256222,0.9167126,-0.0203823,0.3291159,141.5698,-0.2389333,0.9707961,-0.0215848,-0.142757,0.04973983,-0.01699327,0.1521262,0.1767277,-0.5190021,-0.1169498,0.8280863,68.19469,0.315247,-0.9257967,-0.2086151,0.1031086,1.099827,0.2948329,1.143318,0.5381383,-0.5633107,0.1638064,0.6051906,105.5149,0.6759847,-0.7076052,0.2057661,0.1056559,-0.08074471,0.008816873,0.1332689,-0.09662817,0.05179047,-0.7017735,0.703914,90.51627,-0.1360413,0.07291503,-0.9880163,-0.4578807,-0.2161478,-0.35224,0.6168044,0.2163471,0.1730477,0.9446623,0.1756751,159.7641,0.2197648,0.1757814,0.9595855,-0.003108621,0.0001734495,0.005167156,0.00603267,0.1494682,-0.2328936,-0.09539083,0.9562011,34.04061,0.5106349,-0.7956448,-0.3258879,-0.1227505,1.199559,-0.05088792,1.206896,-0.001453239,-0.09642885,-0.2067547,-0.9736282,333.6248,-0.006369928,-0.4226731,-0.9062603,True,True,False,False
1772879691675,17.29247,0.1749799,1.116575,0.1835951,1.145018,0.04153477,-0.7915297,0.5681138,0.2213645,154.4216,0.04259142,-0.8116663,0.5825667,-0.1015981,0.6387964,-0.06094803,0.6496905,0.5351626,0.2626936,-0.7525712,0.279696,147.5159,0.5574096,0.2736139,-0.783856,0.1023195,1.077498,0.2893702,1.12036,0.06789118,1.098002,0.2939385,1.138691,0.08298924,1.110195,0.3041914,1.154103,-0.0138966,0.6358709,0.03017117,0.636738,-0.003179793,0.6406361,0.07430184,0.6449383,-0.02377601,0.6334391,0.106757,0.6428122,0.1000883,-0.08384932,0.03076644,0.1341452,0.1366491,-0.06975297,0.0212175,0.1548826,0.1294248,-0.0792952,0.002818689,0.1518106,-0.1101215,0.05489386,-0.02937267,0.1265023,-0.1557212,0.05481905,-0.02697884,0.1672785,-0.1800505,0.04231853,0.0009704828,0.1849594,0.09926467,-0.08430783,0.0334867,0.1344717,0.1332672,-0.07176856,0.02089184,0.1527984,0.123753,-0.07992388,0.002935312,0.1473474,-0.1094818,0.05537726,-0.03022649,0.1263588,-0.1560733,0.05454145,-0.02715229,0.1675437,-0.1802638,0.04197388,0.001060419,0.1850891,0.1129429,-0.08039501,0.02319016,0.1405604,-0.2279829,0.9141887,-0.02251822,0.3343289,140.9365,-0.2419029,0.9700063,-0.02389312,-0.1428026,0.04972912,-0.01694926,0.1521606,0.1767891,-0.5192004,-0.1175456,0.8278645,68.24001,0.3151724,-0.9256095,-0.2095555,0.1028459,1.100784,0.2944293,1.144112,0.5404965,-0.5597944,0.169835,0.6046899,105.5869,0.6786227,-0.7028522,0.2132371,0.1056992,-0.08107382,0.008634035,0.133491,-0.09637871,0.0554092,-0.7101117,0.695257,91.90459,-0.1340901,0.07708988,-0.9879662,-0.4587433,-0.2156975,-0.352226,0.6172795,0.2075403,0.176115,0.9440933,0.1860067,158.5603,0.2112265,0.1792431,0.9608617,-0.002845906,-0.0007841587,0.00557068,0.006304487,0.1533553,-0.2310978,-0.1013538,0.9554075,34.34992,0.519337,-0.7826114,-0.343234,-0.1226051,1.199516,-0.05085085,1.206838,-0.001561879,-0.09663151,-0.2065372,-0.9736541,333.6378,-0.006849443,-0.4237665,-0.9057455,True,True,False,False
1772879691689,17.30687,0.1746248,1.11737,0.1830262,1.145647,0.04446049,-0.7895666,0.5713694,0.2194193,154.6502,0.04557103,-0.8092884,0.5856411,-0.1015082,0.638729,-0.06109301,0.6496238,0.5352709,0.2615059,-0.7523947,0.281073,147.3515,0.5577561,0.272491,-0.7840006,0.102478,1.078994,0.2891962,1.121768,0.06734994,1.09864,0.2932111,1.139087,0.08235127,1.111122,0.3034375,1.15475,-0.01398878,0.6360909,0.03027911,0.6369648,-0.003329192,0.6411105,0.07435234,0.6454161,-0.02403725,0.6340388,0.1068199,0.6434233,0.1001678,-0.08373454,0.03008128,0.1339774,0.1369164,-0.06926343,0.02135157,0.1549174,0.1297351,-0.07882269,0.00284569,0.1518299,-0.1101921,0.05491654,-0.02928043,0.1265522,-0.1557556,0.05478768,-0.026995,0.1673028,-0.1800991,0.04221208,0.0009732619,0.1849824,0.09933539,-0.08426294,0.03321999,0.1344296,0.133553,-0.07157236,0.02092785,0.1529607,0.1242215,-0.07983764,0.002928293,0.1476943,-0.1095374,0.05534117,-0.0301524,0.1263735,-0.1560484,0.05456074,-0.02713997,0.1675248,-0.1802509,0.04199253,0.001053593,0.1850808,0.113142,-0.08030664,0.02308586,0.1406529,-0.2302782,0.9115229,-0.0243314,0.3398617,140.2631,-0.244853,0.969215,-0.02587138,-0.1428532,0.04971587,-0.01690318,0.1521986,0.1768999,-0.5194067,-0.1180542,0.8276392,68.28606,0.3151831,-0.9254285,-0.2103375,0.1029494,1.10108,0.2943319,1.144381,0.5418481,-0.5574598,0.1724753,0.6048897,105.5582,0.6804494,-0.7000544,0.2165934,0.1058497,-0.08099546,0.008573953,0.1335588,-0.09404276,0.0533411,-0.7101055,0.6957449,91.82679,-0.1309261,0.07426133,-0.9886069,-0.4596654,-0.2151361,-0.3522442,0.6177798,0.2050195,0.1821014,0.9436862,0.1851015,158.6659,0.2086247,0.1853036,0.9602804,-0.002949424,-0.001080394,0.005668133,0.006480285,0.155262,-0.2309765,-0.1045552,0.9547837,34.59121,0.5222372,-0.7769096,-0.3516805,-0.1224573,1.199485,-0.05081096,1.20679,-0.001634588,-0.09661601,-0.2065411,-0.9736547,333.6381,-0.007168383,-0.4237034,-0.905773,True,True,False,False
1772879691704,17.32135,0.1744931,1.117736,0.1827291,1.145937,0.04723331,-0.7878405,0.574116,0.2178696,154.8321,0.04839588,-0.807232,0.5882469,-0.1013176,0.6382699,-0.06102236,0.6491359,0.535232,0.2598629,-0.752389,0.2826814,147.1594,0.5579903,0.2709123,-0.7843809,0.1027462,1.07945,0.2891641,1.122224,0.06728497,1.098829,0.2928468,1.139172,0.08223053,1.111444,0.3032859,1.155012,-0.013849,0.6361427,0.03047243,0.6370227,-0.003385958,0.6413509,0.07462735,0.6456869,-0.02425491,0.634499,0.1071688,0.6439428,0.1001982,-0.08368085,0.02999395,0.133947,0.1370043,-0.06890862,0.02140936,0.1548449,0.129911,-0.07874583,0.00285171,0.1519405,-0.1101941,0.05494685,-0.02940548,0.1265961,-0.1558066,0.05473078,-0.02701479,0.1673348,-0.180211,0.04200214,0.0009818822,0.1850436,0.09940698,-0.08421464,0.03295233,0.1343864,0.1338394,-0.07135136,0.0209678,0.1531132,0.1246936,-0.07974705,0.002921939,0.1480426,-0.1095919,0.05530846,-0.03009043,0.1263916,-0.1560284,0.05457485,-0.02712959,0.167509,-0.1802476,0.04199333,0.001047644,0.1850777,0.1133452,-0.0802087,0.02297989,0.1407432,-0.2329477,0.9087088,-0.02632518,0.3453848,139.5894,-0.2482231,0.9682966,-0.02805144,-0.1429087,0.04969603,-0.01686203,0.1522397,0.1771571,-0.5195289,-0.118599,0.8274294,68.32885,0.3154677,-0.925137,-0.211192,0.1028459,1.10228,0.2937036,1.145364,0.5416663,-0.5551802,0.1776773,0.605643,105.4498,0.6807107,-0.6976935,0.2232866,0.1058707,-0.08104075,0.008652503,0.1336079,-0.09468222,0.05216601,-0.710259,0.6955906,91.8514,-0.1317889,0.07261027,-0.988615,-0.4611244,-0.2140539,-0.3517677,0.6182194,0.2040208,0.185223,0.9430445,0.1863739,158.5175,0.2076592,0.1885262,0.9598624,-0.002845898,-0.002279639,0.006296366,0.007275996,0.1599669,-0.2297231,-0.1074729,0.9539852,34.89769,0.5334822,-0.7661161,-0.358417,-0.122364,1.199475,-0.05076436,1.206768,-0.001682668,-0.09665738,-0.2065738,-0.9736435,333.6324,-0.007377694,-0.4237964,-0.9057273,True,True,False,False
1772879691717,17.3357,0.1745249,1.118803,0.1820064,1.146868,0.04977986,-0.786284,0.5766197,0.2163078,155.0155,0.05098697,-0.8053505,0.5906021,-0.1004955,0.636006,-0.06069823,0.6467513,0.5350552,0.2575751,-0.7525239,0.2847439,146.9129,0.558161,0.2686982,-0.7850208,0.1027734,1.080639,0.2886736,1.123243,0.06715264,1.099798,0.2918308,1.139838,0.08187185,1.112628,0.3023777,1.155887,-0.01318484,0.6343735,0.03095921,0.6352654,-0.002803836,0.6398736,0.07503137,0.6442637,-0.02369927,0.6331884,0.1076005,0.6427029,0.1005562,-0.08350703,0.02996247,0.1340996,0.1372018,-0.06830379,0.02148611,0.1547624,0.1303222,-0.07822975,0.002867773,0.1520263,-0.1101667,0.05503071,-0.02935708,0.1265975,-0.1557169,0.0548065,-0.0270121,0.1672757,-0.1801564,0.0421045,0.0009777099,0.1850138,0.09950287,-0.0841556,0.03270285,0.1343594,0.1341199,-0.07109706,0.02101105,0.1532463,0.1251632,-0.07962044,0.00291742,0.1483704,-0.1096399,0.05528528,-0.03002924,0.1264085,-0.1560024,0.05459418,-0.02711978,0.1674896,-0.18024,0.04200261,0.001041808,0.1850723,0.113559,-0.08008934,0.02288125,0.1408315,-0.2358436,0.9059207,-0.02801801,0.3505715,138.9555,-0.2518255,0.9673101,-0.02991664,-0.1429585,0.04968492,-0.01682121,0.1522783,0.1773653,-0.5196689,-0.1190578,0.827231,68.36932,0.3156742,-0.9249048,-0.2118987,0.102903,1.10261,0.2935035,1.145636,0.5436808,-0.5529757,0.1780994,0.6057306,105.4371,0.6832997,-0.6949815,0.2238359,0.106195,-0.08084063,0.008637868,0.133743,-0.09340517,0.05262687,-0.7090595,0.6969509,91.63424,-0.1302506,0.07338654,-0.9887615,-0.4626233,-0.2150032,-0.3522971,0.6199677,0.2022049,0.1886013,0.9429251,0.1855675,158.6116,0.2057789,0.1919349,0.9595917,-0.002902955,-0.002609611,0.006496489,0.007579023,0.1598685,-0.2306984,-0.1102751,0.9534463,35.103,0.5301331,-0.7650091,-0.3656785,-0.1222676,1.199474,-0.05071307,1.206756,-0.001805164,-0.09675512,-0.2066115,-0.9736257,333.6235,-0.007912129,-0.4240828,-0.9055892,True,True,False,False
1772879691730,17.34891,0.1743413,1.119273,0.1817095,1.147251,0.05218565,-0.7848349,0.578971,0.2147169,155.2022,0.05343188,-0.8035772,0.5927972,-0.1001816,0.634961,-0.06050225,0.6456565,0.5348386,0.2541192,-0.7525411,0.2881892,146.5009,0.5585353,0.2653783,-0.7858834,0.1027634,1.080826,0.2884754,1.123371,0.06712578,1.100019,0.2915393,1.139975,0.08174726,1.112977,0.3022008,1.156169,-0.01309677,0.6343219,0.03142762,0.635235,-0.002962586,0.6402023,0.07550095,0.6446458,-0.02383759,0.6336365,0.1079559,0.6432091,0.1006138,-0.083438,0.03025711,0.134166,0.1371889,-0.0681527,0.02151431,0.1546883,0.1303931,-0.07823568,0.002872646,0.1520902,-0.1101606,0.05507395,-0.02944119,0.1266305,-0.1556991,0.05480991,-0.0270099,0.1672599,-0.1800502,0.04230002,0.0009673238,0.1849549,0.09959474,-0.08409625,0.03250059,0.1343413,0.1343738,-0.07085356,0.02105267,0.1533615,0.1255957,-0.07950592,0.002913717,0.1486741,-0.1096829,0.05526781,-0.0299806,0.1264267,-0.1559773,0.05461202,-0.0271107,0.1674705,-0.1802243,0.0420272,0.001035648,0.1850626,0.1137545,-0.07997647,0.02280327,0.1409125,-0.23873,0.9033621,-0.02975789,0.3550486,138.4072,-0.2553678,0.9663199,-0.0318318,-0.1429951,0.0496841,-0.01678965,0.1523089,0.1773667,-0.5198054,-0.1193324,0.8271052,68.39496,0.3155727,-0.9248434,-0.2123175,0.1029373,1.102914,0.2933633,1.145895,0.5450383,-0.5507579,0.1811084,0.6056392,105.4503,0.6849458,-0.6921335,0.2275976,0.106118,-0.08088008,0.008739884,0.1337124,-0.09525126,0.05118408,-0.7103018,0.695542,91.85915,-0.1325723,0.07123886,-0.98861,-0.4657054,-0.2125475,-0.3509997,0.6206922,0.2035933,0.1911072,0.941076,0.1907976,158.0013,0.2074034,0.1946837,0.9586876,-0.002937295,-0.002913594,0.006636679,0.00782063,0.1618857,-0.2301242,-0.1136029,0.9528539,35.32747,0.5335191,-0.7584094,-0.3743956,-0.1222111,1.199497,-0.0506801,1.206771,-0.001884569,-0.09694491,-0.2064971,-0.9736308,333.6261,-0.008260979,-0.4249566,-0.9051771,True,True,False,False
1772879691745,17.36206,0.1743597,1.119558,0.1815339,1.147504,0.05427489,-0.7835692,0.5810153,0.2132948,155.369,0.05555329,-0.8020255,0.5947007,-0.09976715,0.63375,-0.06034185,0.6443863,0.5348577,0.2507371,-0.7523917,0.2914876,146.1059,0.5591385,0.2621198,-0.7865478,0.1028787,1.081176,0.2883801,1.123695,0.06719222,1.100101,0.2913372,1.140007,0.08160388,1.113251,0.3019873,1.156366,-0.01302352,0.6340122,0.03191239,0.6349484,-0.003088463,0.6403198,0.07601406,0.6448234,-0.02403425,0.6339336,0.1083807,0.6435805,0.1007608,-0.08325788,0.0302351,0.1341595,0.1372458,-0.06796545,0.02155165,0.1546615,0.1306027,-0.07801982,0.002875149,0.1521592,-0.1101535,0.05508718,-0.02944471,0.1266309,-0.1557324,0.05477852,-0.02701152,0.1672808,-0.180023,0.04235126,0.0009641871,0.1849401,0.09968407,-0.08403203,0.03232703,0.1343255,0.1345938,-0.0706323,0.02109089,0.1534576,0.1259793,-0.07939207,0.002910762,0.1489374,-0.109719,0.05525397,-0.02993955,0.1264422,-0.1559585,0.05462477,-0.0271031,0.167456,-0.1802089,0.04205203,0.001030174,0.1850532,0.1139298,-0.07986689,0.02273547,0.140981,-0.2412067,0.9011345,-0.03125892,0.3588856,137.9365,-0.2584224,0.9654514,-0.03348997,-0.143022,0.049686,-0.01676457,0.152332,0.1772851,-0.5199453,-0.1194671,0.8270154,68.41328,0.3153534,-0.9248746,-0.2125071,0.1029053,1.103801,0.2929274,1.146635,0.5489553,-0.5459675,0.1872313,0.604576,105.6033,0.6891683,-0.6854174,0.2350536,0.1062267,-0.08076636,0.008758138,0.1337311,-0.09470497,0.05024042,-0.7104391,0.6955453,91.85863,-0.1318125,0.06992577,-0.9888054,-0.468612,-0.2103332,-0.3499627,0.6215394,0.2039161,0.1945542,0.9397072,0.1936944,157.6631,0.2078524,0.1983098,0.9578469,-0.002905272,-0.003801107,0.007072628,0.008538798,0.1651372,-0.2285608,-0.1215119,0.9516957,35.76225,0.5378307,-0.7443931,-0.3957486,-0.1221494,1.19953,-0.05065,1.206797,-0.001913187,-0.09710141,-0.2063208,-0.9736527,333.6371,-0.00838984,-0.4258157,-0.9047719,True,True,False,False
1772879691758,17.3769,0.1742356,1.120074,0.1811754,1.147932,0.05597112,-0.7824438,0.5828029,0.2121077,155.5082,0.05727432,-0.8006619,0.5963726,-0.09938871,0.6328523,-0.06040707,0.6434509,0.5346872,0.2479721,-0.7523171,0.2943444,145.7635,0.5594721,0.2594666,-0.7871899,0.1031488,1.082271,0.2880286,1.124682,0.06726834,1.100448,0.2908204,1.140214,0.08155787,1.113765,0.3013361,1.156688,-0.01296475,0.6338072,0.0321119,0.6347526,-0.003069025,0.6403934,0.07597852,0.6448921,-0.02392362,0.6340945,0.10831,0.643723,0.1006483,-0.08299962,0.0296814,0.1337909,0.1370863,-0.06775054,0.02159587,0.1544317,0.1304745,-0.07768893,0.002897829,0.1518801,-0.1101409,0.05512308,-0.02932933,0.1266088,-0.1555288,0.05493555,-0.02698658,0.1671388,-0.1798234,0.04271578,0.0009484142,0.1848297,0.0997577,-0.0839532,0.03212502,0.1342824,0.1347841,-0.07041226,0.02112945,0.1535288,0.1263226,-0.07926203,0.002909775,0.1491587,-0.1097512,0.05524397,-0.02989295,0.1264548,-0.1559257,0.0546485,-0.0270942,0.1674317,-0.1801795,0.04210271,0.001023931,0.185036,0.1140871,-0.07974338,0.02265035,0.1410245,-0.2432805,0.8989807,-0.03255203,0.3627515,137.4615,-0.2610626,0.9646896,-0.03493134,-0.1430411,0.04970134,-0.01673645,0.1523518,0.1770322,-0.5201451,-0.1195571,0.826931,68.43049,0.3148339,-0.9250256,-0.2126203,0.1029247,1.10398,0.2927909,1.146775,0.5502829,-0.5434284,0.1880988,0.6053869,105.4866,0.6913698,-0.6827578,0.2363254,0.1062513,-0.08050008,0.008468681,0.1335714,-0.08909462,0.04778964,-0.7116036,0.6952687,91.90274,-0.1239578,0.06648993,-0.9900573,-0.4711034,-0.208806,-0.3493177,0.6225441,0.2026354,0.2024782,0.9379908,0.1952309,157.4836,0.2066111,0.2064508,0.9563943,-0.002924718,-0.003979921,0.007209063,0.008738669,0.1660561,-0.2298859,-0.1240361,0.9508907,36.06148,0.5364831,-0.7426999,-0.4007277,-0.1220838,1.199539,-0.05065541,1.206799,-0.002057315,-0.09758208,-0.2062864,-0.9736115,333.6164,-0.00901494,-0.4275946,-0.9039255,True,True,False,False
1772879691772,17.39032,0.1741338,1.120209,0.1810582,1.14803,0.05721596,-0.7814815,0.5843444,0.2110797,155.6287,0.05853482,-0.7994951,0.5978138,-0.09938689,0.6330941,-0.06045008,0.6436926,0.534584,0.2459094,-0.7522373,0.2964586,145.5099,0.559747,0.2574845,-0.7876453,0.1032515,1.082648,0.2880016,1.125048,0.06725556,1.100483,0.2907611,1.140232,0.08157524,1.11386,0.3012193,1.15675,-0.01320578,0.6345931,0.03227535,0.6355506,-0.003338967,0.6413913,0.07603657,0.6458912,-0.02424422,0.635263,0.1083772,0.6448972,0.1006279,-0.08292881,0.02947681,0.1336863,0.1370802,-0.06774521,0.02159628,0.1544241,0.1303835,-0.07770333,0.002905339,0.1518095,-0.1101452,0.0551279,-0.0292641,0.1265995,-0.1554592,0.05502244,-0.02697445,0.1671007,-0.1797811,0.04279788,0.0009452626,0.1848074,0.09983192,-0.08386584,0.03189917,0.1342291,0.1349799,-0.07018481,0.02116926,0.1536022,0.1266689,-0.07912909,0.002909397,0.1493817,-0.1097848,0.05523407,-0.02983932,0.1264669,-0.1558859,0.05468039,-0.02708399,0.1674035,-0.1801455,0.04216199,0.001017222,0.1850164,0.1142512,-0.07961083,0.02255217,0.1410667,-0.2453003,0.8967345,-0.03395755,0.3667995,136.9633,-0.2636787,0.9639198,-0.03650173,-0.1430618,0.0497205,-0.01670366,0.1523739,0.1767862,-0.5203649,-0.1197306,0.8268202,68.45306,0.3143055,-0.9251485,-0.2128672,0.1028712,1.104103,0.2926806,1.14686,0.5518701,-0.5409046,0.1905891,0.6054233,105.4814,0.6933881,-0.6796106,0.2394626,0.1061784,-0.08045313,0.008473055,0.1334854,-0.08903782,0.04759948,-0.7129937,0.6938636,92.12656,-0.1236453,0.0661006,-0.9901225,-0.4729387,-0.206462,-0.3480594,0.6224491,0.2020377,0.2045235,0.936986,0.1985156,157.0997,0.2061404,0.2086766,0.9560127,-0.002871163,-0.004102826,0.00731945,0.008868546,0.1677021,-0.2298235,-0.1274781,0.9501614,36.33051,0.5379224,-0.7371837,-0.4088998,-0.1219789,1.199539,-0.05063783,1.206788,-0.002232964,-0.09766785,-0.2065704,-0.9735423,333.5817,-0.009771984,-0.4274178,-0.9040012,True,True,False,False
1772879691786,17.404,0.1741464,1.120152,0.1808827,1.147948,0.05821887,-0.7806131,0.585741,0.2101457,155.7382,0.05954858,-0.7984422,0.5991193,-0.09940648,0.6334988,-0.06049595,0.6440979,0.5345492,0.244242,-0.7521318,0.2981624,145.3055,0.5600217,0.2558807,-0.7879725,0.1032473,1.08281,0.2879006,1.125178,0.06717212,1.100422,0.2905222,1.140106,0.08157285,1.113828,0.3009616,1.156652,-0.01339282,0.6355008,0.0324131,0.6364678,-0.00363094,0.6424396,0.07613926,0.6469459,-0.0245836,0.636457,0.1084612,0.6461004,0.1007677,-0.08281333,0.02935514,0.1336933,0.1371858,-0.06757922,0.02160332,0.1544461,0.1303735,-0.0776083,0.002919063,0.1517525,-0.1101803,0.05511194,-0.02928186,0.1266272,-0.1554569,0.05503526,-0.02695044,0.167099,-0.1797805,0.04279952,0.000945136,0.1848072,0.09990466,-0.08378402,0.03170142,0.1341853,0.1351514,-0.06998228,0.021203,0.1536652,0.1269569,-0.07901088,0.002910148,0.1495635,-0.1098155,0.05522458,-0.02979599,0.1264793,-0.1558526,0.05470798,-0.02707361,0.1673797,-0.1801171,0.04221155,0.001011619,0.185,0.1144007,-0.0794886,0.02246431,0.1411049,-0.2469967,0.8948457,-0.03514735,0.3701466,136.5507,-0.2658814,0.9632631,-0.03783461,-0.1430809,0.04973587,-0.01667652,0.1523939,0.1766088,-0.5205251,-0.1199379,0.8267272,68.47201,0.3139138,-0.9252086,-0.213184,0.102695,1.104541,0.2922587,1.147159,0.5511631,-0.5399023,0.1936355,0.6059951,105.399,0.6928787,-0.6787224,0.2434233,0.1063088,-0.08040315,0.008382537,0.1335533,-0.08732752,0.04677552,-0.7138759,0.6932294,92.2274,-0.1211676,0.06490137,-0.9905081,-0.4743325,-0.2044183,-0.3469006,0.6221882,0.2012,0.2078111,0.9361146,0.2000564,156.9195,0.2053513,0.2120988,0.9554292,-0.002695046,-0.004541397,0.007741362,0.009371032,0.1707076,-0.2289768,-0.1285441,0.9496869,36.50452,0.5450411,-0.7310849,-0.4104201,-0.1218921,1.199534,-0.05063486,1.206774,-0.00221341,-0.09789983,-0.2067274,-0.9734858,333.5533,-0.009676208,-0.4279818,-0.9037356,True,True,False,False
1772879691800,17.41844,0.1743056,1.120306,0.1805976,1.148078,0.05912238,-0.7797189,0.5871868,0.2091759,155.8519,0.06045987,-0.7973581,0.6004705,-0.09958105,0.6342593,-0.06071248,0.6448932,0.5346508,0.242792,-0.7519436,0.2996357,145.1286,0.560399,0.2544846,-0.7881564,0.1030924,1.083239,0.2875817,1.125495,0.06703582,1.100704,0.2899728,1.140231,0.08169818,1.114077,0.3002853,1.156726,-0.01383094,0.6366665,0.03245925,0.6376435,-0.00410295,0.6436451,0.0760754,0.6481383,-0.02514214,0.6379557,0.1084276,0.6475925,0.1011216,-0.08250494,0.02929436,0.1337565,0.1373967,-0.06715441,0.02159573,0.1544473,0.1302522,-0.07723799,0.002955258,0.1514598,-0.1102602,0.055044,-0.02920087,0.1266485,-0.1554287,0.05509945,-0.02685285,0.1670781,-0.1798289,0.04270657,0.0009450838,0.1848328,0.100001,-0.08368277,0.03151088,0.1341489,0.1353291,-0.06975842,0.02123409,0.1537241,0.1272177,-0.07887054,0.002913719,0.149711,-0.1098507,0.05521028,-0.02974888,0.1264925,-0.155819,0.05473896,-0.02705613,0.1673558,-0.1800943,0.04225074,0.001006352,0.1849867,0.1145674,-0.07934188,0.02237769,0.1411438,-0.2485779,0.89316,-0.0360899,0.3730571,136.1914,-0.2679195,0.9626558,-0.03889801,-0.1431074,0.04974419,-0.01664529,0.1524181,0.1766525,-0.5206333,-0.1204232,0.8265792,68.50214,0.3138702,-0.9250435,-0.2139639,0.1026242,1.104648,0.2921122,1.147218,0.5496345,-0.5408298,0.1956913,0.6058961,105.4133,0.6908916,-0.6798241,0.2459844,0.1066006,-0.08007398,0.008321088,0.1335843,-0.08658002,0.04738374,-0.7131605,0.6940179,92.10199,-0.1202571,0.06581461,-0.9905587,-0.4753018,-0.2025176,-0.3460413,0.6218278,0.2001153,0.2090662,0.9361715,0.1995706,156.9763,0.2042235,0.2133582,0.9553905,-0.002624221,-0.004648447,0.00788781,0.009524292,0.1726649,-0.2272781,-0.127714,0.9498531,36.44367,0.5521795,-0.7268317,-0.4084273,-0.1217061,1.199518,-0.05075452,1.206744,-0.00247846,-0.09810317,-0.206313,-0.9735526,333.5868,-0.0108484,-0.4294049,-0.9030474,True,True,False,False
1772879691814,17.43197,0.1743741,1.120351,0.1805102,1.148119,0.05977879,-0.7789689,0.5884493,0.2082336,155.9623,0.06111857,-0.7964274,0.6016378,-0.09966481,0.6346751,-0.06078329,0.6453217,0.5347131,0.2417604,-0.7517809,0.3007645,144.993,0.5606731,0.2534977,-0.7882795,0.1030742,1.083272,0.2874883,1.125501,0.06701283,1.100773,0.289695,1.140226,0.08169881,1.114186,0.2999981,1.156756,-0.01415103,0.6372896,0.03258246,0.6382788,-0.004380238,0.6444113,0.0760617,0.6488994,-0.02535328,0.6387165,0.1083443,0.6483364,0.1012049,-0.08243198,0.02941661,0.1338013,0.1374114,-0.06694838,0.02161141,0.154373,0.1302093,-0.07707617,0.002975434,0.1513408,-0.1102907,0.05503621,-0.02904453,0.1266357,-0.1553649,0.05516031,-0.02682479,0.1670344,-0.1797256,0.04290103,0.0009372681,0.1847773,0.1001012,-0.08357871,0.03133665,0.134118,0.1355024,-0.06952465,0.02126548,0.1537751,0.1274666,-0.07872126,0.002918853,0.1498442,-0.1098873,0.0551958,-0.02969029,0.1265042,-0.1557813,0.05477402,-0.02703689,0.167329,-0.1800636,0.04230484,0.001000604,0.1849692,0.114733,-0.07918897,0.02229964,0.1411801,-0.2502213,0.8915431,-0.03692066,0.3757353,135.8605,-0.2700053,0.9620342,-0.03983985,-0.1431303,0.04975933,-0.01660912,0.1524406,0.1765657,-0.5208218,-0.1208341,0.8264191,68.53474,0.3135848,-0.9249918,-0.2146042,0.1024581,1.104876,0.2917166,1.147322,0.5474899,-0.5392072,0.1981915,0.6084657,105.0427,0.6898987,-0.6794616,0.2497435,0.1066858,-0.07998433,0.008381298,0.1336024,-0.0875808,0.04762147,-0.7116076,0.6954684,91.87089,-0.1218843,0.06627379,-0.9903292,-0.4760753,-0.2009998,-0.345373,0.6215554,0.2006051,0.2086993,0.9364268,0.1982606,157.1295,0.2046679,0.2129261,0.9553919,-0.002458066,-0.004875779,0.008283406,0.009921196,0.17692,-0.2282569,-0.1275235,0.9488604,36.80571,0.5604119,-0.7230266,-0.4039437,-0.1214904,1.199459,-0.05097203,1.206673,-0.002517262,-0.09834859,-0.2062951,-0.9735315,333.5762,-0.01101391,-0.4303099,-0.9026141,True,True,False,False
1772879691828,17.44579,0.1743969,1.120473,0.1803428,1.148215,0.0601788,-0.7783419,0.5898088,0.2066109,156.1524,0.0615059,-0.7955064,0.6028157,-0.09988545,0.635475,-0.06089702,0.6461532,0.5347175,0.2409304,-0.7516519,0.3017438,144.8753,0.5608597,0.2527094,-0.7883999,0.1028136,1.083307,0.2872109,1.12544,0.06671088,1.100767,0.2892202,1.140082,0.08191131,1.114222,0.2993976,1.15665,-0.01450565,0.638397,0.03260738,0.6393937,-0.004710515,0.6454738,0.07592514,0.6499409,-0.02570606,0.6398659,0.1082473,0.6494665,0.1013349,-0.08234944,0.0295993,0.1338892,0.1375025,-0.06677721,0.02174275,0.1543985,0.1297245,-0.07700101,0.003017634,0.1508864,-0.110339,0.0549845,-0.02904015,0.1266543,-0.1552549,0.05527407,-0.0268188,0.1669687,-0.1796714,0.04299955,0.0009327605,0.1847475,0.1001978,-0.0834824,0.03120053,0.1340984,0.1356591,-0.06930938,0.02130288,0.1538213,0.1276435,-0.07858648,0.002926593,0.1499242,-0.1099227,0.05517925,-0.02963935,0.1265158,-0.15574,0.0548132,-0.0270198,0.1673007,-0.1800329,0.04235927,0.0009952888,0.1849517,0.11489,-0.07904264,0.02223834,0.1412161,-0.2514945,0.8903831,-0.0374104,0.377583,135.6319,-0.2715994,0.961562,-0.04040106,-0.1431551,0.04977338,-0.01657538,0.1524648,0.1765275,-0.5209537,-0.1213765,0.8262646,68.56618,0.3133909,-0.9248539,-0.2154807,0.1022718,1.104915,0.2915231,1.147293,0.5473542,-0.5407132,0.2039103,0.6053539,105.4914,0.6876684,-0.679325,0.2561828,0.1066628,-0.07984817,0.008362504,0.1335013,-0.08726782,0.05120086,-0.7116154,0.6952456,91.90643,-0.1214123,0.07123377,-0.9900429,-0.4764839,-0.1994343,-0.344682,0.6209803,0.1973902,0.208198,0.9373879,0.1974708,157.2218,0.2013551,0.21238,0.9562171,-0.002271779,-0.00491488,0.008476883,0.01005856,0.1794842,-0.2223763,-0.1292725,0.9495384,36.55883,0.5722412,-0.7089919,-0.4121534,-0.1213732,1.199409,-0.05110896,1.206617,-0.002761357,-0.09850173,-0.206152,-0.9735457,333.5833,-0.01208511,-0.4310939,-0.9022265,True,True,False,False
1772879691840,17.45927,0.174596,1.12049,0.1804568,1.14828,0.0600789,-0.7778946,0.5914254,0.2036823,156.4953,0.06136529,-0.7945507,0.6040889,-0.1000202,0.6356019,-0.06089391,0.6462986,0.5347163,0.2401958,-0.7515503,0.3025835,144.7743,0.561015,0.2520092,-0.7885134,0.102825,1.083351,0.2870542,1.125444,0.06672287,1.100591,0.2886799,1.139776,0.08166595,1.114175,0.2989745,1.156478,-0.01470061,0.6387998,0.03267717,0.6398039,-0.004963477,0.6458967,0.07596543,0.6503675,-0.02600316,0.6403614,0.1083111,0.649977,0.101176,-0.0823646,0.0295438,0.1337661,0.1371948,-0.06669345,0.02178048,0.1540936,0.1295965,-0.07692766,0.003036335,0.1507393,-0.1103475,0.05497369,-0.02909543,0.1266697,-0.1552228,0.05530405,-0.02682564,0.1669499,-0.1796705,0.0430022,0.0009327009,0.1847472,0.100276,-0.08339311,0.03106819,0.1340705,0.1357818,-0.06910042,0.02134103,0.1538408,0.1277995,-0.07845397,0.002935359,0.1499878,-0.1099566,0.05516283,-0.0295959,0.1265279,-0.1556987,0.0548524,-0.02700429,0.1672725,-0.1800039,0.04241062,0.0009902893,0.1849353,0.1150218,-0.07890332,0.02217876,0.1412362,-0.2528458,0.8892075,-0.03786628,0.3794011,135.4068,-0.2732781,0.9610641,-0.04092624,-0.1431808,0.04978602,-0.01654486,0.1524897,0.176526,-0.5210412,-0.1219667,0.8261228,68.59502,0.3132726,-0.9246677,-0.2164487,0.1019637,1.104899,0.2912954,1.147193,0.5466365,-0.5415288,0.207511,0.6040483,105.6792,0.6859125,-0.6795036,0.2603822,0.1065928,-0.07985956,0.008338927,0.1334508,-0.08605342,0.04929938,-0.7097871,0.6973999,91.56246,-0.1200719,0.06878834,-0.9903792,-0.4769422,-0.1984505,-0.3442649,0.6207856,0.1993225,0.211384,0.9372541,0.1927234,157.7765,0.2031305,0.2154225,0.9551602,-0.001963735,-0.004898667,0.008704573,0.01017953,0.1816947,-0.2191298,-0.1298725,0.9497908,36.46649,0.5807054,-0.7003499,-0.4150793,-0.1213496,1.199391,-0.05113905,1.206598,-0.002717362,-0.09850483,-0.2061376,-0.9735485,333.5848,-0.0118932,-0.4311305,-0.9022119,True,True,False,False
1772879691856,17.47313,0.1749431,1.120455,0.1806049,1.148322,0.05956039,-0.7777053,0.5928198,0.2004785,156.8701,0.06079464,-0.7938214,0.6051046,-0.1001849,0.6356696,-0.0608242,0.6463842,0.5346721,0.2396466,-0.7514988,0.3032241,144.6973,0.5610886,0.2514868,-0.788628,0.1026108,1.083231,0.2868572,1.125258,0.0664558,1.100451,0.2882245,1.13951,0.08147368,1.11404,0.2985071,1.156214,-0.01491638,0.6390279,0.03281405,0.6400437,-0.005207953,0.6461974,0.07605655,0.6506787,-0.02624125,0.6406699,0.1083803,0.6503022,0.1012408,-0.08233778,0.02962989,0.1338176,0.1372538,-0.06662817,0.02176502,0.1541156,0.1294533,-0.0768836,0.003058955,0.1505942,-0.1103637,0.05499192,-0.02908355,0.1266891,-0.155201,0.0553228,-0.02682969,0.1669365,-0.1796321,0.04306136,0.000929229,0.1847237,0.1003513,-0.08331072,0.0309559,0.1340497,0.1358967,-0.06890742,0.02137413,0.1538603,0.1279286,-0.07833137,0.002945008,0.150034,-0.1099884,0.05514948,-0.0295559,0.1265404,-0.1556599,0.05488913,-0.02699066,0.1672462,-0.1799749,0.04246143,0.0009855224,0.1849187,0.1151445,-0.07877326,0.02212927,0.1412557,-0.2540271,0.8882262,-0.03818547,0.3808759,135.2241,-0.2747349,0.9606326,-0.04129828,-0.1432034,0.04980015,-0.01651701,0.1525126,0.1764846,-0.5211291,-0.1224651,0.8260024,68.6195,0.3131011,-0.9245343,-0.2172652,0.1015095,1.104876,0.2907549,1.146993,0.5440303,-0.5395511,0.2089413,0.607667,105.158,0.6850111,-0.6793712,0.2630867,0.1066716,-0.07982615,0.008327449,0.133493,-0.08603512,0.04950922,-0.7093588,0.697823,91.49479,-0.1201155,0.06912086,-0.9903507,-0.4771414,-0.1977691,-0.3438778,0.6205066,0.2000145,0.2127843,0.9374039,0.1897135,158.1279,0.2037141,0.21672,0.9547424,-0.001509473,-0.004876018,0.009245127,0.01056061,0.1859063,-0.2215213,-0.1289593,0.9485446,36.92014,0.5871152,-0.6995917,-0.4072695,-0.1213771,1.19942,-0.05116199,1.206631,-0.002922884,-0.09843298,-0.2062617,-0.9735289,333.575,-0.01278804,-0.4306585,-0.9024246,True,True,False,False
1772879691869,17.48828,0.1749115,1.120515,0.1806739,1.148386,0.05921621,-0.777625,0.5939667,0.1974749,157.2213,0.06040572,-0.7932457,0.6058981,-0.100311,0.6356297,-0.06061725,0.646345,0.5346313,0.2391849,-0.7514708,0.3037297,144.6365,0.5611405,0.2510447,-0.7887319,0.1021697,1.08323,0.2865941,1.12515,0.0658883,1.100374,0.2877219,1.139276,0.08135108,1.113886,0.2977571,1.155863,-0.01517345,0.639046,0.03312134,0.6400836,-0.005460483,0.6463248,0.07634763,0.6508414,-0.02644618,0.6408551,0.1086087,0.6505309,0.1012271,-0.08232008,0.02961507,0.133793,0.137293,-0.06655601,0.02172362,0.1541135,0.1288578,-0.07675979,0.003093347,0.1500199,-0.1103859,0.05498919,-0.02895076,0.1266767,-0.1552291,0.05530352,-0.02675503,0.1669443,-0.1796238,0.04307148,0.0009283051,0.184718,0.1004214,-0.08323136,0.03084849,0.1340282,0.1360085,-0.06871904,0.02140212,0.1538788,0.128003,-0.07820547,0.002956891,0.150032,-0.1100203,0.05513664,-0.02950742,0.1265512,-0.1556253,0.05492232,-0.02697178,0.167222,-0.1799468,0.0425103,0.0009809387,0.1849025,0.1152605,-0.07863996,0.02208273,0.1412688,-0.2548482,0.8875208,-0.03808721,0.3819798,135.0873,-0.2757587,0.9603429,-0.04121231,-0.1432226,0.04981424,-0.01648631,0.1525319,0.1764392,-0.521265,-0.1229056,0.825861,68.64825,0.3129056,-0.9244356,-0.2179665,0.1012978,1.104824,0.2905373,1.146869,0.5443445,-0.540157,0.2136523,0.6052042,105.5129,0.6837896,-0.6785293,0.2683837,0.1064861,-0.07962991,0.008369157,0.1332301,-0.08654882,0.05522608,-0.7107747,0.695887,91.80412,-0.1205161,0.07690034,-0.9897283,-0.4767929,-0.1974314,-0.3436212,0.6199889,0.1958416,0.211307,0.9386904,0.1893564,158.1695,0.19945,0.2152003,0.9559857,-0.00129775,-0.004823923,0.009462684,0.01070032,0.1879961,-0.2170556,-0.1310335,0.9488808,36.79831,0.5956123,-0.6876791,-0.4151423,-0.1213351,1.199481,-0.05122838,1.20669,-0.002820099,-0.09830407,-0.2064168,-0.9735094,333.5651,-0.01233384,-0.4299379,-0.9027745,True,True,False,False
1772879691884,17.5015,0.1750934,1.120466,0.1807298,1.148375,0.05909659,-0.7775039,0.5949668,0.1949607,157.5151,0.06025278,-0.7927154,0.606607,-0.1003144,0.6356123,-0.06055803,0.6463228,0.5345609,0.238816,-0.751466,0.3041555,144.5853,0.5611466,0.2506933,-0.7888393,0.1021009,1.083124,0.2863776,1.124986,0.06581752,1.100118,0.2872341,1.138901,0.08115872,1.113697,0.2973223,1.155555,-0.01525856,0.6391668,0.03324183,0.6402125,-0.005539012,0.6464365,0.07643361,0.6509631,-0.0264915,0.6410164,0.1086717,0.6507022,0.1011604,-0.08231147,0.02958349,0.1337303,0.1371327,-0.06648846,0.02173305,0.1539429,0.1287351,-0.07668751,0.00310564,0.1498778,-0.110412,0.05494122,-0.02891692,0.126671,-0.1552208,0.05531292,-0.02670645,0.1669319,-0.1796094,0.04309654,0.0009274259,0.1847098,0.1004857,-0.08315141,0.03073854,0.1340014,0.1361062,-0.06852517,0.02143089,0.1538827,0.1280667,-0.07807354,0.00296982,0.1500179,-0.1100543,0.05511966,-0.0294561,0.1265614,-0.1555902,0.05495627,-0.02694872,0.1671967,-0.1799175,0.04256125,0.0009762876,0.1848857,0.1153683,-0.07850324,0.02203509,0.1412733,-0.255732,0.8867937,-0.03793134,0.3830917,134.9494,-0.276853,0.9600344,-0.04106411,-0.1432416,0.0498273,-0.01645409,0.1525505,0.1764066,-0.5214021,-0.1234285,0.8257033,68.68027,0.3127197,-0.9243004,-0.2188043,0.1010924,1.104794,0.289919,1.146666,0.5427796,-0.5376972,0.216168,0.607901,105.1242,0.6835903,-0.6771894,0.2722475,0.1064905,-0.07961854,0.008295676,0.1332222,-0.08489966,0.05399844,-0.7097312,0.6972502,91.58639,-0.118438,0.07532973,-0.9901,-0.476852,-0.197086,-0.3432846,0.6197379,0.1969329,0.2144424,0.9385189,0.1855109,158.6182,0.2004116,0.2182304,0.9550973,-0.001092434,-0.004794359,0.01008096,0.01121629,0.1922237,-0.218524,-0.1316986,0.9476039,37.25911,0.6017368,-0.6840673,-0.4122692,-0.1213102,1.199549,-0.05131146,1.206759,-0.002749119,-0.09814039,-0.2066687,-0.9734727,333.5468,-0.0120152,-0.4289289,-0.9032586,True,True,False,False
1772879691896,17.51605,0.1753182,1.120389,0.1806768,1.148326,0.05915935,-0.7773446,0.595896,0.1927268,157.7761,0.06028963,-0.7921963,0.607281,-0.10036,0.635629,-0.06041735,0.6463332,0.534457,0.2385024,-0.7514824,0.3045435,144.5386,0.5611106,0.2503966,-0.7889591,0.1018734,1.082977,0.2859488,1.124715,0.06553786,1.099877,0.2867023,1.138518,0.08138244,1.113465,0.2964527,1.155124,-0.01529644,0.6395069,0.03342547,0.6405625,-0.0055894,0.6465003,0.07651612,0.6510366,-0.0264002,0.6409972,0.1086554,0.6506769,0.1012874,-0.08208324,0.0296524,0.1337014,0.1372757,-0.06629644,0.02177255,0.1539931,0.1281993,-0.07636103,0.003142715,0.1492513,-0.1104889,0.05481346,-0.02906905,0.1267175,-0.1551411,0.05541167,-0.02666861,0.1668845,-0.179449,0.04337862,0.0009111017,0.1846198,0.1005472,-0.08306946,0.03065521,0.1339777,0.136196,-0.06835419,0.0214571,0.1538897,0.1280768,-0.07794216,0.002983084,0.1499585,-0.1100877,0.05509616,-0.02942641,0.1265733,-0.1555557,0.05499121,-0.02692723,0.1671726,-0.1798815,0.04262396,0.0009712866,0.1848651,0.1154659,-0.07836841,0.02199991,0.1412727,-0.2560161,0.8865108,-0.03732971,0.3836155,134.8844,-0.2772259,0.9599541,-0.0404223,-0.1432533,0.04984273,-0.01643423,0.1525643,0.1762655,-0.5214443,-0.1240535,0.8256132,68.69859,0.3123965,-0.9241591,-0.2198608,0.1009355,1.104774,0.2896849,1.146574,0.5438467,-0.5369234,0.2192443,0.6065279,105.3223,0.6840303,-0.6753225,0.2757574,0.106479,-0.07924929,0.008265505,0.1329908,-0.08372945,0.05826808,-0.7107013,0.6960589,91.7767,-0.1166173,0.08115503,-0.9898558,-0.4764417,-0.1967331,-0.3431245,0.6192213,0.1929164,0.2146838,0.9394897,0.1845361,158.7318,0.1962875,0.2184352,0.9559065,-0.0009354949,-0.004774332,0.01031512,0.01140487,0.1935429,-0.2163538,-0.1342713,0.9474722,37.30627,0.6051277,-0.6764477,-0.4198101,-0.121322,1.199589,-0.05142297,1.206805,-0.002682175,-0.09802581,-0.2068163,-0.973453,333.5369,-0.01171834,-0.4282717,-0.9035739,True,True,False,False
1772879691910,17.52865,0.1755574,1.120361,0.1806734,1.148334,0.05927958,-0.7771564,0.5968136,0.1905977,158.0247,0.06038658,-0.7916691,0.6079586,-0.1003454,0.6356079,-0.06040784,0.6463093,0.5343258,0.2382958,-0.7515096,0.304868,144.4996,0.561034,0.250207,-0.7890738,0.1017639,1.083068,0.2856791,1.124724,0.06543925,1.099676,0.2863659,1.138233,0.08135697,1.113279,0.2961015,1.154853,-0.01532372,0.6396295,0.0334657,0.6406876,-0.005578284,0.646622,0.07652417,0.6511583,-0.02641081,0.641089,0.1086655,0.6507694,0.1014031,-0.08191101,0.02950315,0.1336504,0.1373334,-0.0662616,0.02176517,0.1540285,0.1280985,-0.07634348,0.003156319,0.149156,-0.1105173,0.05475451,-0.02906847,0.1267166,-0.1551465,0.05540965,-0.02668007,0.1668907,-0.1794386,0.04339446,0.0009461269,0.1846136,0.1006188,-0.08297247,0.03055876,0.1339493,0.1362912,-0.06817899,0.02148289,0.1538999,0.1280787,-0.07780831,0.002997588,0.1498908,-0.1101236,0.05506756,-0.02939644,0.1265851,-0.1555215,0.05502624,-0.02690654,0.167149,-0.1798444,0.04268847,0.0009691801,0.1848439,0.1155758,-0.07822072,0.02195656,0.1412739,-0.2561596,0.8862881,-0.03677933,0.3840871,134.8259,-0.2774401,0.9599168,-0.03983479,-0.1432673,0.04985627,-0.01641267,0.1525797,0.1760893,-0.5214733,-0.1247107,0.8255334,68.71479,0.3120196,-0.9240193,-0.2209799,0.100824,1.10475,0.2894732,1.146487,0.5429008,-0.5394572,0.2224625,0.6039497,105.6934,0.6811612,-0.6768407,0.279117,0.1065739,-0.07918083,0.00820277,0.1330221,-0.08235492,0.05745223,-0.711022,0.6959632,91.79196,-0.1146881,0.0800084,-0.9901744,-0.4764667,-0.1965128,-0.3428679,0.6190285,0.1929761,0.21763,0.9391405,0.1827915,158.9352,0.1962831,0.2213596,0.9552345,-0.0008240342,-0.004749537,0.01052684,0.01157806,0.1946581,-0.2116527,-0.1338492,0.9483649,36.98514,0.6137115,-0.6672915,-0.4219952,-0.1213564,1.199647,-0.05155826,1.206871,-0.002615558,-0.09790544,-0.2069271,-0.9734418,333.5313,-0.01142491,-0.4276567,-0.9038697,True,True,False,False
1772879691925,17.54365,0.1757251,1.120318,0.1806721,1.148318,0.05935864,-0.7770225,0.5974721,0.1890496,158.2054,0.06044868,-0.7912915,0.6084438,-0.1003338,0.6355585,-0.06050115,0.6462677,0.5343258,0.2382958,-0.7515096,0.304868,144.4996,0.561034,0.250207,-0.7890738,0.1017046,1.083194,0.2854259,1.124776,0.0655579,1.099512,0.2858838,1.13796,0.08140663,1.113137,0.2956042,1.154592,-0.0153586,0.6396152,0.03340484,0.6406711,-0.005562339,0.6465946,0.07644193,0.6511213,-0.02646054,0.6409997,0.1086038,0.6506732,0.1014522,-0.08172084,0.02932111,0.1335312,0.1371084,-0.06608284,0.02176135,0.1537504,0.1278705,-0.07613098,0.003187254,0.1488521,-0.1105439,0.05469571,-0.02905166,0.1267106,-0.1551625,0.055397,-0.02669443,0.1669037,-0.1794455,0.04337764,0.001023725,0.1846168,0.10068,-0.08288059,0.03046791,0.1339177,0.1363512,-0.06802513,0.02150333,0.1538878,0.1280634,-0.07768518,0.00301151,0.1498142,-0.1101545,0.05504026,-0.02937113,0.1265942,-0.1554951,0.05505345,-0.02689097,0.1671309,-0.1798151,0.04273906,0.0009731838,0.1848271,0.1156629,-0.07808601,0.02191343,0.1412641,-0.25629,0.8861175,-0.03626191,0.384443,134.7817,-0.2776259,0.959886,-0.03928068,-0.1432824,0.04986418,-0.01639176,0.1525942,0.1759184,-0.521479,-0.1252423,0.8254858,68.72446,0.3116783,-0.9239154,-0.2218944,0.1008218,1.104919,0.2889231,1.146511,0.5466211,-0.5294998,0.2228544,0.6092383,104.9311,0.689319,-0.6677281,0.2810315,0.1066207,-0.07909362,0.008150958,0.1330046,-0.08266672,0.05613536,-0.7086114,0.6984878,91.3884,-0.1155173,0.07844274,-0.9902033,-0.4763295,-0.1966139,-0.3428411,0.6189401,0.1952026,0.2184807,0.9393125,0.1784778,159.4378,0.1983879,0.2220459,0.9546403,-0.0008217841,-0.004918933,0.01107693,0.01214782,0.1976386,-0.2197781,-0.1411784,0.9448309,38.24135,0.6033681,-0.6709574,-0.4310017,-0.1214219,1.199722,-0.05169836,1.206959,-0.002428126,-0.09778533,-0.2070378,-0.9734308,333.5258,-0.01060403,-0.4270449,-0.9041685,True,True,False,False
1772879691939,17.55809,0.1758329,1.120262,0.1806219,1.148272,0.05937403,-0.7769427,0.5980209,0.1876318,158.3708,0.06044762,-0.7909911,0.6088342,-0.1003207,0.6355544,-0.06070895,0.6462811,0.5343376,0.2385175,-0.751431,0.3048677,144.4996,0.5610464,0.2504398,-0.7889912,0.1016971,1.083881,0.2850673,1.125346,0.06524956,1.09941,0.2856487,1.137785,0.08191703,1.112852,0.2950705,1.154217,-0.01546749,0.6396278,0.03327141,0.6406792,-0.005526264,0.646526,0.07618223,0.6510224,-0.02647304,0.640842,0.1083904,0.6504827,0.1014542,-0.08135515,0.0285825,0.1331487,0.1373415,-0.06602799,0.02171928,0.1539289,0.1271575,-0.0761189,0.003233969,0.1482349,-0.1105914,0.05458486,-0.02896572,0.1266845,-0.1551096,0.05544141,-0.02669845,0.1668699,-0.1794109,0.04343381,0.001117133,0.1845969,0.1007467,-0.08274925,0.03030557,0.1338498,0.1364364,-0.06785317,0.02152192,0.15389,0.1279854,-0.07755032,0.003030664,0.149678,-0.1101921,0.05500105,-0.02933622,0.1266018,-0.1554619,0.05508686,-0.02687439,0.1671084,-0.1797803,0.04279888,0.0009855782,0.1848072,0.1157784,-0.07790692,0.02183302,0.1412474,-0.2556863,0.8861365,-0.03562904,0.3848598,134.7299,-0.2770241,0.9600873,-0.03860239,-0.1433059,0.04986965,-0.0163599,0.1526146,0.1756844,-0.5214765,-0.1259109,0.8254355,68.73467,0.3112232,-0.9237905,-0.2230499,0.1007659,1.104977,0.2887479,1.146518,0.5493107,-0.5279379,0.2262889,0.6069042,105.268,0.6911525,-0.6642609,0.2847208,0.1064399,-0.07873292,0.007930549,0.1326319,-0.07711627,0.06033307,-0.7157774,0.6914302,92.51315,-0.1067437,0.08351253,-0.9907731,-0.4759189,-0.1966982,-0.343242,0.6188732,0.1858361,0.2230861,0.939052,0.1840626,158.787,0.1890664,0.2269639,0.9553751,-0.000765942,-0.004976988,0.01125208,0.01232746,0.1982248,-0.2172269,-0.1456528,0.9446189,38.31545,0.6040313,-0.6619344,-0.4438336,-0.1215194,1.199823,-0.05189048,1.207077,-0.001816821,-0.09731191,-0.2070948,-0.9734675,333.5442,-0.007939771,-0.4252671,-0.9050341,True,True,False,False
1772879691952,17.57066,0.1760115,1.120137,0.1805706,1.148169,0.05930153,-0.7769272,0.5983708,0.1866006,158.4911,0.06036174,-0.7908173,0.6090686,-0.1003217,0.6356069,-0.06074066,0.6463359,0.5343376,0.2385175,-0.751431,0.3048677,144.4996,0.5610464,0.2504398,-0.7889912,0.10176,1.084086,0.2848684,1.125499,0.06528722,1.099202,0.2853014,1.137499,0.0818495,1.112689,0.2947867,1.153982,-0.01545334,0.6397396,0.03323799,0.6407889,-0.005503502,0.6465237,0.07611248,0.6510118,-0.02646601,0.6408843,0.1083509,0.6505175,0.1014729,-0.08122398,0.02822942,0.1330074,0.1372881,-0.06592609,0.02173431,0.1538397,0.1271881,-0.07602602,0.003237039,0.1482136,-0.1106055,0.05455415,-0.02901685,0.1266953,-0.1550682,0.05549797,-0.02668858,0.1668486,-0.1794035,0.04344694,0.001116365,0.1845928,0.1008071,-0.0826224,0.03013291,0.1337779,0.1365073,-0.06769291,0.02153959,0.1538847,0.1279191,-0.07742356,0.003047827,0.149556,-0.1102265,0.05496388,-0.02930966,0.1266095,-0.1554292,0.05512105,-0.02685894,0.1670867,-0.179749,0.04285277,0.0009964549,0.1847892,0.1158855,-0.07773712,0.0217468,0.1412283,-0.25515,0.8860411,-0.03514699,0.3854795,134.653,-0.2765205,0.960253,-0.03809078,-0.1433292,0.04987362,-0.0163326,0.1526348,0.1755441,-0.5214245,-0.126662,0.8253832,68.74527,0.3109326,-0.9235734,-0.2243501,0.1007605,1.104944,0.2886567,1.146462,0.5512581,-0.5264492,0.2282744,0.6056868,105.4434,0.6927937,-0.6616151,0.2868838,0.106531,-0.07864752,0.007729516,0.1326425,-0.07358125,0.05773468,-0.716395,0.6913976,92.5183,-0.1018462,0.07991242,-0.9915854,-0.4757707,-0.1967365,-0.3432549,0.6187786,0.1859104,0.2279753,0.9381521,0.1825798,158.9599,0.1890888,0.2318728,0.9541911,-0.0007604808,-0.00494349,0.01134336,0.01239711,0.1985632,-0.2161309,-0.148818,0.9443058,38.42459,0.6034084,-0.6567944,-0.4522392,-0.1216166,1.19991,-0.05208001,1.207181,-0.001275432,-0.0967688,-0.2073982,-0.9734579,333.5393,-0.005572826,-0.4228181,-0.906198,True,True,False,False
1772879691967,17.58479,0.1762726,1.120032,0.1806145,1.148114,0.05897831,-0.7770223,0.5986326,0.1854637,158.6237,0.06001958,-0.7907408,0.6092016,-0.1003335,0.6357086,-0.06078711,0.646442,0.5343376,0.2385175,-0.751431,0.3048677,144.4996,0.5610464,0.2504398,-0.7889912,0.1019131,1.084273,0.2847163,1.125654,0.06528398,1.099026,0.2850769,1.137273,0.08187111,1.112475,0.294629,1.153737,-0.01538919,0.6399257,0.0331968,0.6409709,-0.005504307,0.6465921,0.07604106,0.6510714,-0.02645583,0.6409812,0.108283,0.6506013,0.1014189,-0.08112288,0.02790213,0.1328354,0.1373264,-0.06588317,0.02174817,0.1538575,0.127177,-0.07604788,0.003284335,0.1482163,-0.1106461,0.05454902,-0.02912287,0.1267529,-0.1550404,0.05552985,-0.02668095,0.1668322,-0.1793875,0.04346659,0.001098394,0.1845817,0.1008519,-0.08251262,0.02996959,0.1337072,0.1365672,-0.06756041,0.02155486,0.1538819,0.1278647,-0.07732284,0.003065142,0.1494577,-0.1102572,0.05493351,-0.02929599,0.1266199,-0.1554007,0.05515098,-0.02684591,0.167068,-0.1797225,0.04289771,0.001003918,0.1847739,0.1159751,-0.07759317,0.02166726,0.1412105,-0.2546648,0.8858687,-0.03489937,0.3862184,134.5612,-0.2760872,0.9603878,-0.0378351,-0.1433499,0.04987709,-0.01631399,0.1526534,0.1754675,-0.5213262,-0.1273656,0.8253534,68.75134,0.3107729,-0.9233279,-0.2255789,0.1009813,1.104805,0.288349,1.146271,0.5510209,-0.5266263,0.2290228,0.6054662,105.4752,0.6923495,-0.661698,0.2877637,0.1065934,-0.07862913,0.007625912,0.1326758,-0.0712594,0.05645711,-0.7175381,0.6905605,92.65101,-0.09852331,0.07805765,-0.9920688,-0.4757022,-0.1966359,-0.3431807,0.6186528,0.1855623,0.2312437,0.9375117,0.1821125,159.0143,0.1887182,0.2351764,0.9534557,-0.0009813309,-0.00480485,0.01165104,0.01264106,0.1990813,-0.2154792,-0.1488653,0.9443383,38.41332,0.6051537,-0.6549988,-0.4525107,-0.1216935,1.200016,-0.05224973,1.207302,-0.0009876718,-0.09631088,-0.2072307,-0.9735393,333.5801,-0.004322043,-0.4214556,-0.9068397,True,True,False,False
1772879691980,17.59897,0.1767964,1.119913,0.1805836,1.148074,0.05837648,-0.7772486,0.5987148,0.1844383,158.7432,0.05939546,-0.7908158,0.6091655,-0.1002825,0.6359493,-0.06092544,0.6466838,0.5344822,0.2387378,-0.7512957,0.3047754,144.5107,0.5611807,0.2506633,-0.7888245,0.1021699,1.084136,0.2844435,1.125476,0.06549768,1.098876,0.2846584,1.137035,0.0826334,1.112132,0.2939813,1.153296,-0.01534537,0.64017,0.03309856,0.6412087,-0.005489525,0.6468065,0.07599357,0.6512786,-0.02641263,0.6411443,0.1081452,0.6507373,0.1014233,-0.08105661,0.02791358,0.1328007,0.1373451,-0.06575267,0.02178143,0.153823,0.1265413,-0.07590617,0.003439113,0.1476017,-0.1106795,0.05452153,-0.02915645,0.126778,-0.1551104,0.0554906,-0.02668272,0.1668844,-0.1793806,0.04347524,0.001068935,0.1845769,0.1008985,-0.08239388,0.02980192,0.1336316,0.1366307,-0.06741299,0.02157333,0.1538761,0.1277568,-0.0772073,0.003095641,0.1493063,-0.1102916,0.05489991,-0.02928461,0.1266327,-0.1553771,0.05517868,-0.0268326,0.167053,-0.1796947,0.04294481,0.00100922,0.1847578,0.1160706,-0.07742904,0.02159092,0.1411872,-0.253934,0.8858928,-0.03427231,0.3866999,134.5014,-0.2753551,0.960624,-0.03716343,-0.1433688,0.04988034,-0.01629894,0.1526707,0.1753516,-0.5212268,-0.1280687,0.825332,68.75567,0.3105505,-0.9231008,-0.2268118,0.1009918,1.104786,0.288201,1.146216,0.5498977,-0.5291452,0.23203,0.6031417,105.8095,0.689411,-0.6633935,0.2908978,0.1066048,-0.0785268,0.007649361,0.1326257,-0.07100688,0.05693288,-0.7177987,0.6902767,92.69598,-0.09813739,0.07868596,-0.9920573,-0.4752768,-0.1962778,-0.3433841,0.6183249,0.1853024,0.2313378,0.9377065,0.1812526,159.1145,0.1884233,0.2352341,0.9534996,-0.0009917691,-0.004785657,0.01179901,0.01277117,0.2002373,-0.2110589,-0.1482006,0.9451963,38.11332,0.6132784,-0.6464224,-0.4539026,-0.1217751,1.200122,-0.05242386,1.207422,-0.0008355615,-0.09601261,-0.2073897,-0.973535,333.578,-0.003656118,-0.4201168,-0.9074629,True,True,False,False
1772879691995,17.61181,0.1772726,1.119784,0.1806366,1.148029,0.05747328,-0.7774535,0.5988681,0.183357,158.8693,0.05846446,-0.7908615,0.6091963,-0.1002403,0.6360147,-0.06094551,0.6467435,0.5346542,0.238987,-0.7512111,0.3044867,144.5454,0.5613069,0.2509006,-0.7886592,0.1023408,1.084153,0.2843008,1.125473,0.0657071,1.098781,0.2842556,1.136854,0.08273789,1.112047,0.2936135,1.153127,-0.01533361,0.6401489,0.03310481,0.6411877,-0.005452175,0.6467392,0.07598901,0.6512109,-0.02637329,0.6410512,0.1081286,0.6506412,0.1014485,-0.08103123,0.027798,0.1327802,0.1372662,-0.06563225,0.02180105,0.1537039,0.1265331,-0.07574829,0.003468722,0.1475143,-0.1106919,0.05449681,-0.02913952,0.1267742,-0.1551115,0.0554917,-0.02668273,0.1668858,-0.1793765,0.04348246,0.001065977,0.1845746,0.1009435,-0.08228244,0.02963803,0.1335604,0.1366826,-0.06726736,0.02159196,0.1538612,0.1276567,-0.07708798,0.003126152,0.1491596,-0.1103244,0.05486695,-0.02927274,0.1266441,-0.1553553,0.05520428,-0.02682034,0.1670393,-0.1796686,0.04298878,0.001013862,0.1847427,0.1161591,-0.0772707,0.02151756,0.141162,-0.2533318,0.8858491,-0.0335761,0.387256,134.4323,-0.2747716,0.9608197,-0.03641769,-0.1433868,0.04988265,-0.01628452,0.1526867,0.1752405,-0.5211411,-0.1287359,0.8253059,68.76096,0.3103327,-0.9228867,-0.2279779,0.1015008,1.104628,0.2877424,1.145993,0.5502854,-0.5266443,0.2315631,0.6051532,105.5203,0.6912186,-0.6615229,0.2908686,0.1067657,-0.07846729,0.007601947,0.1327171,-0.07033259,0.05591147,-0.7157662,0.6925359,92.33764,-0.09749682,0.07750589,-0.9922132,-0.4747999,-0.1965056,-0.3436491,0.6181781,0.1870119,0.2318843,0.9380649,0.1768914,159.6225,0.1900083,0.2355996,0.9530948,-0.001500823,-0.004627585,0.01225758,0.01318769,0.2011186,-0.2138293,-0.1493164,0.9442104,38.45783,0.6106656,-0.6492597,-0.4533764,-0.1218305,1.20024,-0.05264969,1.207556,-0.0005128584,-0.09550188,-0.207469,-0.9735686,333.5948,-0.002245492,-0.418144,-0.908379,True,True,False,False
1772879692007,17.62653,0.178129,1.119584,0.1806446,1.147968,0.05594237,-0.7777833,0.5991237,0.1815889,159.0753,0.05688816,-0.7909329,0.6092528,-0.1001444,0.6359623,-0.06100994,0.6466832,0.5349063,0.2393082,-0.7511426,0.3039604,144.6087,0.5614724,0.2511935,-0.7884481,0.102636,1.083849,0.2838815,1.125101,0.06597637,1.098661,0.2837317,1.136623,0.08338889,1.111824,0.2931856,1.152851,-0.01522207,0.6399772,0.03306575,0.6410115,-0.005353805,0.6464806,0.07595102,0.6509489,-0.02629024,0.6407592,0.1080818,0.6503424,0.101458,-0.08097816,0.02797944,0.1327932,0.1373521,-0.06558892,0.02180466,0.1537626,0.1262197,-0.07588075,0.003474683,0.1473139,-0.1107225,0.0544773,-0.02917064,0.1267997,-0.1551256,0.05548088,-0.02668558,0.1668958,-0.1793851,0.04346639,0.001073912,0.1845792,0.1009819,-0.08218502,0.02951416,0.1335021,0.1367326,-0.067142,0.02160784,0.1538531,0.1275494,-0.07699782,0.003152183,0.1490217,-0.1103541,0.05483785,-0.02926512,0.1266557,-0.1553382,0.05522494,-0.02681028,0.1670285,-0.1796475,0.04302445,0.001018347,0.1847305,0.1162397,-0.07713308,0.02146193,0.1411446,-0.2528075,0.8859637,-0.03306153,0.3873806,134.4168,-0.2742185,0.9609985,-0.03586161,-0.1434038,0.0498832,-0.01627308,0.1527017,0.1751522,-0.5210484,-0.129315,0.8252926,68.76366,0.3101656,-0.9226909,-0.2289956,0.1015607,1.104678,0.2875664,1.146003,0.549463,-0.5297225,0.2363894,0.6013357,106.0688,0.6876913,-0.6629847,0.2958578,0.1065736,-0.07842069,0.007602418,0.132535,-0.06934714,0.05831045,-0.7190533,0.6890235,92.89429,-0.09568565,0.08045715,-0.9921547,-0.4740046,-0.1966539,-0.3443593,0.61801,0.1837347,0.2323102,0.9383355,0.1783265,159.4554,0.1867277,0.2360944,0.9536206,-0.001560688,-0.004678369,0.01243365,0.01337604,0.2026891,-0.2071759,-0.1494972,0.9453286,38.06685,0.6215172,-0.6352755,-0.4584119,-0.1218939,1.200358,-0.05290334,1.207691,0.0001092517,-0.09504209,-0.2073938,-0.9736297,333.6255,0.0004788926,-0.4166062,-0.9090875,True,True,False,False
1772879692022,17.64057,0.1788799,1.119384,0.1807967,1.147914,0.05421613,-0.778024,0.5995515,0.1796586,159.3003,0.05511288,-0.7908927,0.6094682,-0.1001457,0.6359746,-0.0610386,0.6466982,0.5351394,0.2395769,-0.7510999,0.3034432,144.6709,0.5616201,0.251432,-0.7882671,0.1029695,1.084098,0.283646,1.125311,0.06635185,1.098562,0.2830701,1.136384,0.08317031,1.111844,0.2928025,1.152756,-0.01519452,0.6398765,0.03302606,0.6409084,-0.005340834,0.6462671,0.07591288,0.6507322,-0.02626011,0.6405006,0.1080306,0.6500779,0.1013776,-0.08090109,0.02762457,0.1326104,0.1371134,-0.06541695,0.02183009,0.1534797,0.1265738,-0.07569385,0.00346449,0.1475211,-0.1107233,0.05446683,-0.02921981,0.1268073,-0.1551048,0.05549863,-0.02668345,0.166882,-0.1793583,0.04351344,0.001075178,0.1845643,0.1010154,-0.08207636,0.02935424,0.1334253,0.1367649,-0.06699602,0.02162665,0.1538207,0.1274668,-0.07688747,0.003178613,0.1488945,-0.1103854,0.05480645,-0.02926128,0.1266685,-0.1553184,0.0552481,-0.02679955,0.1670161,-0.179623,0.04306583,0.001023157,0.1847164,0.1163146,-0.07698161,0.0213896,0.1411126,-0.2525497,0.885745,-0.03269487,0.3880791,134.3299,-0.2740262,0.9610677,-0.03547521,-0.1434206,0.04988511,-0.01626291,0.152717,0.1750374,-0.5209289,-0.1299573,0.8252916,68.76387,0.3099616,-0.9224766,-0.2301324,0.1016979,1.104674,0.2874095,1.145972,0.5473391,-0.5309521,0.2379669,0.6015659,106.0357,0.6851819,-0.6646679,0.2978968,0.1067354,-0.07839611,0.007476852,0.1326435,-0.06756566,0.05606914,-0.7168383,0.6916893,92.47204,-0.09355596,0.0776371,-0.9925824,-0.4734267,-0.1971647,-0.3448007,0.617976,0.1861735,0.2343961,0.938508,0.1720492,160.186,0.1889917,0.2379442,0.9527144,-0.001697905,-0.004674315,0.01259056,0.01353714,0.2046394,-0.2057723,-0.1478333,0.9454766,38.01482,0.628325,-0.6318035,-0.4539074,-0.1219618,1.200501,-0.05314134,1.20785,0.0007902105,-0.0943898,-0.2075106,-0.973668,333.6447,0.00346628,-0.4140435,-0.9102509,True,True,False,False
1772879692037,17.65441,0.1796513,1.119251,0.18108,1.147949,0.05263382,-0.7781436,0.6000236,0.1780275,159.4902,0.05348827,-0.790776,0.6097643,-0.1001331,0.6361064,-0.06109051,0.6468307,0.5353199,0.2397943,-0.7510593,0.3030534,144.7178,0.5617364,0.2516274,-0.7881218,0.1031078,1.084134,0.2836064,1.125349,0.06643713,1.098612,0.2828331,1.136379,0.08309402,1.11195,0.2926127,1.152805,-0.01516834,0.6399295,0.03298478,0.6409585,-0.005322334,0.6462369,0.07586624,0.6506966,-0.02623862,0.640444,0.1079758,0.6500121,0.1015237,-0.08083199,0.02762026,0.1326791,0.1373107,-0.06531353,0.02184113,0.1536135,0.1268862,-0.07552548,0.003455117,0.1477029,-0.110741,0.05444773,-0.02925148,0.1268218,-0.1551014,0.05550168,-0.02668305,0.1668798,-0.1793517,0.04352534,0.00107599,0.1845606,0.1010566,-0.08197545,0.02921361,0.1333636,0.1368091,-0.06685957,0.02164405,0.1538031,0.1274198,-0.076777,0.003201038,0.1487977,-0.1104142,0.05477735,-0.02926049,0.1266808,-0.1553008,0.05526866,-0.0267901,0.167005,-0.179601,0.0431031,0.001027441,0.1847037,0.1163922,-0.07684212,0.02132785,0.1410912,-0.2523203,0.8854967,-0.03230881,0.3888267,134.237,-0.273871,0.9611269,-0.0350683,-0.1434362,0.04988636,-0.01625498,0.1527312,0.1749335,-0.5208053,-0.1305533,0.8252975,68.76268,0.3097823,-0.9222719,-0.2311914,0.1026454,1.104568,0.287057,1.145866,0.5491163,-0.5289793,0.2443713,0.5991117,106.3874,0.6858249,-0.6606746,0.3052102,0.1068359,-0.07825913,0.007533032,0.1326467,-0.06763272,0.05768928,-0.7165515,0.6918465,92.44708,-0.09366835,0.07989711,-0.9923924,-0.4729723,-0.1973739,-0.3450867,0.6178544,0.1855562,0.2333136,0.9394064,0.1692616,160.5102,0.1882727,0.2367293,0.9531593,-0.002645396,-0.0045681,0.01294303,0.01397811,0.2078141,-0.2016359,-0.1529826,0.9448559,38.23255,0.6345735,-0.6157079,-0.4671419,-0.1220596,1.200658,-0.05332612,1.208024,0.001287773,-0.09363562,-0.2075652,-0.9737287,333.6753,0.005655284,-0.4112029,-0.9115271,True,True,False,False
1772879692050,17.66857,0.1813429,1.118706,0.181136,1.147692,0.05090461,-0.7781348,0.6007211,0.1762075,159.7021,0.05171378,-0.7905038,0.61027,-0.1002249,0.6363626,-0.06114848,0.6471024,0.5354507,0.2400407,-0.7510201,0.3027242,144.7574,0.5618119,0.2518583,-0.7879941,0.1042754,1.084125,0.2832726,1.125364,0.06762224,1.098257,0.2822465,1.13596,0.08384716,1.111701,0.2921719,1.152508,-0.01516387,0.640211,0.032937,0.641237,-0.005407501,0.6463706,0.07582648,0.6508255,-0.02631849,0.6405489,0.107914,0.6501085,0.1015562,-0.08067611,0.02729055,0.1325408,0.1372713,-0.06521278,0.0218571,0.1535378,0.127248,-0.0753627,0.003444672,0.1479306,-0.1107997,0.05442259,-0.0293918,0.1268947,-0.1551188,0.05548641,-0.02668488,0.1668911,-0.1793508,0.04351972,0.001070797,0.1845584,0.1010966,-0.08187152,0.02905981,0.1332964,0.1368461,-0.06672786,0.02166109,0.1537812,0.127406,-0.07666389,0.003220523,0.148728,-0.110445,0.05474898,-0.02927099,0.1266979,-0.1552863,0.05528608,-0.02678168,0.1669959,-0.179581,0.04313642,0.001030909,0.184692,0.1164644,-0.07670651,0.02125957,0.1410667,-0.2521664,0.8850545,-0.03210643,0.3899485,134.0974,-0.2738449,0.9611416,-0.03486658,-0.1434529,0.04988601,-0.01625302,0.1527465,0.1748479,-0.520622,-0.1311564,0.8253357,68.75493,0.3096614,-0.9220386,-0.2322823,0.1028352,1.104543,0.286871,1.145812,0.5480954,-0.5314854,0.2488991,0.5959564,106.8383,0.6825454,-0.6618609,0.3099551,0.1070541,-0.07808933,0.007341364,0.1327118,-0.06135434,0.05555346,-0.717198,0.6919367,92.43277,-0.08498324,0.07694831,-0.9934066,-0.4725529,-0.1967016,-0.3458646,0.617754,0.1840511,0.2393001,0.9389747,0.1648861,161.0188,0.1866052,0.2426209,0.952005,-0.002835199,-0.004543066,0.01312897,0.01417912,0.2096551,-0.195827,-0.1531,0.9456517,37.95316,0.6447325,-0.602208,-0.4708139,-0.122166,1.200807,-0.05351542,1.208191,0.001956814,-0.09290501,-0.2074176,-0.9738289,333.7257,0.008609617,-0.4087647,-0.912599,True,True,False,False
1772879692064,17.68152,0.1822165,1.118385,0.1811993,1.147528,0.04936668,-0.7779987,0.601509,0.1745503,159.895,0.05013636,-0.7901285,0.6108872,-0.100328,0.6364015,-0.0611358,0.6471554,0.5355018,0.2402706,-0.7509903,0.3025252,144.7813,0.5618283,0.2520829,-0.7879107,0.1046511,1.084198,0.2830429,1.125411,0.06797544,1.098149,0.2817203,1.135746,0.08354445,1.111733,0.2918977,1.152447,-0.01521801,0.6402315,0.03296535,0.6412603,-0.005491984,0.6463187,0.07583106,0.6507753,-0.0263777,0.6404529,0.1078914,0.6500125,0.1016171,-0.0806008,0.02710555,0.1325037,0.1372993,-0.06507938,0.02187571,0.1535089,0.1279325,-0.0752067,0.00343141,0.1484404,-0.1108401,0.05441738,-0.02943841,0.1269386,-0.1551164,0.0554887,-0.02668439,0.1668896,-0.1793236,0.04355659,0.001066737,0.1845407,0.1011391,-0.08176767,0.0289001,0.1332302,0.1368831,-0.06659314,0.02167863,0.1537583,0.127449,-0.0765448,0.003237758,0.1487039,-0.1104773,0.05472188,-0.02928467,0.1267175,-0.1552724,0.05530264,-0.02677373,0.1669872,-0.1795599,0.04317076,0.001033837,0.1846796,0.1165338,-0.07657644,0.02119007,0.1410429,-0.2522902,0.8843065,-0.03215957,0.3915579,133.8971,-0.2741827,0.9610422,-0.03495022,-0.1434693,0.0498867,-0.01625301,0.1527622,0.1747406,-0.5204262,-0.1317298,0.8253906,68.74378,0.3095153,-0.9218226,-0.233331,0.1037011,1.104159,0.286061,1.145317,0.5468616,-0.5287705,0.2511582,0.5985514,106.4676,0.6826516,-0.6600683,0.3135227,0.10729,-0.07807333,0.007273776,0.132889,-0.05980023,0.05348538,-0.7152076,0.694292,92.05835,-0.08309126,0.0743169,-0.993767,-0.4722052,-0.1966384,-0.3462605,0.6176898,0.1860142,0.2409217,0.9391584,0.1591767,161.6818,0.1884164,0.2440331,0.951287,-0.003701054,-0.004158974,0.01393902,0.0150097,0.2135455,-0.1974942,-0.1540622,0.9442772,38.43459,0.6487753,-0.6000094,-0.4680583,-0.1221899,1.200891,-0.0537722,1.208288,0.002601014,-0.09216726,-0.207369,-0.9739079,333.7656,0.01146106,-0.406124,-0.9137467,True,True,False,False
1772879692078,17.69562,0.183605,1.117714,0.1808551,1.147041,0.04788875,-0.7778624,0.6022789,0.1729074,160.0862,0.04862108,-0.7897577,0.6114892,-0.1004725,0.6363884,-0.0610465,0.6471565,0.5355018,0.2402706,-0.7509903,0.3025252,144.7813,0.5618283,0.2520829,-0.7879107,0.1054347,1.083681,0.2824194,1.124829,0.0686423,1.097701,0.2809865,1.13517,0.08424509,1.111315,0.2910613,1.151883,-0.01541716,0.6401935,0.03316213,0.6412371,-0.005637538,0.6463094,0.07592419,0.6507781,-0.02650375,0.6404162,0.1079596,0.6499928,0.101764,-0.08056353,0.02716177,0.1326052,0.1375951,-0.06505615,0.02187537,0.1537636,0.1281093,-0.07506633,0.003433332,0.1485219,-0.110924,0.05439206,-0.0293518,0.1269809,-0.1551205,0.05548518,-0.02668501,0.1668924,-0.1793033,0.04358704,0.001064181,0.1845281,0.1011861,-0.08167708,0.02876932,0.133182,0.1369367,-0.06647751,0.02169343,0.153758,0.1274987,-0.07643357,0.003252472,0.1486896,-0.1105109,0.05469707,-0.02928972,0.1267372,-0.155261,0.05531637,-0.02676706,0.1669801,-0.1795406,0.04320208,0.00103612,0.1846682,0.1166051,-0.07646251,0.02113565,0.1410318,-0.2522241,0.8837189,-0.03202393,0.3929356,133.7254,-0.274286,0.9610174,-0.03482505,-0.1434873,0.0498872,-0.01624949,0.1527789,0.1746134,-0.520289,-0.1321819,0.8254317,68.73544,0.309323,-0.9216779,-0.2341567,0.1038704,1.104084,0.2857345,1.145179,0.544575,-0.5316297,0.2545949,0.5966486,106.7395,0.6785959,-0.6624648,0.3172512,0.1073152,-0.07789734,0.007219204,0.1328031,-0.05720832,0.05682671,-0.7171287,0.6922604,92.38139,-0.07927456,0.07874576,-0.9937377,-0.4715239,-0.1956259,-0.3469518,0.6172357,0.1816697,0.2414027,0.9400403,0.1582568,161.7885,0.1839883,0.2444837,0.9520379,-0.003870435,-0.004083872,0.01426554,0.01533505,0.2156399,-0.1928789,-0.1524494,0.9450168,38.17626,0.6594043,-0.5898035,-0.4661744,-0.1221121,1.200906,-0.05410574,1.208311,0.003173579,-0.09157574,-0.2072871,-0.9739794,333.8018,0.01400295,-0.4040643,-0.9146234,True,True,False,False
1772879692091,17.70933,0.184346,1.117391,0.1808192,1.14684,0.04630322,-0.7775688,0.6032915,0.1711204,160.2941,0.04699641,-0.7892095,0.6123231,-0.100479,0.6363166,-0.06100362,0.6470829,0.5355018,0.2402706,-0.7509903,0.3025252,144.7813,0.5618283,0.2520829,-0.7879107,0.1056981,1.083594,0.2820984,1.12469,0.06911222,1.097577,0.2803051,1.134911,0.08416227,1.111317,0.2905539,1.151751,-0.01543737,0.6400938,0.03325523,0.641143,-0.00564633,0.6462445,0.07597452,0.6507196,-0.0265193,0.6403559,0.1080107,0.6499425,0.1017706,-0.08056406,0.02715477,0.1326092,0.1373598,-0.06497696,0.02188896,0.1535215,0.1284031,-0.07494181,0.003428206,0.1487124,-0.1109628,0.05440001,-0.02930812,0.1270082,-0.1551284,0.05547842,-0.02668599,0.1668976,-0.1793112,0.04357225,0.001064807,0.1845324,0.1012337,-0.08158652,0.02863795,0.1331343,0.1369711,-0.06635541,0.02170934,0.1537382,0.1275723,-0.07631218,0.003266771,0.1486907,-0.1105477,0.0546729,-0.02929122,0.1267592,-0.1552502,0.05532956,-0.02676046,0.1669734,-0.179522,0.0432322,0.001038454,0.1846571,0.1166663,-0.07634991,0.02108061,0.1410132,-0.2524419,0.8829489,-0.03196402,0.3945284,133.5269,-0.2747267,0.9608929,-0.03478571,-0.1435085,0.04988733,-0.0162438,0.1527982,0.1744887,-0.5201643,-0.132605,0.8254688,68.72789,0.3091318,-0.9215455,-0.2349288,0.103971,1.103994,0.2853246,1.144999,0.5441175,-0.5334712,0.2573773,0.5942236,107.0854,0.6765107,-0.6632739,0.3200016,0.1074093,-0.07792182,0.007214197,0.1328932,-0.05720147,0.05621375,-0.715215,0.694288,92.05901,-0.07947989,0.07810747,-0.9937718,-0.4712153,-0.1954848,-0.3471804,0.6170837,0.1833184,0.241118,0.9406327,0.1531888,162.3765,0.185508,0.2439979,0.9518675,-0.00397104,-0.003993511,0.01467544,0.01571896,0.2164145,-0.1888505,-0.1525632,0.9456347,37.95916,0.6654176,-0.5806654,-0.4690917,-0.1220052,1.200916,-0.05444188,1.208325,0.00372575,-0.09098029,-0.2074168,-0.9740056,333.815,0.01644752,-0.4016372,-0.9156521,True,True,False,False
1772879692105,17.723,0.1851261,1.117003,0.1806512,1.146561,0.04474362,-0.7773731,0.604139,0.1694259,160.4911,0.04539997,-0.7887765,0.6130012,-0.100438,0.6361572,-0.06097245,0.6469169,0.5355018,0.2402706,-0.7509903,0.3025252,144.7813,0.5618283,0.2520829,-0.7879107,0.1058534,1.083562,0.2816533,1.124562,0.06933804,1.097413,0.279593,1.134591,0.08369686,1.111302,0.290088,1.151585,-0.01542083,0.6399072,0.03332135,0.6409597,-0.005608093,0.6460938,0.07601525,0.6505744,-0.02645299,0.6402113,0.1080224,0.6497993,0.1019505,-0.0804916,0.02703822,0.1326796,0.1374413,-0.06488733,0.02190021,0.1535581,0.1291732,-0.07482967,0.003407031,0.1493212,-0.1109847,0.05440038,-0.02926251,0.1270169,-0.1551385,0.05547,-0.02668717,0.1669044,-0.1793018,0.04358062,0.001031935,0.184525,0.1012905,-0.08149968,0.02851108,0.1330971,0.1370084,-0.06623898,0.02172448,0.1537233,0.1276993,-0.07619461,0.003277895,0.1487396,-0.1105824,0.05465128,-0.02928894,0.1267796,-0.1552413,0.0553407,-0.02675465,0.1669679,-0.1795045,0.04325983,0.001037937,0.1846466,0.1167292,-0.07624914,0.02102711,0.1410027,-0.2529101,0.8819668,-0.03218652,0.3964026,133.293,-0.2754781,0.9606678,-0.03505864,-0.1435271,0.0498879,-0.01623853,0.1528153,0.1743674,-0.5200826,-0.1329564,0.8254893,68.72373,0.3089333,-0.9214498,-0.2355638,0.1045518,1.103395,0.2840678,1.144162,0.5389067,-0.5335431,0.2557465,0.5995874,106.3193,0.673373,-0.6666712,0.3195596,0.1076442,-0.07793265,0.007150745,0.1330861,-0.05661269,0.05434299,-0.7145002,0.6952205,91.91044,-0.07876037,0.07560272,-0.9940227,-0.4708245,-0.1954745,-0.3474041,0.6169081,0.185193,0.2422901,0.9405295,0.1496782,162.7834,0.187303,0.2450506,0.9512453,-0.00455182,-0.003395319,0.01593217,0.01691394,0.2199191,-0.192982,-0.1472149,0.9448394,38.23837,0.6714383,-0.5891961,-0.449464,-0.1219734,1.201001,-0.05469346,1.208417,0.004275534,-0.09048818,-0.2067138,-0.9741986,333.9128,0.01894411,-0.4009366,-0.9159109,True,True,False,False
1772879692120,17.73897,0.1859712,1.116339,0.1801108,1.145966,0.04265673,-0.7772219,0.6050037,0.1675621,160.7078,0.04326848,-0.7883683,0.6136802,-0.1002929,0.6359542,-0.06099978,0.6466973,0.5355018,0.2402706,-0.7509903,0.3025252,144.7813,0.5618283,0.2520829,-0.7879107,0.1059509,1.082711,0.2806282,1.123495,0.06987011,1.096989,0.2784729,1.133937,0.08424257,1.110903,0.2887835,1.150912,-0.01527792,0.6396778,0.03331447,0.6407269,-0.005454306,0.6458645,0.07595943,0.6503388,-0.02614712,0.6399953,0.1078804,0.6495504,0.1020168,-0.0804518,0.02752987,0.1328074,0.1372158,-0.06497407,0.0218899,0.1533916,0.1288189,-0.07471275,0.003420562,0.1489564,-0.1109984,0.05441655,-0.02923659,0.1270298,-0.1551084,0.05549568,-0.02668366,0.1668844,-0.1792295,0.04370835,0.0008992702,0.1844842,0.101348,-0.08141682,0.02843348,0.1330736,0.1370248,-0.06613895,0.02173756,0.1536967,0.1277878,-0.07607742,0.003289177,0.1487559,-0.1106153,0.05463272,-0.0292848,0.1267993,-0.1552308,0.05535295,-0.02674904,0.1669613,-0.1794827,0.0432953,0.001026971,0.1846337,0.1167771,-0.07615639,0.02099469,0.1409874,-0.253197,0.8813769,-0.03206184,0.3975401,133.151,-0.2759386,0.96054,-0.03494156,-0.143538,0.04989407,-0.01623865,0.1528276,0.1742079,-0.5200716,-0.1332655,0.8254802,68.72559,0.3086434,-0.9214084,-0.2361058,0.1044921,1.103323,0.2836425,1.143982,0.5381522,-0.5353146,0.2606822,0.5965529,106.7532,0.6705331,-0.6669974,0.3248078,0.107228,-0.07779399,0.007345218,0.1326789,-0.05929984,0.06147969,-0.7159901,0.6928651,92.28533,-0.08223899,0.08526208,-0.9929588,-0.4696851,-0.1948419,-0.3478029,0.6160636,0.1811901,0.236193,0.9428509,0.1497179,162.7788,0.1832556,0.2388855,0.953599,-0.004492141,-0.003323436,0.01635751,0.01728562,0.222131,-0.1873734,-0.1480497,0.9453203,38.06977,0.681083,-0.5745118,-0.4539399,-0.1219443,1.201125,-0.05490594,1.208547,0.005056183,-0.08995584,-0.2067663,-0.9742331,333.9303,0.02241777,-0.3988403,-0.9167469,True,True,False,False
1772879692133,17.75177,0.1864796,1.115866,0.1800781,1.145583,0.04029136,-0.7771295,0.6057829,0.1657507,160.9183,0.0408565,-0.7880299,0.6142799,-0.1002455,0.6359506,-0.06102738,0.646689,0.5355018,0.2402706,-0.7509903,0.3025252,144.7813,0.5618283,0.2520829,-0.7879107,0.1058853,1.08235,0.2801379,1.123018,0.0698406,1.096844,0.2777832,1.133626,0.08381997,1.11083,0.2882319,1.150673,-0.01523669,0.6396543,0.03331318,0.6407024,-0.005402852,0.6458347,0.07589325,0.6503011,-0.02603861,0.6399571,0.1077916,0.6494938,0.1019343,-0.08045061,0.02770963,0.1327807,0.1371629,-0.06496012,0.02189226,0.1533387,0.1291317,-0.07466555,0.003412053,0.1492032,-0.111018,0.05442515,-0.02921078,0.1270447,-0.1550676,0.05551834,-0.02668049,0.1668535,-0.1791794,0.04377835,0.000863567,0.184452,0.1014014,-0.08132868,0.02836745,0.1330463,0.1370374,-0.06603141,0.02175167,0.1536637,0.1279104,-0.07594862,0.003300387,0.1487957,-0.110652,0.05461378,-0.02927805,0.1268217,-0.1552159,0.05536804,-0.02674278,0.1669514,-0.1794551,0.04333937,0.001012065,0.184617,0.1168151,-0.0760631,0.02096941,0.1409648,-0.2536699,0.880631,-0.03207141,0.3988883,132.9826,-0.2766304,0.9603397,-0.0349743,-0.1435484,0.04990385,-0.01623886,0.1528406,0.1740023,-0.5200853,-0.1335831,0.8254636,68.72898,0.3082657,-0.9213927,-0.2366583,0.1045693,1.10299,0.2822872,1.143332,0.5382704,-0.536017,0.2633083,0.5946591,107.0233,0.669509,-0.6667061,0.3275068,0.1072188,-0.0778245,0.007232794,0.1326832,-0.05653739,0.05936995,-0.7148187,0.6944875,92.02721,-0.0785782,0.08251502,-0.9934871,-0.4692679,-0.1948555,-0.3478093,0.6157535,0.1827313,0.2384626,0.9428325,0.1442636,163.4107,0.1846629,0.2409834,0.9527993,-0.004569255,-0.002990365,0.01771277,0.01853544,0.2229994,-0.1843431,-0.1490487,0.9455546,37.98731,0.6851749,-0.5664018,-0.4579582,-0.1219579,1.201332,-0.05507595,1.208762,0.005779019,-0.08926908,-0.2067075,-0.9743047,333.9667,0.02565786,-0.3963395,-0.9177461,True,True,False,False
1772879692147,17.76588,0.1872659,1.11505,0.1791589,1.144772,0.03789993,-0.7771505,0.6063521,0.1641276,161.1069,0.03842095,-0.7878343,0.6146878,-0.1001636,0.6360559,-0.06114733,0.6467912,0.5355018,0.2402706,-0.7509903,0.3025252,144.7813,0.5618283,0.2520829,-0.7879107,0.1060328,1.081572,0.2787983,1.121949,0.06998163,1.096379,0.2762039,1.132799,0.08369526,1.110421,0.2867303,1.149893,-0.01516517,0.6397482,0.03321785,0.6407895,-0.005315472,0.6459159,0.07574137,0.6503633,-0.0259272,0.6400024,0.1076306,0.6495072,0.1019299,-0.08047683,0.0279536,0.1328443,0.137229,-0.06488815,0.021901,0.1533686,0.1294305,-0.07453898,0.003405303,0.1493985,-0.1110366,0.05442487,-0.02918844,0.1270557,-0.1550338,0.05554034,-0.0266775,0.166829,-0.1791358,0.043843,0.00087253,0.1844251,0.1014408,-0.08126529,0.02833665,0.133031,0.1370517,-0.06594634,0.02176278,0.1536415,0.1280235,-0.07584373,0.003308194,0.1488396,-0.1106806,0.05459973,-0.02927138,0.126839,-0.1552024,0.05538086,-0.02673792,0.1669423,-0.1794313,0.04337684,0.001001682,0.1846027,0.1168393,-0.07599598,0.02096117,0.1409474,-0.254132,0.8800285,-0.03203755,0.3999254,132.853,-0.2772709,0.9601557,-0.03495459,-0.1435562,0.04991314,-0.01623753,0.1528508,0.1738084,-0.5201021,-0.1338053,0.8254578,68.73013,0.3079177,-0.9214091,-0.2370484,0.1043913,1.102928,0.2817129,1.143114,0.5364172,-0.5397228,0.2662093,0.5916828,107.447,0.6653889,-0.6694893,0.3302144,0.1073622,-0.0777366,0.007071546,0.1327389,-0.05457741,0.05776247,-0.7153588,0.6942238,92.06921,-0.07582731,0.08025249,-0.9938862,-0.4680072,-0.1945059,-0.3478901,0.6147282,0.1836777,0.2402001,0.9426093,0.1416131,163.7176,0.1855476,0.2426455,0.9522055,-0.004391268,-0.00292778,0.01828706,0.01903344,0.2238538,-0.1789284,-0.1472741,0.9466703,37.59256,0.6947574,-0.5553262,-0.457083,-0.1219548,1.20156,-0.05522019,1.208995,0.006471261,-0.08871108,-0.2063989,-0.9744167,334.0238,0.02879331,-0.3947122,-0.9183537,True,True,False,False
1772879692161,17.77867,0.1877856,1.114591,0.1790156,1.144388,0.03480665,-0.7772285,0.6069307,0.1622947,161.3198,0.03527431,-0.7876712,0.6150853,-0.100149,0.6360942,-0.06118936,0.6468305,0.5355018,0.2402706,-0.7509903,0.3025252,144.7813,0.5618283,0.2520829,-0.7879107,0.1057221,1.081527,0.2781872,1.121725,0.06986659,1.096354,0.275315,1.132551,0.08296016,1.110491,0.2860647,1.149742,-0.01514441,0.6397924,0.03317405,0.6408309,-0.005301539,0.6459468,0.07568096,0.6503868,-0.02592155,0.6400422,0.1075945,0.6495403,0.1020259,-0.08046058,0.02791891,0.1329009,0.1371785,-0.06491213,0.0218987,0.1533332,0.1299926,-0.07453278,0.003387704,0.1498823,-0.1110376,0.05442513,-0.02919713,0.1270587,-0.1550148,0.05554572,-0.0266777,0.1668131,-0.1791396,0.04383527,0.000879176,0.1844269,0.1014884,-0.08119972,0.02830262,0.1330201,0.137062,-0.06586207,0.02177386,0.1536161,0.128184,-0.07573692,0.003314672,0.1489235,-0.1107097,0.0545855,-0.02926533,0.1268569,-0.1551871,0.0553943,-0.02673302,0.1669318,-0.1794076,0.04341419,0.0009917007,0.1845883,0.116864,-0.07593425,0.02095029,0.1409331,-0.2548433,0.8791987,-0.03228379,0.4012759,132.6841,-0.2782262,0.9598687,-0.03524596,-0.1435655,0.0499221,-0.01623564,0.1528623,0.1736248,-0.5201089,-0.1340481,0.8254527,68.73116,0.3075884,-0.9214091,-0.2374756,0.1043549,1.102868,0.2813084,1.142954,0.5351806,-0.5414989,0.269873,0.5895161,107.7547,0.6625519,-0.6703739,0.3341018,0.1073799,-0.07783069,0.007023972,0.1328059,-0.05420573,0.05597637,-0.7140388,0.6957564,91.82496,-0.07546624,0.07793137,-0.9940984,-0.4674349,-0.1945526,-0.3478597,0.6142902,0.1867969,0.2399559,0.9427909,0.1366512,164.2918,0.1885658,0.2422282,0.9517187,-0.004354917,-0.002868176,0.01869166,0.01940541,0.225734,-0.1745589,-0.1471341,0.9470613,37.45325,0.7031047,-0.543707,-0.4582855,-0.1218856,1.201725,-0.0553919,1.20916,0.006887401,-0.08826284,-0.2061415,-0.9745091,334.0709,0.03069962,-0.3934191,-0.9188466,True,True,False,False
1772879692176,17.79312,0.1883439,1.114072,0.1789612,1.143965,0.03210312,-0.7771596,0.6075734,0.1607698,161.4968,0.03252622,-0.7874022,0.6155809,-0.1001816,0.6361454,-0.06119141,0.6468861,0.5355018,0.2402706,-0.7509903,0.3025252,144.7813,0.5618283,0.2520829,-0.7879107,0.1057822,1.081212,0.2776949,1.121305,0.06992677,1.096253,0.2745955,1.132282,0.08266088,1.110428,0.2855611,1.149534,-0.01519843,0.6398807,0.03318529,0.6409209,-0.005328533,0.6459779,0.07565255,0.6504145,-0.02591584,0.6400536,0.1075496,0.6495438,0.1018677,-0.08050428,0.02804546,0.1328326,0.1370882,-0.0649102,0.02189805,0.1532515,0.1302685,-0.07459508,0.003376931,0.1501523,-0.1110523,0.05438337,-0.02920424,0.1270553,-0.1549871,0.05556479,-0.02667577,0.1667934,-0.1791004,0.04389206,0.0008679405,0.1844023,0.1015166,-0.08114801,0.02828349,0.1330059,0.137064,-0.06579129,0.02178309,0.1535888,0.128339,-0.075652,0.003319302,0.1490139,-0.1107352,0.05457047,-0.02926079,0.1268716,-0.1551722,0.05540698,-0.02672876,0.1669215,-0.1793847,0.04344973,0.000982497,0.1845744,0.116872,-0.0758898,0.02094628,0.1409151,-0.2556548,0.8783625,-0.03272973,0.4025528,132.5243,-0.2792831,0.959543,-0.0357547,-0.1435727,0.04992997,-0.01623457,0.1528715,0.1734469,-0.5201122,-0.1342984,0.8254474,68.73224,0.3072689,-0.9214022,-0.2379157,0.1053946,1.102107,0.2806084,1.142142,0.5397881,-0.5330008,0.2774368,0.589549,107.75,0.6682755,-0.6598727,0.3434759,0.1074122,-0.07790645,0.006912871,0.1328706,-0.05215039,0.05459372,-0.7133238,0.6967561,91.66536,-0.07270291,0.07610916,-0.9944454,-0.4670299,-0.1944627,-0.3479065,0.6139801,0.1880366,0.2409725,0.942926,0.1321554,164.8117,0.1897005,0.2431048,0.9512697,-0.005394585,-0.002107024,0.01939163,0.02023799,0.2308914,-0.1745997,-0.1578652,0.9440778,38.50393,0.7002587,-0.5295346,-0.4787812,-0.1217233,1.201843,-0.05559162,1.20927,0.007170247,-0.08808183,-0.2058125,-0.9745929,334.1138,0.03201242,-0.3932518,-0.9188743,True,True,False,False
1772879692189,17.80731,0.1895579,1.1123,0.1787921,1.142414,0.02883171,-0.7771546,0.6081541,0.1592108,161.6778,0.02920423,-0.7871955,0.6160116,-0.1002652,0.6363033,-0.06113461,0.647049,0.5353246,0.2399473,-0.75115,0.3026991,144.7604,0.5616749,0.2517582,-0.7881237,0.1067243,1.080106,0.277031,1.120164,0.07079482,1.09493,0.2740354,1.13092,0.08302294,1.109216,0.2847736,1.148194,-0.01526667,0.6403105,0.03323742,0.6413543,-0.005394701,0.6462576,0.075699,0.6506983,-0.02594708,0.6403423,0.1075688,0.6498327,0.1014605,-0.08053282,0.02772878,0.1324714,0.1368688,-0.06532697,0.02183957,0.1532242,0.130441,-0.07459985,0.003356606,0.1503039,-0.1111031,0.05424321,-0.02933705,0.1270704,-0.155001,0.05555101,-0.02667782,0.1668021,-0.1790839,0.04391549,0.0008485988,0.1843918,0.101512,-0.08109681,0.02823733,0.1329613,0.1370477,-0.06575265,0.02178779,0.1535584,0.1285139,-0.07556444,0.003322406,0.1491203,-0.1107658,0.05454323,-0.02926714,0.1268881,-0.155158,0.05541896,-0.02672452,0.1669115,-0.1793597,0.0434885,0.0009713536,0.1845592,0.116845,-0.07586076,0.02093125,0.1408749,-0.2560174,0.8773495,-0.03317485,0.4044903,132.2816,-0.2799405,0.9593318,-0.03627481,-0.1435809,0.04993313,-0.01623972,0.1528808,0.1732569,-0.5200493,-0.134738,0.8254554,68.73063,0.3069388,-0.9213097,-0.2386993,0.1057326,1.101962,0.2805065,1.142009,0.5390059,-0.5344107,0.2852857,0.5852264,108.362,0.6647255,-0.6590585,0.3518267,0.1070059,-0.07787438,0.006263185,0.1324911,-0.03959297,0.05303585,-0.7184972,0.6923739,92.36337,-0.05487294,0.07350379,-0.9957843,-0.466735,-0.1928855,-0.3478666,0.6132354,0.1815866,0.2511809,0.9416687,0.1311291,164.9303,0.1831682,0.2533687,0.9498704,-0.005732559,-0.001962423,0.01949349,0.02041346,0.2347043,-0.1666577,-0.1601598,0.9441865,38.46614,0.7124954,-0.5059254,-0.4861996,-0.12155,1.201983,-0.05579046,1.2094,0.007584919,-0.08775477,-0.2057874,-0.9746246,334.13,0.03388461,-0.3920327,-0.9193276,True,True,False,False
1772879692203,17.82106,0.190571,1.111312,0.1791632,1.141679,0.02568296,-0.7771026,0.6087823,0.1575949,161.8654,0.02600796,-0.7869363,0.616486,-0.1003273,0.6363871,-0.06113425,0.647141,0.5350923,0.2394895,-0.7513554,0.3029625,144.7288,0.5614805,0.2513,-0.7884086,0.1073472,1.080279,0.2769893,1.120379,0.07143028,1.094407,0.2735883,1.130345,0.08299336,1.108834,0.2844462,1.147741,-0.01535138,0.6405548,0.03324921,0.6416008,-0.005406093,0.6464241,0.07560225,0.6508525,-0.02597542,0.6406191,0.107547,0.650103,0.1012843,-0.08046657,0.02694037,0.1321331,0.1365775,-0.06531338,0.02184346,0.1529588,0.1307954,-0.07446514,0.003335677,0.1505444,-0.1111336,0.05417561,-0.02934005,0.1270689,-0.1549274,0.05562358,-0.02666762,0.1667562,-0.1790801,0.04392157,0.0008455887,0.1843895,0.1014933,-0.08104521,0.02813115,0.1328931,0.1370092,-0.06571668,0.02179235,0.1535093,0.1287007,-0.07547444,0.003323493,0.1492357,-0.1107959,0.05451314,-0.02927311,0.1269028,-0.1551391,0.05543571,-0.02671986,0.1668988,-0.1793368,0.04352395,0.0009610578,0.1845452,0.1168075,-0.07583167,0.02088509,0.1408212,-0.2563952,0.8759878,-0.03377991,0.4071436,131.949,-0.2807152,0.9590784,-0.03698406,-0.1435939,0.04993319,-0.01624232,0.1528933,0.1731787,-0.5199527,-0.1353538,0.8254318,68.73541,0.3067816,-0.9210825,-0.2397757,0.106228,1.101901,0.2807105,1.142046,0.5392602,-0.5315606,0.2965494,0.5819798,108.8202,0.6631308,-0.6536625,0.3646682,0.1070833,-0.07780933,0.005858008,0.1324969,-0.03372926,0.04975026,-0.7164536,0.6950408,91.93906,-0.04691329,0.06919654,-0.9964995,-0.4671534,-0.1922598,-0.3474816,0.6131391,0.1833578,0.2555772,0.9411892,0.1233829,165.8252,0.1847696,0.2575451,0.948436,-0.00622797,-0.001900911,0.01928955,0.02035898,0.2418487,-0.1595517,-0.1665795,0.9424989,39.04897,0.7236436,-0.4773998,-0.498428,-0.1213966,1.202174,-0.05600976,1.209585,0.007947919,-0.08744352,-0.2056624,-0.9746761,334.1563,0.03554184,-0.3910336,-0.9196897,True,True,False,False
1772879692217,17.83503,0.1919107,1.110019,0.180136,1.140798,0.02131419,-0.7769953,0.6096306,0.1554816,162.1105,0.02157659,-0.7865608,0.6171357,-0.100382,0.6365128,-0.06118668,0.6472781,0.5346939,0.2387419,-0.7516828,0.303443,144.671,0.5611525,0.2505557,-0.7888787,0.1083495,1.08073,0.2773393,1.120996,0.07228609,1.09376,0.2736545,1.129789,0.08274554,1.108438,0.2844902,1.147352,-0.01546288,0.6408451,0.03321705,0.6418917,-0.005404767,0.6467649,0.07544772,0.6511731,-0.02598188,0.6410787,0.1074602,0.6505418,0.1008749,-0.0803256,0.02570733,0.131487,0.1362144,-0.06549497,0.02182066,0.1527092,0.1314663,-0.07426326,0.003305122,0.1510276,-0.1111583,0.05412954,-0.02925578,0.1270515,-0.1548676,0.0556775,-0.02666,0.1667175,-0.1790747,0.04392613,0.0008440092,0.1843854,0.1014441,-0.08098798,0.02793837,0.13278,0.136946,-0.06569905,0.0217946,0.1534457,0.1289207,-0.07537811,0.003322032,0.1493768,-0.1108247,0.05448263,-0.02927173,0.1269146,-0.1551175,0.05545494,-0.0267151,0.1668843,-0.1793159,0.04355594,0.0009517481,0.1845325,0.1167448,-0.07580689,0.02079614,0.1407427,-0.2564744,0.8741097,-0.03460909,0.4110418,131.4594,-0.2813403,0.9588568,-0.03796453,-0.1436101,0.04993144,-0.01623979,0.1529076,0.1731667,-0.5198767,-0.1360217,0.8253724,68.74747,0.306713,-0.9208061,-0.2409217,0.1082006,1.101282,0.2826718,1.142118,0.535391,-0.5203372,0.3120794,0.5875475,108.0337,0.6616384,-0.6430349,0.385669,0.1071063,-0.07760905,0.005265222,0.1323732,-0.0221975,0.04711885,-0.7163575,0.6957867,91.82012,-0.03090505,0.06560244,-0.9973673,-0.4682772,-0.1913981,-0.3467717,0.6133249,0.1812199,0.2636745,0.9404162,0.1151199,166.7789,0.1824328,0.2654392,0.9467103,-0.008200645,-0.001281977,0.01732823,0.01921358,0.2594895,-0.1595417,-0.1745792,0.9363407,41.10833,0.7390911,-0.4544146,-0.4972454,-0.121198,1.202535,-0.05616943,1.209931,0.00859566,-0.08739895,-0.2054287,-0.9747238,334.1808,0.03847432,-0.3911992,-0.9195026,True,True,False,False
1772879692230,17.85025,0.1953615,1.106893,0.1831437,1.138824,0.01642239,-0.7768397,0.6105559,0.1532056,162.3745,0.01661859,-0.7861204,0.61785,-0.1003246,0.6367893,-0.06135904,0.6475573,0.5341743,0.2378002,-0.7520903,0.3040871,144.5935,0.560728,0.2496212,-0.7894766,0.1104352,1.079569,0.2797633,1.120684,0.07416994,1.09155,0.2760981,1.128367,0.0841607,1.106386,0.286871,1.146066,-0.01554021,0.6412437,0.03312535,0.6422867,-0.005293791,0.6473614,0.07517003,0.6517326,-0.02582713,0.6417323,0.1071972,0.6511364,0.1014152,-0.0800507,0.02452144,0.1315084,0.1369483,-0.06584042,0.02176121,0.1535036,0.1326093,-0.07436249,0.003199801,0.1520699,-0.1112076,0.05409212,-0.02902475,0.1270257,-0.154819,0.05570754,-0.02665628,0.1666817,-0.179022,0.04399919,0.0008423403,0.1843516,0.1014418,-0.08091237,0.02766274,0.1326743,0.1369462,-0.06571046,0.02179191,0.1534504,0.1292182,-0.07529618,0.003312172,0.1495922,-0.1108556,0.05445113,-0.0292518,0.1269234,-0.1550934,0.05547532,-0.02671036,0.166868,-0.1792922,0.04359169,0.0009429225,0.1845178,0.1167441,-0.07578097,0.02066095,0.1407082,-0.2559055,0.8719943,-0.03582412,0.4157583,130.8658,-0.2813772,0.9587885,-0.03938989,-0.143628,0.04993096,-0.01622778,0.152923,0.1730973,-0.5199034,-0.136598,0.825275,68.76723,0.3065127,-0.9206212,-0.2418815,0.1086224,1.101299,0.282998,1.142255,0.5305172,-0.5211785,0.3217457,0.5860071,108.2517,0.6547123,-0.6431873,0.3970669,0.1078024,-0.07680696,0.00369828,0.1324173,-0.002883328,0.05495063,-0.718286,0.6935685,92.17348,-0.00400245,0.07627893,-0.9970785,-0.4715948,-0.1889931,-0.3456493,0.6144863,0.1660807,0.2714204,0.942055,0.1062095,167.8063,0.1670255,0.2729644,0.9474139,-0.008622378,-0.001298904,0.01700202,0.01910762,0.2677483,-0.1524134,-0.1743807,0.9352393,41.46635,0.7563158,-0.4305264,-0.4925779,-0.1209559,1.202693,-0.05632795,1.210072,0.009367818,-0.08729064,-0.2050423,-0.9748078,334.2239,0.0419994,-0.3913563,-0.9192806,True,True,False,False
1772879692245,17.86267,0.1963416,1.105877,0.1845924,1.138239,0.01094542,-0.7767394,0.6114887,0.1504586,162.693,0.01107145,-0.7856833,0.6185299,-0.1002849,0.6367897,-0.06141425,0.6475569,0.533666,0.2366732,-0.7524454,0.3049794,144.4861,0.5603623,0.2485126,-0.7900859,0.1108972,1.080265,0.2803099,1.121536,0.07494309,1.091234,0.2763108,1.128165,0.08392335,1.106323,0.2869962,1.146019,-0.01551895,0.6415567,0.0330641,0.6425956,-0.005268772,0.6477687,0.07505846,0.652124,-0.02578393,0.6422719,0.1071229,0.6516543,0.1009318,-0.0798872,0.02343916,0.130838,0.1360931,-0.066111,0.02173308,0.1528539,0.1326821,-0.07422997,0.003160097,0.1520678,-0.1112139,0.05407465,-0.02900969,0.1270203,-0.154789,0.05572066,-0.02662669,0.1666536,-0.1790214,0.04399825,0.0008431002,0.1843508,0.1013973,-0.08082287,0.02729402,0.1325093,0.1368717,-0.06574542,0.02178677,0.1533982,0.1295206,-0.0752031,0.003298895,0.1498065,-0.1108869,0.05441826,-0.02923067,0.1269318,-0.1550668,0.05549674,-0.02670305,0.1668492,-0.1792686,0.04362718,0.000934208,0.1845032,0.1166939,-0.07575603,0.02047299,0.1406257,-0.2550119,0.8693767,-0.03723948,0.4216235,130.1257,-0.2812307,0.958761,-0.04106823,-0.1436471,0.04992957,-0.01621429,0.152939,0.1730634,-0.5199231,-0.1372416,0.8251629,68.78997,0.3063639,-0.9203892,-0.2429507,0.1097406,1.101022,0.2845066,1.142469,0.5307689,-0.5085949,0.3239453,0.5955461,106.8969,0.6607183,-0.6331152,0.4032575,0.1072802,-0.0766756,0.003333981,0.1319064,0.004624569,0.05587538,-0.7162964,0.6955402,91.85944,0.006436537,0.07776809,-0.9969509,-0.4732246,-0.187966,-0.3446132,0.6148423,0.1650745,0.273249,0.9427586,0.09639403,168.9369,0.1658468,0.2745274,0.9471692,-0.009740606,-0.001021862,0.01549342,0.01832948,0.2759705,-0.1633412,-0.180534,0.9298213,43.18608,0.7498962,-0.443848,-0.4905662,-0.1206142,1.202922,-0.05655523,1.210276,0.009782621,-0.08710883,-0.2047657,-0.9748781,334.2601,0.04391967,-0.3910803,-0.9193081,True,True,False,False
1772879692258,17.87657,0.1985816,1.104076,0.1873781,1.137334,0.005225796,-0.7766545,0.6123288,0.1477624,163.0054,0.005283797,-0.7852747,0.6191251,-0.09975582,0.6358126,-0.06141965,0.6465147,0.5333427,0.2349791,-0.7526914,0.3062455,144.3338,0.5602617,0.246839,-0.7906815,0.1119414,1.079812,0.2821682,1.12167,0.07551125,1.090471,0.2780212,1.127885,0.08400089,1.105775,0.288884,1.145971,-0.01514419,0.6409771,0.03315827,0.6420128,-0.004877884,0.6471626,0.07500552,0.6515129,-0.02540358,0.6420104,0.1071493,0.651386,0.1010214,-0.07969733,0.02287787,0.130692,0.1367225,-0.06620618,0.02170838,0.1534522,0.1338121,-0.07429969,0.002991401,0.1530852,-0.111238,0.05402989,-0.02894232,0.127007,-0.1546606,0.05586126,-0.02649727,0.1665607,-0.1790123,0.04400064,0.0008411855,0.1843425,0.1013701,-0.08074137,0.02697423,0.1323732,0.1368609,-0.06577878,0.0217811,0.153402,0.1298314,-0.07513768,0.003276629,0.150042,-0.1109123,0.05439014,-0.02920979,0.1269372,-0.1550374,0.05552313,-0.02668815,0.1668283,-0.17925,0.04365423,0.000927472,0.1844915,0.1166797,-0.07573662,0.02030655,0.1405793,-0.2540714,0.867052,-0.03879536,0.4268063,129.4699,-0.2809458,0.9587644,-0.04289893,-0.1436657,0.049927,-0.01619863,0.152954,0.173242,-0.51989,-0.1380779,0.8250068,68.82164,0.3065563,-0.9199592,-0.2443325,0.1097542,1.10121,0.2845359,1.142659,0.5264096,-0.5122595,0.3262433,0.5950198,106.9719,0.6549737,-0.6373677,0.4059211,0.1073435,-0.07619829,0.00268033,0.1316662,0.0154818,0.0640701,-0.7263694,0.6841366,93.66451,0.02122674,0.08784501,-0.995908,-0.4764071,-0.1868472,-0.3436541,0.61642,0.1516101,0.2765833,0.9434441,0.102125,168.2769,0.1524069,0.278037,0.9484027,-0.009754166,-0.001209497,0.0154641,0.01832335,0.2785914,-0.1597516,-0.1763137,0.930473,42.98271,0.7604288,-0.4360499,-0.4812568,-0.1202928,1.203051,-0.05680856,1.210384,0.01040069,-0.08741418,-0.2044632,-0.9749079,334.2754,0.04672185,-0.3926809,-0.9184871,True,True,False,False
1772879692271,17.88987,0.1992532,1.103409,0.1883153,1.136959,-0.0006495825,-0.7765568,0.6129984,0.1455742,163.2589,-0.0006565769,-0.7849184,0.6195989,-0.09923799,0.6351001,-0.06142718,0.6457349,0.5334871,0.2327452,-0.7527462,0.3075622,144.1752,0.5606636,0.2446015,-0.791092,0.1117103,1.080236,0.2821707,1.122056,0.0747101,1.090922,0.2778755,1.128232,0.08388919,1.106131,0.2887011,1.14626,-0.01488636,0.6406423,0.03332103,0.641681,-0.00466672,0.6470209,0.07512839,0.6513848,-0.02527655,0.6420975,0.1073004,0.6514917,0.1008187,-0.07959513,0.02257768,0.1304206,0.1372009,-0.06628365,0.021686,0.1539087,0.1335795,-0.07444247,0.002895959,0.1529495,-0.1112317,0.05400481,-0.02888143,0.1269769,-0.1546336,0.05586435,-0.02647412,0.1665331,-0.1790426,0.04394646,0.0008427128,0.1843591,0.1013258,-0.08064935,0.02662127,0.1322117,0.1368882,-0.06581932,0.02177346,0.1534427,0.1301323,-0.07508187,0.003246068,0.1502739,-0.1109379,0.05435921,-0.02918343,0.1269402,-0.155005,0.05555053,-0.02667097,0.1668045,-0.1792334,0.04367769,0.0009206673,0.1844809,0.1166734,-0.07570925,0.02012347,0.140533,-0.2524737,0.864766,-0.0403743,0.4322115,128.784,-0.279975,0.9589628,-0.04477217,-0.1436873,0.04992128,-0.01617906,0.1529704,0.173494,-0.5198665,-0.1390056,0.8248128,68.86096,0.3068486,-0.9194573,-0.245851,0.1096762,1.101356,0.2844888,1.142781,0.5249307,-0.5176275,0.3239533,0.5929283,107.2698,0.6518811,-0.6428116,0.4022988,0.1069891,-0.07628917,0.002570387,0.131428,0.01635036,0.06459472,-0.7263733,0.6840628,93.6761,0.02241548,0.08855591,-0.995819,-0.4779593,-0.1864508,-0.3426621,0.6169492,0.1541382,0.2742597,0.9440421,0.09903403,168.6329,0.1548997,0.2756146,0.9487059,-0.009676181,-0.001356006,0.01551118,0.01833205,0.2756025,-0.1570855,-0.1718585,0.932648,42.29719,0.7638907,-0.4353956,-0.4763421,-0.1200545,1.203298,-0.05691357,1.210611,0.01073871,-0.08791678,-0.2039593,-0.9749646,334.3046,0.04829422,-0.3953799,-0.917247,True,True,False,False
1772879692287,17.90413,0.2000102,1.103065,0.188958,1.136865,-0.005168281,-0.7765085,0.6134404,0.1438703,163.4563,-0.005222614,-0.7846718,0.6198894,-0.09854832,0.6343745,-0.06139146,0.6449122,0.53358,0.2311714,-0.7527492,0.3085787,144.0528,0.5609553,0.2430316,-0.791369,0.1113594,1.080133,0.2820579,1.121894,0.07335652,1.09169,0.2776991,1.128842,0.08382598,1.106671,0.2886801,1.146771,-0.01441061,0.6401883,0.03348155,0.6412252,-0.004164536,0.6466526,0.07517321,0.6510206,-0.02472017,0.6417609,0.1073026,0.651139,0.1009556,-0.07956854,0.02300528,0.130585,0.1385697,-0.0661482,0.02164237,0.1550662,0.1336827,-0.07468459,0.00272461,0.1531544,-0.111219,0.05398213,-0.0288114,0.1269403,-0.1545271,0.0559468,-0.02646298,0.1664601,-0.1789186,0.04416202,0.0008305162,0.1842901,0.1012973,-0.080566,0.0263424,0.1320831,0.1370179,-0.06584468,0.02176335,0.1535678,0.1304061,-0.07505123,0.003205852,0.1504949,-0.1109596,0.05433013,-0.02915473,0.1269401,-0.1549681,0.05558109,-0.02665493,0.1667779,-0.1792091,0.04371504,0.0009137147,0.1844661,0.1167125,-0.07567779,0.01998109,0.1405282,-0.2506413,0.8630902,-0.04176301,0.4364748,128.2417,-0.2785782,0.9592913,-0.04641797,-0.1437018,0.04992299,-0.01615941,0.1529825,0.1736004,-0.5198922,-0.1398379,0.8246335,68.8973,0.3068949,-0.9190775,-0.2472087,0.110271,1.101914,0.2848717,1.143471,0.533105,-0.5155832,0.3250127,0.5868047,108.1388,0.658375,-0.6367359,0.4013848,0.1070132,-0.07635546,0.002704247,0.1314888,0.01260525,0.06225464,-0.7274073,0.68326,93.80216,0.01726332,0.08525986,-0.9962093,-0.4789374,-0.1865123,-0.3418984,0.6173025,0.1603627,0.2711993,0.943836,0.09954135,168.5745,0.1611631,0.2725529,0.9485469,-0.01027104,-0.001914382,0.01512831,0.01838545,0.2704187,-0.1538431,-0.1803452,0.9331033,42.15233,0.7519804,-0.427807,-0.5015041,-0.1198285,1.203615,-0.05700816,1.210908,0.01130176,-0.08815407,-0.2038342,-0.9749629,334.3038,0.05082472,-0.3964344,-0.9166554,True,True,False,False
1772879692300,17.91866,0.2014904,1.102558,0.1900438,1.136816,-0.01018564,-0.7764802,0.6138602,0.1419522,163.6784,-0.01028984,-0.7844236,0.62014,-0.09764689,0.6337866,-0.06122721,0.644181,0.5336652,0.2296161,-0.7527227,0.3096555,143.923,0.5612513,0.2414854,-0.7916324,0.1121626,1.081047,0.2821111,1.122866,0.07166678,1.092872,0.2777299,1.129885,0.08332231,1.107664,0.2892642,1.14784,-0.0138054,0.6398681,0.0337563,0.6409066,-0.003503587,0.6464386,0.0754078,0.6508313,-0.02388932,0.641326,0.1073268,0.6506833,0.1007647,-0.07917409,0.02228327,0.1300715,0.140957,-0.06565705,0.02138046,0.1569613,0.1349839,-0.0748921,0.002230443,0.1543841,-0.1111688,0.05391707,-0.02868271,0.1268395,-0.1544658,0.05599472,-0.02640223,0.1664096,-0.1786536,0.04460428,0.0009061024,0.1841398,0.1012535,-0.08045151,0.02600853,0.1319134,0.1373419,-0.06582925,0.02173186,0.1538459,0.1307826,-0.07503814,0.003125624,0.1508131,-0.1109768,0.05429615,-0.02911591,0.1269317,-0.1549268,0.05561511,-0.02663414,0.1667475,-0.1791634,0.04378818,0.0009130886,0.1844391,0.1168157,-0.07561659,0.01981327,0.1405572,-0.2482341,0.8610933,-0.04401606,0.4415437,127.5952,-0.2766642,0.9597138,-0.04905719,-0.1436965,0.04993938,-0.01613583,0.1529804,0.1732823,-0.5200266,-0.1404666,0.8245088,68.92255,0.3062342,-0.91902,-0.2482404,0.110292,1.102142,0.2846887,1.143647,0.5321101,-0.5203897,0.3232085,0.5844569,108.4707,0.6557725,-0.6413283,0.3983222,0.1071205,-0.07637755,0.002322144,0.1315816,0.01752229,0.05189174,-0.7332768,0.6777207,94.66843,0.02382949,0.07057033,-0.9972222,-0.4803891,-0.1863604,-0.3415468,0.6181894,0.1653847,0.2803352,0.9399015,0.1031762,168.1558,0.1662721,0.2818393,0.9449446,-0.01029203,-0.002141595,0.01531127,0.01857276,0.2675587,-0.1510166,-0.1767656,0.9350725,41.52032,0.7548411,-0.4260508,-0.4986943,-0.1195934,1.203816,-0.05714821,1.211091,0.01215333,-0.0884614,-0.2036054,-0.9749727,334.3088,0.05466477,-0.3978928,-0.9158016,True,True,False,False
1772879692315,17.93196,0.201793,1.102369,0.1905453,1.136769,-0.01513553,-0.7764372,0.6142368,0.1401044,163.8922,-0.01528631,-0.7841717,0.6203555,-0.09763522,0.6337158,-0.06120764,0.6441077,0.5336853,0.2283854,-0.7526997,0.3105854,143.811,0.5614517,0.2402677,-0.7918608,0.1117236,1.081366,0.281731,1.123034,0.0708888,1.093789,0.2772827,1.130613,0.08252782,1.108535,0.2889409,1.148541,-0.01390797,0.6401432,0.03381553,0.6411866,-0.003677767,0.6467276,0.07552969,0.6511335,-0.02414421,0.6417221,0.107443,0.6511023,0.1005269,-0.07912235,0.02241524,0.1298786,0.141285,-0.06574883,0.02117898,0.157267,0.1353124,-0.07503566,0.002024271,0.1547382,-0.1111411,0.05387162,-0.0287484,0.1268107,-0.1544749,0.05600832,-0.0263622,0.1664163,-0.1786623,0.04457498,0.0009625256,0.1841414,0.1011927,-0.08034029,0.02570784,0.1317399,0.1376718,-0.06582252,0.02168559,0.1541311,0.1311617,-0.07503793,0.003033464,0.1511399,-0.1109906,0.05426063,-0.02908516,0.1269215,-0.154889,0.05564801,-0.02661139,0.1667197,-0.1791215,0.04385402,0.0009172254,0.184414,0.1169002,-0.07556625,0.01965669,0.1405785,-0.2458822,0.8592225,-0.04639766,0.4462352,126.9952,-0.2747546,0.9601156,-0.05184585,-0.1436903,0.0499519,-0.01611432,0.1529763,0.17304,-0.5200856,-0.1411919,0.8243986,68.94486,0.3057192,-0.9188635,-0.2494514,0.1100326,1.102363,0.2843365,1.143748,0.5311196,-0.5245993,0.3188688,0.5839779,108.5384,0.6542739,-0.6462417,0.3928071,0.1065543,-0.0766539,0.002414892,0.1312839,0.01470556,0.04915164,-0.7347385,0.6764077,94.87288,0.01996607,0.06673431,-0.9975712,-0.4811622,-0.1855388,-0.3411145,0.6183048,0.1712307,0.2779039,0.9395549,0.1033748,168.1329,0.172153,0.2794007,0.9446155,-0.01003256,-0.002363443,0.01566347,0.01875053,0.2638243,-0.1511321,-0.1722637,0.9369532,40.90799,0.7549587,-0.4324791,-0.4929492,-0.1193245,1.204158,-0.05732901,1.211413,0.01251791,-0.0887807,-0.2030228,-0.9750606,334.3541,0.0564025,-0.4000232,-0.9147689,False,False,False,False
1772879692328,17.94535,0.201793,1.102369,0.1905453,1.136769,-0.01513553,-0.7764372,0.6142368,0.1401044,163.8922,-0.01528631,-0.7841717,0.6203555,-0.09763522,0.6337158,-0.06120764,0.6441077,0.5336853,0.2283854,-0.7526997,0.3105854,143.811,0.5614517,0.2402677,-0.7918608,0.1117236,1.081366,0.281731,1.123034,0.0708888,1.093789,0.2772827,1.130613,0.08252782,1.108535,0.2889409,1.148541,-0.01390797,0.6401432,0.03381553,0.6411866,-0.003677767,0.6467276,0.07552969,0.6511335,-0.02414421,0.6417221,0.107443,0.6511023,0.1005269,-0.07912235,0.02241524,0.1298786,0.141285,-0.06574883,0.02117898,0.157267,0.1353124,-0.07503566,0.002024271,0.1547382,-0.1111411,0.05387162,-0.0287484,0.1268107,-0.1544749,0.05600832,-0.0263622,0.1664163,-0.1786623,0.04457498,0.0009625256,0.1841414,0.1011927,-0.08034029,0.02570784,0.1317399,0.1376718,-0.06582252,0.02168559,0.1541311,0.1311617,-0.07503793,0.003033464,0.1511399,-0.1109906,0.05426063,-0.02908516,0.1269215,-0.154889,0.05564801,-0.02661139,0.1667197,-0.1791215,0.04385402,0.0009172254,0.184414,0.1169002,-0.07556625,0.01965669,0.1405785,-0.2458822,0.8592225,-0.04639766,0.4462352,126.9952,-0.2747546,0.9601156,-0.05184585,-0.1436903,0.0499519,-0.01611432,0.1529763,0.17304,-0.5200856,-0.1411919,0.8243986,68.94486,0.3057192,-0.9188635,-0.2494514,0.1097328,1.102645,0.283967,1.143898,0.5295596,-0.5308779,0.3118645,0.5835031,108.6054,0.6520779,-0.6537012,0.3840171,0.1065543,-0.0766539,0.002414892,0.1312839,0.01470556,0.04915164,-0.7347385,0.6764077,94.87288,0.01996607,0.06673431,-0.9975712,-0.4811622,-0.1855388,-0.3411145,0.6183048,0.1712307,0.2779039,0.9395549,0.1033748,168.1329,0.172153,0.2794007,0.9446155,-0.009732753,-0.002644539,0.01603302,0.01894143,0.2580073,-0.1517465,-0.1652495,0.939733,39.98652,0.7546068,-0.4438204,-0.4833134,-0.1189793,1.204246,-0.05760494,1.211479,0.01325931,-0.08921877,-0.2027927,-0.9750586,334.3531,0.05974077,-0.4019815,-0.9136969,False,False,False,False
1772879692341,17.95832,0.201793,1.102369,0.1905453,1.136769,-0.01513553,-0.7764372,0.6142368,0.1401044,163.8922,-0.01528631,-0.7841717,0.6203555,-0.09763522,0.6337158,-0.06120764,0.6441077,0.5336853,0.2283854,-0.7526997,0.3105854,143.811,0.5614517,0.2402677,-0.7918608,0.1117236,1.081366,0.281731,1.123034,0.0708888,1.093789,0.2772827,1.130613,0.08252782,1.108535,0.2889409,1.148541,-0.01390797,0.6401432,0.03381553,0.6411866,-0.003677767,0.6467276,0.07552969,0.6511335,-0.02414421,0.6417221,0.107443,0.6511023,0.1005269,-0.07912235,0.02241524,0.1298786,0.141285,-0.06574883,0.02117898,0.157267,0.1353124,-0.07503566,0.002024271,0.1547382,-0.1111411,0.05387162,-0.0287484,0.1268107,-0.1544749,0.05600832,-0.0263622,0.1664163,-0.1786623,0.04457498,0.0009625256,0.1841414,0.1011927,-0.08034029,0.02570784,0.1317399,0.1376718,-0.06582252,0.02168559,0.1541311,0.1311617,-0.07503793,0.003033464,0.1511399,-0.1109906,0.05426063,-0.02908516,0.1269215,-0.154889,0.05564801,-0.02661139,0.1667197,-0.1791215,0.04385402,0.0009172254,0.184414,0.1169002,-0.07556625,0.01965669,0.1405785,-0.2458822,0.8592225,-0.04639766,0.4462352,126.9952,-0.2747546,0.9601156,-0.05184585,-0.1436903,0.0499519,-0.01611432,0.1529763,0.17304,-0.5200856,-0.1411919,0.8243986,68.94486,0.3057192,-0.9188635,-0.2494514,0.1095385,1.102875,0.2838002,1.14406,0.5277236,-0.5356229,0.3074402,0.5831779,108.6513,0.6496303,-0.6593544,0.3784604,0.1065543,-0.0766539,0.002414892,0.1312839,0.01470556,0.04915164,-0.7347385,0.6764077,94.87288,0.01996607,0.06673431,-0.9975712,-0.4811622,-0.1855388,-0.3411145,0.6183048,0.1712307,0.2779039,0.9395549,0.1033748,168.1329,0.172153,0.2794007,0.9446155,-0.009538472,-0.002874732,0.0161998,0.01901788,0.2545365,-0.1516981,-0.1597802,0.9416313,39.34538,0.7560945,-0.4506157,-0.4746231,-0.1187843,1.204506,-0.05783966,1.21173,0.01329124,-0.08994512,-0.2025484,-0.9750423,334.3447,0.05986527,-0.405123,-0.9123009,False,False,False,False
1772879692354,17.97013,0.201793,1.102369,0.1905453,1.136769,-0.01513553,-0.7764372,0.6142368,0.1401044,163.8922,-0.01528631,-0.7841717,0.6203555,-0.09763522,0.6337158,-0.06120764,0.6441077,0.5336853,0.2283854,-0.7526997,0.3105854,143.811,0.5614517,0.2402677,-0.7918608,0.1117236,1.081366,0.281731,1.123034,0.0708888,1.093789,0.2772827,1.130613,0.08252782,1.108535,0.2889409,1.148541,-0.01390797,0.6401432,0.03381553,0.6411866,-0.003677767,0.6467276,0.07552969,0.6511335,-0.02414421,0.6417221,0.107443,0.6511023,0.1005269,-0.07912235,0.02241524,0.1298786,0.141285,-0.06574883,0.02117898,0.157267,0.1353124,-0.07503566,0.002024271,0.1547382,-0.1111411,0.05387162,-0.0287484,0.1268107,-0.1544749,0.05600832,-0.0263622,0.1664163,-0.1786623,0.04457498,0.0009625256,0.1841414,0.1011927,-0.08034029,0.02570784,0.1317399,0.1376718,-0.06582252,0.02168559,0.1541311,0.1311617,-0.07503793,0.003033464,0.1511399,-0.1109906,0.05426063,-0.02908516,0.1269215,-0.154889,0.05564801,-0.02661139,0.1667197,-0.1791215,0.04385402,0.0009172254,0.184414,0.1169002,-0.07556625,0.01965669,0.1405785,-0.2458822,0.8592225,-0.04639766,0.4462352,126.9952,-0.2747546,0.9601156,-0.05184585,-0.1436903,0.0499519,-0.01611432,0.1529763,0.17304,-0.5200856,-0.1411919,0.8243986,68.94486,0.3057192,-0.9188635,-0.2494514,0.1093752,1.103098,0.2836937,1.144233,0.5278655,-0.5376009,0.304726,0.5826537,108.7252,0.6495044,-0.6614832,0.3749456,0.1065543,-0.0766539,0.002414892,0.1312839,0.01470556,0.04915164,-0.7347385,0.6764077,94.87288,0.01996607,0.06673431,-0.9975712,-0.4811622,-0.1855388,-0.3411145,0.6183048,0.1712307,0.2779039,0.9395549,0.1033748,168.1329,0.172153,0.2794007,0.9446155,-0.00937517,-0.003097892,0.01630628,0.01906267,0.2518859,-0.1519578,-0.1579071,0.9426176,39.00824,0.7544323,-0.4551342,-0.4729531,-0.1185179,1.204764,-0.05796757,1.211967,0.01365976,-0.09023485,-0.2023813,-0.9750451,334.3461,0.06152853,-0.4064506,-0.9115992,False,False,False,False
1772879692370,17.98425,0.201793,1.102369,0.1905453,1.136769,-0.01513553,-0.7764372,0.6142368,0.1401044,163.8922,-0.01528631,-0.7841717,0.6203555,-0.09763522,0.6337158,-0.06120764,0.6441077,0.5336853,0.2283854,-0.7526997,0.3105854,143.811,0.5614517,0.2402677,-0.7918608,0.1117236,1.081366,0.281731,1.123034,0.0708888,1.093789,0.2772827,1.130613,0.08252782,1.108535,0.2889409,1.148541,-0.01390797,0.6401432,0.03381553,0.6411866,-0.003677767,0.6467276,0.07552969,0.6511335,-0.02414421,0.6417221,0.107443,0.6511023,0.1005269,-0.07912235,0.02241524,0.1298786,0.141285,-0.06574883,0.02117898,0.157267,0.1353124,-0.07503566,0.002024271,0.1547382,-0.1111411,0.05387162,-0.0287484,0.1268107,-0.1544749,0.05600832,-0.0263622,0.1664163,-0.1786623,0.04457498,0.0009625256,0.1841414,0.1011927,-0.08034029,0.02570784,0.1317399,0.1376718,-0.06582252,0.02168559,0.1541311,0.1311617,-0.07503793,0.003033464,0.1511399,-0.1109906,0.05426063,-0.02908516,0.1269215,-0.154889,0.05564801,-0.02661139,0.1667197,-0.1791215,0.04385402,0.0009172254,0.184414,0.1169002,-0.07556625,0.01965669,0.1405785,-0.2458822,0.8592225,-0.04639766,0.4462352,126.9952,-0.2747546,0.9601156,-0.05184585,-0.1436903,0.0499519,-0.01611432,0.1529763,0.17304,-0.5200856,-0.1411919,0.8243986,68.94486,0.3057192,-0.9188635,-0.2494514,0.1095956,1.10363,0.2840832,1.144864,0.526984,-0.5384395,0.3108391,0.5794393,109.1778,0.6465939,-0.6606494,0.3813905,0.1065543,-0.0766539,0.002414892,0.1312839,0.01470556,0.04915164,-0.7347385,0.6764077,94.87288,0.01996607,0.06673431,-0.9975712,-0.4811622,-0.1855388,-0.3411145,0.6183048,0.1712307,0.2779039,0.9395549,0.1033748,168.1329,0.172153,0.2794007,0.9446155,-0.00959558,-0.003630161,0.01591676,0.01893665,0.2550742,-0.1459484,-0.1596004,0.9424246,39.07443,0.762738,-0.4364237,-0.4772467,-0.1183426,1.204909,-0.05812871,1.212102,0.01436864,-0.09064206,-0.2018083,-0.9751159,334.3827,0.06481243,-0.408858,-0.9102941,False,False,False,False
1772879692383,17.99982,0.201793,1.102369,0.1905453,1.136769,-0.01513553,-0.7764372,0.6142368,0.1401044,163.8922,-0.01528631,-0.7841717,0.6203555,-0.09763522,0.6337158,-0.06120764,0.6441077,0.5336853,0.2283854,-0.7526997,0.3105854,143.811,0.5614517,0.2402677,-0.7918608,0.1117236,1.081366,0.281731,1.123034,0.0708888,1.093789,0.2772827,1.130613,0.08252782,1.108535,0.2889409,1.148541,-0.01390797,0.6401432,0.03381553,0.6411866,-0.003677767,0.6467276,0.07552969,0.6511335,-0.02414421,0.6417221,0.107443,0.6511023,0.1005269,-0.07912235,0.02241524,0.1298786,0.141285,-0.06574883,0.02117898,0.157267,0.1353124,-0.07503566,0.002024271,0.1547382,-0.1111411,0.05387162,-0.0287484,0.1268107,-0.1544749,0.05600832,-0.0263622,0.1664163,-0.1786623,0.04457498,0.0009625256,0.1841414,0.1011927,-0.08034029,0.02570784,0.1317399,0.1376718,-0.06582252,0.02168559,0.1541311,0.1311617,-0.07503793,0.003033464,0.1511399,-0.1109906,0.05426063,-0.02908516,0.1269215,-0.154889,0.05564801,-0.02661139,0.1667197,-0.1791215,0.04385402,0.0009172254,0.184414,0.1169002,-0.07556625,0.01965669,0.1405785,-0.2458822,0.8592225,-0.04639766,0.4462352,126.9952,-0.2747546,0.9601156,-0.05184585,-0.1436903,0.0499519,-0.01611432,0.1529763,0.17304,-0.5200856,-0.1411919,0.8243986,68.94486,0.3057192,-0.9188635,-0.2494514,0.1095085,1.103837,0.2840648,1.145051,0.5289047,-0.5406088,0.3081033,0.577126,109.5027,0.6476476,-0.6619793,0.3772747,0.1065543,-0.0766539,0.002414892,0.1312839,0.01470556,0.04915164,-0.7347385,0.6764077,94.87288,0.01996607,0.06673431,-0.9975712,-0.4811622,-0.1855388,-0.3411145,0.6183048,0.1712307,0.2779039,0.9395549,0.1033748,168.1329,0.172153,0.2794007,0.9446155,-0.009508453,-0.003837466,0.01593524,0.01894911,0.2507817,-0.1450436,-0.1592152,0.9437805,38.60712,0.7586272,-0.4387642,-0.4816339,-0.1181643,1.205104,-0.0582409,1.212283,0.01498862,-0.09071634,-0.2014202,-0.9751799,334.4158,0.06769499,-0.4097137,-0.9096996,False,False,False,False
1772879692397,18.01536,0.201793,1.102369,0.1905453,1.136769,-0.01513553,-0.7764372,0.6142368,0.1401044,163.8922,-0.01528631,-0.7841717,0.6203555,-0.09763522,0.6337158,-0.06120764,0.6441077,0.5336853,0.2283854,-0.7526997,0.3105854,143.811,0.5614517,0.2402677,-0.7918608,0.1117236,1.081366,0.281731,1.123034,0.0708888,1.093789,0.2772827,1.130613,0.08252782,1.108535,0.2889409,1.148541,-0.01390797,0.6401432,0.03381553,0.6411866,-0.003677767,0.6467276,0.07552969,0.6511335,-0.02414421,0.6417221,0.107443,0.6511023,0.1005269,-0.07912235,0.02241524,0.1298786,0.141285,-0.06574883,0.02117898,0.157267,0.1353124,-0.07503566,0.002024271,0.1547382,-0.1111411,0.05387162,-0.0287484,0.1268107,-0.1544749,0.05600832,-0.0263622,0.1664163,-0.1786623,0.04457498,0.0009625256,0.1841414,0.1011927,-0.08034029,0.02570784,0.1317399,0.1376718,-0.06582252,0.02168559,0.1541311,0.1311617,-0.07503793,0.003033464,0.1511399,-0.1109906,0.05426063,-0.02908516,0.1269215,-0.154889,0.05564801,-0.02661139,0.1667197,-0.1791215,0.04385402,0.0009172254,0.184414,0.1169002,-0.07556625,0.01965669,0.1405785,-0.2458822,0.8592225,-0.04639766,0.4462352,126.9952,-0.2747546,0.9601156,-0.05184585,-0.1436903,0.0499519,-0.01611432,0.1529763,0.17304,-0.5200856,-0.1411919,0.8243986,68.94486,0.3057192,-0.9188635,-0.2494514,0.1093529,1.10455,0.2843215,1.145787,0.5319719,-0.5439748,0.3036829,0.5734755,110.0141,0.6493617,-0.6640133,0.3706964,0.1065543,-0.0766539,0.002414892,0.1312839,0.01470556,0.04915164,-0.7347385,0.6764077,94.87288,0.01996607,0.06673431,-0.9975712,-0.4811622,-0.1855388,-0.3411145,0.6183048,0.1712307,0.2779039,0.9395549,0.1033748,168.1329,0.172153,0.2794007,0.9446155,-0.0093529,-0.004550219,0.0156785,0.01881479,0.2439242,-0.1436957,-0.1586244,0.9458811,37.87225,0.7516603,-0.442803,-0.4888063,-0.1179825,1.205213,-0.0584122,1.212382,0.01585163,-0.09040797,-0.2014095,-0.9751971,334.4247,0.0716172,-0.4084605,-0.9099619,False,False,False,False
1772879692412,18.02737,0.201793,1.102369,0.1905453,1.136769,-0.01513553,-0.7764372,0.6142368,0.1401044,163.8922,-0.01528631,-0.7841717,0.6203555,-0.09763522,0.6337158,-0.06120764,0.6441077,0.5336853,0.2283854,-0.7526997,0.3105854,143.811,0.5614517,0.2402677,-0.7918608,0.1117236,1.081366,0.281731,1.123034,0.0708888,1.093789,0.2772827,1.130613,0.08252782,1.108535,0.2889409,1.148541,-0.01390797,0.6401432,0.03381553,0.6411866,-0.003677767,0.6467276,0.07552969,0.6511335,-0.02414421,0.6417221,0.107443,0.6511023,0.1005269,-0.07912235,0.02241524,0.1298786,0.141285,-0.06574883,0.02117898,0.157267,0.1353124,-0.07503566,0.002024271,0.1547382,-0.1111411,0.05387162,-0.0287484,0.1268107,-0.1544749,0.05600832,-0.0263622,0.1664163,-0.1786623,0.04457498,0.0009625256,0.1841414,0.1011927,-0.08034029,0.02570784,0.1317399,0.1376718,-0.06582252,0.02168559,0.1541311,0.1311617,-0.07503793,0.003033464,0.1511399,-0.1109906,0.05426063,-0.02908516,0.1269215,-0.154889,0.05564801,-0.02661139,0.1667197,-0.1791215,0.04385402,0.0009172254,0.184414,0.1169002,-0.07556625,0.01965669,0.1405785,-0.2458822,0.8592225,-0.04639766,0.4462352,126.9952,-0.2747546,0.9601156,-0.05184585,-0.1436903,0.0499519,-0.01611432,0.1529763,0.17304,-0.5200856,-0.1411919,0.8243986,68.94486,0.3057192,-0.9188635,-0.2494514,0.1090177,1.104859,0.2841824,1.146018,0.5345955,-0.5479973,0.2928463,0.5728418,110.1027,0.6522114,-0.6685617,0.3572752,0.1065543,-0.0766539,0.002414892,0.1312839,0.01470556,0.04915164,-0.7347385,0.6764077,94.87288,0.01996607,0.06673431,-0.9975712,-0.4811622,-0.1855388,-0.3411145,0.6183048,0.1712307,0.2779039,0.9395549,0.1033748,168.1329,0.172153,0.2794007,0.9446155,-0.009017669,-0.004858851,0.01581764,0.01884475,0.2338457,-0.1476057,-0.154484,0.948506,36.93414,0.7382435,-0.4659867,-0.4877011,-0.117865,1.205281,-0.05853667,1.212444,0.01639857,-0.09017447,-0.2006639,-0.9753634,334.511,0.07433476,-0.408761,-0.9096098,False,False,False,False
1772879692425,18.03982,0.201793,1.102369,0.1905453,1.136769,-0.01513553,-0.7764372,0.6142368,0.1401044,163.8922,-0.01528631,-0.7841717,0.6203555,-0.09763522,0.6337158,-0.06120764,0.6441077,0.5336853,0.2283854,-0.7526997,0.3105854,143.811,0.5614517,0.2402677,-0.7918608,0.1117236,1.081366,0.281731,1.123034,0.0708888,1.093789,0.2772827,1.130613,0.08252782,1.108535,0.2889409,1.148541,-0.01390797,0.6401432,0.03381553,0.6411866,-0.003677767,0.6467276,0.07552969,0.6511335,-0.02414421,0.6417221,0.107443,0.6511023,0.1005269,-0.07912235,0.02241524,0.1298786,0.141285,-0.06574883,0.02117898,0.157267,0.1353124,-0.07503566,0.002024271,0.1547382,-0.1111411,0.05387162,-0.0287484,0.1268107,-0.1544749,0.05600832,-0.0263622,0.1664163,-0.1786623,0.04457498,0.0009625256,0.1841414,0.1011927,-0.08034029,0.02570784,0.1317399,0.1376718,-0.06582252,0.02168559,0.1541311,0.1311617,-0.07503793,0.003033464,0.1511399,-0.1109906,0.05426063,-0.02908516,0.1269215,-0.154889,0.05564801,-0.02661139,0.1667197,-0.1791215,0.04385402,0.0009172254,0.184414,0.1169002,-0.07556625,0.01965669,0.1405785,-0.2458822,0.8592225,-0.04639766,0.4462352,126.9952,-0.2747546,0.9601156,-0.05184585,-0.1436903,0.0499519,-0.01611432,0.1529763,0.17304,-0.5200856,-0.1411919,0.8243986,68.94486,0.3057192,-0.9188635,-0.2494514,0.108756,1.105137,0.2840579,1.14623,0.5376102,-0.5515653,0.2837721,0.5711606,110.3376,0.6549526,-0.6719536,0.3457101,0.1065543,-0.0766539,0.002414892,0.1312839,0.01470556,0.04915164,-0.7347385,0.6764077,94.87288,0.01996607,0.06673431,-0.9975712,-0.4811622,-0.1855388,-0.3411145,0.6183048,0.1712307,0.2779039,0.9395549,0.1033748,168.1329,0.172153,0.2794007,0.9446155,-0.00875596,-0.005136609,0.0159421,0.01889979,0.2244751,-0.1500489,-0.1516933,0.9508342,36.08239,0.7248127,-0.4844965,-0.4898059,-0.1176464,1.205534,-0.05865812,1.21268,0.016569,-0.08982685,-0.2002894,-0.9754695,334.5661,0.07526764,-0.4080545,-0.9098502,False,False,False,False
1772879692439,18.05352,0.201793,1.102369,0.1905453,1.136769,-0.01513553,-0.7764372,0.6142368,0.1401044,163.8922,-0.01528631,-0.7841717,0.6203555,-0.09763522,0.6337158,-0.06120764,0.6441077,0.5336853,0.2283854,-0.7526997,0.3105854,143.811,0.5614517,0.2402677,-0.7918608,0.1117236,1.081366,0.281731,1.123034,0.0708888,1.093789,0.2772827,1.130613,0.08252782,1.108535,0.2889409,1.148541,-0.01390797,0.6401432,0.03381553,0.6411866,-0.003677767,0.6467276,0.07552969,0.6511335,-0.02414421,0.6417221,0.107443,0.6511023,0.1005269,-0.07912235,0.02241524,0.1298786,0.141285,-0.06574883,0.02117898,0.157267,0.1353124,-0.07503566,0.002024271,0.1547382,-0.1111411,0.05387162,-0.0287484,0.1268107,-0.1544749,0.05600832,-0.0263622,0.1664163,-0.1786623,0.04457498,0.0009625256,0.1841414,0.1011927,-0.08034029,0.02570784,0.1317399,0.1376718,-0.06582252,0.02168559,0.1541311,0.1311617,-0.07503793,0.003033464,0.1511399,-0.1109906,0.05426063,-0.02908516,0.1269215,-0.154889,0.05564801,-0.02661139,0.1667197,-0.1791215,0.04385402,0.0009172254,0.184414,0.1169002,-0.07556625,0.01965669,0.1405785,-0.2458822,0.8592225,-0.04639766,0.4462352,126.9952,-0.2747546,0.9601156,-0.05184585,-0.1436903,0.0499519,-0.01611432,0.1529763,0.17304,-0.5200856,-0.1411919,0.8243986,68.94486,0.3057192,-0.9188635,-0.2494514,0.1084786,1.105874,0.2840901,1.146923,0.5438016,-0.5556032,0.2750626,0.5656196,111.1093,0.6594203,-0.673731,0.3335441,0.1065543,-0.0766539,0.002414892,0.1312839,0.01470556,0.04915164,-0.7347385,0.6764077,94.87288,0.01996607,0.06673431,-0.9975712,-0.4811622,-0.1855388,-0.3411145,0.6183048,0.1712307,0.2779039,0.9395549,0.1033748,168.1329,0.172153,0.2794007,0.9446155,-0.008478604,-0.005874157,0.01590991,0.01896095,0.2121178,-0.1496542,-0.1517411,0.9537214,34.99835,0.705432,-0.4976993,-0.5046397,-0.1175603,1.205618,-0.05871937,1.212758,0.01681257,-0.08936865,-0.1997268,-0.9756228,334.646,0.07661079,-0.4072312,-0.9101067,False,False,False,False
1772879692453,18.0681,0.201793,1.102369,0.1905453,1.136769,-0.01513553,-0.7764372,0.6142368,0.1401044,163.8922,-0.01528631,-0.7841717,0.6203555,-0.09763522,0.6337158,-0.06120764,0.6441077,0.5336853,0.2283854,-0.7526997,0.3105854,143.811,0.5614517,0.2402677,-0.7918608,0.1117236,1.081366,0.281731,1.123034,0.0708888,1.093789,0.2772827,1.130613,0.08252782,1.108535,0.2889409,1.148541,-0.01390797,0.6401432,0.03381553,0.6411866,-0.003677767,0.6467276,0.07552969,0.6511335,-0.02414421,0.6417221,0.107443,0.6511023,0.1005269,-0.07912235,0.02241524,0.1298786,0.141285,-0.06574883,0.02117898,0.157267,0.1353124,-0.07503566,0.002024271,0.1547382,-0.1111411,0.05387162,-0.0287484,0.1268107,-0.1544749,0.05600832,-0.0263622,0.1664163,-0.1786623,0.04457498,0.0009625256,0.1841414,0.1011927,-0.08034029,0.02570784,0.1317399,0.1376718,-0.06582252,0.02168559,0.1541311,0.1311617,-0.07503793,0.003033464,0.1511399,-0.1109906,0.05426063,-0.02908516,0.1269215,-0.154889,0.05564801,-0.02661139,0.1667197,-0.1791215,0.04385402,0.0009172254,0.184414,0.1169002,-0.07556625,0.01965669,0.1405785,-0.2458822,0.8592225,-0.04639766,0.4462352,126.9952,-0.2747546,0.9601156,-0.05184585,-0.1436903,0.0499519,-0.01611432,0.1529763,0.17304,-0.5200856,-0.1411919,0.8243986,68.94486,0.3057192,-0.9188635,-0.2494514,0.1083277,1.106081,0.2840278,1.147093,0.5453365,-0.5580978,0.2689726,0.5646137,111.2491,0.6607295,-0.676191,0.325887,0.1065543,-0.0766539,0.002414892,0.1312839,0.01470556,0.04915164,-0.7347385,0.6764077,94.87288,0.01996607,0.06673431,-0.9975712,-0.4811622,-0.1855388,-0.3411145,0.6183048,0.1712307,0.2779039,0.9395549,0.1033748,168.1329,0.172153,0.2794007,0.9446155,-0.008327663,-0.006081223,0.01597217,0.01901161,0.2060645,-0.1512797,-0.1494309,0.9551557,34.44749,0.6959196,-0.5109006,-0.5046569,-0.1174399,1.205725,-0.058789,1.212857,0.01707985,-0.08892199,-0.1996218,-0.9756805,334.6762,0.07791986,-0.4056704,-0.9106931,False,False,False,False
1772879692468,18.08171,0.201793,1.102369,0.1905453,1.136769,-0.01513553,-0.7764372,0.6142368,0.1401044,163.8922,-0.01528631,-0.7841717,0.6203555,-0.09763522,0.6337158,-0.06120764,0.6441077,0.5336853,0.2283854,-0.7526997,0.3105854,143.811,0.5614517,0.2402677,-0.7918608,0.1117236,1.081366,0.281731,1.123034,0.0708888,1.093789,0.2772827,1.130613,0.08252782,1.108535,0.2889409,1.148541,-0.01390797,0.6401432,0.03381553,0.6411866,-0.003677767,0.6467276,0.07552969,0.6511335,-0.02414421,0.6417221,0.107443,0.6511023,0.1005269,-0.07912235,0.02241524,0.1298786,0.141285,-0.06574883,0.02117898,0.157267,0.1353124,-0.07503566,0.002024271,0.1547382,-0.1111411,0.05387162,-0.0287484,0.1268107,-0.1544749,0.05600832,-0.0263622,0.1664163,-0.1786623,0.04457498,0.0009625256,0.1841414,0.1011927,-0.08034029,0.02570784,0.1317399,0.1376718,-0.06582252,0.02168559,0.1541311,0.1311617,-0.07503793,0.003033464,0.1511399,-0.1109906,0.05426063,-0.02908516,0.1269215,-0.154889,0.05564801,-0.02661139,0.1667197,-0.1791215,0.04385402,0.0009172254,0.184414,0.1169002,-0.07556625,0.01965669,0.1405785,-0.2458822,0.8592225,-0.04639766,0.4462352,126.9952,-0.2747546,0.9601156,-0.05184585,-0.1436903,0.0499519,-0.01611432,0.1529763,0.17304,-0.5200856,-0.1411919,0.8243986,68.94486,0.3057192,-0.9188635,-0.2494514,0.1081666,1.106657,0.2841522,1.147664,0.5467156,-0.561127,0.264745,0.562271,111.574,0.6611204,-0.6785476,0.3201452,0.1065543,-0.0766539,0.002414892,0.1312839,0.01470556,0.04915164,-0.7347385,0.6764077,94.87288,0.01996607,0.06673431,-0.9975712,-0.4811622,-0.1855388,-0.3411145,0.6183048,0.1712307,0.2779039,0.9395549,0.1033748,168.1329,0.172153,0.2794007,0.9446155,-0.008166574,-0.006657124,0.01584786,0.01903063,0.200717,-0.1507132,-0.1476284,0.9566631,33.85928,0.689282,-0.5175641,-0.5069707,-0.1173162,1.205833,-0.05883291,1.212954,0.01752292,-0.08857317,-0.1994192,-0.9757457,334.7103,0.08004735,-0.4046157,-0.9109774,False,False,False,False
1772879692481,18.09606,0.201793,1.102369,0.1905453,1.136769,-0.01513553,-0.7764372,0.6142368,0.1401044,163.8922,-0.01528631,-0.7841717,0.6203555,-0.09763522,0.6337158,-0.06120764,0.6441077,0.5336853,0.2283854,-0.7526997,0.3105854,143.811,0.5614517,0.2402677,-0.7918608,0.1117236,1.081366,0.281731,1.123034,0.0708888,1.093789,0.2772827,1.130613,0.08252782,1.108535,0.2889409,1.148541,-0.01390797,0.6401432,0.03381553,0.6411866,-0.003677767,0.6467276,0.07552969,0.6511335,-0.02414421,0.6417221,0.107443,0.6511023,0.1005269,-0.07912235,0.02241524,0.1298786,0.141285,-0.06574883,0.02117898,0.157267,0.1353124,-0.07503566,0.002024271,0.1547382,-0.1111411,0.05387162,-0.0287484,0.1268107,-0.1544749,0.05600832,-0.0263622,0.1664163,-0.1786623,0.04457498,0.0009625256,0.1841414,0.1011927,-0.08034029,0.02570784,0.1317399,0.1376718,-0.06582252,0.02168559,0.1541311,0.1311617,-0.07503793,0.003033464,0.1511399,-0.1109906,0.05426063,-0.02908516,0.1269215,-0.154889,0.05564801,-0.02661139,0.1667197,-0.1791215,0.04385402,0.0009172254,0.184414,0.1169002,-0.07556625,0.01965669,0.1405785,-0.2458822,0.8592225,-0.04639766,0.4462352,126.9952,-0.2747546,0.9601156,-0.05184585,-0.1436903,0.0499519,-0.01611432,0.1529763,0.17304,-0.5200856,-0.1411919,0.8243986,68.94486,0.3057192,-0.9188635,-0.2494514,0.1080186,1.106835,0.2840471,1.147796,0.5481088,-0.5638124,0.2576295,0.5615332,111.6762,0.6624036,-0.6813819,0.3113519,0.1065543,-0.0766539,0.002414892,0.1312839,0.01470556,0.04915164,-0.7347385,0.6764077,94.87288,0.01996607,0.06673431,-0.9975712,-0.4811622,-0.1855388,-0.3411145,0.6183048,0.1712307,0.2779039,0.9395549,0.1033748,168.1329,0.172153,0.2794007,0.9446155,-0.008018613,-0.006835103,0.01595289,0.01911835,0.1940541,-0.1529746,-0.1446832,0.9581278,33.27808,0.6777018,-0.5342385,-0.505282,-0.1171619,1.205966,-0.05885682,1.213072,0.0175116,-0.08836956,-0.1991879,-0.9758117,334.7448,0.08010326,-0.4042285,-0.9111441,False,False,False,False
1772879692495,18.10937,0.201793,1.102369,0.1905453,1.136769,-0.01513553,-0.7764372,0.6142368,0.1401044,163.8922,-0.01528631,-0.7841717,0.6203555,-0.09763522,0.6337158,-0.06120764,0.6441077,0.5336853,0.2283854,-0.7526997,0.3105854,143.811,0.5614517,0.2402677,-0.7918608,0.1117236,1.081366,0.281731,1.123034,0.0708888,1.093789,0.2772827,1.130613,0.08252782,1.108535,0.2889409,1.148541,-0.01390797,0.6401432,0.03381553,0.6411866,-0.003677767,0.6467276,0.07552969,0.6511335,-0.02414421,0.6417221,0.107443,0.6511023,0.1005269,-0.07912235,0.02241524,0.1298786,0.141285,-0.06574883,0.02117898,0.157267,0.1353124,-0.07503566,0.002024271,0.1547382,-0.1111411,0.05387162,-0.0287484,0.1268107,-0.1544749,0.05600832,-0.0263622,0.1664163,-0.1786623,0.04457498,0.0009625256,0.1841414,0.1011927,-0.08034029,0.02570784,0.1317399,0.1376718,-0.06582252,0.02168559,0.1541311,0.1311617,-0.07503793,0.003033464,0.1511399,-0.1109906,0.05426063,-0.02908516,0.1269215,-0.154889,0.05564801,-0.02661139,0.1667197,-0.1791215,0.04385402,0.0009172254,0.184414,0.1169002,-0.07556625,0.01965669,0.1405785,-0.2458822,0.8592225,-0.04639766,0.4462352,126.9952,-0.2747546,0.9601156,-0.05184585,-0.1436903,0.0499519,-0.01611432,0.1529763,0.17304,-0.5200856,-0.1411919,0.8243986,68.94486,0.3057192,-0.9188635,-0.2494514,0.1078157,1.107046,0.2839294,1.147951,0.5495822,-0.5672583,0.2486402,0.5606741,111.7951,0.6637174,-0.6850644,0.3002769,0.1065543,-0.0766539,0.002414892,0.1312839,0.01470556,0.04915164,-0.7347385,0.6764077,94.87288,0.01996607,0.06673431,-0.9975712,-0.4811622,-0.1855388,-0.3411145,0.6183048,0.1712307,0.2779039,0.9395549,0.1033748,168.1329,0.172153,0.2794007,0.9446155,-0.007815652,-0.007046461,0.0160706,0.01920941,0.1857763,-0.155826,-0.1407083,0.9598994,32.56162,0.6626698,-0.5558361,-0.5019108,-0.116979,1.206092,-0.05886102,1.21318,0.01719598,-0.08847945,-0.1990514,-0.9758351,334.7572,0.07869723,-0.4049254,-0.9109568,False,False,False,False
1772879692510,18.12321,0.201793,1.102369,0.1905453,1.136769,-0.01513553,-0.7764372,0.6142368,0.1401044,163.8922,-0.01528631,-0.7841717,0.6203555,-0.09763522,0.6337158,-0.06120764,0.6441077,0.5336853,0.2283854,-0.7526997,0.3105854,143.811,0.5614517,0.2402677,-0.7918608,0.1117236,1.081366,0.281731,1.123034,0.0708888,1.093789,0.2772827,1.130613,0.08252782,1.108535,0.2889409,1.148541,-0.01390797,0.6401432,0.03381553,0.6411866,-0.003677767,0.6467276,0.07552969,0.6511335,-0.02414421,0.6417221,0.107443,0.6511023,0.1005269,-0.07912235,0.02241524,0.1298786,0.141285,-0.06574883,0.02117898,0.157267,0.1353124,-0.07503566,0.002024271,0.1547382,-0.1111411,0.05387162,-0.0287484,0.1268107,-0.1544749,0.05600832,-0.0263622,0.1664163,-0.1786623,0.04457498,0.0009625256,0.1841414,0.1011927,-0.08034029,0.02570784,0.1317399,0.1376718,-0.06582252,0.02168559,0.1541311,0.1311617,-0.07503793,0.003033464,0.1511399,-0.1109906,0.05426063,-0.02908516,0.1269215,-0.154889,0.05564801,-0.02661139,0.1667197,-0.1791215,0.04385402,0.0009172254,0.184414,0.1169002,-0.07556625,0.01965669,0.1405785,-0.2458822,0.8592225,-0.04639766,0.4462352,126.9952,-0.2747546,0.9601156,-0.05184585,-0.1436903,0.0499519,-0.01611432,0.1529763,0.17304,-0.5200856,-0.1411919,0.8243986,68.94486,0.3057192,-0.9188635,-0.2494514,0.1074435,1.107588,0.2836369,1.148366,0.5543701,-0.5742926,0.2293249,0.5570206,112.3,0.6675147,-0.6915033,0.2761291,0.1065543,-0.0766539,0.002414892,0.1312839,0.01470556,0.04915164,-0.7347385,0.6764077,94.87288,0.01996607,0.06673431,-0.9975712,-0.4811622,-0.1855388,-0.3411145,0.6183048,0.1712307,0.2779039,0.9395549,0.1033748,168.1329,0.172153,0.2794007,0.9446155,-0.00744354,-0.007588148,0.01636308,0.01951248,0.1664935,-0.1609562,-0.1338354,0.963567,31.02727,0.6224808,-0.6017783,-0.5003798,-0.1167426,1.20618,-0.05889158,1.213247,0.01706276,-0.08878174,-0.198844,-0.9758523,334.7662,0.07811496,-0.4064514,-0.910327,False,False,False,False
1772879692522,18.13807,0.201793,1.102369,0.1905453,1.136769,-0.01513553,-0.7764372,0.6142368,0.1401044,163.8922,-0.01528631,-0.7841717,0.6203555,-0.09763522,0.6337158,-0.06120764,0.6441077,0.5336853,0.2283854,-0.7526997,0.3105854,143.811,0.5614517,0.2402677,-0.7918608,0.1117236,1.081366,0.281731,1.123034,0.0708888,1.093789,0.2772827,1.130613,0.08252782,1.108535,0.2889409,1.148541,-0.01390797,0.6401432,0.03381553,0.6411866,-0.003677767,0.6467276,0.07552969,0.6511335,-0.02414421,0.6417221,0.107443,0.6511023,0.1005269,-0.07912235,0.02241524,0.1298786,0.141285,-0.06574883,0.02117898,0.157267,0.1353124,-0.07503566,0.002024271,0.1547382,-0.1111411,0.05387162,-0.0287484,0.1268107,-0.1544749,0.05600832,-0.0263622,0.1664163,-0.1786623,0.04457498,0.0009625256,0.1841414,0.1011927,-0.08034029,0.02570784,0.1317399,0.1376718,-0.06582252,0.02168559,0.1541311,0.1311617,-0.07503793,0.003033464,0.1511399,-0.1109906,0.05426063,-0.02908516,0.1269215,-0.154889,0.05564801,-0.02661139,0.1667197,-0.1791215,0.04385402,0.0009172254,0.184414,0.1169002,-0.07556625,0.01965669,0.1405785,-0.2458822,0.8592225,-0.04639766,0.4462352,126.9952,-0.2747546,0.9601156,-0.05184585,-0.1436903,0.0499519,-0.01611432,0.1529763,0.17304,-0.5200856,-0.1411919,0.8243986,68.94486,0.3057192,-0.9188635,-0.2494514,0.1073048,1.107749,0.2835369,1.148484,0.5556495,-0.5767194,0.2220817,0.5561728,112.4169,0.6685979,-0.6939508,0.2672249,0.1065543,-0.0766539,0.002414892,0.1312839,0.01470556,0.04915164,-0.7347385,0.6764077,94.87288,0.01996607,0.06673431,-0.9975712,-0.4811622,-0.1855388,-0.3411145,0.6183048,0.1712307,0.2779039,0.9395549,0.1033748,168.1329,0.172153,0.2794007,0.9446155,-0.007304788,-0.007749438,0.01646316,0.01960738,0.1597575,-0.163283,-0.1309034,0.9647179,30.53027,0.6067829,-0.6201734,-0.4971908,-0.116475,1.206209,-0.05893781,1.213252,0.01694716,-0.08923102,-0.1987,-0.9758427,334.7611,0.07757051,-0.4084282,-0.9094893,False,False,False,False
1772879692537,18.15233,0.201793,1.102369,0.1905453,1.136769,-0.01513553,-0.7764372,0.6142368,0.1401044,163.8922,-0.01528631,-0.7841717,0.6203555,-0.09763522,0.6337158,-0.06120764,0.6441077,0.5336853,0.2283854,-0.7526997,0.3105854,143.811,0.5614517,0.2402677,-0.7918608,0.1117236,1.081366,0.281731,1.123034,0.0708888,1.093789,0.2772827,1.130613,0.08252782,1.108535,0.2889409,1.148541,-0.01390797,0.6401432,0.03381553,0.6411866,-0.003677767,0.6467276,0.07552969,0.6511335,-0.02414421,0.6417221,0.107443,0.6511023,0.1005269,-0.07912235,0.02241524,0.1298786,0.141285,-0.06574883,0.02117898,0.157267,0.1353124,-0.07503566,0.002024271,0.1547382,-0.1111411,0.05387162,-0.0287484,0.1268107,-0.1544749,0.05600832,-0.0263622,0.1664163,-0.1786623,0.04457498,0.0009625256,0.1841414,0.1011927,-0.08034029,0.02570784,0.1317399,0.1376718,-0.06582252,0.02168559,0.1541311,0.1311617,-0.07503793,0.003033464,0.1511399,-0.1109906,0.05426063,-0.02908516,0.1269215,-0.154889,0.05564801,-0.02661139,0.1667197,-0.1791215,0.04385402,0.0009172254,0.184414,0.1169002,-0.07556625,0.01965669,0.1405785,-0.2458822,0.8592225,-0.04639766,0.4462352,126.9952,-0.2747546,0.9601156,-0.05184585,-0.1436903,0.0499519,-0.01611432,0.1529763,0.17304,-0.5200856,-0.1411919,0.8243986,68.94486,0.3057192,-0.9188635,-0.2494514,0.107137,1.108092,0.2832522,1.148729,0.5624624,-0.5810543,0.2079821,0.5502321,113.2341,0.6735982,-0.6958635,0.2490769,0.1065543,-0.0766539,0.002414892,0.1312839,0.01470556,0.04915164,-0.7347385,0.6764077,94.87288,0.01996607,0.06673431,-0.9975712,-0.4811622,-0.1855388,-0.3411145,0.6183048,0.1712307,0.2779039,0.9395549,0.1033748,168.1329,0.172153,0.2794007,0.9446155,-0.007137045,-0.008092284,0.0167478,0.01992263,0.142844,-0.1653257,-0.1292618,0.9672407,29.41222,0.5626857,-0.6512447,-0.5091832,-0.1161663,1.206249,-0.05896444,1.213263,0.01659421,-0.0896446,-0.1980925,-0.9759343,334.8092,0.07609767,-0.411092,-0.9084121,False,False,False,False
1772879692551,18.16604,0.201793,1.102369,0.1905453,1.136769,-0.01513553,-0.7764372,0.6142368,0.1401044,163.8922,-0.01528631,-0.7841717,0.6203555,-0.09763522,0.6337158,-0.06120764,0.6441077,0.5336853,0.2283854,-0.7526997,0.3105854,143.811,0.5614517,0.2402677,-0.7918608,0.1117236,1.081366,0.281731,1.123034,0.0708888,1.093789,0.2772827,1.130613,0.08252782,1.108535,0.2889409,1.148541,-0.01390797,0.6401432,0.03381553,0.6411866,-0.003677767,0.6467276,0.07552969,0.6511335,-0.02414421,0.6417221,0.107443,0.6511023,0.1005269,-0.07912235,0.02241524,0.1298786,0.141285,-0.06574883,0.02117898,0.157267,0.1353124,-0.07503566,0.002024271,0.1547382,-0.1111411,0.05387162,-0.0287484,0.1268107,-0.1544749,0.05600832,-0.0263622,0.1664163,-0.1786623,0.04457498,0.0009625256,0.1841414,0.1011927,-0.08034029,0.02570784,0.1317399,0.1376718,-0.06582252,0.02168559,0.1541311,0.1311617,-0.07503793,0.003033464,0.1511399,-0.1109906,0.05426063,-0.02908516,0.1269215,-0.154889,0.05564801,-0.02661139,0.1667197,-0.1791215,0.04385402,0.0009172254,0.184414,0.1169002,-0.07556625,0.01965669,0.1405785,-0.2458822,0.8592225,-0.04639766,0.4462352,126.9952,-0.2747546,0.9601156,-0.05184585,-0.1436903,0.0499519,-0.01611432,0.1529763,0.17304,-0.5200856,-0.1411919,0.8243986,68.94486,0.3057192,-0.9188635,-0.2494514,0.107086,1.108178,0.283237,1.148803,0.5630864,-0.5818848,0.2048992,0.5498729,113.2834,0.6741545,-0.6966608,0.2453153,0.1065543,-0.0766539,0.002414892,0.1312839,0.01470556,0.04915164,-0.7347385,0.6764077,94.87288,0.01996607,0.06673431,-0.9975712,-0.4811622,-0.1855388,-0.3411145,0.6183048,0.1712307,0.2779039,0.9395549,0.1033748,168.1329,0.172153,0.2794007,0.9446155,-0.007085986,-0.008177519,0.01676306,0.01995202,0.1399758,-0.1664058,-0.1281775,0.9676191,29.24099,0.5545449,-0.6592533,-0.5078033,-0.1158866,1.206344,-0.05897799,1.213332,0.0167379,-0.0902262,-0.1976982,-0.9759583,334.8218,0.07679436,-0.4139625,-0.9070498,False,False,False,False
1772879692563,18.17929,0.201793,1.102369,0.1905453,1.136769,-0.01513553,-0.7764372,0.6142368,0.1401044,163.8922,-0.01528631,-0.7841717,0.6203555,-0.09763522,0.6337158,-0.06120764,0.6441077,0.5336853,0.2283854,-0.7526997,0.3105854,143.811,0.5614517,0.2402677,-0.7918608,0.1117236,1.081366,0.281731,1.123034,0.0708888,1.093789,0.2772827,1.130613,0.08252782,1.108535,0.2889409,1.148541,-0.01390797,0.6401432,0.03381553,0.6411866,-0.003677767,0.6467276,0.07552969,0.6511335,-0.02414421,0.6417221,0.107443,0.6511023,0.1005269,-0.07912235,0.02241524,0.1298786,0.141285,-0.06574883,0.02117898,0.157267,0.1353124,-0.07503566,0.002024271,0.1547382,-0.1111411,0.05387162,-0.0287484,0.1268107,-0.1544749,0.05600832,-0.0263622,0.1664163,-0.1786623,0.04457498,0.0009625256,0.1841414,0.1011927,-0.08034029,0.02570784,0.1317399,0.1376718,-0.06582252,0.02168559,0.1541311,0.1311617,-0.07503793,0.003033464,0.1511399,-0.1109906,0.05426063,-0.02908516,0.1269215,-0.154889,0.05564801,-0.02661139,0.1667197,-0.1791215,0.04385402,0.0009172254,0.184414,0.1169002,-0.07556625,0.01965669,0.1405785,-0.2458822,0.8592225,-0.04639766,0.4462352,126.9952,-0.2747546,0.9601156,-0.05184585,-0.1436903,0.0499519,-0.01611432,0.1529763,0.17304,-0.5200856,-0.1411919,0.8243986,68.94486,0.3057192,-0.9188635,-0.2494514,0.1070072,1.108267,0.2832099,1.148875,0.5637106,-0.5829338,0.2003903,0.5497839,113.2956,0.6748544,-0.6978678,0.2399002,0.1065543,-0.0766539,0.002414892,0.1312839,0.01470556,0.04915164,-0.7347385,0.6764077,94.87288,0.01996607,0.06673431,-0.9975712,-0.4811622,-0.1855388,-0.3411145,0.6183048,0.1712307,0.2779039,0.9395549,0.1033748,168.1329,0.172153,0.2794007,0.9446155,-0.007007174,-0.008267045,0.01679006,0.01998376,0.1361383,-0.1683382,-0.1263977,0.9680664,29.03721,0.5430448,-0.6714878,-0.5041903,-0.1155957,1.206474,-0.05898145,1.213434,0.01700768,-0.09070259,-0.1972244,-0.9760053,334.8466,0.0781076,-0.4165508,-0.9057513,False,False,False,False
1772879692579,18.19288,0.201793,1.102369,0.1905453,1.136769,-0.01513553,-0.7764372,0.6142368,0.1401044,163.8922,-0.01528631,-0.7841717,0.6203555,-0.09763522,0.6337158,-0.06120764,0.6441077,0.5336853,0.2283854,-0.7526997,0.3105854,143.811,0.5614517,0.2402677,-0.7918608,0.1117236,1.081366,0.281731,1.123034,0.0708888,1.093789,0.2772827,1.130613,0.08252782,1.108535,0.2889409,1.148541,-0.01390797,0.6401432,0.03381553,0.6411866,-0.003677767,0.6467276,0.07552969,0.6511335,-0.02414421,0.6417221,0.107443,0.6511023,0.1005269,-0.07912235,0.02241524,0.1298786,0.141285,-0.06574883,0.02117898,0.157267,0.1353124,-0.07503566,0.002024271,0.1547382,-0.1111411,0.05387162,-0.0287484,0.1268107,-0.1544749,0.05600832,-0.0263622,0.1664163,-0.1786623,0.04457498,0.0009625256,0.1841414,0.1011927,-0.08034029,0.02570784,0.1317399,0.1376718,-0.06582252,0.02168559,0.1541311,0.1311617,-0.07503793,0.003033464,0.1511399,-0.1109906,0.05426063,-0.02908516,0.1269215,-0.154889,0.05564801,-0.02661139,0.1667197,-0.1791215,0.04385402,0.0009172254,0.184414,0.1169002,-0.07556625,0.01965669,0.1405785,-0.2458822,0.8592225,-0.04639766,0.4462352,126.9952,-0.2747546,0.9601156,-0.05184585,-0.1436903,0.0499519,-0.01611432,0.1529763,0.17304,-0.5200856,-0.1411919,0.8243986,68.94486,0.3057192,-0.9188635,-0.2494514,0.1069754,1.108331,0.2831211,1.148912,0.5655644,-0.5842684,0.1967732,0.5477661,113.5722,0.6760018,-0.6983581,0.235197,0.1065543,-0.0766539,0.002414892,0.1312839,0.01470556,0.04915164,-0.7347385,0.6764077,94.87288,0.01996607,0.06673431,-0.9975712,-0.4811622,-0.1855388,-0.3411145,0.6183048,0.1712307,0.2779039,0.9395549,0.1033748,168.1329,0.172153,0.2794007,0.9446155,-0.006975383,-0.008330703,0.01687887,0.02007369,0.1314742,-0.168419,-0.1260116,0.9687471,28.72443,0.5300288,-0.6789689,-0.5080064,-0.115111,1.206695,-0.059028,1.213609,0.01724852,-0.09152259,-0.1967514,-0.97602,334.8543,0.07923764,-0.4204438,-0.9038524,False,False,False,False
1772879692592,18.20779,0.201793,1.102369,0.1905453,1.136769,-0.01513553,-0.7764372,0.6142368,0.1401044,163.8922,-0.01528631,-0.7841717,0.6203555,-0.09763522,0.6337158,-0.06120764,0.6441077,0.5336853,0.2283854,-0.7526997,0.3105854,143.811,0.5614517,0.2402677,-0.7918608,0.1117236,1.081366,0.281731,1.123034,0.0708888,1.093789,0.2772827,1.130613,0.08252782,1.108535,0.2889409,1.148541,-0.01390797,0.6401432,0.03381553,0.6411866,-0.003677767,0.6467276,0.07552969,0.6511335,-0.02414421,0.6417221,0.107443,0.6511023,0.1005269,-0.07912235,0.02241524,0.1298786,0.141285,-0.06574883,0.02117898,0.157267,0.1353124,-0.07503566,0.002024271,0.1547382,-0.1111411,0.05387162,-0.0287484,0.1268107,-0.1544749,0.05600832,-0.0263622,0.1664163,-0.1786623,0.04457498,0.0009625256,0.1841414,0.1011927,-0.08034029,0.02570784,0.1317399,0.1376718,-0.06582252,0.02168559,0.1541311,0.1311617,-0.07503793,0.003033464,0.1511399,-0.1109906,0.05426063,-0.02908516,0.1269215,-0.154889,0.05564801,-0.02661139,0.1667197,-0.1791215,0.04385402,0.0009172254,0.184414,0.1169002,-0.07556625,0.01965669,0.1405785,-0.2458822,0.8592225,-0.04639766,0.4462352,126.9952,-0.2747546,0.9601156,-0.05184585,-0.1436903,0.0499519,-0.01611432,0.1529763,0.17304,-0.5200856,-0.1411919,0.8243986,68.94486,0.3057192,-0.9188635,-0.2494514,0.1069754,1.108331,0.2831211,1.148912,0.5655644,-0.5842684,0.1967732,0.5477661,113.5722,0.6760018,-0.6983581,0.235197,0.1065543,-0.0766539,0.002414892,0.1312839,0.01470556,0.04915164,-0.7347385,0.6764077,94.87288,0.01996607,0.06673431,-0.9975712,-0.4811622,-0.1855388,-0.3411145,0.6183048,0.1712307,0.2779039,0.9395549,0.1033748,168.1329,0.172153,0.2794007,0.9446155,-0.006975383,-0.008330703,0.01687887,0.02007369,0.1314742,-0.168419,-0.1260116,0.9687471,28.72443,0.5300288,-0.6789689,-0.5080064,-0.1146928,1.206702,-0.05922225,1.213586,0.01759561,-0.09269288,-0.1966596,-0.9759219,334.8027,0.08066926,-0.4249621,-0.9016106,False,False,False,False
1772879692605,18.22082,0.201793,1.102369,0.1905453,1.136769,-0.01513553,-0.7764372,0.6142368,0.1401044,163.8922,-0.01528631,-0.7841717,0.6203555,-0.09763522,0.6337158,-0.06120764,0.6441077,0.5336853,0.2283854,-0.7526997,0.3105854,143.811,0.5614517,0.2402677,-0.7918608,0.1117236,1.081366,0.281731,1.123034,0.0708888,1.093789,0.2772827,1.130613,0.08252782,1.108535,0.2889409,1.148541,-0.01390797,0.6401432,0.03381553,0.6411866,-0.003677767,0.6467276,0.07552969,0.6511335,-0.02414421,0.6417221,0.107443,0.6511023,0.1005269,-0.07912235,0.02241524,0.1298786,0.141285,-0.06574883,0.02117898,0.157267,0.1353124,-0.07503566,0.002024271,0.1547382,-0.1111411,0.05387162,-0.0287484,0.1268107,-0.1544749,0.05600832,-0.0263622,0.1664163,-0.1786623,0.04457498,0.0009625256,0.1841414,0.1011927,-0.08034029,0.02570784,0.1317399,0.1376718,-0.06582252,0.02168559,0.1541311,0.1311617,-0.07503793,0.003033464,0.1511399,-0.1109906,0.05426063,-0.02908516,0.1269215,-0.154889,0.05564801,-0.02661139,0.1667197,-0.1791215,0.04385402,0.0009172254,0.184414,0.1169002,-0.07556625,0.01965669,0.1405785,-0.2458822,0.8592225,-0.04639766,0.4462352,126.9952,-0.2747546,0.9601156,-0.05184585,-0.1436903,0.0499519,-0.01611432,0.1529763,0.17304,-0.5200856,-0.1411919,0.8243986,68.94486,0.3057192,-0.9188635,-0.2494514,0.1069754,1.108331,0.2831211,1.148912,0.5655644,-0.5842684,0.1967732,0.5477661,113.5722,0.6760018,-0.6983581,0.235197,0.1065543,-0.0766539,0.002414892,0.1312839,0.01470556,0.04915164,-0.7347385,0.6764077,94.87288,0.01996607,0.06673431,-0.9975712,-0.4811622,-0.1855388,-0.3411145,0.6183048,0.1712307,0.2779039,0.9395549,0.1033748,168.1329,0.172153,0.2794007,0.9446155,-0.006975383,-0.008330703,0.01687887,0.02007369,0.1314742,-0.168419,-0.1260116,0.9687471,28.72443,0.5300288,-0.6789689,-0.5080064,-0.1143194,1.206769,-0.05931488,1.213622,0.0173142,-0.09364852,-0.1965601,-0.9758557,334.7679,0.07927158,-0.4287617,-0.8999335,False,False,False,False
1772879692621,18.23494,0.201793,1.102369,0.1905453,1.136769,-0.01513553,-0.7764372,0.6142368,0.1401044,163.8922,-0.01528631,-0.7841717,0.6203555,-0.09763522,0.6337158,-0.06120764,0.6441077,0.5336853,0.2283854,-0.7526997,0.3105854,143.811,0.5614517,0.2402677,-0.7918608,0.1117236,1.081366,0.281731,1.123034,0.0708888,1.093789,0.2772827,1.130613,0.08252782,1.108535,0.2889409,1.148541,-0.01390797,0.6401432,0.03381553,0.6411866,-0.003677767,0.6467276,0.07552969,0.6511335,-0.02414421,0.6417221,0.107443,0.6511023,0.1005269,-0.07912235,0.02241524,0.1298786,0.141285,-0.06574883,0.02117898,0.157267,0.1353124,-0.07503566,0.002024271,0.1547382,-0.1111411,0.05387162,-0.0287484,0.1268107,-0.1544749,0.05600832,-0.0263622,0.1664163,-0.1786623,0.04457498,0.0009625256,0.1841414,0.1011927,-0.08034029,0.02570784,0.1317399,0.1376718,-0.06582252,0.02168559,0.1541311,0.1311617,-0.07503793,0.003033464,0.1511399,-0.1109906,0.05426063,-0.02908516,0.1269215,-0.154889,0.05564801,-0.02661139,0.1667197,-0.1791215,0.04385402,0.0009172254,0.184414,0.1169002,-0.07556625,0.01965669,0.1405785,-0.2458822,0.8592225,-0.04639766,0.4462352,126.9952,-0.2747546,0.9601156,-0.05184585,-0.1436903,0.0499519,-0.01611432,0.1529763,0.17304,-0.5200856,-0.1411919,0.8243986,68.94486,0.3057192,-0.9188635,-0.2494514,0.1069754,1.108331,0.2831211,1.148912,0.5655644,-0.5842684,0.1967732,0.5477661,113.5722,0.6760018,-0.6983581,0.235197,0.1065543,-0.0766539,0.002414892,0.1312839,0.01470556,0.04915164,-0.7347385,0.6764077,94.87288,0.01996607,0.06673431,-0.9975712,-0.4811622,-0.1855388,-0.3411145,0.6183048,0.1712307,0.2779039,0.9395549,0.1033748,168.1329,0.172153,0.2794007,0.9446155,-0.006975383,-0.008330703,0.01687887,0.02007369,0.1314742,-0.168419,-0.1260116,0.9687471,28.72443,0.5300288,-0.6789689,-0.5080064,-0.1141372,1.206797,-0.05936079,1.213635,0.01749313,-0.09443613,-0.1959449,-0.9759004,334.7914,0.08016405,-0.4327632,-0.8979374,False,False,False,False
1772879692633,18.2494,0.201793,1.102369,0.1905453,1.136769,-0.01513553,-0.7764372,0.6142368,0.1401044,163.8922,-0.01528631,-0.7841717,0.6203555,-0.09763522,0.6337158,-0.06120764,0.6441077,0.5336853,0.2283854,-0.7526997,0.3105854,143.811,0.5614517,0.2402677,-0.7918608,0.1117236,1.081366,0.281731,1.123034,0.0708888,1.093789,0.2772827,1.130613,0.08252782,1.108535,0.2889409,1.148541,-0.01390797,0.6401432,0.03381553,0.6411866,-0.003677767,0.6467276,0.07552969,0.6511335,-0.02414421,0.6417221,0.107443,0.6511023,0.1005269,-0.07912235,0.02241524,0.1298786,0.141285,-0.06574883,0.02117898,0.157267,0.1353124,-0.07503566,0.002024271,0.1547382,-0.1111411,0.05387162,-0.0287484,0.1268107,-0.1544749,0.05600832,-0.0263622,0.1664163,-0.1786623,0.04457498,0.0009625256,0.1841414,0.1011927,-0.08034029,0.02570784,0.1317399,0.1376718,-0.06582252,0.02168559,0.1541311,0.1311617,-0.07503793,0.003033464,0.1511399,-0.1109906,0.05426063,-0.02908516,0.1269215,-0.154889,0.05564801,-0.02661139,0.1667197,-0.1791215,0.04385402,0.0009172254,0.184414,0.1169002,-0.07556625,0.01965669,0.1405785,-0.2458822,0.8592225,-0.04639766,0.4462352,126.9952,-0.2747546,0.9601156,-0.05184585,-0.1436903,0.0499519,-0.01611432,0.1529763,0.17304,-0.5200856,-0.1411919,0.8243986,68.94486,0.3057192,-0.9188635,-0.2494514,0.1069754,1.108331,0.2831211,1.148912,0.5655644,-0.5842684,0.1967732,0.5477661,113.5722,0.6760018,-0.6983581,0.235197,0.1065543,-0.0766539,0.002414892,0.1312839,0.01470556,0.04915164,-0.7347385,0.6764077,94.87288,0.01996607,0.06673431,-0.9975712,-0.4811622,-0.1855388,-0.3411145,0.6183048,0.1712307,0.2779039,0.9395549,0.1033748,168.1329,0.172153,0.2794007,0.9446155,-0.006975383,-0.008330703,0.01687887,0.02007369,0.1314742,-0.168419,-0.1260116,0.9687471,28.72443,0.5300288,-0.6789689,-0.5080064,-0.1139397,1.206927,-0.0593228,1.213744,0.01720384,-0.09466837,-0.1952555,-0.9760211,334.8549,0.07903422,-0.4349052,-0.8970014,False,False,False,False
1772879692647,18.26233,0.201793,1.102369,0.1905453,1.136769,-0.01513553,-0.7764372,0.6142368,0.1401044,163.8922,-0.01528631,-0.7841717,0.6203555,-0.09763522,0.6337158,-0.06120764,0.6441077,0.5336853,0.2283854,-0.7526997,0.3105854,143.811,0.5614517,0.2402677,-0.7918608,0.1117236,1.081366,0.281731,1.123034,0.0708888,1.093789,0.2772827,1.130613,0.08252782,1.108535,0.2889409,1.148541,-0.01390797,0.6401432,0.03381553,0.6411866,-0.003677767,0.6467276,0.07552969,0.6511335,-0.02414421,0.6417221,0.107443,0.6511023,0.1005269,-0.07912235,0.02241524,0.1298786,0.141285,-0.06574883,0.02117898,0.157267,0.1353124,-0.07503566,0.002024271,0.1547382,-0.1111411,0.05387162,-0.0287484,0.1268107,-0.1544749,0.05600832,-0.0263622,0.1664163,-0.1786623,0.04457498,0.0009625256,0.1841414,0.1011927,-0.08034029,0.02570784,0.1317399,0.1376718,-0.06582252,0.02168559,0.1541311,0.1311617,-0.07503793,0.003033464,0.1511399,-0.1109906,0.05426063,-0.02908516,0.1269215,-0.154889,0.05564801,-0.02661139,0.1667197,-0.1791215,0.04385402,0.0009172254,0.184414,0.1169002,-0.07556625,0.01965669,0.1405785,-0.2458822,0.8592225,-0.04639766,0.4462352,126.9952,-0.2747546,0.9601156,-0.05184585,-0.1436903,0.0499519,-0.01611432,0.1529763,0.17304,-0.5200856,-0.1411919,0.8243986,68.94486,0.3057192,-0.9188635,-0.2494514,0.1069754,1.108331,0.2831211,1.148912,0.5655644,-0.5842684,0.1967732,0.5477661,113.5722,0.6760018,-0.6983581,0.235197,0.1065543,-0.0766539,0.002414892,0.1312839,0.01470556,0.04915164,-0.7347385,0.6764077,94.87288,0.01996607,0.06673431,-0.9975712,-0.4811622,-0.1855388,-0.3411145,0.6183048,0.1712307,0.2779039,0.9395549,0.1033748,168.1329,0.172153,0.2794007,0.9446155,-0.006975383,-0.008330703,0.01687887,0.02007369,0.1314742,-0.168419,-0.1260116,0.9687471,28.72443,0.5300288,-0.6789689,-0.5080064,-0.1135554,1.206833,-0.05938157,1.213617,0.01757037,-0.09495031,-0.1951047,-0.9760174,334.8529,0.08071183,-0.4361668,-0.896239,False,False,False,False
1772879692661,18.27667,0.201793,1.102369,0.1905453,1.136769,-0.01513553,-0.7764372,0.6142368,0.1401044,163.8922,-0.01528631,-0.7841717,0.6203555,-0.09763522,0.6337158,-0.06120764,0.6441077,0.5336853,0.2283854,-0.7526997,0.3105854,143.811,0.5614517,0.2402677,-0.7918608,0.1117236,1.081366,0.281731,1.123034,0.0708888,1.093789,0.2772827,1.130613,0.08252782,1.108535,0.2889409,1.148541,-0.01390797,0.6401432,0.03381553,0.6411866,-0.003677767,0.6467276,0.07552969,0.6511335,-0.02414421,0.6417221,0.107443,0.6511023,0.1005269,-0.07912235,0.02241524,0.1298786,0.141285,-0.06574883,0.02117898,0.157267,0.1353124,-0.07503566,0.002024271,0.1547382,-0.1111411,0.05387162,-0.0287484,0.1268107,-0.1544749,0.05600832,-0.0263622,0.1664163,-0.1786623,0.04457498,0.0009625256,0.1841414,0.1011927,-0.08034029,0.02570784,0.1317399,0.1376718,-0.06582252,0.02168559,0.1541311,0.1311617,-0.07503793,0.003033464,0.1511399,-0.1109906,0.05426063,-0.02908516,0.1269215,-0.154889,0.05564801,-0.02661139,0.1667197,-0.1791215,0.04385402,0.0009172254,0.184414,0.1169002,-0.07556625,0.01965669,0.1405785,-0.2458822,0.8592225,-0.04639766,0.4462352,126.9952,-0.2747546,0.9601156,-0.05184585,-0.1436903,0.0499519,-0.01611432,0.1529763,0.17304,-0.5200856,-0.1411919,0.8243986,68.94486,0.3057192,-0.9188635,-0.2494514,0.1069754,1.108331,0.2831211,1.148912,0.5655644,-0.5842684,0.1967732,0.5477661,113.5722,0.6760018,-0.6983581,0.235197,0.1065543,-0.0766539,0.002414892,0.1312839,0.01470556,0.04915164,-0.7347385,0.6764077,94.87288,0.01996607,0.06673431,-0.9975712,-0.4811622,-0.1855388,-0.3411145,0.6183048,0.1712307,0.2779039,0.9395549,0.1033748,168.1329,0.172153,0.2794007,0.9446155,-0.006975383,-0.008330703,0.01687887,0.02007369,0.1314742,-0.168419,-0.1260116,0.9687471,28.72443,0.5300288,-0.6789689,-0.5080064,-0.1132966,1.206919,-0.05932294,1.213676,0.01725255,-0.09584223,-0.1948398,-0.9759887,334.8378,0.07920521,-0.4400048,-0.8944954,False,False,False,False
1772879692675,18.29009,0.201793,1.102369,0.1905453,1.136769,-0.01513553,-0.7764372,0.6142368,0.1401044,163.8922,-0.01528631,-0.7841717,0.6203555,-0.09763522,0.6337158,-0.06120764,0.6441077,0.5336853,0.2283854,-0.7526997,0.3105854,143.811,0.5614517,0.2402677,-0.7918608,0.1117236,1.081366,0.281731,1.123034,0.0708888,1.093789,0.2772827,1.130613,0.08252782,1.108535,0.2889409,1.148541,-0.01390797,0.6401432,0.03381553,0.6411866,-0.003677767,0.6467276,0.07552969,0.6511335,-0.02414421,0.6417221,0.107443,0.6511023,0.1005269,-0.07912235,0.02241524,0.1298786,0.141285,-0.06574883,0.02117898,0.157267,0.1353124,-0.07503566,0.002024271,0.1547382,-0.1111411,0.05387162,-0.0287484,0.1268107,-0.1544749,0.05600832,-0.0263622,0.1664163,-0.1786623,0.04457498,0.0009625256,0.1841414,0.1011927,-0.08034029,0.02570784,0.1317399,0.1376718,-0.06582252,0.02168559,0.1541311,0.1311617,-0.07503793,0.003033464,0.1511399,-0.1109906,0.05426063,-0.02908516,0.1269215,-0.154889,0.05564801,-0.02661139,0.1667197,-0.1791215,0.04385402,0.0009172254,0.184414,0.1169002,-0.07556625,0.01965669,0.1405785,-0.2458822,0.8592225,-0.04639766,0.4462352,126.9952,-0.2747546,0.9601156,-0.05184585,-0.1436903,0.0499519,-0.01611432,0.1529763,0.17304,-0.5200856,-0.1411919,0.8243986,68.94486,0.3057192,-0.9188635,-0.2494514,0.1069754,1.108331,0.2831211,1.148912,0.5655644,-0.5842684,0.1967732,0.5477661,113.5722,0.6760018,-0.6983581,0.235197,0.1065543,-0.0766539,0.002414892,0.1312839,0.01470556,0.04915164,-0.7347385,0.6764077,94.87288,0.01996607,0.06673431,-0.9975712,-0.4811622,-0.1855388,-0.3411145,0.6183048,0.1712307,0.2779039,0.9395549,0.1033748,168.1329,0.172153,0.2794007,0.9446155,-0.006975383,-0.008330703,0.01687887,0.02007369,0.1314742,-0.168419,-0.1260116,0.9687471,28.72443,0.5300288,-0.6789689,-0.5080064,-0.113022,1.20686,-0.05943081,1.213597,0.01742002,-0.09624508,-0.1946561,-0.9759828,334.8347,0.07996423,-0.4418,-0.8935424,False,False,False,False
1772879692690,18.30413,0.201793,1.102369,0.1905453,1.136769,-0.01513553,-0.7764372,0.6142368,0.1401044,163.8922,-0.01528631,-0.7841717,0.6203555,-0.09763522,0.6337158,-0.06120764,0.6441077,0.5336853,0.2283854,-0.7526997,0.3105854,143.811,0.5614517,0.2402677,-0.7918608,0.1117236,1.081366,0.281731,1.123034,0.0708888,1.093789,0.2772827,1.130613,0.08252782,1.108535,0.2889409,1.148541,-0.01390797,0.6401432,0.03381553,0.6411866,-0.003677767,0.6467276,0.07552969,0.6511335,-0.02414421,0.6417221,0.107443,0.6511023,0.1005269,-0.07912235,0.02241524,0.1298786,0.141285,-0.06574883,0.02117898,0.157267,0.1353124,-0.07503566,0.002024271,0.1547382,-0.1111411,0.05387162,-0.0287484,0.1268107,-0.1544749,0.05600832,-0.0263622,0.1664163,-0.1786623,0.04457498,0.0009625256,0.1841414,0.1011927,-0.08034029,0.02570784,0.1317399,0.1376718,-0.06582252,0.02168559,0.1541311,0.1311617,-0.07503793,0.003033464,0.1511399,-0.1109906,0.05426063,-0.02908516,0.1269215,-0.154889,0.05564801,-0.02661139,0.1667197,-0.1791215,0.04385402,0.0009172254,0.184414,0.1169002,-0.07556625,0.01965669,0.1405785,-0.2458822,0.8592225,-0.04639766,0.4462352,126.9952,-0.2747546,0.9601156,-0.05184585,-0.1436903,0.0499519,-0.01611432,0.1529763,0.17304,-0.5200856,-0.1411919,0.8243986,68.94486,0.3057192,-0.9188635,-0.2494514,0.1069754,1.108331,0.2831211,1.148912,0.5655644,-0.5842684,0.1967732,0.5477661,113.5722,0.6760018,-0.6983581,0.235197,0.1065543,-0.0766539,0.002414892,0.1312839,0.01470556,0.04915164,-0.7347385,0.6764077,94.87288,0.01996607,0.06673431,-0.9975712,-0.4811622,-0.1855388,-0.3411145,0.6183048,0.1712307,0.2779039,0.9395549,0.1033748,168.1329,0.172153,0.2794007,0.9446155,-0.006975383,-0.008330703,0.01687887,0.02007369,0.1314742,-0.168419,-0.1260116,0.9687471,28.72443,0.5300288,-0.6789689,-0.5080064,-0.1127643,1.206964,-0.05940523,1.213675,0.01723229,-0.09669277,-0.1941869,-0.9760354,334.8624,0.07918811,-0.4443356,-0.8923537,False,False,False,False
1772879692703,18.31984,0.201793,1.102369,0.1905453,1.136769,-0.01513553,-0.7764372,0.6142368,0.1401044,163.8922,-0.01528631,-0.7841717,0.6203555,-0.09763522,0.6337158,-0.06120764,0.6441077,0.5336853,0.2283854,-0.7526997,0.3105854,143.811,0.5614517,0.2402677,-0.7918608,0.1117236,1.081366,0.281731,1.123034,0.0708888,1.093789,0.2772827,1.130613,0.08252782,1.108535,0.2889409,1.148541,-0.01390797,0.6401432,0.03381553,0.6411866,-0.003677767,0.6467276,0.07552969,0.6511335,-0.02414421,0.6417221,0.107443,0.6511023,0.1005269,-0.07912235,0.02241524,0.1298786,0.141285,-0.06574883,0.02117898,0.157267,0.1353124,-0.07503566,0.002024271,0.1547382,-0.1111411,0.05387162,-0.0287484,0.1268107,-0.1544749,0.05600832,-0.0263622,0.1664163,-0.1786623,0.04457498,0.0009625256,0.1841414,0.1011927,-0.08034029,0.02570784,0.1317399,0.1376718,-0.06582252,0.02168559,0.1541311,0.1311617,-0.07503793,0.003033464,0.1511399,-0.1109906,0.05426063,-0.02908516,0.1269215,-0.154889,0.05564801,-0.02661139,0.1667197,-0.1791215,0.04385402,0.0009172254,0.184414,0.1169002,-0.07556625,0.01965669,0.1405785,-0.2458822,0.8592225,-0.04639766,0.4462352,126.9952,-0.2747546,0.9601156,-0.05184585,-0.1436903,0.0499519,-0.01611432,0.1529763,0.17304,-0.5200856,-0.1411919,0.8243986,68.94486,0.3057192,-0.9188635,-0.2494514,0.1069754,1.108331,0.2831211,1.148912,0.5655644,-0.5842684,0.1967732,0.5477661,113.5722,0.6760018,-0.6983581,0.235197,0.1065543,-0.0766539,0.002414892,0.1312839,0.01470556,0.04915164,-0.7347385,0.6764077,94.87288,0.01996607,0.06673431,-0.9975712,-0.4811622,-0.1855388,-0.3411145,0.6183048,0.1712307,0.2779039,0.9395549,0.1033748,168.1329,0.172153,0.2794007,0.9446155,-0.006975383,-0.008330703,0.01687887,0.02007369,0.1314742,-0.168419,-0.1260116,0.9687471,28.72443,0.5300288,-0.6789689,-0.5080064,-0.1126097,1.207083,-0.059324,1.213775,0.01798196,-0.09686644,-0.194014,-0.976039,334.8643,0.08263929,-0.445167,-0.8916259,False,False,False,False
1772879692718,18.33317,0.201793,1.102369,0.1905453,1.136769,-0.01513553,-0.7764372,0.6142368,0.1401044,163.8922,-0.01528631,-0.7841717,0.6203555,-0.09763522,0.6337158,-0.06120764,0.6441077,0.5336853,0.2283854,-0.7526997,0.3105854,143.811,0.5614517,0.2402677,-0.7918608,0.1117236,1.081366,0.281731,1.123034,0.0708888,1.093789,0.2772827,1.130613,0.08252782,1.108535,0.2889409,1.148541,-0.01390797,0.6401432,0.03381553,0.6411866,-0.003677767,0.6467276,0.07552969,0.6511335,-0.02414421,0.6417221,0.107443,0.6511023,0.1005269,-0.07912235,0.02241524,0.1298786,0.141285,-0.06574883,0.02117898,0.157267,0.1353124,-0.07503566,0.002024271,0.1547382,-0.1111411,0.05387162,-0.0287484,0.1268107,-0.1544749,0.05600832,-0.0263622,0.1664163,-0.1786623,0.04457498,0.0009625256,0.1841414,0.1011927,-0.08034029,0.02570784,0.1317399,0.1376718,-0.06582252,0.02168559,0.1541311,0.1311617,-0.07503793,0.003033464,0.1511399,-0.1109906,0.05426063,-0.02908516,0.1269215,-0.154889,0.05564801,-0.02661139,0.1667197,-0.1791215,0.04385402,0.0009172254,0.184414,0.1169002,-0.07556625,0.01965669,0.1405785,-0.2458822,0.8592225,-0.04639766,0.4462352,126.9952,-0.2747546,0.9601156,-0.05184585,-0.1436903,0.0499519,-0.01611432,0.1529763,0.17304,-0.5200856,-0.1411919,0.8243986,68.94486,0.3057192,-0.9188635,-0.2494514,0.1069754,1.108331,0.2831211,1.148912,0.5655644,-0.5842684,0.1967732,0.5477661,113.5722,0.6760018,-0.6983581,0.235197,0.1065543,-0.0766539,0.002414892,0.1312839,0.01470556,0.04915164,-0.7347385,0.6764077,94.87288,0.01996607,0.06673431,-0.9975712,-0.4811622,-0.1855388,-0.3411145,0.6183048,0.1712307,0.2779039,0.9395549,0.1033748,168.1329,0.172153,0.2794007,0.9446155,-0.006975383,-0.008330703,0.01687887,0.02007369,0.1314742,-0.168419,-0.1260116,0.9687471,28.72443,0.5300288,-0.6789689,-0.5080064,-0.1125029,1.207246,-0.05924491,1.213924,0.01941979,-0.09692821,-0.193505,-0.9761063,334.8998,0.08937131,-0.4460707,-0.8905244,False,False,False,False
1772879692731,18.34612,0.201793,1.102369,0.1905453,1.136769,-0.01513553,-0.7764372,0.6142368,0.1401044,163.8922,-0.01528631,-0.7841717,0.6203555,-0.09763522,0.6337158,-0.06120764,0.6441077,0.5336853,0.2283854,-0.7526997,0.3105854,143.811,0.5614517,0.2402677,-0.7918608,0.1117236,1.081366,0.281731,1.123034,0.0708888,1.093789,0.2772827,1.130613,0.08252782,1.108535,0.2889409,1.148541,-0.01390797,0.6401432,0.03381553,0.6411866,-0.003677767,0.6467276,0.07552969,0.6511335,-0.02414421,0.6417221,0.107443,0.6511023,0.1005269,-0.07912235,0.02241524,0.1298786,0.141285,-0.06574883,0.02117898,0.157267,0.1353124,-0.07503566,0.002024271,0.1547382,-0.1111411,0.05387162,-0.0287484,0.1268107,-0.1544749,0.05600832,-0.0263622,0.1664163,-0.1786623,0.04457498,0.0009625256,0.1841414,0.1011927,-0.08034029,0.02570784,0.1317399,0.1376718,-0.06582252,0.02168559,0.1541311,0.1311617,-0.07503793,0.003033464,0.1511399,-0.1109906,0.05426063,-0.02908516,0.1269215,-0.154889,0.05564801,-0.02661139,0.1667197,-0.1791215,0.04385402,0.0009172254,0.184414,0.1169002,-0.07556625,0.01965669,0.1405785,-0.2458822,0.8592225,-0.04639766,0.4462352,126.9952,-0.2747546,0.9601156,-0.05184585,-0.1436903,0.0499519,-0.01611432,0.1529763,0.17304,-0.5200856,-0.1411919,0.8243986,68.94486,0.3057192,-0.9188635,-0.2494514,0.1069754,1.108331,0.2831211,1.148912,0.5655644,-0.5842684,0.1967732,0.5477661,113.5722,0.6760018,-0.6983581,0.235197,0.1065543,-0.0766539,0.002414892,0.1312839,0.01470556,0.04915164,-0.7347385,0.6764077,94.87288,0.01996607,0.06673431,-0.9975712,-0.4811622,-0.1855388,-0.3411145,0.6183048,0.1712307,0.2779039,0.9395549,0.1033748,168.1329,0.172153,0.2794007,0.9446155,-0.006975383,-0.008330703,0.01687887,0.02007369,0.1314742,-0.168419,-0.1260116,0.9687471,28.72443,0.5300288,-0.6789689,-0.5080064,-0.1123989,1.20743,-0.05923726,1.214096,0.01991725,-0.0965446,-0.1939005,-0.9760559,334.8732,0.09156513,-0.4438424,-0.8914145,False,False,False,False
1772879692744,18.35925,0.201793,1.102369,0.1905453,1.136769,-0.01513553,-0.7764372,0.6142368,0.1401044,163.8922,-0.01528631,-0.7841717,0.6203555,-0.09763522,0.6337158,-0.06120764,0.6441077,0.5336853,0.2283854,-0.7526997,0.3105854,143.811,0.5614517,0.2402677,-0.7918608,0.1117236,1.081366,0.281731,1.123034,0.0708888,1.093789,0.2772827,1.130613,0.08252782,1.108535,0.2889409,1.148541,-0.01390797,0.6401432,0.03381553,0.6411866,-0.003677767,0.6467276,0.07552969,0.6511335,-0.02414421,0.6417221,0.107443,0.6511023,0.1005269,-0.07912235,0.02241524,0.1298786,0.141285,-0.06574883,0.02117898,0.157267,0.1353124,-0.07503566,0.002024271,0.1547382,-0.1111411,0.05387162,-0.0287484,0.1268107,-0.1544749,0.05600832,-0.0263622,0.1664163,-0.1786623,0.04457498,0.0009625256,0.1841414,0.1011927,-0.08034029,0.02570784,0.1317399,0.1376718,-0.06582252,0.02168559,0.1541311,0.1311617,-0.07503793,0.003033464,0.1511399,-0.1109906,0.05426063,-0.02908516,0.1269215,-0.154889,0.05564801,-0.02661139,0.1667197,-0.1791215,0.04385402,0.0009172254,0.184414,0.1169002,-0.07556625,0.01965669,0.1405785,-0.2458822,0.8592225,-0.04639766,0.4462352,126.9952,-0.2747546,0.9601156,-0.05184585,-0.1436903,0.0499519,-0.01611432,0.1529763,0.17304,-0.5200856,-0.1411919,0.8243986,68.94486,0.3057192,-0.9188635,-0.2494514,0.1069754,1.108331,0.2831211,1.148912,0.5655644,-0.5842684,0.1967732,0.5477661,113.5722,0.6760018,-0.6983581,0.235197,0.1065543,-0.0766539,0.002414892,0.1312839,0.01470556,0.04915164,-0.7347385,0.6764077,94.87288,0.01996607,0.06673431,-0.9975712,-0.4811622,-0.1855388,-0.3411145,0.6183048,0.1712307,0.2779039,0.9395549,0.1033748,168.1329,0.172153,0.2794007,0.9446155,-0.006975383,-0.008330703,0.01687887,0.02007369,0.1314742,-0.168419,-0.1260116,0.9687471,28.72443,0.5300288,-0.6789689,-0.5080064,-0.1122477,1.207583,-0.0592111,1.214233,0.02050473,-0.09732642,-0.1942892,-0.9758888,334.7853,0.09394272,-0.4459024,-0.8901387,False,False,False,False
1772879692759,18.37325,0.201793,1.102369,0.1905453,1.136769,-0.01513553,-0.7764372,0.6142368,0.1401044,163.8922,-0.01528631,-0.7841717,0.6203555,-0.09763522,0.6337158,-0.06120764,0.6441077,0.5336853,0.2283854,-0.7526997,0.3105854,143.811,0.5614517,0.2402677,-0.7918608,0.1117236,1.081366,0.281731,1.123034,0.0708888,1.093789,0.2772827,1.130613,0.08252782,1.108535,0.2889409,1.148541,-0.01390797,0.6401432,0.03381553,0.6411866,-0.003677767,0.6467276,0.07552969,0.6511335,-0.02414421,0.6417221,0.107443,0.6511023,0.1005269,-0.07912235,0.02241524,0.1298786,0.141285,-0.06574883,0.02117898,0.157267,0.1353124,-0.07503566,0.002024271,0.1547382,-0.1111411,0.05387162,-0.0287484,0.1268107,-0.1544749,0.05600832,-0.0263622,0.1664163,-0.1786623,0.04457498,0.0009625256,0.1841414,0.1011927,-0.08034029,0.02570784,0.1317399,0.1376718,-0.06582252,0.02168559,0.1541311,0.1311617,-0.07503793,0.003033464,0.1511399,-0.1109906,0.05426063,-0.02908516,0.1269215,-0.154889,0.05564801,-0.02661139,0.1667197,-0.1791215,0.04385402,0.0009172254,0.184414,0.1169002,-0.07556625,0.01965669,0.1405785,-0.2458822,0.8592225,-0.04639766,0.4462352,126.9952,-0.2747546,0.9601156,-0.05184585,-0.1436903,0.0499519,-0.01611432,0.1529763,0.17304,-0.5200856,-0.1411919,0.8243986,68.94486,0.3057192,-0.9188635,-0.2494514,0.1069754,1.108331,0.2831211,1.148912,0.5655644,-0.5842684,0.1967732,0.5477661,113.5722,0.6760018,-0.6983581,0.235197,0.1065543,-0.0766539,0.002414892,0.1312839,0.01470556,0.04915164,-0.7347385,0.6764077,94.87288,0.01996607,0.06673431,-0.9975712,-0.4811622,-0.1855388,-0.3411145,0.6183048,0.1712307,0.2779039,0.9395549,0.1033748,168.1329,0.172153,0.2794007,0.9446155,-0.006975383,-0.008330703,0.01687887,0.02007369,0.1314742,-0.168419,-0.1260116,0.9687471,28.72443,0.5300288,-0.6789689,-0.5080064,-0.1120319,1.207657,-0.05915858,1.214285,0.02107124,-0.09824909,-0.194212,-0.9757996,334.7385,0.09636231,-0.4493094,-0.888164,False,False,False,False
1772879692773,18.38759,0.201793,1.102369,0.1905453,1.136769,-0.01513553,-0.7764372,0.6142368,0.1401044,163.8922,-0.01528631,-0.7841717,0.6203555,-0.09763522,0.6337158,-0.06120764,0.6441077,0.5336853,0.2283854,-0.7526997,0.3105854,143.811,0.5614517,0.2402677,-0.7918608,0.1117236,1.081366,0.281731,1.123034,0.0708888,1.093789,0.2772827,1.130613,0.08252782,1.108535,0.2889409,1.148541,-0.01390797,0.6401432,0.03381553,0.6411866,-0.003677767,0.6467276,0.07552969,0.6511335,-0.02414421,0.6417221,0.107443,0.6511023,0.1005269,-0.07912235,0.02241524,0.1298786,0.141285,-0.06574883,0.02117898,0.157267,0.1353124,-0.07503566,0.002024271,0.1547382,-0.1111411,0.05387162,-0.0287484,0.1268107,-0.1544749,0.05600832,-0.0263622,0.1664163,-0.1786623,0.04457498,0.0009625256,0.1841414,0.1011927,-0.08034029,0.02570784,0.1317399,0.1376718,-0.06582252,0.02168559,0.1541311,0.1311617,-0.07503793,0.003033464,0.1511399,-0.1109906,0.05426063,-0.02908516,0.1269215,-0.154889,0.05564801,-0.02661139,0.1667197,-0.1791215,0.04385402,0.0009172254,0.184414,0.1169002,-0.07556625,0.01965669,0.1405785,-0.2458822,0.8592225,-0.04639766,0.4462352,126.9952,-0.2747546,0.9601156,-0.05184585,-0.1436903,0.0499519,-0.01611432,0.1529763,0.17304,-0.5200856,-0.1411919,0.8243986,68.94486,0.3057192,-0.9188635,-0.2494514,0.1069754,1.108331,0.2831211,1.148912,0.5655644,-0.5842684,0.1967732,0.5477661,113.5722,0.6760018,-0.6983581,0.235197,0.1065543,-0.0766539,0.002414892,0.1312839,0.01470556,0.04915164,-0.7347385,0.6764077,94.87288,0.01996607,0.06673431,-0.9975712,-0.4811622,-0.1855388,-0.3411145,0.6183048,0.1712307,0.2779039,0.9395549,0.1033748,168.1329,0.172153,0.2794007,0.9446155,-0.006975383,-0.008330703,0.01687887,0.02007369,0.1314742,-0.168419,-0.1260116,0.9687471,28.72443,0.5300288,-0.6789689,-0.5080064,-0.1118145,1.207655,-0.05925857,1.214267,0.01967577,-0.09914091,-0.1938759,-0.9758053,334.7415,0.08999115,-0.4534413,-0.8867313,False,False,False,False
1772879692787,18.40137,0.201793,1.102369,0.1905453,1.136769,-0.01513553,-0.7764372,0.6142368,0.1401044,163.8922,-0.01528631,-0.7841717,0.6203555,-0.09763522,0.6337158,-0.06120764,0.6441077,0.5336853,0.2283854,-0.7526997,0.3105854,143.811,0.5614517,0.2402677,-0.7918608,0.1117236,1.081366,0.281731,1.123034,0.0708888,1.093789,0.2772827,1.130613,0.08252782,1.108535,0.2889409,1.148541,-0.01390797,0.6401432,0.03381553,0.6411866,-0.003677767,0.6467276,0.07552969,0.6511335,-0.02414421,0.6417221,0.107443,0.6511023,0.1005269,-0.07912235,0.02241524,0.1298786,0.141285,-0.06574883,0.02117898,0.157267,0.1353124,-0.07503566,0.002024271,0.1547382,-0.1111411,0.05387162,-0.0287484,0.1268107,-0.1544749,0.05600832,-0.0263622,0.1664163,-0.1786623,0.04457498,0.0009625256,0.1841414,0.1011927,-0.08034029,0.02570784,0.1317399,0.1376718,-0.06582252,0.02168559,0.1541311,0.1311617,-0.07503793,0.003033464,0.1511399,-0.1109906,0.05426063,-0.02908516,0.1269215,-0.154889,0.05564801,-0.02661139,0.1667197,-0.1791215,0.04385402,0.0009172254,0.184414,0.1169002,-0.07556625,0.01965669,0.1405785,-0.2458822,0.8592225,-0.04639766,0.4462352,126.9952,-0.2747546,0.9601156,-0.05184585,-0.1436903,0.0499519,-0.01611432,0.1529763,0.17304,-0.5200856,-0.1411919,0.8243986,68.94486,0.3057192,-0.9188635,-0.2494514,0.1069754,1.108331,0.2831211,1.148912,0.5655644,-0.5842684,0.1967732,0.5477661,113.5722,0.6760018,-0.6983581,0.235197,0.1065543,-0.0766539,0.002414892,0.1312839,0.01470556,0.04915164,-0.7347385,0.6764077,94.87288,0.01996607,0.06673431,-0.9975712,-0.4811622,-0.1855388,-0.3411145,0.6183048,0.1712307,0.2779039,0.9395549,0.1033748,168.1329,0.172153,0.2794007,0.9446155,-0.006975383,-0.008330703,0.01687887,0.02007369,0.1314742,-0.168419,-0.1260116,0.9687471,28.72443,0.5300288,-0.6789689,-0.5080064,-0.1114979,1.207492,-0.05933088,1.214079,0.01968408,-0.1001016,-0.193624,-0.9757571,334.7163,0.0899407,-0.4573851,-0.8847085,False,False,False,False
1772879692800,18.41619,0.201793,1.102369,0.1905453,1.136769,-0.01513553,-0.7764372,0.6142368,0.1401044,163.8922,-0.01528631,-0.7841717,0.6203555,-0.09763522,0.6337158,-0.06120764,0.6441077,0.5336853,0.2283854,-0.7526997,0.3105854,143.811,0.5614517,0.2402677,-0.7918608,0.1117236,1.081366,0.281731,1.123034,0.0708888,1.093789,0.2772827,1.130613,0.08252782,1.108535,0.2889409,1.148541,-0.01390797,0.6401432,0.03381553,0.6411866,-0.003677767,0.6467276,0.07552969,0.6511335,-0.02414421,0.6417221,0.107443,0.6511023,0.1005269,-0.07912235,0.02241524,0.1298786,0.141285,-0.06574883,0.02117898,0.157267,0.1353124,-0.07503566,0.002024271,0.1547382,-0.1111411,0.05387162,-0.0287484,0.1268107,-0.1544749,0.05600832,-0.0263622,0.1664163,-0.1786623,0.04457498,0.0009625256,0.1841414,0.1011927,-0.08034029,0.02570784,0.1317399,0.1376718,-0.06582252,0.02168559,0.1541311,0.1311617,-0.07503793,0.003033464,0.1511399,-0.1109906,0.05426063,-0.02908516,0.1269215,-0.154889,0.05564801,-0.02661139,0.1667197,-0.1791215,0.04385402,0.0009172254,0.184414,0.1169002,-0.07556625,0.01965669,0.1405785,-0.2458822,0.8592225,-0.04639766,0.4462352,126.9952,-0.2747546,0.9601156,-0.05184585,-0.1436903,0.0499519,-0.01611432,0.1529763,0.17304,-0.5200856,-0.1411919,0.8243986,68.94486,0.3057192,-0.9188635,-0.2494514,0.1069754,1.108331,0.2831211,1.148912,0.5655644,-0.5842684,0.1967732,0.5477661,113.5722,0.6760018,-0.6983581,0.235197,0.1065543,-0.0766539,0.002414892,0.1312839,0.01470556,0.04915164,-0.7347385,0.6764077,94.87288,0.01996607,0.06673431,-0.9975712,-0.4811622,-0.1855388,-0.3411145,0.6183048,0.1712307,0.2779039,0.9395549,0.1033748,168.1329,0.172153,0.2794007,0.9446155,-0.006975383,-0.008330703,0.01687887,0.02007369,0.1314742,-0.168419,-0.1260116,0.9687471,28.72443,0.5300288,-0.6789689,-0.5080064,-0.1112746,1.207416,-0.05939587,1.213987,0.01931599,-0.1003498,-0.1939316,-0.9756779,334.6748,0.08811675,-0.4577811,-0.8846879,False,False,False,False
1772879692814,18.42911,0.201793,1.102369,0.1905453,1.136769,-0.01513553,-0.7764372,0.6142368,0.1401044,163.8922,-0.01528631,-0.7841717,0.6203555,-0.09763522,0.6337158,-0.06120764,0.6441077,0.5336853,0.2283854,-0.7526997,0.3105854,143.811,0.5614517,0.2402677,-0.7918608,0.1117236,1.081366,0.281731,1.123034,0.0708888,1.093789,0.2772827,1.130613,0.08252782,1.108535,0.2889409,1.148541,-0.01390797,0.6401432,0.03381553,0.6411866,-0.003677767,0.6467276,0.07552969,0.6511335,-0.02414421,0.6417221,0.107443,0.6511023,0.1005269,-0.07912235,0.02241524,0.1298786,0.141285,-0.06574883,0.02117898,0.157267,0.1353124,-0.07503566,0.002024271,0.1547382,-0.1111411,0.05387162,-0.0287484,0.1268107,-0.1544749,0.05600832,-0.0263622,0.1664163,-0.1786623,0.04457498,0.0009625256,0.1841414,0.1011927,-0.08034029,0.02570784,0.1317399,0.1376718,-0.06582252,0.02168559,0.1541311,0.1311617,-0.07503793,0.003033464,0.1511399,-0.1109906,0.05426063,-0.02908516,0.1269215,-0.154889,0.05564801,-0.02661139,0.1667197,-0.1791215,0.04385402,0.0009172254,0.184414,0.1169002,-0.07556625,0.01965669,0.1405785,-0.2458822,0.8592225,-0.04639766,0.4462352,126.9952,-0.2747546,0.9601156,-0.05184585,-0.1436903,0.0499519,-0.01611432,0.1529763,0.17304,-0.5200856,-0.1411919,0.8243986,68.94486,0.3057192,-0.9188635,-0.2494514,0.1069754,1.108331,0.2831211,1.148912,0.5655644,-0.5842684,0.1967732,0.5477661,113.5722,0.6760018,-0.6983581,0.235197,0.1065543,-0.0766539,0.002414892,0.1312839,0.01470556,0.04915164,-0.7347385,0.6764077,94.87288,0.01996607,0.06673431,-0.9975712,-0.4811622,-0.1855388,-0.3411145,0.6183048,0.1712307,0.2779039,0.9395549,0.1033748,168.1329,0.172153,0.2794007,0.9446155,-0.006975383,-0.008330703,0.01687887,0.02007369,0.1314742,-0.168419,-0.1260116,0.9687471,28.72443,0.5300288,-0.6789689,-0.5080064,-0.111151,1.207429,-0.05935891,1.213986,0.0194781,-0.1000113,-0.1938398,-0.9757277,334.7009,0.08894619,-0.4566988,-0.8851637,False,False,False,False
1772879692829,18.44315,0.201793,1.102369,0.1905453,1.136769,-0.01513553,-0.7764372,0.6142368,0.1401044,163.8922,-0.01528631,-0.7841717,0.6203555,-0.09763522,0.6337158,-0.06120764,0.6441077,0.5336853,0.2283854,-0.7526997,0.3105854,143.811,0.5614517,0.2402677,-0.7918608,0.1117236,1.081366,0.281731,1.123034,0.0708888,1.093789,0.2772827,1.130613,0.08252782,1.108535,0.2889409,1.148541,-0.01390797,0.6401432,0.03381553,0.6411866,-0.003677767,0.6467276,0.07552969,0.6511335,-0.02414421,0.6417221,0.107443,0.6511023,0.1005269,-0.07912235,0.02241524,0.1298786,0.141285,-0.06574883,0.02117898,0.157267,0.1353124,-0.07503566,0.002024271,0.1547382,-0.1111411,0.05387162,-0.0287484,0.1268107,-0.1544749,0.05600832,-0.0263622,0.1664163,-0.1786623,0.04457498,0.0009625256,0.1841414,0.1011927,-0.08034029,0.02570784,0.1317399,0.1376718,-0.06582252,0.02168559,0.1541311,0.1311617,-0.07503793,0.003033464,0.1511399,-0.1109906,0.05426063,-0.02908516,0.1269215,-0.154889,0.05564801,-0.02661139,0.1667197,-0.1791215,0.04385402,0.0009172254,0.184414,0.1169002,-0.07556625,0.01965669,0.1405785,-0.2458822,0.8592225,-0.04639766,0.4462352,126.9952,-0.2747546,0.9601156,-0.05184585,-0.1436903,0.0499519,-0.01611432,0.1529763,0.17304,-0.5200856,-0.1411919,0.8243986,68.94486,0.3057192,-0.9188635,-0.2494514,0.1069754,1.108331,0.2831211,1.148912,0.5655644,-0.5842684,0.1967732,0.5477661,113.5722,0.6760018,-0.6983581,0.235197,0.1065543,-0.0766539,0.002414892,0.1312839,0.01470556,0.04915164,-0.7347385,0.6764077,94.87288,0.01996607,0.06673431,-0.9975712,-0.4811622,-0.1855388,-0.3411145,0.6183048,0.1712307,0.2779039,0.9395549,0.1033748,168.1329,0.172153,0.2794007,0.9446155,-0.006975383,-0.008330703,0.01687887,0.02007369,0.1314742,-0.168419,-0.1260116,0.9687471,28.72443,0.5300288,-0.6789689,-0.5080064,-0.1111069,1.207442,-0.05928738,1.213992,0.01932795,-0.09975337,-0.194061,-0.9757131,334.6933,0.08823444,-0.4553862,-0.8859121,False,False,False,False
1772879692843,18.4581,0.201793,1.102369,0.1905453,1.136769,-0.01513553,-0.7764372,0.6142368,0.1401044,163.8922,-0.01528631,-0.7841717,0.6203555,-0.09763522,0.6337158,-0.06120764,0.6441077,0.5336853,0.2283854,-0.7526997,0.3105854,143.811,0.5614517,0.2402677,-0.7918608,0.1117236,1.081366,0.281731,1.123034,0.0708888,1.093789,0.2772827,1.130613,0.08252782,1.108535,0.2889409,1.148541,-0.01390797,0.6401432,0.03381553,0.6411866,-0.003677767,0.6467276,0.07552969,0.6511335,-0.02414421,0.6417221,0.107443,0.6511023,0.1005269,-0.07912235,0.02241524,0.1298786,0.141285,-0.06574883,0.02117898,0.157267,0.1353124,-0.07503566,0.002024271,0.1547382,-0.1111411,0.05387162,-0.0287484,0.1268107,-0.1544749,0.05600832,-0.0263622,0.1664163,-0.1786623,0.04457498,0.0009625256,0.1841414,0.1011927,-0.08034029,0.02570784,0.1317399,0.1376718,-0.06582252,0.02168559,0.1541311,0.1311617,-0.07503793,0.003033464,0.1511399,-0.1109906,0.05426063,-0.02908516,0.1269215,-0.154889,0.05564801,-0.02661139,0.1667197,-0.1791215,0.04385402,0.0009172254,0.184414,0.1169002,-0.07556625,0.01965669,0.1405785,-0.2458822,0.8592225,-0.04639766,0.4462352,126.9952,-0.2747546,0.9601156,-0.05184585,-0.1436903,0.0499519,-0.01611432,0.1529763,0.17304,-0.5200856,-0.1411919,0.8243986,68.94486,0.3057192,-0.9188635,-0.2494514,0.1069754,1.108331,0.2831211,1.148912,0.5655644,-0.5842684,0.1967732,0.5477661,113.5722,0.6760018,-0.6983581,0.235197,0.1065543,-0.0766539,0.002414892,0.1312839,0.01470556,0.04915164,-0.7347385,0.6764077,94.87288,0.01996607,0.06673431,-0.9975712,-0.4811622,-0.1855388,-0.3411145,0.6183048,0.1712307,0.2779039,0.9395549,0.1033748,168.1329,0.172153,0.2794007,0.9446155,-0.006975383,-0.008330703,0.01687887,0.02007369,0.1314742,-0.168419,-0.1260116,0.9687471,28.72443,0.5300288,-0.6789689,-0.5080064,-0.1110349,1.207405,-0.05920783,1.213945,0.01916442,-0.09982471,-0.1936433,-0.975792,334.7346,0.08762856,-0.4564445,-0.8854262,False,False,False,False
1772879692855,18.47103,0.201793,1.102369,0.1905453,1.136769,-0.01513553,-0.7764372,0.6142368,0.1401044,163.8922,-0.01528631,-0.7841717,0.6203555,-0.09763522,0.6337158,-0.06120764,0.6441077,0.5336853,0.2283854,-0.7526997,0.3105854,143.811,0.5614517,0.2402677,-0.7918608,0.1117236,1.081366,0.281731,1.123034,0.0708888,1.093789,0.2772827,1.130613,0.08252782,1.108535,0.2889409,1.148541,-0.01390797,0.6401432,0.03381553,0.6411866,-0.003677767,0.6467276,0.07552969,0.6511335,-0.02414421,0.6417221,0.107443,0.6511023,0.1005269,-0.07912235,0.02241524,0.1298786,0.141285,-0.06574883,0.02117898,0.157267,0.1353124,-0.07503566,0.002024271,0.1547382,-0.1111411,0.05387162,-0.0287484,0.1268107,-0.1544749,0.05600832,-0.0263622,0.1664163,-0.1786623,0.04457498,0.0009625256,0.1841414,0.1011927,-0.08034029,0.02570784,0.1317399,0.1376718,-0.06582252,0.02168559,0.1541311,0.1311617,-0.07503793,0.003033464,0.1511399,-0.1109906,0.05426063,-0.02908516,0.1269215,-0.154889,0.05564801,-0.02661139,0.1667197,-0.1791215,0.04385402,0.0009172254,0.184414,0.1169002,-0.07556625,0.01965669,0.1405785,-0.2458822,0.8592225,-0.04639766,0.4462352,126.9952,-0.2747546,0.9601156,-0.05184585,-0.1436903,0.0499519,-0.01611432,0.1529763,0.17304,-0.5200856,-0.1411919,0.8243986,68.94486,0.3057192,-0.9188635,-0.2494514,0.1069754,1.108331,0.2831211,1.148912,0.5655644,-0.5842684,0.1967732,0.5477661,113.5722,0.6760018,-0.6983581,0.235197,0.1065543,-0.0766539,0.002414892,0.1312839,0.01470556,0.04915164,-0.7347385,0.6764077,94.87288,0.01996607,0.06673431,-0.9975712,-0.4811622,-0.1855388,-0.3411145,0.6183048,0.1712307,0.2779039,0.9395549,0.1033748,168.1329,0.172153,0.2794007,0.9446155,-0.006975383,-0.008330703,0.01687887,0.02007369,0.1314742,-0.168419,-0.1260116,0.9687471,28.72443,0.5300288,-0.6789689,-0.5080064,-0.1109113,1.207355,-0.05915229,1.213881,0.01840604,-0.09995129,-0.1933351,-0.9758548,334.7675,0.08426883,-0.4576096,-0.885151,False,False,False,False
1772879692870,18.48496,0.201793,1.102369,0.1905453,1.136769,-0.01513553,-0.7764372,0.6142368,0.1401044,163.8922,-0.01528631,-0.7841717,0.6203555,-0.09763522,0.6337158,-0.06120764,0.6441077,0.5336853,0.2283854,-0.7526997,0.3105854,143.811,0.5614517,0.2402677,-0.7918608,0.1117236,1.081366,0.281731,1.123034,0.0708888,1.093789,0.2772827,1.130613,0.08252782,1.108535,0.2889409,1.148541,-0.01390797,0.6401432,0.03381553,0.6411866,-0.003677767,0.6467276,0.07552969,0.6511335,-0.02414421,0.6417221,0.107443,0.6511023,0.1005269,-0.07912235,0.02241524,0.1298786,0.141285,-0.06574883,0.02117898,0.157267,0.1353124,-0.07503566,0.002024271,0.1547382,-0.1111411,0.05387162,-0.0287484,0.1268107,-0.1544749,0.05600832,-0.0263622,0.1664163,-0.1786623,0.04457498,0.0009625256,0.1841414,0.1011927,-0.08034029,0.02570784,0.1317399,0.1376718,-0.06582252,0.02168559,0.1541311,0.1311617,-0.07503793,0.003033464,0.1511399,-0.1109906,0.05426063,-0.02908516,0.1269215,-0.154889,0.05564801,-0.02661139,0.1667197,-0.1791215,0.04385402,0.0009172254,0.184414,0.1169002,-0.07556625,0.01965669,0.1405785,-0.2458822,0.8592225,-0.04639766,0.4462352,126.9952,-0.2747546,0.9601156,-0.05184585,-0.1436903,0.0499519,-0.01611432,0.1529763,0.17304,-0.5200856,-0.1411919,0.8243986,68.94486,0.3057192,-0.9188635,-0.2494514,0.1069754,1.108331,0.2831211,1.148912,0.5655644,-0.5842684,0.1967732,0.5477661,113.5722,0.6760018,-0.6983581,0.235197,0.1065543,-0.0766539,0.002414892,0.1312839,0.01470556,0.04915164,-0.7347385,0.6764077,94.87288,0.01996607,0.06673431,-0.9975712,-0.4811622,-0.1855388,-0.3411145,0.6183048,0.1712307,0.2779039,0.9395549,0.1033748,168.1329,0.172153,0.2794007,0.9446155,-0.006975383,-0.008330703,0.01687887,0.02007369,0.1314742,-0.168419,-0.1260116,0.9687471,28.72443,0.5300288,-0.6789689,-0.5080064,-0.110759,1.20733,-0.05908798,1.213838,0.01785528,-0.09992015,-0.1930404,-0.9759265,334.8051,0.08186757,-0.45814,-0.8851023,False,False,False,False
1772879692884,18.49915,0.201793,1.102369,0.1905453,1.136769,-0.01513553,-0.7764372,0.6142368,0.1401044,163.8922,-0.01528631,-0.7841717,0.6203555,-0.09763522,0.6337158,-0.06120764,0.6441077,0.5336853,0.2283854,-0.7526997,0.3105854,143.811,0.5614517,0.2402677,-0.7918608,0.1117236,1.081366,0.281731,1.123034,0.0708888,1.093789,0.2772827,1.130613,0.08252782,1.108535,0.2889409,1.148541,-0.01390797,0.6401432,0.03381553,0.6411866,-0.003677767,0.6467276,0.07552969,0.6511335,-0.02414421,0.6417221,0.107443,0.6511023,0.1005269,-0.07912235,0.02241524,0.1298786,0.141285,-0.06574883,0.02117898,0.157267,0.1353124,-0.07503566,0.002024271,0.1547382,-0.1111411,0.05387162,-0.0287484,0.1268107,-0.1544749,0.05600832,-0.0263622,0.1664163,-0.1786623,0.04457498,0.0009625256,0.1841414,0.1011927,-0.08034029,0.02570784,0.1317399,0.1376718,-0.06582252,0.02168559,0.1541311,0.1311617,-0.07503793,0.003033464,0.1511399,-0.1109906,0.05426063,-0.02908516,0.1269215,-0.154889,0.05564801,-0.02661139,0.1667197,-0.1791215,0.04385402,0.0009172254,0.184414,0.1169002,-0.07556625,0.01965669,0.1405785,-0.2458822,0.8592225,-0.04639766,0.4462352,126.9952,-0.2747546,0.9601156,-0.05184585,-0.1436903,0.0499519,-0.01611432,0.1529763,0.17304,-0.5200856,-0.1411919,0.8243986,68.94486,0.3057192,-0.9188635,-0.2494514,0.1069754,1.108331,0.2831211,1.148912,0.5655644,-0.5842684,0.1967732,0.5477661,113.5722,0.6760018,-0.6983581,0.235197,0.1065543,-0.0766539,0.002414892,0.1312839,0.01470556,0.04915164,-0.7347385,0.6764077,94.87288,0.01996607,0.06673431,-0.9975712,-0.4811622,-0.1855388,-0.3411145,0.6183048,0.1712307,0.2779039,0.9395549,0.1033748,168.1329,0.172153,0.2794007,0.9446155,-0.006975383,-0.008330703,0.01687887,0.02007369,0.1314742,-0.168419,-0.1260116,0.9687471,28.72443,0.5300288,-0.6789689,-0.5080064,-0.1106341,1.207364,-0.05899407,1.213857,0.01765192,-0.100212,-0.1925252,-0.976002,334.8449,0.08106092,-0.4601924,-0.8841119,False,False,False,False
1772879692898,18.5125,0.201793,1.102369,0.1905453,1.136769,-0.01513553,-0.7764372,0.6142368,0.1401044,163.8922,-0.01528631,-0.7841717,0.6203555,-0.09763522,0.6337158,-0.06120764,0.6441077,0.5336853,0.2283854,-0.7526997,0.3105854,143.811,0.5614517,0.2402677,-0.7918608,0.1117236,1.081366,0.281731,1.123034,0.0708888,1.093789,0.2772827,1.130613,0.08252782,1.108535,0.2889409,1.148541,-0.01390797,0.6401432,0.03381553,0.6411866,-0.003677767,0.6467276,0.07552969,0.6511335,-0.02414421,0.6417221,0.107443,0.6511023,0.1005269,-0.07912235,0.02241524,0.1298786,0.141285,-0.06574883,0.02117898,0.157267,0.1353124,-0.07503566,0.002024271,0.1547382,-0.1111411,0.05387162,-0.0287484,0.1268107,-0.1544749,0.05600832,-0.0263622,0.1664163,-0.1786623,0.04457498,0.0009625256,0.1841414,0.1011927,-0.08034029,0.02570784,0.1317399,0.1376718,-0.06582252,0.02168559,0.1541311,0.1311617,-0.07503793,0.003033464,0.1511399,-0.1109906,0.05426063,-0.02908516,0.1269215,-0.154889,0.05564801,-0.02661139,0.1667197,-0.1791215,0.04385402,0.0009172254,0.184414,0.1169002,-0.07556625,0.01965669,0.1405785,-0.2458822,0.8592225,-0.04639766,0.4462352,126.9952,-0.2747546,0.9601156,-0.05184585,-0.1436903,0.0499519,-0.01611432,0.1529763,0.17304,-0.5200856,-0.1411919,0.8243986,68.94486,0.3057192,-0.9188635,-0.2494514,0.1069754,1.108331,0.2831211,1.148912,0.5655644,-0.5842684,0.1967732,0.5477661,113.5722,0.6760018,-0.6983581,0.235197,0.1065543,-0.0766539,0.002414892,0.1312839,0.01470556,0.04915164,-0.7347385,0.6764077,94.87288,0.01996607,0.06673431,-0.9975712,-0.4811622,-0.1855388,-0.3411145,0.6183048,0.1712307,0.2779039,0.9395549,0.1033748,168.1329,0.172153,0.2794007,0.9446155,-0.006975383,-0.008330703,0.01687887,0.02007369,0.1314742,-0.168419,-0.1260116,0.9687471,28.72443,0.5300288,-0.6789689,-0.5080064,-0.1105081,1.20744,-0.05887755,1.213915,0.0179801,-0.1006285,-0.1921315,-0.9760308,334.86,0.0826169,-0.4623784,-0.8828261,False,False,False,False
1772879692912,18.52676,0.201793,1.102369,0.1905453,1.136769,-0.01513553,-0.7764372,0.6142368,0.1401044,163.8922,-0.01528631,-0.7841717,0.6203555,-0.09763522,0.6337158,-0.06120764,0.6441077,0.5336853,0.2283854,-0.7526997,0.3105854,143.811,0.5614517,0.2402677,-0.7918608,0.1117236,1.081366,0.281731,1.123034,0.0708888,1.093789,0.2772827,1.130613,0.08252782,1.108535,0.2889409,1.148541,-0.01390797,0.6401432,0.03381553,0.6411866,-0.003677767,0.6467276,0.07552969,0.6511335,-0.02414421,0.6417221,0.107443,0.6511023,0.1005269,-0.07912235,0.02241524,0.1298786,0.141285,-0.06574883,0.02117898,0.157267,0.1353124,-0.07503566,0.002024271,0.1547382,-0.1111411,0.05387162,-0.0287484,0.1268107,-0.1544749,0.05600832,-0.0263622,0.1664163,-0.1786623,0.04457498,0.0009625256,0.1841414,0.1011927,-0.08034029,0.02570784,0.1317399,0.1376718,-0.06582252,0.02168559,0.1541311,0.1311617,-0.07503793,0.003033464,0.1511399,-0.1109906,0.05426063,-0.02908516,0.1269215,-0.154889,0.05564801,-0.02661139,0.1667197,-0.1791215,0.04385402,0.0009172254,0.184414,0.1169002,-0.07556625,0.01965669,0.1405785,-0.2458822,0.8592225,-0.04639766,0.4462352,126.9952,-0.2747546,0.9601156,-0.05184585,-0.1436903,0.0499519,-0.01611432,0.1529763,0.17304,-0.5200856,-0.1411919,0.8243986,68.94486,0.3057192,-0.9188635,-0.2494514,0.1069754,1.108331,0.2831211,1.148912,0.5655644,-0.5842684,0.1967732,0.5477661,113.5722,0.6760018,-0.6983581,0.235197,0.1065543,-0.0766539,0.002414892,0.1312839,0.01470556,0.04915164,-0.7347385,0.6764077,94.87288,0.01996607,0.06673431,-0.9975712,-0.4811622,-0.1855388,-0.3411145,0.6183048,0.1712307,0.2779039,0.9395549,0.1033748,168.1329,0.172153,0.2794007,0.9446155,-0.006975383,-0.008330703,0.01687887,0.02007369,0.1314742,-0.168419,-0.1260116,0.9687471,28.72443,0.5300288,-0.6789689,-0.5080064,-0.1103465,1.207536,-0.05876239,1.213991,0.01866447,-0.1006986,-0.1919888,-0.9760388,334.8642,0.08577557,-0.4627768,-0.8823152,False,False,False,False
1772879692926,18.54021,0.201793,1.102369,0.1905453,1.136769,-0.01513553,-0.7764372,0.6142368,0.1401044,163.8922,-0.01528631,-0.7841717,0.6203555,-0.09763522,0.6337158,-0.06120764,0.6441077,0.5336853,0.2283854,-0.7526997,0.3105854,143.811,0.5614517,0.2402677,-0.7918608,0.1117236,1.081366,0.281731,1.123034,0.0708888,1.093789,0.2772827,1.130613,0.08252782,1.108535,0.2889409,1.148541,-0.01390797,0.6401432,0.03381553,0.6411866,-0.003677767,0.6467276,0.07552969,0.6511335,-0.02414421,0.6417221,0.107443,0.6511023,0.1005269,-0.07912235,0.02241524,0.1298786,0.141285,-0.06574883,0.02117898,0.157267,0.1353124,-0.07503566,0.002024271,0.1547382,-0.1111411,0.05387162,-0.0287484,0.1268107,-0.1544749,0.05600832,-0.0263622,0.1664163,-0.1786623,0.04457498,0.0009625256,0.1841414,0.1011927,-0.08034029,0.02570784,0.1317399,0.1376718,-0.06582252,0.02168559,0.1541311,0.1311617,-0.07503793,0.003033464,0.1511399,-0.1109906,0.05426063,-0.02908516,0.1269215,-0.154889,0.05564801,-0.02661139,0.1667197,-0.1791215,0.04385402,0.0009172254,0.184414,0.1169002,-0.07556625,0.01965669,0.1405785,-0.2458822,0.8592225,-0.04639766,0.4462352,126.9952,-0.2747546,0.9601156,-0.05184585,-0.1436903,0.0499519,-0.01611432,0.1529763,0.17304,-0.5200856,-0.1411919,0.8243986,68.94486,0.3057192,-0.9188635,-0.2494514,0.1069754,1.108331,0.2831211,1.148912,0.5655644,-0.5842684,0.1967732,0.5477661,113.5722,0.6760018,-0.6983581,0.235197,0.1065543,-0.0766539,0.002414892,0.1312839,0.01470556,0.04915164,-0.7347385,0.6764077,94.87288,0.01996607,0.06673431,-0.9975712,-0.4811622,-0.1855388,-0.3411145,0.6183048,0.1712307,0.2779039,0.9395549,0.1033748,168.1329,0.172153,0.2794007,0.9446155,-0.006975383,-0.008330703,0.01687887,0.02007369,0.1314742,-0.168419,-0.1260116,0.9687471,28.72443,0.5300288,-0.6789689,-0.5080064,-0.1101332,1.207614,-0.05869367,1.214045,0.01874034,-0.101159,-0.1918095,-0.976025,334.8569,0.08609976,-0.4647603,-0.8812409,False,False,False,False
1772879692940,18.55419,0.201793,1.102369,0.1905453,1.136769,-0.01513553,-0.7764372,0.6142368,0.1401044,163.8922,-0.01528631,-0.7841717,0.6203555,-0.09763522,0.6337158,-0.06120764,0.6441077,0.5336853,0.2283854,-0.7526997,0.3105854,143.811,0.5614517,0.2402677,-0.7918608,0.1117236,1.081366,0.281731,1.123034,0.0708888,1.093789,0.2772827,1.130613,0.08252782,1.108535,0.2889409,1.148541,-0.01390797,0.6401432,0.03381553,0.6411866,-0.003677767,0.6467276,0.07552969,0.6511335,-0.02414421,0.6417221,0.107443,0.6511023,0.1005269,-0.07912235,0.02241524,0.1298786,0.141285,-0.06574883,0.02117898,0.157267,0.1353124,-0.07503566,0.002024271,0.1547382,-0.1111411,0.05387162,-0.0287484,0.1268107,-0.1544749,0.05600832,-0.0263622,0.1664163,-0.1786623,0.04457498,0.0009625256,0.1841414,0.1011927,-0.08034029,0.02570784,0.1317399,0.1376718,-0.06582252,0.02168559,0.1541311,0.1311617,-0.07503793,0.003033464,0.1511399,-0.1109906,0.05426063,-0.02908516,0.1269215,-0.154889,0.05564801,-0.02661139,0.1667197,-0.1791215,0.04385402,0.0009172254,0.184414,0.1169002,-0.07556625,0.01965669,0.1405785,-0.2458822,0.8592225,-0.04639766,0.4462352,126.9952,-0.2747546,0.9601156,-0.05184585,-0.1436903,0.0499519,-0.01611432,0.1529763,0.17304,-0.5200856,-0.1411919,0.8243986,68.94486,0.3057192,-0.9188635,-0.2494514,0.1069754,1.108331,0.2831211,1.148912,0.5655644,-0.5842684,0.1967732,0.5477661,113.5722,0.6760018,-0.6983581,0.235197,0.1065543,-0.0766539,0.002414892,0.1312839,0.01470556,0.04915164,-0.7347385,0.6764077,94.87288,0.01996607,0.06673431,-0.9975712,-0.4811622,-0.1855388,-0.3411145,0.6183048,0.1712307,0.2779039,0.9395549,0.1033748,168.1329,0.172153,0.2794007,0.9446155,-0.006975383,-0.008330703,0.01687887,0.02007369,0.1314742,-0.168419,-0.1260116,0.9687471,28.72443,0.5300288,-0.6789689,-0.5080064,-0.1098441,1.207646,-0.05866208,1.21405,0.01903674,-0.1015695,-0.1920065,-0.9759379,334.8111,0.08730503,-0.4658114,-0.8805673,False,False,False,False
1772879692953,18.56884,0.201793,1.102369,0.1905453,1.136769,-0.01513553,-0.7764372,0.6142368,0.1401044,163.8922,-0.01528631,-0.7841717,0.6203555,-0.09763522,0.6337158,-0.06120764,0.6441077,0.5336853,0.2283854,-0.7526997,0.3105854,143.811,0.5614517,0.2402677,-0.7918608,0.1117236,1.081366,0.281731,1.123034,0.0708888,1.093789,0.2772827,1.130613,0.08252782,1.108535,0.2889409,1.148541,-0.01390797,0.6401432,0.03381553,0.6411866,-0.003677767,0.6467276,0.07552969,0.6511335,-0.02414421,0.6417221,0.107443,0.6511023,0.1005269,-0.07912235,0.02241524,0.1298786,0.141285,-0.06574883,0.02117898,0.157267,0.1353124,-0.07503566,0.002024271,0.1547382,-0.1111411,0.05387162,-0.0287484,0.1268107,-0.1544749,0.05600832,-0.0263622,0.1664163,-0.1786623,0.04457498,0.0009625256,0.1841414,0.1011927,-0.08034029,0.02570784,0.1317399,0.1376718,-0.06582252,0.02168559,0.1541311,0.1311617,-0.07503793,0.003033464,0.1511399,-0.1109906,0.05426063,-0.02908516,0.1269215,-0.154889,0.05564801,-0.02661139,0.1667197,-0.1791215,0.04385402,0.0009172254,0.184414,0.1169002,-0.07556625,0.01965669,0.1405785,-0.2458822,0.8592225,-0.04639766,0.4462352,126.9952,-0.2747546,0.9601156,-0.05184585,-0.1436903,0.0499519,-0.01611432,0.1529763,0.17304,-0.5200856,-0.1411919,0.8243986,68.94486,0.3057192,-0.9188635,-0.2494514,0.1069754,1.108331,0.2831211,1.148912,0.5655644,-0.5842684,0.1967732,0.5477661,113.5722,0.6760018,-0.6983581,0.235197,0.1065543,-0.0766539,0.002414892,0.1312839,0.01470556,0.04915164,-0.7347385,0.6764077,94.87288,0.01996607,0.06673431,-0.9975712,-0.4811622,-0.1855388,-0.3411145,0.6183048,0.1712307,0.2779039,0.9395549,0.1033748,168.1329,0.172153,0.2794007,0.9446155,-0.006975383,-0.008330703,0.01687887,0.02007369,0.1314742,-0.168419,-0.1260116,0.9687471,28.72443,0.5300288,-0.6789689,-0.5080064,-0.1095874,1.20768,-0.05859808,1.214057,0.01927268,-0.1021543,-0.1921584,-0.9758423,334.7609,0.08821423,-0.4675773,-0.8795407,False,False,False,False
1772879692968,18.58206,0.201793,1.102369,0.1905453,1.136769,-0.01513553,-0.7764372,0.6142368,0.1401044,163.8922,-0.01528631,-0.7841717,0.6203555,-0.09763522,0.6337158,-0.06120764,0.6441077,0.5336853,0.2283854,-0.7526997,0.3105854,143.811,0.5614517,0.2402677,-0.7918608,0.1117236,1.081366,0.281731,1.123034,0.0708888,1.093789,0.2772827,1.130613,0.08252782,1.108535,0.2889409,1.148541,-0.01390797,0.6401432,0.03381553,0.6411866,-0.003677767,0.6467276,0.07552969,0.6511335,-0.02414421,0.6417221,0.107443,0.6511023,0.1005269,-0.07912235,0.02241524,0.1298786,0.141285,-0.06574883,0.02117898,0.157267,0.1353124,-0.07503566,0.002024271,0.1547382,-0.1111411,0.05387162,-0.0287484,0.1268107,-0.1544749,0.05600832,-0.0263622,0.1664163,-0.1786623,0.04457498,0.0009625256,0.1841414,0.1011927,-0.08034029,0.02570784,0.1317399,0.1376718,-0.06582252,0.02168559,0.1541311,0.1311617,-0.07503793,0.003033464,0.1511399,-0.1109906,0.05426063,-0.02908516,0.1269215,-0.154889,0.05564801,-0.02661139,0.1667197,-0.1791215,0.04385402,0.0009172254,0.184414,0.1169002,-0.07556625,0.01965669,0.1405785,-0.2458822,0.8592225,-0.04639766,0.4462352,126.9952,-0.2747546,0.9601156,-0.05184585,-0.1436903,0.0499519,-0.01611432,0.1529763,0.17304,-0.5200856,-0.1411919,0.8243986,68.94486,0.3057192,-0.9188635,-0.2494514,0.1069754,1.108331,0.2831211,1.148912,0.5655644,-0.5842684,0.1967732,0.5477661,113.5722,0.6760018,-0.6983581,0.235197,0.1065543,-0.0766539,0.002414892,0.1312839,0.01470556,0.04915164,-0.7347385,0.6764077,94.87288,0.01996607,0.06673431,-0.9975712,-0.4811622,-0.1855388,-0.3411145,0.6183048,0.1712307,0.2779039,0.9395549,0.1033748,168.1329,0.172153,0.2794007,0.9446155,-0.006975383,-0.008330703,0.01687887,0.02007369,0.1314742,-0.168419,-0.1260116,0.9687471,28.72443,0.5300288,-0.6789689,-0.5080064,-0.1092708,1.207703,-0.05854251,1.214048,0.01954374,-0.1021487,-0.1923547,-0.9757988,334.7382,0.08937544,-0.467136,-0.8796569,False,False,False,False
1772879692981,18.59678,0.201793,1.102369,0.1905453,1.136769,-0.01513553,-0.7764372,0.6142368,0.1401044,163.8922,-0.01528631,-0.7841717,0.6203555,-0.09763522,0.6337158,-0.06120764,0.6441077,0.5336853,0.2283854,-0.7526997,0.3105854,143.811,0.5614517,0.2402677,-0.7918608,0.1117236,1.081366,0.281731,1.123034,0.0708888,1.093789,0.2772827,1.130613,0.08252782,1.108535,0.2889409,1.148541,-0.01390797,0.6401432,0.03381553,0.6411866,-0.003677767,0.6467276,0.07552969,0.6511335,-0.02414421,0.6417221,0.107443,0.6511023,0.1005269,-0.07912235,0.02241524,0.1298786,0.141285,-0.06574883,0.02117898,0.157267,0.1353124,-0.07503566,0.002024271,0.1547382,-0.1111411,0.05387162,-0.0287484,0.1268107,-0.1544749,0.05600832,-0.0263622,0.1664163,-0.1786623,0.04457498,0.0009625256,0.1841414,0.1011927,-0.08034029,0.02570784,0.1317399,0.1376718,-0.06582252,0.02168559,0.1541311,0.1311617,-0.07503793,0.003033464,0.1511399,-0.1109906,0.05426063,-0.02908516,0.1269215,-0.154889,0.05564801,-0.02661139,0.1667197,-0.1791215,0.04385402,0.0009172254,0.184414,0.1169002,-0.07556625,0.01965669,0.1405785,-0.2458822,0.8592225,-0.04639766,0.4462352,126.9952,-0.2747546,0.9601156,-0.05184585,-0.1436903,0.0499519,-0.01611432,0.1529763,0.17304,-0.5200856,-0.1411919,0.8243986,68.94486,0.3057192,-0.9188635,-0.2494514,0.1069754,1.108331,0.2831211,1.148912,0.5655644,-0.5842684,0.1967732,0.5477661,113.5722,0.6760018,-0.6983581,0.235197,0.1065543,-0.0766539,0.002414892,0.1312839,0.01470556,0.04915164,-0.7347385,0.6764077,94.87288,0.01996607,0.06673431,-0.9975712,-0.4811622,-0.1855388,-0.3411145,0.6183048,0.1712307,0.2779039,0.9395549,0.1033748,168.1329,0.172153,0.2794007,0.9446155,-0.006975383,-0.008330703,0.01687887,0.02007369,0.1314742,-0.168419,-0.1260116,0.9687471,28.72443,0.5300288,-0.6789689,-0.5080064,-0.1088759,1.207743,-0.05849715,1.21405,0.01965041,-0.1023151,-0.1922698,-0.975796,334.7366,0.08985804,-0.4678697,-0.8792175,False,False,False,False
1772879692995,18.60972,0.201793,1.102369,0.1905453,1.136769,-0.01513553,-0.7764372,0.6142368,0.1401044,163.8922,-0.01528631,-0.7841717,0.6203555,-0.09763522,0.6337158,-0.06120764,0.6441077,0.5336853,0.2283854,-0.7526997,0.3105854,143.811,0.5614517,0.2402677,-0.7918608,0.1117236,1.081366,0.281731,1.123034,0.0708888,1.093789,0.2772827,1.130613,0.08252782,1.108535,0.2889409,1.148541,-0.01390797,0.6401432,0.03381553,0.6411866,-0.003677767,0.6467276,0.07552969,0.6511335,-0.02414421,0.6417221,0.107443,0.6511023,0.1005269,-0.07912235,0.02241524,0.1298786,0.141285,-0.06574883,0.02117898,0.157267,0.1353124,-0.07503566,0.002024271,0.1547382,-0.1111411,0.05387162,-0.0287484,0.1268107,-0.1544749,0.05600832,-0.0263622,0.1664163,-0.1786623,0.04457498,0.0009625256,0.1841414,0.1011927,-0.08034029,0.02570784,0.1317399,0.1376718,-0.06582252,0.02168559,0.1541311,0.1311617,-0.07503793,0.003033464,0.1511399,-0.1109906,0.05426063,-0.02908516,0.1269215,-0.154889,0.05564801,-0.02661139,0.1667197,-0.1791215,0.04385402,0.0009172254,0.184414,0.1169002,-0.07556625,0.01965669,0.1405785,-0.2458822,0.8592225,-0.04639766,0.4462352,126.9952,-0.2747546,0.9601156,-0.05184585,-0.1436903,0.0499519,-0.01611432,0.1529763,0.17304,-0.5200856,-0.1411919,0.8243986,68.94486,0.3057192,-0.9188635,-0.2494514,0.1069754,1.108331,0.2831211,1.148912,0.5655644,-0.5842684,0.1967732,0.5477661,113.5722,0.6760018,-0.6983581,0.235197,0.1065543,-0.0766539,0.002414892,0.1312839,0.01470556,0.04915164,-0.7347385,0.6764077,94.87288,0.01996607,0.06673431,-0.9975712,-0.4811622,-0.1855388,-0.3411145,0.6183048,0.1712307,0.2779039,0.9395549,0.1033748,168.1329,0.172153,0.2794007,0.9446155,-0.006975383,-0.008330703,0.01687887,0.02007369,0.1314742,-0.168419,-0.1260116,0.9687471,28.72443,0.5300288,-0.6789689,-0.5080064,-0.1082245,1.207605,-0.05852527,1.213856,0.01971548,-0.1027105,-0.1915556,-0.9758936,334.7878,0.09033576,-0.4706166,-0.8777021,False,False,False,False
1772879693009,18.62528,0.201793,1.102369,0.1905453,1.136769,-0.01513553,-0.7764372,0.6142368,0.1401044,163.8922,-0.01528631,-0.7841717,0.6203555,-0.09763522,0.6337158,-0.06120764,0.6441077,0.5336853,0.2283854,-0.7526997,0.3105854,143.811,0.5614517,0.2402677,-0.7918608,0.1117236,1.081366,0.281731,1.123034,0.0708888,1.093789,0.2772827,1.130613,0.08252782,1.108535,0.2889409,1.148541,-0.01390797,0.6401432,0.03381553,0.6411866,-0.003677767,0.6467276,0.07552969,0.6511335,-0.02414421,0.6417221,0.107443,0.6511023,0.1005269,-0.07912235,0.02241524,0.1298786,0.141285,-0.06574883,0.02117898,0.157267,0.1353124,-0.07503566,0.002024271,0.1547382,-0.1111411,0.05387162,-0.0287484,0.1268107,-0.1544749,0.05600832,-0.0263622,0.1664163,-0.1786623,0.04457498,0.0009625256,0.1841414,0.1011927,-0.08034029,0.02570784,0.1317399,0.1376718,-0.06582252,0.02168559,0.1541311,0.1311617,-0.07503793,0.003033464,0.1511399,-0.1109906,0.05426063,-0.02908516,0.1269215,-0.154889,0.05564801,-0.02661139,0.1667197,-0.1791215,0.04385402,0.0009172254,0.184414,0.1169002,-0.07556625,0.01965669,0.1405785,-0.2458822,0.8592225,-0.04639766,0.4462352,126.9952,-0.2747546,0.9601156,-0.05184585,-0.1436903,0.0499519,-0.01611432,0.1529763,0.17304,-0.5200856,-0.1411919,0.8243986,68.94486,0.3057192,-0.9188635,-0.2494514,0.1069754,1.108331,0.2831211,1.148912,0.5655644,-0.5842684,0.1967732,0.5477661,113.5722,0.6760018,-0.6983581,0.235197,0.1065543,-0.0766539,0.002414892,0.1312839,0.01470556,0.04915164,-0.7347385,0.6764077,94.87288,0.01996607,0.06673431,-0.9975712,-0.4811622,-0.1855388,-0.3411145,0.6183048,0.1712307,0.2779039,0.9395549,0.1033748,168.1329,0.172153,0.2794007,0.9446155,-0.006975383,-0.008330703,0.01687887,0.02007369,0.1314742,-0.168419,-0.1260116,0.9687471,28.72443,0.5300288,-0.6789689,-0.5080064,-0.1077031,1.207479,-0.05855963,1.213687,0.01907999,-0.1031599,-0.1912607,-0.9759167,334.8,0.08746527,-0.4728993,-0.8767651,False,False,False,False
1772879693022,18.63873,0.201793,1.102369,0.1905453,1.136769,-0.01513553,-0.7764372,0.6142368,0.1401044,163.8922,-0.01528631,-0.7841717,0.6203555,-0.09763522,0.6337158,-0.06120764,0.6441077,0.5336853,0.2283854,-0.7526997,0.3105854,143.811,0.5614517,0.2402677,-0.7918608,0.1117236,1.081366,0.281731,1.123034,0.0708888,1.093789,0.2772827,1.130613,0.08252782,1.108535,0.2889409,1.148541,-0.01390797,0.6401432,0.03381553,0.6411866,-0.003677767,0.6467276,0.07552969,0.6511335,-0.02414421,0.6417221,0.107443,0.6511023,0.1005269,-0.07912235,0.02241524,0.1298786,0.141285,-0.06574883,0.02117898,0.157267,0.1353124,-0.07503566,0.002024271,0.1547382,-0.1111411,0.05387162,-0.0287484,0.1268107,-0.1544749,0.05600832,-0.0263622,0.1664163,-0.1786623,0.04457498,0.0009625256,0.1841414,0.1011927,-0.08034029,0.02570784,0.1317399,0.1376718,-0.06582252,0.02168559,0.1541311,0.1311617,-0.07503793,0.003033464,0.1511399,-0.1109906,0.05426063,-0.02908516,0.1269215,-0.154889,0.05564801,-0.02661139,0.1667197,-0.1791215,0.04385402,0.0009172254,0.184414,0.1169002,-0.07556625,0.01965669,0.1405785,-0.2458822,0.8592225,-0.04639766,0.4462352,126.9952,-0.2747546,0.9601156,-0.05184585,-0.1436903,0.0499519,-0.01611432,0.1529763,0.17304,-0.5200856,-0.1411919,0.8243986,68.94486,0.3057192,-0.9188635,-0.2494514,0.1069754,1.108331,0.2831211,1.148912,0.5655644,-0.5842684,0.1967732,0.5477661,113.5722,0.6760018,-0.6983581,0.235197,0.1065543,-0.0766539,0.002414892,0.1312839,0.01470556,0.04915164,-0.7347385,0.6764077,94.87288,0.01996607,0.06673431,-0.9975712,-0.4811622,-0.1855388,-0.3411145,0.6183048,0.1712307,0.2779039,0.9395549,0.1033748,168.1329,0.172153,0.2794007,0.9446155,-0.006975383,-0.008330703,0.01687887,0.02007369,0.1314742,-0.168419,-0.1260116,0.9687471,28.72443,0.5300288,-0.6789689,-0.5080064,-0.1071441,1.207314,-0.05865812,1.213478,0.01802534,-0.1039363,-0.191119,-0.9758821,334.7818,0.08257213,-0.476121,-0.8754951,False,False,False,False
1772879693037,18.65142,0.201793,1.102369,0.1905453,1.136769,-0.01513553,-0.7764372,0.6142368,0.1401044,163.8922,-0.01528631,-0.7841717,0.6203555,-0.09763522,0.6337158,-0.06120764,0.6441077,0.5336853,0.2283854,-0.7526997,0.3105854,143.811,0.5614517,0.2402677,-0.7918608,0.1117236,1.081366,0.281731,1.123034,0.0708888,1.093789,0.2772827,1.130613,0.08252782,1.108535,0.2889409,1.148541,-0.01390797,0.6401432,0.03381553,0.6411866,-0.003677767,0.6467276,0.07552969,0.6511335,-0.02414421,0.6417221,0.107443,0.6511023,0.1005269,-0.07912235,0.02241524,0.1298786,0.141285,-0.06574883,0.02117898,0.157267,0.1353124,-0.07503566,0.002024271,0.1547382,-0.1111411,0.05387162,-0.0287484,0.1268107,-0.1544749,0.05600832,-0.0263622,0.1664163,-0.1786623,0.04457498,0.0009625256,0.1841414,0.1011927,-0.08034029,0.02570784,0.1317399,0.1376718,-0.06582252,0.02168559,0.1541311,0.1311617,-0.07503793,0.003033464,0.1511399,-0.1109906,0.05426063,-0.02908516,0.1269215,-0.154889,0.05564801,-0.02661139,0.1667197,-0.1791215,0.04385402,0.0009172254,0.184414,0.1169002,-0.07556625,0.01965669,0.1405785,-0.2458822,0.8592225,-0.04639766,0.4462352,126.9952,-0.2747546,0.9601156,-0.05184585,-0.1436903,0.0499519,-0.01611432,0.1529763,0.17304,-0.5200856,-0.1411919,0.8243986,68.94486,0.3057192,-0.9188635,-0.2494514,0.1069754,1.108331,0.2831211,1.148912,0.5655644,-0.5842684,0.1967732,0.5477661,113.5722,0.6760018,-0.6983581,0.235197,0.1065543,-0.0766539,0.002414892,0.1312839,0.01470556,0.04915164,-0.7347385,0.6764077,94.87288,0.01996607,0.06673431,-0.9975712,-0.4811622,-0.1855388,-0.3411145,0.6183048,0.1712307,0.2779039,0.9395549,0.1033748,168.1329,0.172153,0.2794007,0.9446155,-0.006975383,-0.008330703,0.01687887,0.02007369,0.1314742,-0.168419,-0.1260116,0.9687471,28.72443,0.5300288,-0.6789689,-0.5080064,-0.1066068,1.2072,-0.05877876,1.213323,0.01693094,-0.1049536,-0.1908653,-0.9758425,334.761,0.0774959,-0.480391,-0.8736242,False,False,False,False
1772879693050,18.66597,0.201793,1.102369,0.1905453,1.136769,-0.01513553,-0.7764372,0.6142368,0.1401044,163.8922,-0.01528631,-0.7841717,0.6203555,-0.09763522,0.6337158,-0.06120764,0.6441077,0.5336853,0.2283854,-0.7526997,0.3105854,143.811,0.5614517,0.2402677,-0.7918608,0.1117236,1.081366,0.281731,1.123034,0.0708888,1.093789,0.2772827,1.130613,0.08252782,1.108535,0.2889409,1.148541,-0.01390797,0.6401432,0.03381553,0.6411866,-0.003677767,0.6467276,0.07552969,0.6511335,-0.02414421,0.6417221,0.107443,0.6511023,0.1005269,-0.07912235,0.02241524,0.1298786,0.141285,-0.06574883,0.02117898,0.157267,0.1353124,-0.07503566,0.002024271,0.1547382,-0.1111411,0.05387162,-0.0287484,0.1268107,-0.1544749,0.05600832,-0.0263622,0.1664163,-0.1786623,0.04457498,0.0009625256,0.1841414,0.1011927,-0.08034029,0.02570784,0.1317399,0.1376718,-0.06582252,0.02168559,0.1541311,0.1311617,-0.07503793,0.003033464,0.1511399,-0.1109906,0.05426063,-0.02908516,0.1269215,-0.154889,0.05564801,-0.02661139,0.1667197,-0.1791215,0.04385402,0.0009172254,0.184414,0.1169002,-0.07556625,0.01965669,0.1405785,-0.2458822,0.8592225,-0.04639766,0.4462352,126.9952,-0.2747546,0.9601156,-0.05184585,-0.1436903,0.0499519,-0.01611432,0.1529763,0.17304,-0.5200856,-0.1411919,0.8243986,68.94486,0.3057192,-0.9188635,-0.2494514,0.1069754,1.108331,0.2831211,1.148912,0.5655644,-0.5842684,0.1967732,0.5477661,113.5722,0.6760018,-0.6983581,0.235197,0.1065543,-0.0766539,0.002414892,0.1312839,0.01470556,0.04915164,-0.7347385,0.6764077,94.87288,0.01996607,0.06673431,-0.9975712,-0.4811622,-0.1855388,-0.3411145,0.6183048,0.1712307,0.2779039,0.9395549,0.1033748,168.1329,0.172153,0.2794007,0.9446155,-0.006975383,-0.008330703,0.01687887,0.02007369,0.1314742,-0.168419,-0.1260116,0.9687471,28.72443,0.5300288,-0.6789689,-0.5080064,-0.1059901,1.207158,-0.0589109,1.213233,0.01597429,-0.1060565,-0.1909717,-0.9757186,334.6961,0.07293264,-0.4842145,-0.8719054,False,False,False,False
1772879693065,18.6791,0.201793,1.102369,0.1905453,1.136769,-0.01513553,-0.7764372,0.6142368,0.1401044,163.8922,-0.01528631,-0.7841717,0.6203555,-0.09763522,0.6337158,-0.06120764,0.6441077,0.5336853,0.2283854,-0.7526997,0.3105854,143.811,0.5614517,0.2402677,-0.7918608,0.1117236,1.081366,0.281731,1.123034,0.0708888,1.093789,0.2772827,1.130613,0.08252782,1.108535,0.2889409,1.148541,-0.01390797,0.6401432,0.03381553,0.6411866,-0.003677767,0.6467276,0.07552969,0.6511335,-0.02414421,0.6417221,0.107443,0.6511023,0.1005269,-0.07912235,0.02241524,0.1298786,0.141285,-0.06574883,0.02117898,0.157267,0.1353124,-0.07503566,0.002024271,0.1547382,-0.1111411,0.05387162,-0.0287484,0.1268107,-0.1544749,0.05600832,-0.0263622,0.1664163,-0.1786623,0.04457498,0.0009625256,0.1841414,0.1011927,-0.08034029,0.02570784,0.1317399,0.1376718,-0.06582252,0.02168559,0.1541311,0.1311617,-0.07503793,0.003033464,0.1511399,-0.1109906,0.05426063,-0.02908516,0.1269215,-0.154889,0.05564801,-0.02661139,0.1667197,-0.1791215,0.04385402,0.0009172254,0.184414,0.1169002,-0.07556625,0.01965669,0.1405785,-0.2458822,0.8592225,-0.04639766,0.4462352,126.9952,-0.2747546,0.9601156,-0.05184585,-0.1436903,0.0499519,-0.01611432,0.1529763,0.17304,-0.5200856,-0.1411919,0.8243986,68.94486,0.3057192,-0.9188635,-0.2494514,0.1069754,1.108331,0.2831211,1.148912,0.5655644,-0.5842684,0.1967732,0.5477661,113.5722,0.6760018,-0.6983581,0.235197,0.1065543,-0.0766539,0.002414892,0.1312839,0.01470556,0.04915164,-0.7347385,0.6764077,94.87288,0.01996607,0.06673431,-0.9975712,-0.4811622,-0.1855388,-0.3411145,0.6183048,0.1712307,0.2779039,0.9395549,0.1033748,168.1329,0.172153,0.2794007,0.9446155,-0.006975383,-0.008330703,0.01687887,0.02007369,0.1314742,-0.168419,-0.1260116,0.9687471,28.72443,0.5300288,-0.6789689,-0.5080064,-0.105364,1.20716,-0.05907835,1.213189,0.01503477,-0.107526,-0.1904485,-0.9756749,334.6733,0.06858228,-0.4904884,-0.8687455,False,False,False,False
1772879693078,18.69281,0.201793,1.102369,0.1905453,1.136769,-0.01513553,-0.7764372,0.6142368,0.1401044,163.8922,-0.01528631,-0.7841717,0.6203555,-0.09763522,0.6337158,-0.06120764,0.6441077,0.5336853,0.2283854,-0.7526997,0.3105854,143.811,0.5614517,0.2402677,-0.7918608,0.1117236,1.081366,0.281731,1.123034,0.0708888,1.093789,0.2772827,1.130613,0.08252782,1.108535,0.2889409,1.148541,-0.01390797,0.6401432,0.03381553,0.6411866,-0.003677767,0.6467276,0.07552969,0.6511335,-0.02414421,0.6417221,0.107443,0.6511023,0.1005269,-0.07912235,0.02241524,0.1298786,0.141285,-0.06574883,0.02117898,0.157267,0.1353124,-0.07503566,0.002024271,0.1547382,-0.1111411,0.05387162,-0.0287484,0.1268107,-0.1544749,0.05600832,-0.0263622,0.1664163,-0.1786623,0.04457498,0.0009625256,0.1841414,0.1011927,-0.08034029,0.02570784,0.1317399,0.1376718,-0.06582252,0.02168559,0.1541311,0.1311617,-0.07503793,0.003033464,0.1511399,-0.1109906,0.05426063,-0.02908516,0.1269215,-0.154889,0.05564801,-0.02661139,0.1667197,-0.1791215,0.04385402,0.0009172254,0.184414,0.1169002,-0.07556625,0.01965669,0.1405785,-0.2458822,0.8592225,-0.04639766,0.4462352,126.9952,-0.2747546,0.9601156,-0.05184585,-0.1436903,0.0499519,-0.01611432,0.1529763,0.17304,-0.5200856,-0.1411919,0.8243986,68.94486,0.3057192,-0.9188635,-0.2494514,0.1069754,1.108331,0.2831211,1.148912,0.5655644,-0.5842684,0.1967732,0.5477661,113.5722,0.6760018,-0.6983581,0.235197,0.1065543,-0.0766539,0.002414892,0.1312839,0.01470556,0.04915164,-0.7347385,0.6764077,94.87288,0.01996607,0.06673431,-0.9975712,-0.4811622,-0.1855388,-0.3411145,0.6183048,0.1712307,0.2779039,0.9395549,0.1033748,168.1329,0.172153,0.2794007,0.9446155,-0.006975383,-0.008330703,0.01687887,0.02007369,0.1314742,-0.168419,-0.1260116,0.9687471,28.72443,0.5300288,-0.6789689,-0.5080064,-0.1048154,1.207058,-0.05936153,1.213053,0.01401472,-0.1095392,-0.1897479,-0.9756026,334.6355,0.06383563,-0.4989398,-0.8642824,False,False,False,False
1772879693092,18.70706,0.201793,1.102369,0.1905453,1.136769,-0.01513553,-0.7764372,0.6142368,0.1401044,163.8922,-0.01528631,-0.7841717,0.6203555,-0.09763522,0.6337158,-0.06120764,0.6441077,0.5336853,0.2283854,-0.7526997,0.3105854,143.811,0.5614517,0.2402677,-0.7918608,0.1117236,1.081366,0.281731,1.123034,0.0708888,1.093789,0.2772827,1.130613,0.08252782,1.108535,0.2889409,1.148541,-0.01390797,0.6401432,0.03381553,0.6411866,-0.003677767,0.6467276,0.07552969,0.6511335,-0.02414421,0.6417221,0.107443,0.6511023,0.1005269,-0.07912235,0.02241524,0.1298786,0.141285,-0.06574883,0.02117898,0.157267,0.1353124,-0.07503566,0.002024271,0.1547382,-0.1111411,0.05387162,-0.0287484,0.1268107,-0.1544749,0.05600832,-0.0263622,0.1664163,-0.1786623,0.04457498,0.0009625256,0.1841414,0.1011927,-0.08034029,0.02570784,0.1317399,0.1376718,-0.06582252,0.02168559,0.1541311,0.1311617,-0.07503793,0.003033464,0.1511399,-0.1109906,0.05426063,-0.02908516,0.1269215,-0.154889,0.05564801,-0.02661139,0.1667197,-0.1791215,0.04385402,0.0009172254,0.184414,0.1169002,-0.07556625,0.01965669,0.1405785,-0.2458822,0.8592225,-0.04639766,0.4462352,126.9952,-0.2747546,0.9601156,-0.05184585,-0.1436903,0.0499519,-0.01611432,0.1529763,0.17304,-0.5200856,-0.1411919,0.8243986,68.94486,0.3057192,-0.9188635,-0.2494514,0.1069754,1.108331,0.2831211,1.148912,0.5655644,-0.5842684,0.1967732,0.5477661,113.5722,0.6760018,-0.6983581,0.235197,0.1065543,-0.0766539,0.002414892,0.1312839,0.01470556,0.04915164,-0.7347385,0.6764077,94.87288,0.01996607,0.06673431,-0.9975712,-0.4811622,-0.1855388,-0.3411145,0.6183048,0.1712307,0.2779039,0.9395549,0.1033748,168.1329,0.172153,0.2794007,0.9446155,-0.006975383,-0.008330703,0.01687887,0.02007369,0.1314742,-0.168419,-0.1260116,0.9687471,28.72443,0.5300288,-0.6789689,-0.5080064,-0.1042557,1.206911,-0.05959223,1.212871,0.01301428,-0.1114245,-0.1885598,-0.9756333,334.6516,0.05931568,-0.5078436,-0.8594057,False,False,False,False
1772879693106,18.72144,0.201793,1.102369,0.1905453,1.136769,-0.01513553,-0.7764372,0.6142368,0.1401044,163.8922,-0.01528631,-0.7841717,0.6203555,-0.09763522,0.6337158,-0.06120764,0.6441077,0.5336853,0.2283854,-0.7526997,0.3105854,143.811,0.5614517,0.2402677,-0.7918608,0.1117236,1.081366,0.281731,1.123034,0.0708888,1.093789,0.2772827,1.130613,0.08252782,1.108535,0.2889409,1.148541,-0.01390797,0.6401432,0.03381553,0.6411866,-0.003677767,0.6467276,0.07552969,0.6511335,-0.02414421,0.6417221,0.107443,0.6511023,0.1005269,-0.07912235,0.02241524,0.1298786,0.141285,-0.06574883,0.02117898,0.157267,0.1353124,-0.07503566,0.002024271,0.1547382,-0.1111411,0.05387162,-0.0287484,0.1268107,-0.1544749,0.05600832,-0.0263622,0.1664163,-0.1786623,0.04457498,0.0009625256,0.1841414,0.1011927,-0.08034029,0.02570784,0.1317399,0.1376718,-0.06582252,0.02168559,0.1541311,0.1311617,-0.07503793,0.003033464,0.1511399,-0.1109906,0.05426063,-0.02908516,0.1269215,-0.154889,0.05564801,-0.02661139,0.1667197,-0.1791215,0.04385402,0.0009172254,0.184414,0.1169002,-0.07556625,0.01965669,0.1405785,-0.2458822,0.8592225,-0.04639766,0.4462352,126.9952,-0.2747546,0.9601156,-0.05184585,-0.1436903,0.0499519,-0.01611432,0.1529763,0.17304,-0.5200856,-0.1411919,0.8243986,68.94486,0.3057192,-0.9188635,-0.2494514,0.1069754,1.108331,0.2831211,1.148912,0.5655644,-0.5842684,0.1967732,0.5477661,113.5722,0.6760018,-0.6983581,0.235197,0.1065543,-0.0766539,0.002414892,0.1312839,0.01470556,0.04915164,-0.7347385,0.6764077,94.87288,0.01996607,0.06673431,-0.9975712,-0.4811622,-0.1855388,-0.3411145,0.6183048,0.1712307,0.2779039,0.9395549,0.1033748,168.1329,0.172153,0.2794007,0.9446155,-0.006975383,-0.008330703,0.01687887,0.02007369,0.1314742,-0.168419,-0.1260116,0.9687471,28.72443,0.5300288,-0.6789689,-0.5080064,-0.1039274,1.206706,-0.05982644,1.212649,0.01172147,-0.1131809,-0.1876044,-0.9756318,334.6507,0.05342159,-0.5158315,-0.8550231,False,False,False,False
1772879693120,18.73529,0.201793,1.102369,0.1905453,1.136769,-0.01513553,-0.7764372,0.6142368,0.1401044,163.8922,-0.01528631,-0.7841717,0.6203555,-0.09763522,0.6337158,-0.06120764,0.6441077,0.5336853,0.2283854,-0.7526997,0.3105854,143.811,0.5614517,0.2402677,-0.7918608,0.1117236,1.081366,0.281731,1.123034,0.0708888,1.093789,0.2772827,1.130613,0.08252782,1.108535,0.2889409,1.148541,-0.01390797,0.6401432,0.03381553,0.6411866,-0.003677767,0.6467276,0.07552969,0.6511335,-0.02414421,0.6417221,0.107443,0.6511023,0.1005269,-0.07912235,0.02241524,0.1298786,0.141285,-0.06574883,0.02117898,0.157267,0.1353124,-0.07503566,0.002024271,0.1547382,-0.1111411,0.05387162,-0.0287484,0.1268107,-0.1544749,0.05600832,-0.0263622,0.1664163,-0.1786623,0.04457498,0.0009625256,0.1841414,0.1011927,-0.08034029,0.02570784,0.1317399,0.1376718,-0.06582252,0.02168559,0.1541311,0.1311617,-0.07503793,0.003033464,0.1511399,-0.1109906,0.05426063,-0.02908516,0.1269215,-0.154889,0.05564801,-0.02661139,0.1667197,-0.1791215,0.04385402,0.0009172254,0.184414,0.1169002,-0.07556625,0.01965669,0.1405785,-0.2458822,0.8592225,-0.04639766,0.4462352,126.9952,-0.2747546,0.9601156,-0.05184585,-0.1436903,0.0499519,-0.01611432,0.1529763,0.17304,-0.5200856,-0.1411919,0.8243986,68.94486,0.3057192,-0.9188635,-0.2494514,0.1069754,1.108331,0.2831211,1.148912,0.5655644,-0.5842684,0.1967732,0.5477661,113.5722,0.6760018,-0.6983581,0.235197,0.1065543,-0.0766539,0.002414892,0.1312839,0.01470556,0.04915164,-0.7347385,0.6764077,94.87288,0.01996607,0.06673431,-0.9975712,-0.4811622,-0.1855388,-0.3411145,0.6183048,0.1712307,0.2779039,0.9395549,0.1033748,168.1329,0.172153,0.2794007,0.9446155,-0.006975383,-0.008330703,0.01687887,0.02007369,0.1314742,-0.168419,-0.1260116,0.9687471,28.72443,0.5300288,-0.6789689,-0.5080064,-0.1036717,1.206542,-0.06002329,1.212475,0.009917538,-0.1141302,-0.1866609,-0.9757221,334.698,0.04528306,-0.5211136,-0.8522859,False,False,False,False
1772879693134,18.7485,0.201793,1.102369,0.1905453,1.136769,-0.01513553,-0.7764372,0.6142368,0.1401044,163.8922,-0.01528631,-0.7841717,0.6203555,-0.09763522,0.6337158,-0.06120764,0.6441077,0.5336853,0.2283854,-0.7526997,0.3105854,143.811,0.5614517,0.2402677,-0.7918608,0.1117236,1.081366,0.281731,1.123034,0.0708888,1.093789,0.2772827,1.130613,0.08252782,1.108535,0.2889409,1.148541,-0.01390797,0.6401432,0.03381553,0.6411866,-0.003677767,0.6467276,0.07552969,0.6511335,-0.02414421,0.6417221,0.107443,0.6511023,0.1005269,-0.07912235,0.02241524,0.1298786,0.141285,-0.06574883,0.02117898,0.157267,0.1353124,-0.07503566,0.002024271,0.1547382,-0.1111411,0.05387162,-0.0287484,0.1268107,-0.1544749,0.05600832,-0.0263622,0.1664163,-0.1786623,0.04457498,0.0009625256,0.1841414,0.1011927,-0.08034029,0.02570784,0.1317399,0.1376718,-0.06582252,0.02168559,0.1541311,0.1311617,-0.07503793,0.003033464,0.1511399,-0.1109906,0.05426063,-0.02908516,0.1269215,-0.154889,0.05564801,-0.02661139,0.1667197,-0.1791215,0.04385402,0.0009172254,0.184414,0.1169002,-0.07556625,0.01965669,0.1405785,-0.2458822,0.8592225,-0.04639766,0.4462352,126.9952,-0.2747546,0.9601156,-0.05184585,-0.1436903,0.0499519,-0.01611432,0.1529763,0.17304,-0.5200856,-0.1411919,0.8243986,68.94486,0.3057192,-0.9188635,-0.2494514,0.1069754,1.108331,0.2831211,1.148912,0.5655644,-0.5842684,0.1967732,0.5477661,113.5722,0.6760018,-0.6983581,0.235197,0.1065543,-0.0766539,0.002414892,0.1312839,0.01470556,0.04915164,-0.7347385,0.6764077,94.87288,0.01996607,0.06673431,-0.9975712,-0.4811622,-0.1855388,-0.3411145,0.6183048,0.1712307,0.2779039,0.9395549,0.1033748,168.1329,0.172153,0.2794007,0.9446155,-0.006975383,-0.008330703,0.01687887,0.02007369,0.1314742,-0.168419,-0.1260116,0.9687471,28.72443,0.5300288,-0.6789689,-0.5080064,-0.1033265,1.20644,-0.06022733,1.212353,0.008750505,-0.1144991,-0.1862424,-0.9757701,334.7231,0.03999344,-0.5233086,-0.8512049,False,False,False,False
1772879693148,18.76264,0.201793,1.102369,0.1905453,1.136769,-0.01513553,-0.7764372,0.6142368,0.1401044,163.8922,-0.01528631,-0.7841717,0.6203555,-0.09763522,0.6337158,-0.06120764,0.6441077,0.5336853,0.2283854,-0.7526997,0.3105854,143.811,0.5614517,0.2402677,-0.7918608,0.1117236,1.081366,0.281731,1.123034,0.0708888,1.093789,0.2772827,1.130613,0.08252782,1.108535,0.2889409,1.148541,-0.01390797,0.6401432,0.03381553,0.6411866,-0.003677767,0.6467276,0.07552969,0.6511335,-0.02414421,0.6417221,0.107443,0.6511023,0.1005269,-0.07912235,0.02241524,0.1298786,0.141285,-0.06574883,0.02117898,0.157267,0.1353124,-0.07503566,0.002024271,0.1547382,-0.1111411,0.05387162,-0.0287484,0.1268107,-0.1544749,0.05600832,-0.0263622,0.1664163,-0.1786623,0.04457498,0.0009625256,0.1841414,0.1011927,-0.08034029,0.02570784,0.1317399,0.1376718,-0.06582252,0.02168559,0.1541311,0.1311617,-0.07503793,0.003033464,0.1511399,-0.1109906,0.05426063,-0.02908516,0.1269215,-0.154889,0.05564801,-0.02661139,0.1667197,-0.1791215,0.04385402,0.0009172254,0.184414,0.1169002,-0.07556625,0.01965669,0.1405785,-0.2458822,0.8592225,-0.04639766,0.4462352,126.9952,-0.2747546,0.9601156,-0.05184585,-0.1436903,0.0499519,-0.01611432,0.1529763,0.17304,-0.5200856,-0.1411919,0.8243986,68.94486,0.3057192,-0.9188635,-0.2494514,0.1069754,1.108331,0.2831211,1.148912,0.5655644,-0.5842684,0.1967732,0.5477661,113.5722,0.6760018,-0.6983581,0.235197,0.1065543,-0.0766539,0.002414892,0.1312839,0.01470556,0.04915164,-0.7347385,0.6764077,94.87288,0.01996607,0.06673431,-0.9975712,-0.4811622,-0.1855388,-0.3411145,0.6183048,0.1712307,0.2779039,0.9395549,0.1033748,168.1329,0.172153,0.2794007,0.9446155,-0.006975383,-0.008330703,0.01687887,0.02007369,0.1314742,-0.168419,-0.1260116,0.9687471,28.72443,0.5300288,-0.6789689,-0.5080064,-0.103073,1.206617,-0.06029144,1.212511,0.007827181,-0.115006,-0.1863682,-0.9756942,334.6834,0.0357183,-0.5248145,-0.8504666,False,False,False,False
1772879693161,18.77664,0.201793,1.102369,0.1905453,1.136769,-0.01513553,-0.7764372,0.6142368,0.1401044,163.8922,-0.01528631,-0.7841717,0.6203555,-0.09763522,0.6337158,-0.06120764,0.6441077,0.5336853,0.2283854,-0.7526997,0.3105854,143.811,0.5614517,0.2402677,-0.7918608,0.1117236,1.081366,0.281731,1.123034,0.0708888,1.093789,0.2772827,1.130613,0.08252782,1.108535,0.2889409,1.148541,-0.01390797,0.6401432,0.03381553,0.6411866,-0.003677767,0.6467276,0.07552969,0.6511335,-0.02414421,0.6417221,0.107443,0.6511023,0.1005269,-0.07912235,0.02241524,0.1298786,0.141285,-0.06574883,0.02117898,0.157267,0.1353124,-0.07503566,0.002024271,0.1547382,-0.1111411,0.05387162,-0.0287484,0.1268107,-0.1544749,0.05600832,-0.0263622,0.1664163,-0.1786623,0.04457498,0.0009625256,0.1841414,0.1011927,-0.08034029,0.02570784,0.1317399,0.1376718,-0.06582252,0.02168559,0.1541311,0.1311617,-0.07503793,0.003033464,0.1511399,-0.1109906,0.05426063,-0.02908516,0.1269215,-0.154889,0.05564801,-0.02661139,0.1667197,-0.1791215,0.04385402,0.0009172254,0.184414,0.1169002,-0.07556625,0.01965669,0.1405785,-0.2458822,0.8592225,-0.04639766,0.4462352,126.9952,-0.2747546,0.9601156,-0.05184585,-0.1436903,0.0499519,-0.01611432,0.1529763,0.17304,-0.5200856,-0.1411919,0.8243986,68.94486,0.3057192,-0.9188635,-0.2494514,0.1069754,1.108331,0.2831211,1.148912,0.5655644,-0.5842684,0.1967732,0.5477661,113.5722,0.6760018,-0.6983581,0.235197,0.1065543,-0.0766539,0.002414892,0.1312839,0.01470556,0.04915164,-0.7347385,0.6764077,94.87288,0.01996607,0.06673431,-0.9975712,-0.4811622,-0.1855388,-0.3411145,0.6183048,0.1712307,0.2779039,0.9395549,0.1033748,168.1329,0.172153,0.2794007,0.9446155,-0.006975383,-0.008330703,0.01687887,0.02007369,0.1314742,-0.168419,-0.1260116,0.9687471,28.72443,0.5300288,-0.6789689,-0.5080064,-0.102866,1.206891,-0.06000642,1.212752,0.0087984,-0.1156142,-0.1860557,-0.9756737,334.6727,0.04013362,-0.5273703,-0.8486871,False,False,False,False
1772879693175,18.79024,0.201793,1.102369,0.1905453,1.136769,-0.01513553,-0.7764372,0.6142368,0.1401044,163.8922,-0.01528631,-0.7841717,0.6203555,-0.09763522,0.6337158,-0.06120764,0.6441077,0.5336853,0.2283854,-0.7526997,0.3105854,143.811,0.5614517,0.2402677,-0.7918608,0.1117236,1.081366,0.281731,1.123034,0.0708888,1.093789,0.2772827,1.130613,0.08252782,1.108535,0.2889409,1.148541,-0.01390797,0.6401432,0.03381553,0.6411866,-0.003677767,0.6467276,0.07552969,0.6511335,-0.02414421,0.6417221,0.107443,0.6511023,0.1005269,-0.07912235,0.02241524,0.1298786,0.141285,-0.06574883,0.02117898,0.157267,0.1353124,-0.07503566,0.002024271,0.1547382,-0.1111411,0.05387162,-0.0287484,0.1268107,-0.1544749,0.05600832,-0.0263622,0.1664163,-0.1786623,0.04457498,0.0009625256,0.1841414,0.1011927,-0.08034029,0.02570784,0.1317399,0.1376718,-0.06582252,0.02168559,0.1541311,0.1311617,-0.07503793,0.003033464,0.1511399,-0.1109906,0.05426063,-0.02908516,0.1269215,-0.154889,0.05564801,-0.02661139,0.1667197,-0.1791215,0.04385402,0.0009172254,0.184414,0.1169002,-0.07556625,0.01965669,0.1405785,-0.2458822,0.8592225,-0.04639766,0.4462352,126.9952,-0.2747546,0.9601156,-0.05184585,-0.1436903,0.0499519,-0.01611432,0.1529763,0.17304,-0.5200856,-0.1411919,0.8243986,68.94486,0.3057192,-0.9188635,-0.2494514,0.1069754,1.108331,0.2831211,1.148912,0.5655644,-0.5842684,0.1967732,0.5477661,113.5722,0.6760018,-0.6983581,0.235197,0.1065543,-0.0766539,0.002414892,0.1312839,0.01470556,0.04915164,-0.7347385,0.6764077,94.87288,0.01996607,0.06673431,-0.9975712,-0.4811622,-0.1855388,-0.3411145,0.6183048,0.1712307,0.2779039,0.9395549,0.1033748,168.1329,0.172153,0.2794007,0.9446155,-0.006975383,-0.008330703,0.01687887,0.02007369,0.1314742,-0.168419,-0.1260116,0.9687471,28.72443,0.5300288,-0.6789689,-0.5080064,-0.1028664,1.206721,-0.06044905,1.212605,0.01092025,-0.1153032,-0.1856049,-0.9757749,334.7256,0.04991503,-0.527036,-0.848376,False,False,False,False
1772879693190,18.80436,0.201793,1.102369,0.1905453,1.136769,-0.01513553,-0.7764372,0.6142368,0.1401044,163.8922,-0.01528631,-0.7841717,0.6203555,-0.09763522,0.6337158,-0.06120764,0.6441077,0.5336853,0.2283854,-0.7526997,0.3105854,143.811,0.5614517,0.2402677,-0.7918608,0.1117236,1.081366,0.281731,1.123034,0.0708888,1.093789,0.2772827,1.130613,0.08252782,1.108535,0.2889409,1.148541,-0.01390797,0.6401432,0.03381553,0.6411866,-0.003677767,0.6467276,0.07552969,0.6511335,-0.02414421,0.6417221,0.107443,0.6511023,0.1005269,-0.07912235,0.02241524,0.1298786,0.141285,-0.06574883,0.02117898,0.157267,0.1353124,-0.07503566,0.002024271,0.1547382,-0.1111411,0.05387162,-0.0287484,0.1268107,-0.1544749,0.05600832,-0.0263622,0.1664163,-0.1786623,0.04457498,0.0009625256,0.1841414,0.1011927,-0.08034029,0.02570784,0.1317399,0.1376718,-0.06582252,0.02168559,0.1541311,0.1311617,-0.07503793,0.003033464,0.1511399,-0.1109906,0.05426063,-0.02908516,0.1269215,-0.154889,0.05564801,-0.02661139,0.1667197,-0.1791215,0.04385402,0.0009172254,0.184414,0.1169002,-0.07556625,0.01965669,0.1405785,-0.2458822,0.8592225,-0.04639766,0.4462352,126.9952,-0.2747546,0.9601156,-0.05184585,-0.1436903,0.0499519,-0.01611432,0.1529763,0.17304,-0.5200856,-0.1411919,0.8243986,68.94486,0.3057192,-0.9188635,-0.2494514,0.1069754,1.108331,0.2831211,1.148912,0.5655644,-0.5842684,0.1967732,0.5477661,113.5722,0.6760018,-0.6983581,0.235197,0.1065543,-0.0766539,0.002414892,0.1312839,0.01470556,0.04915164,-0.7347385,0.6764077,94.87288,0.01996607,0.06673431,-0.9975712,-0.4811622,-0.1855388,-0.3411145,0.6183048,0.1712307,0.2779039,0.9395549,0.1033748,168.1329,0.172153,0.2794007,0.9446155,-0.006975383,-0.008330703,0.01687887,0.02007369,0.1314742,-0.168419,-0.1260116,0.9687471,28.72443,0.5300288,-0.6789689,-0.5080064,-0.1025745,1.206474,-0.06062968,1.212344,0.009394364,-0.1149407,-0.1852467,-0.9759017,334.7921,0.04305179,-0.5267418,-0.8489347,False,False,False,False
1772879693203,18.8187,0.201793,1.102369,0.1905453,1.136769,-0.01513553,-0.7764372,0.6142368,0.1401044,163.8922,-0.01528631,-0.7841717,0.6203555,-0.09763522,0.6337158,-0.06120764,0.6441077,0.5336853,0.2283854,-0.7526997,0.3105854,143.811,0.5614517,0.2402677,-0.7918608,0.1117236,1.081366,0.281731,1.123034,0.0708888,1.093789,0.2772827,1.130613,0.08252782,1.108535,0.2889409,1.148541,-0.01390797,0.6401432,0.03381553,0.6411866,-0.003677767,0.6467276,0.07552969,0.6511335,-0.02414421,0.6417221,0.107443,0.6511023,0.1005269,-0.07912235,0.02241524,0.1298786,0.141285,-0.06574883,0.02117898,0.157267,0.1353124,-0.07503566,0.002024271,0.1547382,-0.1111411,0.05387162,-0.0287484,0.1268107,-0.1544749,0.05600832,-0.0263622,0.1664163,-0.1786623,0.04457498,0.0009625256,0.1841414,0.1011927,-0.08034029,0.02570784,0.1317399,0.1376718,-0.06582252,0.02168559,0.1541311,0.1311617,-0.07503793,0.003033464,0.1511399,-0.1109906,0.05426063,-0.02908516,0.1269215,-0.154889,0.05564801,-0.02661139,0.1667197,-0.1791215,0.04385402,0.0009172254,0.184414,0.1169002,-0.07556625,0.01965669,0.1405785,-0.2458822,0.8592225,-0.04639766,0.4462352,126.9952,-0.2747546,0.9601156,-0.05184585,-0.1436903,0.0499519,-0.01611432,0.1529763,0.17304,-0.5200856,-0.1411919,0.8243986,68.94486,0.3057192,-0.9188635,-0.2494514,0.1069754,1.108331,0.2831211,1.148912,0.5655644,-0.5842684,0.1967732,0.5477661,113.5722,0.6760018,-0.6983581,0.235197,0.1065543,-0.0766539,0.002414892,0.1312839,0.01470556,0.04915164,-0.7347385,0.6764077,94.87288,0.01996607,0.06673431,-0.9975712,-0.4811622,-0.1855388,-0.3411145,0.6183048,0.1712307,0.2779039,0.9395549,0.1033748,168.1329,0.172153,0.2794007,0.9446155,-0.006975383,-0.008330703,0.01687887,0.02007369,0.1314742,-0.168419,-0.1260116,0.9687471,28.72443,0.5300288,-0.6789689,-0.5080064,-0.102182,1.20645,-0.06083653,1.212297,0.008327568,-0.1150293,-0.1848873,-0.9759691,334.8275,0.0382158,-0.5278775,-0.848461,False,False,False,False
1772879693218,18.83273,0.201793,1.102369,0.1905453,1.136769,-0.01513553,-0.7764372,0.6142368,0.1401044,163.8922,-0.01528631,-0.7841717,0.6203555,-0.09763522,0.6337158,-0.06120764,0.6441077,0.5336853,0.2283854,-0.7526997,0.3105854,143.811,0.5614517,0.2402677,-0.7918608,0.1117236,1.081366,0.281731,1.123034,0.0708888,1.093789,0.2772827,1.130613,0.08252782,1.108535,0.2889409,1.148541,-0.01390797,0.6401432,0.03381553,0.6411866,-0.003677767,0.6467276,0.07552969,0.6511335,-0.02414421,0.6417221,0.107443,0.6511023,0.1005269,-0.07912235,0.02241524,0.1298786,0.141285,-0.06574883,0.02117898,0.157267,0.1353124,-0.07503566,0.002024271,0.1547382,-0.1111411,0.05387162,-0.0287484,0.1268107,-0.1544749,0.05600832,-0.0263622,0.1664163,-0.1786623,0.04457498,0.0009625256,0.1841414,0.1011927,-0.08034029,0.02570784,0.1317399,0.1376718,-0.06582252,0.02168559,0.1541311,0.1311617,-0.07503793,0.003033464,0.1511399,-0.1109906,0.05426063,-0.02908516,0.1269215,-0.154889,0.05564801,-0.02661139,0.1667197,-0.1791215,0.04385402,0.0009172254,0.184414,0.1169002,-0.07556625,0.01965669,0.1405785,-0.2458822,0.8592225,-0.04639766,0.4462352,126.9952,-0.2747546,0.9601156,-0.05184585,-0.1436903,0.0499519,-0.01611432,0.1529763,0.17304,-0.5200856,-0.1411919,0.8243986,68.94486,0.3057192,-0.9188635,-0.2494514,0.1069754,1.108331,0.2831211,1.148912,0.5655644,-0.5842684,0.1967732,0.5477661,113.5722,0.6760018,-0.6983581,0.235197,0.1065543,-0.0766539,0.002414892,0.1312839,0.01470556,0.04915164,-0.7347385,0.6764077,94.87288,0.01996607,0.06673431,-0.9975712,-0.4811622,-0.1855388,-0.3411145,0.6183048,0.1712307,0.2779039,0.9395549,0.1033748,168.1329,0.172153,0.2794007,0.9446155,-0.006975383,-0.008330703,0.01687887,0.02007369,0.1314742,-0.168419,-0.1260116,0.9687471,28.72443,0.5300288,-0.6789689,-0.5080064,-0.1020774,1.206299,-0.06107432,1.21215,0.008145575,-0.1150983,-0.1845544,-0.9760255,334.8571,0.03742401,-0.5288073,-0.8479165,False,False,False,False
1772879693232,18.84679,0.201793,1.102369,0.1905453,1.136769,-0.01513553,-0.7764372,0.6142368,0.1401044,163.8922,-0.01528631,-0.7841717,0.6203555,-0.09763522,0.6337158,-0.06120764,0.6441077,0.5336853,0.2283854,-0.7526997,0.3105854,143.811,0.5614517,0.2402677,-0.7918608,0.1117236,1.081366,0.281731,1.123034,0.0708888,1.093789,0.2772827,1.130613,0.08252782,1.108535,0.2889409,1.148541,-0.01390797,0.6401432,0.03381553,0.6411866,-0.003677767,0.6467276,0.07552969,0.6511335,-0.02414421,0.6417221,0.107443,0.6511023,0.1005269,-0.07912235,0.02241524,0.1298786,0.141285,-0.06574883,0.02117898,0.157267,0.1353124,-0.07503566,0.002024271,0.1547382,-0.1111411,0.05387162,-0.0287484,0.1268107,-0.1544749,0.05600832,-0.0263622,0.1664163,-0.1786623,0.04457498,0.0009625256,0.1841414,0.1011927,-0.08034029,0.02570784,0.1317399,0.1376718,-0.06582252,0.02168559,0.1541311,0.1311617,-0.07503793,0.003033464,0.1511399,-0.1109906,0.05426063,-0.02908516,0.1269215,-0.154889,0.05564801,-0.02661139,0.1667197,-0.1791215,0.04385402,0.0009172254,0.184414,0.1169002,-0.07556625,0.01965669,0.1405785,-0.2458822,0.8592225,-0.04639766,0.4462352,126.9952,-0.2747546,0.9601156,-0.05184585,-0.1436903,0.0499519,-0.01611432,0.1529763,0.17304,-0.5200856,-0.1411919,0.8243986,68.94486,0.3057192,-0.9188635,-0.2494514,0.1069754,1.108331,0.2831211,1.148912,0.5655644,-0.5842684,0.1967732,0.5477661,113.5722,0.6760018,-0.6983581,0.235197,0.1065543,-0.0766539,0.002414892,0.1312839,0.01470556,0.04915164,-0.7347385,0.6764077,94.87288,0.01996607,0.06673431,-0.9975712,-0.4811622,-0.1855388,-0.3411145,0.6183048,0.1712307,0.2779039,0.9395549,0.1033748,168.1329,0.172153,0.2794007,0.9446155,-0.006975383,-0.008330703,0.01687887,0.02007369,0.1314742,-0.168419,-0.1260116,0.9687471,28.72443,0.5300288,-0.6789689,-0.5080064,-0.1018883,1.206268,-0.06121683,1.21211,0.008644091,-0.1151246,-0.1839942,-0.9761239,334.909,0.03979516,-0.5300037,-0.8470616,False,False,False,False
1772879693245,18.85997,0.201793,1.102369,0.1905453,1.136769,-0.01513553,-0.7764372,0.6142368,0.1401044,163.8922,-0.01528631,-0.7841717,0.6203555,-0.09763522,0.6337158,-0.06120764,0.6441077,0.5336853,0.2283854,-0.7526997,0.3105854,143.811,0.5614517,0.2402677,-0.7918608,0.1117236,1.081366,0.281731,1.123034,0.0708888,1.093789,0.2772827,1.130613,0.08252782,1.108535,0.2889409,1.148541,-0.01390797,0.6401432,0.03381553,0.6411866,-0.003677767,0.6467276,0.07552969,0.6511335,-0.02414421,0.6417221,0.107443,0.6511023,0.1005269,-0.07912235,0.02241524,0.1298786,0.141285,-0.06574883,0.02117898,0.157267,0.1353124,-0.07503566,0.002024271,0.1547382,-0.1111411,0.05387162,-0.0287484,0.1268107,-0.1544749,0.05600832,-0.0263622,0.1664163,-0.1786623,0.04457498,0.0009625256,0.1841414,0.1011927,-0.08034029,0.02570784,0.1317399,0.1376718,-0.06582252,0.02168559,0.1541311,0.1311617,-0.07503793,0.003033464,0.1511399,-0.1109906,0.05426063,-0.02908516,0.1269215,-0.154889,0.05564801,-0.02661139,0.1667197,-0.1791215,0.04385402,0.0009172254,0.184414,0.1169002,-0.07556625,0.01965669,0.1405785,-0.2458822,0.8592225,-0.04639766,0.4462352,126.9952,-0.2747546,0.9601156,-0.05184585,-0.1436903,0.0499519,-0.01611432,0.1529763,0.17304,-0.5200856,-0.1411919,0.8243986,68.94486,0.3057192,-0.9188635,-0.2494514,0.1069754,1.108331,0.2831211,1.148912,0.5655644,-0.5842684,0.1967732,0.5477661,113.5722,0.6760018,-0.6983581,0.235197,0.1065543,-0.0766539,0.002414892,0.1312839,0.01470556,0.04915164,-0.7347385,0.6764077,94.87288,0.01996607,0.06673431,-0.9975712,-0.4811622,-0.1855388,-0.3411145,0.6183048,0.1712307,0.2779039,0.9395549,0.1033748,168.1329,0.172153,0.2794007,0.9446155,-0.006975383,-0.008330703,0.01687887,0.02007369,0.1314742,-0.168419,-0.1260116,0.9687471,28.72443,0.5300288,-0.6789689,-0.5080064,-0.1018213,1.206381,-0.0613285,1.212222,0.009572289,-0.1145788,-0.1840066,-0.9761771,334.9371,0.04411697,-0.5280733,-0.8480533,False,False,False,False
1772879693259,18.87386,0.201793,1.102369,0.1905453,1.136769,-0.01513553,-0.7764372,0.6142368,0.1401044,163.8922,-0.01528631,-0.7841717,0.6203555,-0.09763522,0.6337158,-0.06120764,0.6441077,0.5336853,0.2283854,-0.7526997,0.3105854,143.811,0.5614517,0.2402677,-0.7918608,0.1117236,1.081366,0.281731,1.123034,0.0708888,1.093789,0.2772827,1.130613,0.08252782,1.108535,0.2889409,1.148541,-0.01390797,0.6401432,0.03381553,0.6411866,-0.003677767,0.6467276,0.07552969,0.6511335,-0.02414421,0.6417221,0.107443,0.6511023,0.1005269,-0.07912235,0.02241524,0.1298786,0.141285,-0.06574883,0.02117898,0.157267,0.1353124,-0.07503566,0.002024271,0.1547382,-0.1111411,0.05387162,-0.0287484,0.1268107,-0.1544749,0.05600832,-0.0263622,0.1664163,-0.1786623,0.04457498,0.0009625256,0.1841414,0.1011927,-0.08034029,0.02570784,0.1317399,0.1376718,-0.06582252,0.02168559,0.1541311,0.1311617,-0.07503793,0.003033464,0.1511399,-0.1109906,0.05426063,-0.02908516,0.1269215,-0.154889,0.05564801,-0.02661139,0.1667197,-0.1791215,0.04385402,0.0009172254,0.184414,0.1169002,-0.07556625,0.01965669,0.1405785,-0.2458822,0.8592225,-0.04639766,0.4462352,126.9952,-0.2747546,0.9601156,-0.05184585,-0.1436903,0.0499519,-0.01611432,0.1529763,0.17304,-0.5200856,-0.1411919,0.8243986,68.94486,0.3057192,-0.9188635,-0.2494514,0.1069754,1.108331,0.2831211,1.148912,0.5655644,-0.5842684,0.1967732,0.5477661,113.5722,0.6760018,-0.6983581,0.235197,0.1065543,-0.0766539,0.002414892,0.1312839,0.01470556,0.04915164,-0.7347385,0.6764077,94.87288,0.01996607,0.06673431,-0.9975712,-0.4811622,-0.1855388,-0.3411145,0.6183048,0.1712307,0.2779039,0.9395549,0.1033748,168.1329,0.172153,0.2794007,0.9446155,-0.006975383,-0.008330703,0.01687887,0.02007369,0.1314742,-0.168419,-0.1260116,0.9687471,28.72443,0.5300288,-0.6789689,-0.5080064,-0.1017228,1.20642,-0.06148422,1.212261,0.009775968,-0.1141861,-0.1838457,-0.9762514,334.9764,0.04512527,-0.5270762,-0.8486204,False,False,False,False
1772879693272,18.888,0.201793,1.102369,0.1905453,1.136769,-0.01513553,-0.7764372,0.6142368,0.1401044,163.8922,-0.01528631,-0.7841717,0.6203555,-0.09763522,0.6337158,-0.06120764,0.6441077,0.5336853,0.2283854,-0.7526997,0.3105854,143.811,0.5614517,0.2402677,-0.7918608,0.1117236,1.081366,0.281731,1.123034,0.0708888,1.093789,0.2772827,1.130613,0.08252782,1.108535,0.2889409,1.148541,-0.01390797,0.6401432,0.03381553,0.6411866,-0.003677767,0.6467276,0.07552969,0.6511335,-0.02414421,0.6417221,0.107443,0.6511023,0.1005269,-0.07912235,0.02241524,0.1298786,0.141285,-0.06574883,0.02117898,0.157267,0.1353124,-0.07503566,0.002024271,0.1547382,-0.1111411,0.05387162,-0.0287484,0.1268107,-0.1544749,0.05600832,-0.0263622,0.1664163,-0.1786623,0.04457498,0.0009625256,0.1841414,0.1011927,-0.08034029,0.02570784,0.1317399,0.1376718,-0.06582252,0.02168559,0.1541311,0.1311617,-0.07503793,0.003033464,0.1511399,-0.1109906,0.05426063,-0.02908516,0.1269215,-0.154889,0.05564801,-0.02661139,0.1667197,-0.1791215,0.04385402,0.0009172254,0.184414,0.1169002,-0.07556625,0.01965669,0.1405785,-0.2458822,0.8592225,-0.04639766,0.4462352,126.9952,-0.2747546,0.9601156,-0.05184585,-0.1436903,0.0499519,-0.01611432,0.1529763,0.17304,-0.5200856,-0.1411919,0.8243986,68.94486,0.3057192,-0.9188635,-0.2494514,0.1069754,1.108331,0.2831211,1.148912,0.5655644,-0.5842684,0.1967732,0.5477661,113.5722,0.6760018,-0.6983581,0.235197,0.1065543,-0.0766539,0.002414892,0.1312839,0.01470556,0.04915164,-0.7347385,0.6764077,94.87288,0.01996607,0.06673431,-0.9975712,-0.4811622,-0.1855388,-0.3411145,0.6183048,0.1712307,0.2779039,0.9395549,0.1033748,168.1329,0.172153,0.2794007,0.9446155,-0.006975383,-0.008330703,0.01687887,0.02007369,0.1314742,-0.168419,-0.1260116,0.9687471,28.72443,0.5300288,-0.6789689,-0.5080064,-0.1016297,1.206357,-0.06167676,1.2122,0.009348704,-0.1141359,-0.1830851,-0.9764044,335.0574,0.04329102,-0.5285288,-0.8478115,False,False,False,False
1772879693287,18.90142,0.201793,1.102369,0.1905453,1.136769,-0.01513553,-0.7764372,0.6142368,0.1401044,163.8922,-0.01528631,-0.7841717,0.6203555,-0.09763522,0.6337158,-0.06120764,0.6441077,0.5336853,0.2283854,-0.7526997,0.3105854,143.811,0.5614517,0.2402677,-0.7918608,0.1117236,1.081366,0.281731,1.123034,0.0708888,1.093789,0.2772827,1.130613,0.08252782,1.108535,0.2889409,1.148541,-0.01390797,0.6401432,0.03381553,0.6411866,-0.003677767,0.6467276,0.07552969,0.6511335,-0.02414421,0.6417221,0.107443,0.6511023,0.1005269,-0.07912235,0.02241524,0.1298786,0.141285,-0.06574883,0.02117898,0.157267,0.1353124,-0.07503566,0.002024271,0.1547382,-0.1111411,0.05387162,-0.0287484,0.1268107,-0.1544749,0.05600832,-0.0263622,0.1664163,-0.1786623,0.04457498,0.0009625256,0.1841414,0.1011927,-0.08034029,0.02570784,0.1317399,0.1376718,-0.06582252,0.02168559,0.1541311,0.1311617,-0.07503793,0.003033464,0.1511399,-0.1109906,0.05426063,-0.02908516,0.1269215,-0.154889,0.05564801,-0.02661139,0.1667197,-0.1791215,0.04385402,0.0009172254,0.184414,0.1169002,-0.07556625,0.01965669,0.1405785,-0.2458822,0.8592225,-0.04639766,0.4462352,126.9952,-0.2747546,0.9601156,-0.05184585,-0.1436903,0.0499519,-0.01611432,0.1529763,0.17304,-0.5200856,-0.1411919,0.8243986,68.94486,0.3057192,-0.9188635,-0.2494514,0.1069754,1.108331,0.2831211,1.148912,0.5655644,-0.5842684,0.1967732,0.5477661,113.5722,0.6760018,-0.6983581,0.235197,0.1065543,-0.0766539,0.002414892,0.1312839,0.01470556,0.04915164,-0.7347385,0.6764077,94.87288,0.01996607,0.06673431,-0.9975712,-0.4811622,-0.1855388,-0.3411145,0.6183048,0.1712307,0.2779039,0.9395549,0.1033748,168.1329,0.172153,0.2794007,0.9446155,-0.006975383,-0.008330703,0.01687887,0.02007369,0.1314742,-0.168419,-0.1260116,0.9687471,28.72443,0.5300288,-0.6789689,-0.5080064,-0.1015253,1.206271,-0.06185128,1.212115,0.008652718,-0.1138091,-0.1827298,-0.9765155,335.1165,0.04016165,-0.5282459,-0.8481418,False,False,False,False
1772879693300,18.91597,0.201793,1.102369,0.1905453,1.136769,-0.01513553,-0.7764372,0.6142368,0.1401044,163.8922,-0.01528631,-0.7841717,0.6203555,-0.09763522,0.6337158,-0.06120764,0.6441077,0.5336853,0.2283854,-0.7526997,0.3105854,143.811,0.5614517,0.2402677,-0.7918608,0.1117236,1.081366,0.281731,1.123034,0.0708888,1.093789,0.2772827,1.130613,0.08252782,1.108535,0.2889409,1.148541,-0.01390797,0.6401432,0.03381553,0.6411866,-0.003677767,0.6467276,0.07552969,0.6511335,-0.02414421,0.6417221,0.107443,0.6511023,0.1005269,-0.07912235,0.02241524,0.1298786,0.141285,-0.06574883,0.02117898,0.157267,0.1353124,-0.07503566,0.002024271,0.1547382,-0.1111411,0.05387162,-0.0287484,0.1268107,-0.1544749,0.05600832,-0.0263622,0.1664163,-0.1786623,0.04457498,0.0009625256,0.1841414,0.1011927,-0.08034029,0.02570784,0.1317399,0.1376718,-0.06582252,0.02168559,0.1541311,0.1311617,-0.07503793,0.003033464,0.1511399,-0.1109906,0.05426063,-0.02908516,0.1269215,-0.154889,0.05564801,-0.02661139,0.1667197,-0.1791215,0.04385402,0.0009172254,0.184414,0.1169002,-0.07556625,0.01965669,0.1405785,-0.2458822,0.8592225,-0.04639766,0.4462352,126.9952,-0.2747546,0.9601156,-0.05184585,-0.1436903,0.0499519,-0.01611432,0.1529763,0.17304,-0.5200856,-0.1411919,0.8243986,68.94486,0.3057192,-0.9188635,-0.2494514,0.1069754,1.108331,0.2831211,1.148912,0.5655644,-0.5842684,0.1967732,0.5477661,113.5722,0.6760018,-0.6983581,0.235197,0.1065543,-0.0766539,0.002414892,0.1312839,0.01470556,0.04915164,-0.7347385,0.6764077,94.87288,0.01996607,0.06673431,-0.9975712,-0.4811622,-0.1855388,-0.3411145,0.6183048,0.1712307,0.2779039,0.9395549,0.1033748,168.1329,0.172153,0.2794007,0.9446155,-0.006975383,-0.008330703,0.01687887,0.02007369,0.1314742,-0.168419,-0.1260116,0.9687471,28.72443,0.5300288,-0.6789689,-0.5080064,-0.1013765,1.206311,-0.06198022,1.212148,0.008737859,-0.1140472,-0.1824625,-0.9765369,335.1279,0.04057515,-0.5295897,-0.8472833,False,False,False,False
1772879693314,18.92933,0.201793,1.102369,0.1905453,1.136769,-0.01513553,-0.7764372,0.6142368,0.1401044,163.8922,-0.01528631,-0.7841717,0.6203555,-0.09763522,0.6337158,-0.06120764,0.6441077,0.5336853,0.2283854,-0.7526997,0.3105854,143.811,0.5614517,0.2402677,-0.7918608,0.1117236,1.081366,0.281731,1.123034,0.0708888,1.093789,0.2772827,1.130613,0.08252782,1.108535,0.2889409,1.148541,-0.01390797,0.6401432,0.03381553,0.6411866,-0.003677767,0.6467276,0.07552969,0.6511335,-0.02414421,0.6417221,0.107443,0.6511023,0.1005269,-0.07912235,0.02241524,0.1298786,0.141285,-0.06574883,0.02117898,0.157267,0.1353124,-0.07503566,0.002024271,0.1547382,-0.1111411,0.05387162,-0.0287484,0.1268107,-0.1544749,0.05600832,-0.0263622,0.1664163,-0.1786623,0.04457498,0.0009625256,0.1841414,0.1011927,-0.08034029,0.02570784,0.1317399,0.1376718,-0.06582252,0.02168559,0.1541311,0.1311617,-0.07503793,0.003033464,0.1511399,-0.1109906,0.05426063,-0.02908516,0.1269215,-0.154889,0.05564801,-0.02661139,0.1667197,-0.1791215,0.04385402,0.0009172254,0.184414,0.1169002,-0.07556625,0.01965669,0.1405785,-0.2458822,0.8592225,-0.04639766,0.4462352,126.9952,-0.2747546,0.9601156,-0.05184585,-0.1436903,0.0499519,-0.01611432,0.1529763,0.17304,-0.5200856,-0.1411919,0.8243986,68.94486,0.3057192,-0.9188635,-0.2494514,0.1069754,1.108331,0.2831211,1.148912,0.5655644,-0.5842684,0.1967732,0.5477661,113.5722,0.6760018,-0.6983581,0.235197,0.1065543,-0.0766539,0.002414892,0.1312839,0.01470556,0.04915164,-0.7347385,0.6764077,94.87288,0.01996607,0.06673431,-0.9975712,-0.4811622,-0.1855388,-0.3411145,0.6183048,0.1712307,0.2779039,0.9395549,0.1033748,168.1329,0.172153,0.2794007,0.9446155,-0.006975383,-0.008330703,0.01687887,0.02007369,0.1314742,-0.168419,-0.1260116,0.9687471,28.72443,0.5300288,-0.6789689,-0.5080064,-0.1012184,1.206478,-0.06209888,1.212308,0.009162943,-0.1144416,-0.1819398,-0.9765844,335.1531,0.04259165,-0.5319534,-0.8457018,False,False,False,False
1772879693328,18.94298,0.201793,1.102369,0.1905453,1.136769,-0.01513553,-0.7764372,0.6142368,0.1401044,163.8922,-0.01528631,-0.7841717,0.6203555,-0.09763522,0.6337158,-0.06120764,0.6441077,0.5336853,0.2283854,-0.7526997,0.3105854,143.811,0.5614517,0.2402677,-0.7918608,0.1117236,1.081366,0.281731,1.123034,0.0708888,1.093789,0.2772827,1.130613,0.08252782,1.108535,0.2889409,1.148541,-0.01390797,0.6401432,0.03381553,0.6411866,-0.003677767,0.6467276,0.07552969,0.6511335,-0.02414421,0.6417221,0.107443,0.6511023,0.1005269,-0.07912235,0.02241524,0.1298786,0.141285,-0.06574883,0.02117898,0.157267,0.1353124,-0.07503566,0.002024271,0.1547382,-0.1111411,0.05387162,-0.0287484,0.1268107,-0.1544749,0.05600832,-0.0263622,0.1664163,-0.1786623,0.04457498,0.0009625256,0.1841414,0.1011927,-0.08034029,0.02570784,0.1317399,0.1376718,-0.06582252,0.02168559,0.1541311,0.1311617,-0.07503793,0.003033464,0.1511399,-0.1109906,0.05426063,-0.02908516,0.1269215,-0.154889,0.05564801,-0.02661139,0.1667197,-0.1791215,0.04385402,0.0009172254,0.184414,0.1169002,-0.07556625,0.01965669,0.1405785,-0.2458822,0.8592225,-0.04639766,0.4462352,126.9952,-0.2747546,0.9601156,-0.05184585,-0.1436903,0.0499519,-0.01611432,0.1529763,0.17304,-0.5200856,-0.1411919,0.8243986,68.94486,0.3057192,-0.9188635,-0.2494514,0.1069754,1.108331,0.2831211,1.148912,0.5655644,-0.5842684,0.1967732,0.5477661,113.5722,0.6760018,-0.6983581,0.235197,0.1065543,-0.0766539,0.002414892,0.1312839,0.01470556,0.04915164,-0.7347385,0.6764077,94.87288,0.01996607,0.06673431,-0.9975712,-0.4811622,-0.1855388,-0.3411145,0.6183048,0.1712307,0.2779039,0.9395549,0.1033748,168.1329,0.172153,0.2794007,0.9446155,-0.006975383,-0.008330703,0.01687887,0.02007369,0.1314742,-0.168419,-0.1260116,0.9687471,28.72443,0.5300288,-0.6789689,-0.5080064,-0.1010595,1.206699,-0.06221266,1.212521,0.009576167,-0.1152252,-0.1811101,-0.9766425,335.1841,0.0445671,-0.5362536,-0.8428792,False,False,False,False
1772879693343,18.95761,0.201793,1.102369,0.1905453,1.136769,-0.01513553,-0.7764372,0.6142368,0.1401044,163.8922,-0.01528631,-0.7841717,0.6203555,-0.09763522,0.6337158,-0.06120764,0.6441077,0.5336853,0.2283854,-0.7526997,0.3105854,143.811,0.5614517,0.2402677,-0.7918608,0.1117236,1.081366,0.281731,1.123034,0.0708888,1.093789,0.2772827,1.130613,0.08252782,1.108535,0.2889409,1.148541,-0.01390797,0.6401432,0.03381553,0.6411866,-0.003677767,0.6467276,0.07552969,0.6511335,-0.02414421,0.6417221,0.107443,0.6511023,0.1005269,-0.07912235,0.02241524,0.1298786,0.141285,-0.06574883,0.02117898,0.157267,0.1353124,-0.07503566,0.002024271,0.1547382,-0.1111411,0.05387162,-0.0287484,0.1268107,-0.1544749,0.05600832,-0.0263622,0.1664163,-0.1786623,0.04457498,0.0009625256,0.1841414,0.1011927,-0.08034029,0.02570784,0.1317399,0.1376718,-0.06582252,0.02168559,0.1541311,0.1311617,-0.07503793,0.003033464,0.1511399,-0.1109906,0.05426063,-0.02908516,0.1269215,-0.154889,0.05564801,-0.02661139,0.1667197,-0.1791215,0.04385402,0.0009172254,0.184414,0.1169002,-0.07556625,0.01965669,0.1405785,-0.2458822,0.8592225,-0.04639766,0.4462352,126.9952,-0.2747546,0.9601156,-0.05184585,-0.1436903,0.0499519,-0.01611432,0.1529763,0.17304,-0.5200856,-0.1411919,0.8243986,68.94486,0.3057192,-0.9188635,-0.2494514,0.1069754,1.108331,0.2831211,1.148912,0.5655644,-0.5842684,0.1967732,0.5477661,113.5722,0.6760018,-0.6983581,0.235197,0.1065543,-0.0766539,0.002414892,0.1312839,0.01470556,0.04915164,-0.7347385,0.6764077,94.87288,0.01996607,0.06673431,-0.9975712,-0.4811622,-0.1855388,-0.3411145,0.6183048,0.1712307,0.2779039,0.9395549,0.1033748,168.1329,0.172153,0.2794007,0.9446155,-0.006975383,-0.008330703,0.01687887,0.02007369,0.1314742,-0.168419,-0.1260116,0.9687471,28.72443,0.5300288,-0.6789689,-0.5080064,-0.1008876,1.206872,-0.06232195,1.212684,0.009513278,-0.115899,-0.1805983,-0.9766582,335.1925,0.0442891,-0.5395682,-0.8407763,False,False,False,False
1772879693356,18.97112,0.201793,1.102369,0.1905453,1.136769,-0.01513553,-0.7764372,0.6142368,0.1401044,163.8922,-0.01528631,-0.7841717,0.6203555,-0.09763522,0.6337158,-0.06120764,0.6441077,0.5336853,0.2283854,-0.7526997,0.3105854,143.811,0.5614517,0.2402677,-0.7918608,0.1117236,1.081366,0.281731,1.123034,0.0708888,1.093789,0.2772827,1.130613,0.08252782,1.108535,0.2889409,1.148541,-0.01390797,0.6401432,0.03381553,0.6411866,-0.003677767,0.6467276,0.07552969,0.6511335,-0.02414421,0.6417221,0.107443,0.6511023,0.1005269,-0.07912235,0.02241524,0.1298786,0.141285,-0.06574883,0.02117898,0.157267,0.1353124,-0.07503566,0.002024271,0.1547382,-0.1111411,0.05387162,-0.0287484,0.1268107,-0.1544749,0.05600832,-0.0263622,0.1664163,-0.1786623,0.04457498,0.0009625256,0.1841414,0.1011927,-0.08034029,0.02570784,0.1317399,0.1376718,-0.06582252,0.02168559,0.1541311,0.1311617,-0.07503793,0.003033464,0.1511399,-0.1109906,0.05426063,-0.02908516,0.1269215,-0.154889,0.05564801,-0.02661139,0.1667197,-0.1791215,0.04385402,0.0009172254,0.184414,0.1169002,-0.07556625,0.01965669,0.1405785,-0.2458822,0.8592225,-0.04639766,0.4462352,126.9952,-0.2747546,0.9601156,-0.05184585,-0.1436903,0.0499519,-0.01611432,0.1529763,0.17304,-0.5200856,-0.1411919,0.8243986,68.94486,0.3057192,-0.9188635,-0.2494514,0.1069754,1.108331,0.2831211,1.148912,0.5655644,-0.5842684,0.1967732,0.5477661,113.5722,0.6760018,-0.6983581,0.235197,0.1065543,-0.0766539,0.002414892,0.1312839,0.01470556,0.04915164,-0.7347385,0.6764077,94.87288,0.01996607,0.06673431,-0.9975712,-0.4811622,-0.1855388,-0.3411145,0.6183048,0.1712307,0.2779039,0.9395549,0.1033748,168.1329,0.172153,0.2794007,0.9446155,-0.006975383,-0.008330703,0.01687887,0.02007369,0.1314742,-0.168419,-0.1260116,0.9687471,28.72443,0.5300288,-0.6789689,-0.5080064,-0.1007296,1.207003,-0.06239566,1.212805,0.009369682,-0.116721,-0.1802596,-0.9766243,335.1744,0.04358933,-0.5430055,-0.8385976,False,False,False,False
1772879693371,18.98491,0.201793,1.102369,0.1905453,1.136769,-0.01513553,-0.7764372,0.6142368,0.1401044,163.8922,-0.01528631,-0.7841717,0.6203555,-0.09763522,0.6337158,-0.06120764,0.6441077,0.5336853,0.2283854,-0.7526997,0.3105854,143.811,0.5614517,0.2402677,-0.7918608,0.1117236,1.081366,0.281731,1.123034,0.0708888,1.093789,0.2772827,1.130613,0.08252782,1.108535,0.2889409,1.148541,-0.01390797,0.6401432,0.03381553,0.6411866,-0.003677767,0.6467276,0.07552969,0.6511335,-0.02414421,0.6417221,0.107443,0.6511023,0.1005269,-0.07912235,0.02241524,0.1298786,0.141285,-0.06574883,0.02117898,0.157267,0.1353124,-0.07503566,0.002024271,0.1547382,-0.1111411,0.05387162,-0.0287484,0.1268107,-0.1544749,0.05600832,-0.0263622,0.1664163,-0.1786623,0.04457498,0.0009625256,0.1841414,0.1011927,-0.08034029,0.02570784,0.1317399,0.1376718,-0.06582252,0.02168559,0.1541311,0.1311617,-0.07503793,0.003033464,0.1511399,-0.1109906,0.05426063,-0.02908516,0.1269215,-0.154889,0.05564801,-0.02661139,0.1667197,-0.1791215,0.04385402,0.0009172254,0.184414,0.1169002,-0.07556625,0.01965669,0.1405785,-0.2458822,0.8592225,-0.04639766,0.4462352,126.9952,-0.2747546,0.9601156,-0.05184585,-0.1436903,0.0499519,-0.01611432,0.1529763,0.17304,-0.5200856,-0.1411919,0.8243986,68.94486,0.3057192,-0.9188635,-0.2494514,0.1069754,1.108331,0.2831211,1.148912,0.5655644,-0.5842684,0.1967732,0.5477661,113.5722,0.6760018,-0.6983581,0.235197,0.1065543,-0.0766539,0.002414892,0.1312839,0.01470556,0.04915164,-0.7347385,0.6764077,94.87288,0.01996607,0.06673431,-0.9975712,-0.4811622,-0.1855388,-0.3411145,0.6183048,0.1712307,0.2779039,0.9395549,0.1033748,168.1329,0.172153,0.2794007,0.9446155,-0.006975383,-0.008330703,0.01687887,0.02007369,0.1314742,-0.168419,-0.1260116,0.9687471,28.72443,0.5300288,-0.6789689,-0.5080064,-0.1006179,1.20709,-0.06243598,1.212884,0.009270665,-0.1174206,-0.1795743,-0.9766676,335.1975,0.04316824,-0.546761,-0.8361759,False,False,False,False
1772879693385,18.99918,0.201793,1.102369,0.1905453,1.136769,-0.01513553,-0.7764372,0.6142368,0.1401044,163.8922,-0.01528631,-0.7841717,0.6203555,-0.09763522,0.6337158,-0.06120764,0.6441077,0.5336853,0.2283854,-0.7526997,0.3105854,143.811,0.5614517,0.2402677,-0.7918608,0.1117236,1.081366,0.281731,1.123034,0.0708888,1.093789,0.2772827,1.130613,0.08252782,1.108535,0.2889409,1.148541,-0.01390797,0.6401432,0.03381553,0.6411866,-0.003677767,0.6467276,0.07552969,0.6511335,-0.02414421,0.6417221,0.107443,0.6511023,0.1005269,-0.07912235,0.02241524,0.1298786,0.141285,-0.06574883,0.02117898,0.157267,0.1353124,-0.07503566,0.002024271,0.1547382,-0.1111411,0.05387162,-0.0287484,0.1268107,-0.1544749,0.05600832,-0.0263622,0.1664163,-0.1786623,0.04457498,0.0009625256,0.1841414,0.1011927,-0.08034029,0.02570784,0.1317399,0.1376718,-0.06582252,0.02168559,0.1541311,0.1311617,-0.07503793,0.003033464,0.1511399,-0.1109906,0.05426063,-0.02908516,0.1269215,-0.154889,0.05564801,-0.02661139,0.1667197,-0.1791215,0.04385402,0.0009172254,0.184414,0.1169002,-0.07556625,0.01965669,0.1405785,-0.2458822,0.8592225,-0.04639766,0.4462352,126.9952,-0.2747546,0.9601156,-0.05184585,-0.1436903,0.0499519,-0.01611432,0.1529763,0.17304,-0.5200856,-0.1411919,0.8243986,68.94486,0.3057192,-0.9188635,-0.2494514,0.1069754,1.108331,0.2831211,1.148912,0.5655644,-0.5842684,0.1967732,0.5477661,113.5722,0.6760018,-0.6983581,0.235197,0.1065543,-0.0766539,0.002414892,0.1312839,0.01470556,0.04915164,-0.7347385,0.6764077,94.87288,0.01996607,0.06673431,-0.9975712,-0.4811622,-0.1855388,-0.3411145,0.6183048,0.1712307,0.2779039,0.9395549,0.1033748,168.1329,0.172153,0.2794007,0.9446155,-0.006975383,-0.008330703,0.01687887,0.02007369,0.1314742,-0.168419,-0.1260116,0.9687471,28.72443,0.5300288,-0.6789689,-0.5080064,-0.1005341,1.207196,-0.06247019,1.212984,0.009387761,-0.1176704,-0.1794711,-0.9766554,335.191,0.04370217,-0.5477826,-0.8354789,False,False,False,False
1772879693398,19.01305,0.201793,1.102369,0.1905453,1.136769,-0.01513553,-0.7764372,0.6142368,0.1401044,163.8922,-0.01528631,-0.7841717,0.6203555,-0.09763522,0.6337158,-0.06120764,0.6441077,0.5336853,0.2283854,-0.7526997,0.3105854,143.811,0.5614517,0.2402677,-0.7918608,0.1117236,1.081366,0.281731,1.123034,0.0708888,1.093789,0.2772827,1.130613,0.08252782,1.108535,0.2889409,1.148541,-0.01390797,0.6401432,0.03381553,0.6411866,-0.003677767,0.6467276,0.07552969,0.6511335,-0.02414421,0.6417221,0.107443,0.6511023,0.1005269,-0.07912235,0.02241524,0.1298786,0.141285,-0.06574883,0.02117898,0.157267,0.1353124,-0.07503566,0.002024271,0.1547382,-0.1111411,0.05387162,-0.0287484,0.1268107,-0.1544749,0.05600832,-0.0263622,0.1664163,-0.1786623,0.04457498,0.0009625256,0.1841414,0.1011927,-0.08034029,0.02570784,0.1317399,0.1376718,-0.06582252,0.02168559,0.1541311,0.1311617,-0.07503793,0.003033464,0.1511399,-0.1109906,0.05426063,-0.02908516,0.1269215,-0.154889,0.05564801,-0.02661139,0.1667197,-0.1791215,0.04385402,0.0009172254,0.184414,0.1169002,-0.07556625,0.01965669,0.1405785,-0.2458822,0.8592225,-0.04639766,0.4462352,126.9952,-0.2747546,0.9601156,-0.05184585,-0.1436903,0.0499519,-0.01611432,0.1529763,0.17304,-0.5200856,-0.1411919,0.8243986,68.94486,0.3057192,-0.9188635,-0.2494514,0.1069754,1.108331,0.2831211,1.148912,0.5655644,-0.5842684,0.1967732,0.5477661,113.5722,0.6760018,-0.6983581,0.235197,0.1065543,-0.0766539,0.002414892,0.1312839,0.01470556,0.04915164,-0.7347385,0.6764077,94.87288,0.01996607,0.06673431,-0.9975712,-0.4811622,-0.1855388,-0.3411145,0.6183048,0.1712307,0.2779039,0.9395549,0.1033748,168.1329,0.172153,0.2794007,0.9446155,-0.006975383,-0.008330703,0.01687887,0.02007369,0.1314742,-0.168419,-0.1260116,0.9687471,28.72443,0.5300288,-0.6789689,-0.5080064,-0.1004863,1.207301,-0.06250913,1.213087,0.01012024,-0.1182108,-0.1789727,-0.9766743,335.2011,0.04713087,-0.5505182,-0.8334919,False,False,False,False
1772879693412,19.02695,0.201793,1.102369,0.1905453,1.136769,-0.01513553,-0.7764372,0.6142368,0.1401044,163.8922,-0.01528631,-0.7841717,0.6203555,-0.09763522,0.6337158,-0.06120764,0.6441077,0.5336853,0.2283854,-0.7526997,0.3105854,143.811,0.5614517,0.2402677,-0.7918608,0.1117236,1.081366,0.281731,1.123034,0.0708888,1.093789,0.2772827,1.130613,0.08252782,1.108535,0.2889409,1.148541,-0.01390797,0.6401432,0.03381553,0.6411866,-0.003677767,0.6467276,0.07552969,0.6511335,-0.02414421,0.6417221,0.107443,0.6511023,0.1005269,-0.07912235,0.02241524,0.1298786,0.141285,-0.06574883,0.02117898,0.157267,0.1353124,-0.07503566,0.002024271,0.1547382,-0.1111411,0.05387162,-0.0287484,0.1268107,-0.1544749,0.05600832,-0.0263622,0.1664163,-0.1786623,0.04457498,0.0009625256,0.1841414,0.1011927,-0.08034029,0.02570784,0.1317399,0.1376718,-0.06582252,0.02168559,0.1541311,0.1311617,-0.07503793,0.003033464,0.1511399,-0.1109906,0.05426063,-0.02908516,0.1269215,-0.154889,0.05564801,-0.02661139,0.1667197,-0.1791215,0.04385402,0.0009172254,0.184414,0.1169002,-0.07556625,0.01965669,0.1405785,-0.2458822,0.8592225,-0.04639766,0.4462352,126.9952,-0.2747546,0.9601156,-0.05184585,-0.1436903,0.0499519,-0.01611432,0.1529763,0.17304,-0.5200856,-0.1411919,0.8243986,68.94486,0.3057192,-0.9188635,-0.2494514,0.1069754,1.108331,0.2831211,1.148912,0.5655644,-0.5842684,0.1967732,0.5477661,113.5722,0.6760018,-0.6983581,0.235197,0.1065543,-0.0766539,0.002414892,0.1312839,0.01470556,0.04915164,-0.7347385,0.6764077,94.87288,0.01996607,0.06673431,-0.9975712,-0.4811622,-0.1855388,-0.3411145,0.6183048,0.1712307,0.2779039,0.9395549,0.1033748,168.1329,0.172153,0.2794007,0.9446155,-0.006975383,-0.008330703,0.01687887,0.02007369,0.1314742,-0.168419,-0.1260116,0.9687471,28.72443,0.5300288,-0.6789689,-0.5080064,-0.1004808,1.207331,-0.06254654,1.213119,0.01024779,-0.1183221,-0.1783141,-0.9767799,335.2575,0.04783205,-0.5522739,-0.8322891,False,False,False,False
1772879693426,19.04105,0.201793,1.102369,0.1905453,1.136769,-0.01513553,-0.7764372,0.6142368,0.1401044,163.8922,-0.01528631,-0.7841717,0.6203555,-0.09763522,0.6337158,-0.06120764,0.6441077,0.5336853,0.2283854,-0.7526997,0.3105854,143.811,0.5614517,0.2402677,-0.7918608,0.1117236,1.081366,0.281731,1.123034,0.0708888,1.093789,0.2772827,1.130613,0.08252782,1.108535,0.2889409,1.148541,-0.01390797,0.6401432,0.03381553,0.6411866,-0.003677767,0.6467276,0.07552969,0.6511335,-0.02414421,0.6417221,0.107443,0.6511023,0.1005269,-0.07912235,0.02241524,0.1298786,0.141285,-0.06574883,0.02117898,0.157267,0.1353124,-0.07503566,0.002024271,0.1547382,-0.1111411,0.05387162,-0.0287484,0.1268107,-0.1544749,0.05600832,-0.0263622,0.1664163,-0.1786623,0.04457498,0.0009625256,0.1841414,0.1011927,-0.08034029,0.02570784,0.1317399,0.1376718,-0.06582252,0.02168559,0.1541311,0.1311617,-0.07503793,0.003033464,0.1511399,-0.1109906,0.05426063,-0.02908516,0.1269215,-0.154889,0.05564801,-0.02661139,0.1667197,-0.1791215,0.04385402,0.0009172254,0.184414,0.1169002,-0.07556625,0.01965669,0.1405785,-0.2458822,0.8592225,-0.04639766,0.4462352,126.9952,-0.2747546,0.9601156,-0.05184585,-0.1436903,0.0499519,-0.01611432,0.1529763,0.17304,-0.5200856,-0.1411919,0.8243986,68.94486,0.3057192,-0.9188635,-0.2494514,0.1069754,1.108331,0.2831211,1.148912,0.5655644,-0.5842684,0.1967732,0.5477661,113.5722,0.6760018,-0.6983581,0.235197,0.1065543,-0.0766539,0.002414892,0.1312839,0.01470556,0.04915164,-0.7347385,0.6764077,94.87288,0.01996607,0.06673431,-0.9975712,-0.4811622,-0.1855388,-0.3411145,0.6183048,0.1712307,0.2779039,0.9395549,0.1033748,168.1329,0.172153,0.2794007,0.9446155,-0.006975383,-0.008330703,0.01687887,0.02007369,0.1314742,-0.168419,-0.1260116,0.9687471,28.72443,0.5300288,-0.6789689,-0.5080064,-0.10047,1.207389,-0.06255686,1.213176,0.01021465,-0.1186296,-0.1782946,-0.9767465,335.2397,0.04764352,-0.5533161,-0.8316077,False,False,False,False
1772879693440,19.05449,0.201793,1.102369,0.1905453,1.136769,-0.01513553,-0.7764372,0.6142368,0.1401044,163.8922,-0.01528631,-0.7841717,0.6203555,-0.09763522,0.6337158,-0.06120764,0.6441077,0.5336853,0.2283854,-0.7526997,0.3105854,143.811,0.5614517,0.2402677,-0.7918608,0.1117236,1.081366,0.281731,1.123034,0.0708888,1.093789,0.2772827,1.130613,0.08252782,1.108535,0.2889409,1.148541,-0.01390797,0.6401432,0.03381553,0.6411866,-0.003677767,0.6467276,0.07552969,0.6511335,-0.02414421,0.6417221,0.107443,0.6511023,0.1005269,-0.07912235,0.02241524,0.1298786,0.141285,-0.06574883,0.02117898,0.157267,0.1353124,-0.07503566,0.002024271,0.1547382,-0.1111411,0.05387162,-0.0287484,0.1268107,-0.1544749,0.05600832,-0.0263622,0.1664163,-0.1786623,0.04457498,0.0009625256,0.1841414,0.1011927,-0.08034029,0.02570784,0.1317399,0.1376718,-0.06582252,0.02168559,0.1541311,0.1311617,-0.07503793,0.003033464,0.1511399,-0.1109906,0.05426063,-0.02908516,0.1269215,-0.154889,0.05564801,-0.02661139,0.1667197,-0.1791215,0.04385402,0.0009172254,0.184414,0.1169002,-0.07556625,0.01965669,0.1405785,-0.2458822,0.8592225,-0.04639766,0.4462352,126.9952,-0.2747546,0.9601156,-0.05184585,-0.1436903,0.0499519,-0.01611432,0.1529763,0.17304,-0.5200856,-0.1411919,0.8243986,68.94486,0.3057192,-0.9188635,-0.2494514,0.1069754,1.108331,0.2831211,1.148912,0.5655644,-0.5842684,0.1967732,0.5477661,113.5722,0.6760018,-0.6983581,0.235197,0.1065543,-0.0766539,0.002414892,0.1312839,0.01470556,0.04915164,-0.7347385,0.6764077,94.87288,0.01996607,0.06673431,-0.9975712,-0.4811622,-0.1855388,-0.3411145,0.6183048,0.1712307,0.2779039,0.9395549,0.1033748,168.1329,0.172153,0.2794007,0.9446155,-0.006975383,-0.008330703,0.01687887,0.02007369,0.1314742,-0.168419,-0.1260116,0.9687471,28.72443,0.5300288,-0.6789689,-0.5080064,-0.100469,1.207485,-0.06248715,1.213268,0.011792,-0.1189058,-0.1785673,-0.9766454,335.1856,0.05488282,-0.5534165,-0.8310953,False,False,False,False
1772879693454,19.06896,0.201793,1.102369,0.1905453,1.136769,-0.01513553,-0.7764372,0.6142368,0.1401044,163.8922,-0.01528631,-0.7841717,0.6203555,-0.09763522,0.6337158,-0.06120764,0.6441077,0.5336853,0.2283854,-0.7526997,0.3105854,143.811,0.5614517,0.2402677,-0.7918608,0.1117236,1.081366,0.281731,1.123034,0.0708888,1.093789,0.2772827,1.130613,0.08252782,1.108535,0.2889409,1.148541,-0.01390797,0.6401432,0.03381553,0.6411866,-0.003677767,0.6467276,0.07552969,0.6511335,-0.02414421,0.6417221,0.107443,0.6511023,0.1005269,-0.07912235,0.02241524,0.1298786,0.141285,-0.06574883,0.02117898,0.157267,0.1353124,-0.07503566,0.002024271,0.1547382,-0.1111411,0.05387162,-0.0287484,0.1268107,-0.1544749,0.05600832,-0.0263622,0.1664163,-0.1786623,0.04457498,0.0009625256,0.1841414,0.1011927,-0.08034029,0.02570784,0.1317399,0.1376718,-0.06582252,0.02168559,0.1541311,0.1311617,-0.07503793,0.003033464,0.1511399,-0.1109906,0.05426063,-0.02908516,0.1269215,-0.154889,0.05564801,-0.02661139,0.1667197,-0.1791215,0.04385402,0.0009172254,0.184414,0.1169002,-0.07556625,0.01965669,0.1405785,-0.2458822,0.8592225,-0.04639766,0.4462352,126.9952,-0.2747546,0.9601156,-0.05184585,-0.1436903,0.0499519,-0.01611432,0.1529763,0.17304,-0.5200856,-0.1411919,0.8243986,68.94486,0.3057192,-0.9188635,-0.2494514,0.1069754,1.108331,0.2831211,1.148912,0.5655644,-0.5842684,0.1967732,0.5477661,113.5722,0.6760018,-0.6983581,0.235197,0.1065543,-0.0766539,0.002414892,0.1312839,0.01470556,0.04915164,-0.7347385,0.6764077,94.87288,0.01996607,0.06673431,-0.9975712,-0.4811622,-0.1855388,-0.3411145,0.6183048,0.1712307,0.2779039,0.9395549,0.1033748,168.1329,0.172153,0.2794007,0.9446155,-0.006975383,-0.008330703,0.01687887,0.02007369,0.1314742,-0.168419,-0.1260116,0.9687471,28.72443,0.5300288,-0.6789689,-0.5080064,-0.1004812,1.207611,-0.06245513,1.213393,0.01212026,-0.1190081,-0.1786328,-0.9766169,335.1705,0.05637671,-0.5535595,-0.8309004,False,False,False,False
1772879693467,19.08243,0.201793,1.102369,0.1905453,1.136769,-0.01513553,-0.7764372,0.6142368,0.1401044,163.8922,-0.01528631,-0.7841717,0.6203555,-0.09763522,0.6337158,-0.06120764,0.6441077,0.5336853,0.2283854,-0.7526997,0.3105854,143.811,0.5614517,0.2402677,-0.7918608,0.1117236,1.081366,0.281731,1.123034,0.0708888,1.093789,0.2772827,1.130613,0.08252782,1.108535,0.2889409,1.148541,-0.01390797,0.6401432,0.03381553,0.6411866,-0.003677767,0.6467276,0.07552969,0.6511335,-0.02414421,0.6417221,0.107443,0.6511023,0.1005269,-0.07912235,0.02241524,0.1298786,0.141285,-0.06574883,0.02117898,0.157267,0.1353124,-0.07503566,0.002024271,0.1547382,-0.1111411,0.05387162,-0.0287484,0.1268107,-0.1544749,0.05600832,-0.0263622,0.1664163,-0.1786623,0.04457498,0.0009625256,0.1841414,0.1011927,-0.08034029,0.02570784,0.1317399,0.1376718,-0.06582252,0.02168559,0.1541311,0.1311617,-0.07503793,0.003033464,0.1511399,-0.1109906,0.05426063,-0.02908516,0.1269215,-0.154889,0.05564801,-0.02661139,0.1667197,-0.1791215,0.04385402,0.0009172254,0.184414,0.1169002,-0.07556625,0.01965669,0.1405785,-0.2458822,0.8592225,-0.04639766,0.4462352,126.9952,-0.2747546,0.9601156,-0.05184585,-0.1436903,0.0499519,-0.01611432,0.1529763,0.17304,-0.5200856,-0.1411919,0.8243986,68.94486,0.3057192,-0.9188635,-0.2494514,0.1069754,1.108331,0.2831211,1.148912,0.5655644,-0.5842684,0.1967732,0.5477661,113.5722,0.6760018,-0.6983581,0.235197,0.1065543,-0.0766539,0.002414892,0.1312839,0.01470556,0.04915164,-0.7347385,0.6764077,94.87288,0.01996607,0.06673431,-0.9975712,-0.4811622,-0.1855388,-0.3411145,0.6183048,0.1712307,0.2779039,0.9395549,0.1033748,168.1329,0.172153,0.2794007,0.9446155,-0.006975383,-0.008330703,0.01687887,0.02007369,0.1314742,-0.168419,-0.1260116,0.9687471,28.72443,0.5300288,-0.6789689,-0.5080064,-0.1004815,1.20764,-0.06240314,1.213419,0.01215867,-0.1193771,-0.1786457,-0.976569,335.145,0.0564982,-0.5547146,-0.8301206,False,False,False,False
1772879693481,19.09635,0.201793,1.102369,0.1905453,1.136769,-0.01513553,-0.7764372,0.6142368,0.1401044,163.8922,-0.01528631,-0.7841717,0.6203555,-0.09763522,0.6337158,-0.06120764,0.6441077,0.5336853,0.2283854,-0.7526997,0.3105854,143.811,0.5614517,0.2402677,-0.7918608,0.1117236,1.081366,0.281731,1.123034,0.0708888,1.093789,0.2772827,1.130613,0.08252782,1.108535,0.2889409,1.148541,-0.01390797,0.6401432,0.03381553,0.6411866,-0.003677767,0.6467276,0.07552969,0.6511335,-0.02414421,0.6417221,0.107443,0.6511023,0.1005269,-0.07912235,0.02241524,0.1298786,0.141285,-0.06574883,0.02117898,0.157267,0.1353124,-0.07503566,0.002024271,0.1547382,-0.1111411,0.05387162,-0.0287484,0.1268107,-0.1544749,0.05600832,-0.0263622,0.1664163,-0.1786623,0.04457498,0.0009625256,0.1841414,0.1011927,-0.08034029,0.02570784,0.1317399,0.1376718,-0.06582252,0.02168559,0.1541311,0.1311617,-0.07503793,0.003033464,0.1511399,-0.1109906,0.05426063,-0.02908516,0.1269215,-0.154889,0.05564801,-0.02661139,0.1667197,-0.1791215,0.04385402,0.0009172254,0.184414,0.1169002,-0.07556625,0.01965669,0.1405785,-0.2458822,0.8592225,-0.04639766,0.4462352,126.9952,-0.2747546,0.9601156,-0.05184585,-0.1436903,0.0499519,-0.01611432,0.1529763,0.17304,-0.5200856,-0.1411919,0.8243986,68.94486,0.3057192,-0.9188635,-0.2494514,0.1069754,1.108331,0.2831211,1.148912,0.5655644,-0.5842684,0.1967732,0.5477661,113.5722,0.6760018,-0.6983581,0.235197,0.1065543,-0.0766539,0.002414892,0.1312839,0.01470556,0.04915164,-0.7347385,0.6764077,94.87288,0.01996607,0.06673431,-0.9975712,-0.4811622,-0.1855388,-0.3411145,0.6183048,0.1712307,0.2779039,0.9395549,0.1033748,168.1329,0.172153,0.2794007,0.9446155,-0.006975383,-0.008330703,0.01687887,0.02007369,0.1314742,-0.168419,-0.1260116,0.9687471,28.72443,0.5300288,-0.6789689,-0.5080064,-0.1004487,1.207616,-0.06226783,1.213386,0.01261284,-0.1195449,-0.1789988,-0.976478,335.0966,0.05849655,-0.5544322,-0.8301711,False,False,False,False
1772879693495,19.10983,0.201793,1.102369,0.1905453,1.136769,-0.01513553,-0.7764372,0.6142368,0.1401044,163.8922,-0.01528631,-0.7841717,0.6203555,-0.09763522,0.6337158,-0.06120764,0.6441077,0.5336853,0.2283854,-0.7526997,0.3105854,143.811,0.5614517,0.2402677,-0.7918608,0.1117236,1.081366,0.281731,1.123034,0.0708888,1.093789,0.2772827,1.130613,0.08252782,1.108535,0.2889409,1.148541,-0.01390797,0.6401432,0.03381553,0.6411866,-0.003677767,0.6467276,0.07552969,0.6511335,-0.02414421,0.6417221,0.107443,0.6511023,0.1005269,-0.07912235,0.02241524,0.1298786,0.141285,-0.06574883,0.02117898,0.157267,0.1353124,-0.07503566,0.002024271,0.1547382,-0.1111411,0.05387162,-0.0287484,0.1268107,-0.1544749,0.05600832,-0.0263622,0.1664163,-0.1786623,0.04457498,0.0009625256,0.1841414,0.1011927,-0.08034029,0.02570784,0.1317399,0.1376718,-0.06582252,0.02168559,0.1541311,0.1311617,-0.07503793,0.003033464,0.1511399,-0.1109906,0.05426063,-0.02908516,0.1269215,-0.154889,0.05564801,-0.02661139,0.1667197,-0.1791215,0.04385402,0.0009172254,0.184414,0.1169002,-0.07556625,0.01965669,0.1405785,-0.2458822,0.8592225,-0.04639766,0.4462352,126.9952,-0.2747546,0.9601156,-0.05184585,-0.1436903,0.0499519,-0.01611432,0.1529763,0.17304,-0.5200856,-0.1411919,0.8243986,68.94486,0.3057192,-0.9188635,-0.2494514,0.1069754,1.108331,0.2831211,1.148912,0.5655644,-0.5842684,0.1967732,0.5477661,113.5722,0.6760018,-0.6983581,0.235197,0.1065543,-0.0766539,0.002414892,0.1312839,0.01470556,0.04915164,-0.7347385,0.6764077,94.87288,0.01996607,0.06673431,-0.9975712,-0.4811622,-0.1855388,-0.3411145,0.6183048,0.1712307,0.2779039,0.9395549,0.1033748,168.1329,0.172153,0.2794007,0.9446155,-0.006975383,-0.008330703,0.01687887,0.02007369,0.1314742,-0.168419,-0.1260116,0.9687471,28.72443,0.5300288,-0.6789689,-0.5080064,-0.1004805,1.207658,-0.06206144,1.213419,0.01304063,-0.1194233,-0.1793193,-0.9764285,335.0703,0.06041776,-0.5532929,-0.8307932,False,False,False,False
1772879693509,19.12368,0.201793,1.102369,0.1905453,1.136769,-0.01513553,-0.7764372,0.6142368,0.1401044,163.8922,-0.01528631,-0.7841717,0.6203555,-0.09763522,0.6337158,-0.06120764,0.6441077,0.5336853,0.2283854,-0.7526997,0.3105854,143.811,0.5614517,0.2402677,-0.7918608,0.1117236,1.081366,0.281731,1.123034,0.0708888,1.093789,0.2772827,1.130613,0.08252782,1.108535,0.2889409,1.148541,-0.01390797,0.6401432,0.03381553,0.6411866,-0.003677767,0.6467276,0.07552969,0.6511335,-0.02414421,0.6417221,0.107443,0.6511023,0.1005269,-0.07912235,0.02241524,0.1298786,0.141285,-0.06574883,0.02117898,0.157267,0.1353124,-0.07503566,0.002024271,0.1547382,-0.1111411,0.05387162,-0.0287484,0.1268107,-0.1544749,0.05600832,-0.0263622,0.1664163,-0.1786623,0.04457498,0.0009625256,0.1841414,0.1011927,-0.08034029,0.02570784,0.1317399,0.1376718,-0.06582252,0.02168559,0.1541311,0.1311617,-0.07503793,0.003033464,0.1511399,-0.1109906,0.05426063,-0.02908516,0.1269215,-0.154889,0.05564801,-0.02661139,0.1667197,-0.1791215,0.04385402,0.0009172254,0.184414,0.1169002,-0.07556625,0.01965669,0.1405785,-0.2458822,0.8592225,-0.04639766,0.4462352,126.9952,-0.2747546,0.9601156,-0.05184585,-0.1436903,0.0499519,-0.01611432,0.1529763,0.17304,-0.5200856,-0.1411919,0.8243986,68.94486,0.3057192,-0.9188635,-0.2494514,0.1069754,1.108331,0.2831211,1.148912,0.5655644,-0.5842684,0.1967732,0.5477661,113.5722,0.6760018,-0.6983581,0.235197,0.1065543,-0.0766539,0.002414892,0.1312839,0.01470556,0.04915164,-0.7347385,0.6764077,94.87288,0.01996607,0.06673431,-0.9975712,-0.4811622,-0.1855388,-0.3411145,0.6183048,0.1712307,0.2779039,0.9395549,0.1033748,168.1329,0.172153,0.2794007,0.9446155,-0.006975383,-0.008330703,0.01687887,0.02007369,0.1314742,-0.168419,-0.1260116,0.9687471,28.72443,0.5300288,-0.6789689,-0.5080064,-0.1005287,1.20768,-0.06188282,1.213436,0.01332728,-0.1192559,-0.1795788,-0.9763974,335.0537,0.06170559,-0.5521572,-0.8314532,False,False,False,False
1772879693523,19.13815,0.201793,1.102369,0.1905453,1.136769,-0.01513553,-0.7764372,0.6142368,0.1401044,163.8922,-0.01528631,-0.7841717,0.6203555,-0.09763522,0.6337158,-0.06120764,0.6441077,0.5336853,0.2283854,-0.7526997,0.3105854,143.811,0.5614517,0.2402677,-0.7918608,0.1117236,1.081366,0.281731,1.123034,0.0708888,1.093789,0.2772827,1.130613,0.08252782,1.108535,0.2889409,1.148541,-0.01390797,0.6401432,0.03381553,0.6411866,-0.003677767,0.6467276,0.07552969,0.6511335,-0.02414421,0.6417221,0.107443,0.6511023,0.1005269,-0.07912235,0.02241524,0.1298786,0.141285,-0.06574883,0.02117898,0.157267,0.1353124,-0.07503566,0.002024271,0.1547382,-0.1111411,0.05387162,-0.0287484,0.1268107,-0.1544749,0.05600832,-0.0263622,0.1664163,-0.1786623,0.04457498,0.0009625256,0.1841414,0.1011927,-0.08034029,0.02570784,0.1317399,0.1376718,-0.06582252,0.02168559,0.1541311,0.1311617,-0.07503793,0.003033464,0.1511399,-0.1109906,0.05426063,-0.02908516,0.1269215,-0.154889,0.05564801,-0.02661139,0.1667197,-0.1791215,0.04385402,0.0009172254,0.184414,0.1169002,-0.07556625,0.01965669,0.1405785,-0.2458822,0.8592225,-0.04639766,0.4462352,126.9952,-0.2747546,0.9601156,-0.05184585,-0.1436903,0.0499519,-0.01611432,0.1529763,0.17304,-0.5200856,-0.1411919,0.8243986,68.94486,0.3057192,-0.9188635,-0.2494514,0.1069754,1.108331,0.2831211,1.148912,0.5655644,-0.5842684,0.1967732,0.5477661,113.5722,0.6760018,-0.6983581,0.235197,0.1065543,-0.0766539,0.002414892,0.1312839,0.01470556,0.04915164,-0.7347385,0.6764077,94.87288,0.01996607,0.06673431,-0.9975712,-0.4811622,-0.1855388,-0.3411145,0.6183048,0.1712307,0.2779039,0.9395549,0.1033748,168.1329,0.172153,0.2794007,0.9446155,-0.006975383,-0.008330703,0.01687887,0.02007369,0.1314742,-0.168419,-0.1260116,0.9687471,28.72443,0.5300288,-0.6789689,-0.5080064,-0.1005297,1.207633,-0.0617511,1.213382,0.01267054,-0.1194069,-0.1795221,-0.9763981,335.0541,0.05866575,-0.5528646,-0.8312036,False,False,False,False
1772879693537,19.15166,0.201793,1.102369,0.1905453,1.136769,-0.01513553,-0.7764372,0.6142368,0.1401044,163.8922,-0.01528631,-0.7841717,0.6203555,-0.09763522,0.6337158,-0.06120764,0.6441077,0.5336853,0.2283854,-0.7526997,0.3105854,143.811,0.5614517,0.2402677,-0.7918608,0.1117236,1.081366,0.281731,1.123034,0.0708888,1.093789,0.2772827,1.130613,0.08252782,1.108535,0.2889409,1.148541,-0.01390797,0.6401432,0.03381553,0.6411866,-0.003677767,0.6467276,0.07552969,0.6511335,-0.02414421,0.6417221,0.107443,0.6511023,0.1005269,-0.07912235,0.02241524,0.1298786,0.141285,-0.06574883,0.02117898,0.157267,0.1353124,-0.07503566,0.002024271,0.1547382,-0.1111411,0.05387162,-0.0287484,0.1268107,-0.1544749,0.05600832,-0.0263622,0.1664163,-0.1786623,0.04457498,0.0009625256,0.1841414,0.1011927,-0.08034029,0.02570784,0.1317399,0.1376718,-0.06582252,0.02168559,0.1541311,0.1311617,-0.07503793,0.003033464,0.1511399,-0.1109906,0.05426063,-0.02908516,0.1269215,-0.154889,0.05564801,-0.02661139,0.1667197,-0.1791215,0.04385402,0.0009172254,0.184414,0.1169002,-0.07556625,0.01965669,0.1405785,-0.2458822,0.8592225,-0.04639766,0.4462352,126.9952,-0.2747546,0.9601156,-0.05184585,-0.1436903,0.0499519,-0.01611432,0.1529763,0.17304,-0.5200856,-0.1411919,0.8243986,68.94486,0.3057192,-0.9188635,-0.2494514,0.1069754,1.108331,0.2831211,1.148912,0.5655644,-0.5842684,0.1967732,0.5477661,113.5722,0.6760018,-0.6983581,0.235197,0.1065543,-0.0766539,0.002414892,0.1312839,0.01470556,0.04915164,-0.7347385,0.6764077,94.87288,0.01996607,0.06673431,-0.9975712,-0.4811622,-0.1855388,-0.3411145,0.6183048,0.1712307,0.2779039,0.9395549,0.1033748,168.1329,0.172153,0.2794007,0.9446155,-0.006975383,-0.008330703,0.01687887,0.02007369,0.1314742,-0.168419,-0.1260116,0.9687471,28.72443,0.5300288,-0.6789689,-0.5080064,-0.1004618,1.207446,-0.06165361,1.213185,0.01176326,-0.119705,-0.1793518,-0.9764042,335.0574,0.05447196,-0.554316,-0.8305218,False,False,False,False
1772879693551,19.16611,0.201793,1.102369,0.1905453,1.136769,-0.01513553,-0.7764372,0.6142368,0.1401044,163.8922,-0.01528631,-0.7841717,0.6203555,-0.09763522,0.6337158,-0.06120764,0.6441077,0.5336853,0.2283854,-0.7526997,0.3105854,143.811,0.5614517,0.2402677,-0.7918608,0.1117236,1.081366,0.281731,1.123034,0.0708888,1.093789,0.2772827,1.130613,0.08252782,1.108535,0.2889409,1.148541,-0.01390797,0.6401432,0.03381553,0.6411866,-0.003677767,0.6467276,0.07552969,0.6511335,-0.02414421,0.6417221,0.107443,0.6511023,0.1005269,-0.07912235,0.02241524,0.1298786,0.141285,-0.06574883,0.02117898,0.157267,0.1353124,-0.07503566,0.002024271,0.1547382,-0.1111411,0.05387162,-0.0287484,0.1268107,-0.1544749,0.05600832,-0.0263622,0.1664163,-0.1786623,0.04457498,0.0009625256,0.1841414,0.1011927,-0.08034029,0.02570784,0.1317399,0.1376718,-0.06582252,0.02168559,0.1541311,0.1311617,-0.07503793,0.003033464,0.1511399,-0.1109906,0.05426063,-0.02908516,0.1269215,-0.154889,0.05564801,-0.02661139,0.1667197,-0.1791215,0.04385402,0.0009172254,0.184414,0.1169002,-0.07556625,0.01965669,0.1405785,-0.2458822,0.8592225,-0.04639766,0.4462352,126.9952,-0.2747546,0.9601156,-0.05184585,-0.1436903,0.0499519,-0.01611432,0.1529763,0.17304,-0.5200856,-0.1411919,0.8243986,68.94486,0.3057192,-0.9188635,-0.2494514,0.1069754,1.108331,0.2831211,1.148912,0.5655644,-0.5842684,0.1967732,0.5477661,113.5722,0.6760018,-0.6983581,0.235197,0.1065543,-0.0766539,0.002414892,0.1312839,0.01470556,0.04915164,-0.7347385,0.6764077,94.87288,0.01996607,0.06673431,-0.9975712,-0.4811622,-0.1855388,-0.3411145,0.6183048,0.1712307,0.2779039,0.9395549,0.1033748,168.1329,0.172153,0.2794007,0.9446155,-0.006975383,-0.008330703,0.01687887,0.02007369,0.1314742,-0.168419,-0.1260116,0.9687471,28.72443,0.5300288,-0.6789689,-0.5080064,-0.1003818,1.207265,-0.06161154,1.212997,0.01021585,-0.1201422,-0.1791778,-0.9764,335.0551,0.04730213,-0.5562907,-0.8296414,False,False,False,False
1772879693565,19.17958,0.201793,1.102369,0.1905453,1.136769,-0.01513553,-0.7764372,0.6142368,0.1401044,163.8922,-0.01528631,-0.7841717,0.6203555,-0.09763522,0.6337158,-0.06120764,0.6441077,0.5336853,0.2283854,-0.7526997,0.3105854,143.811,0.5614517,0.2402677,-0.7918608,0.1117236,1.081366,0.281731,1.123034,0.0708888,1.093789,0.2772827,1.130613,0.08252782,1.108535,0.2889409,1.148541,-0.01390797,0.6401432,0.03381553,0.6411866,-0.003677767,0.6467276,0.07552969,0.6511335,-0.02414421,0.6417221,0.107443,0.6511023,0.1005269,-0.07912235,0.02241524,0.1298786,0.141285,-0.06574883,0.02117898,0.157267,0.1353124,-0.07503566,0.002024271,0.1547382,-0.1111411,0.05387162,-0.0287484,0.1268107,-0.1544749,0.05600832,-0.0263622,0.1664163,-0.1786623,0.04457498,0.0009625256,0.1841414,0.1011927,-0.08034029,0.02570784,0.1317399,0.1376718,-0.06582252,0.02168559,0.1541311,0.1311617,-0.07503793,0.003033464,0.1511399,-0.1109906,0.05426063,-0.02908516,0.1269215,-0.154889,0.05564801,-0.02661139,0.1667197,-0.1791215,0.04385402,0.0009172254,0.184414,0.1169002,-0.07556625,0.01965669,0.1405785,-0.2458822,0.8592225,-0.04639766,0.4462352,126.9952,-0.2747546,0.9601156,-0.05184585,-0.1436903,0.0499519,-0.01611432,0.1529763,0.17304,-0.5200856,-0.1411919,0.8243986,68.94486,0.3057192,-0.9188635,-0.2494514,0.1069754,1.108331,0.2831211,1.148912,0.5655644,-0.5842684,0.1967732,0.5477661,113.5722,0.6760018,-0.6983581,0.235197,0.1065543,-0.0766539,0.002414892,0.1312839,0.01470556,0.04915164,-0.7347385,0.6764077,94.87288,0.01996607,0.06673431,-0.9975712,-0.4811622,-0.1855388,-0.3411145,0.6183048,0.1712307,0.2779039,0.9395549,0.1033748,168.1329,0.172153,0.2794007,0.9446155,-0.006975383,-0.008330703,0.01687887,0.02007369,0.1314742,-0.168419,-0.1260116,0.9687471,28.72443,0.5300288,-0.6789689,-0.5080064,-0.1003406,1.207109,-0.06151332,1.212834,0.01000916,-0.1200436,-0.179312,-0.9763896,335.0496,0.04633503,-0.5557132,-0.8300822,False,False,False,False
1772879693579,19.19339,0.201793,1.102369,0.1905453,1.136769,-0.01513553,-0.7764372,0.6142368,0.1401044,163.8922,-0.01528631,-0.7841717,0.6203555,-0.09763522,0.6337158,-0.06120764,0.6441077,0.5336853,0.2283854,-0.7526997,0.3105854,143.811,0.5614517,0.2402677,-0.7918608,0.1117236,1.081366,0.281731,1.123034,0.0708888,1.093789,0.2772827,1.130613,0.08252782,1.108535,0.2889409,1.148541,-0.01390797,0.6401432,0.03381553,0.6411866,-0.003677767,0.6467276,0.07552969,0.6511335,-0.02414421,0.6417221,0.107443,0.6511023,0.1005269,-0.07912235,0.02241524,0.1298786,0.141285,-0.06574883,0.02117898,0.157267,0.1353124,-0.07503566,0.002024271,0.1547382,-0.1111411,0.05387162,-0.0287484,0.1268107,-0.1544749,0.05600832,-0.0263622,0.1664163,-0.1786623,0.04457498,0.0009625256,0.1841414,0.1011927,-0.08034029,0.02570784,0.1317399,0.1376718,-0.06582252,0.02168559,0.1541311,0.1311617,-0.07503793,0.003033464,0.1511399,-0.1109906,0.05426063,-0.02908516,0.1269215,-0.154889,0.05564801,-0.02661139,0.1667197,-0.1791215,0.04385402,0.0009172254,0.184414,0.1169002,-0.07556625,0.01965669,0.1405785,-0.2458822,0.8592225,-0.04639766,0.4462352,126.9952,-0.2747546,0.9601156,-0.05184585,-0.1436903,0.0499519,-0.01611432,0.1529763,0.17304,-0.5200856,-0.1411919,0.8243986,68.94486,0.3057192,-0.9188635,-0.2494514,0.1069754,1.108331,0.2831211,1.148912,0.5655644,-0.5842684,0.1967732,0.5477661,113.5722,0.6760018,-0.6983581,0.235197,0.1065543,-0.0766539,0.002414892,0.1312839,0.01470556,0.04915164,-0.7347385,0.6764077,94.87288,0.01996607,0.06673431,-0.9975712,-0.4811622,-0.1855388,-0.3411145,0.6183048,0.1712307,0.2779039,0.9395549,0.1033748,168.1329,0.172153,0.2794007,0.9446155,-0.006975383,-0.008330703,0.01687887,0.02007369,0.1314742,-0.168419,-0.1260116,0.9687471,28.72443,0.5300288,-0.6789689,-0.5080064,-0.1003091,1.207001,-0.06140151,1.212718,0.009129799,-0.1199714,-0.1791802,-0.9764313,335.0717,0.04230116,-0.5558642,-0.8301967,False,False,False,False
1772879693593,19.20764,0.201793,1.102369,0.1905453,1.136769,-0.01513553,-0.7764372,0.6142368,0.1401044,163.8922,-0.01528631,-0.7841717,0.6203555,-0.09763522,0.6337158,-0.06120764,0.6441077,0.5336853,0.2283854,-0.7526997,0.3105854,143.811,0.5614517,0.2402677,-0.7918608,0.1117236,1.081366,0.281731,1.123034,0.0708888,1.093789,0.2772827,1.130613,0.08252782,1.108535,0.2889409,1.148541,-0.01390797,0.6401432,0.03381553,0.6411866,-0.003677767,0.6467276,0.07552969,0.6511335,-0.02414421,0.6417221,0.107443,0.6511023,0.1005269,-0.07912235,0.02241524,0.1298786,0.141285,-0.06574883,0.02117898,0.157267,0.1353124,-0.07503566,0.002024271,0.1547382,-0.1111411,0.05387162,-0.0287484,0.1268107,-0.1544749,0.05600832,-0.0263622,0.1664163,-0.1786623,0.04457498,0.0009625256,0.1841414,0.1011927,-0.08034029,0.02570784,0.1317399,0.1376718,-0.06582252,0.02168559,0.1541311,0.1311617,-0.07503793,0.003033464,0.1511399,-0.1109906,0.05426063,-0.02908516,0.1269215,-0.154889,0.05564801,-0.02661139,0.1667197,-0.1791215,0.04385402,0.0009172254,0.184414,0.1169002,-0.07556625,0.01965669,0.1405785,-0.2458822,0.8592225,-0.04639766,0.4462352,126.9952,-0.2747546,0.9601156,-0.05184585,-0.1436903,0.0499519,-0.01611432,0.1529763,0.17304,-0.5200856,-0.1411919,0.8243986,68.94486,0.3057192,-0.9188635,-0.2494514,0.1069754,1.108331,0.2831211,1.148912,0.5655644,-0.5842684,0.1967732,0.5477661,113.5722,0.6760018,-0.6983581,0.235197,0.1065543,-0.0766539,0.002414892,0.1312839,0.01470556,0.04915164,-0.7347385,0.6764077,94.87288,0.01996607,0.06673431,-0.9975712,-0.4811622,-0.1855388,-0.3411145,0.6183048,0.1712307,0.2779039,0.9395549,0.1033748,168.1329,0.172153,0.2794007,0.9446155,-0.006975383,-0.008330703,0.01687887,0.02007369,0.1314742,-0.168419,-0.1260116,0.9687471,28.72443,0.5300288,-0.6789689,-0.5080064,-0.1002292,1.206946,-0.06125353,1.212649,0.008784598,-0.1200342,-0.1794768,-0.9763722,335.0404,0.04065146,-0.5554686,-0.8305442,False,False,False,False
1772879693606,19.22116,0.201793,1.102369,0.1905453,1.136769,-0.01513553,-0.7764372,0.6142368,0.1401044,163.8922,-0.01528631,-0.7841717,0.6203555,-0.09763522,0.6337158,-0.06120764,0.6441077,0.5336853,0.2283854,-0.7526997,0.3105854,143.811,0.5614517,0.2402677,-0.7918608,0.1117236,1.081366,0.281731,1.123034,0.0708888,1.093789,0.2772827,1.130613,0.08252782,1.108535,0.2889409,1.148541,-0.01390797,0.6401432,0.03381553,0.6411866,-0.003677767,0.6467276,0.07552969,0.6511335,-0.02414421,0.6417221,0.107443,0.6511023,0.1005269,-0.07912235,0.02241524,0.1298786,0.141285,-0.06574883,0.02117898,0.157267,0.1353124,-0.07503566,0.002024271,0.1547382,-0.1111411,0.05387162,-0.0287484,0.1268107,-0.1544749,0.05600832,-0.0263622,0.1664163,-0.1786623,0.04457498,0.0009625256,0.1841414,0.1011927,-0.08034029,0.02570784,0.1317399,0.1376718,-0.06582252,0.02168559,0.1541311,0.1311617,-0.07503793,0.003033464,0.1511399,-0.1109906,0.05426063,-0.02908516,0.1269215,-0.154889,0.05564801,-0.02661139,0.1667197,-0.1791215,0.04385402,0.0009172254,0.184414,0.1169002,-0.07556625,0.01965669,0.1405785,-0.2458822,0.8592225,-0.04639766,0.4462352,126.9952,-0.2747546,0.9601156,-0.05184585,-0.1436903,0.0499519,-0.01611432,0.1529763,0.17304,-0.5200856,-0.1411919,0.8243986,68.94486,0.3057192,-0.9188635,-0.2494514,0.1069754,1.108331,0.2831211,1.148912,0.5655644,-0.5842684,0.1967732,0.5477661,113.5722,0.6760018,-0.6983581,0.235197,0.1065543,-0.0766539,0.002414892,0.1312839,0.01470556,0.04915164,-0.7347385,0.6764077,94.87288,0.01996607,0.06673431,-0.9975712,-0.4811622,-0.1855388,-0.3411145,0.6183048,0.1712307,0.2779039,0.9395549,0.1033748,168.1329,0.172153,0.2794007,0.9446155,-0.006975383,-0.008330703,0.01687887,0.02007369,0.1314742,-0.168419,-0.1260116,0.9687471,28.72443,0.5300288,-0.6789689,-0.5080064,-0.1001388,1.206922,-0.06110467,1.21261,0.009032032,-0.1200173,-0.1793535,-0.9763947,335.0523,0.04181613,-0.5556513,-0.8303635,False,False,False,False
1772879693620,19.23528,0.201793,1.102369,0.1905453,1.136769,-0.01513553,-0.7764372,0.6142368,0.1401044,163.8922,-0.01528631,-0.7841717,0.6203555,-0.09763522,0.6337158,-0.06120764,0.6441077,0.5336853,0.2283854,-0.7526997,0.3105854,143.811,0.5614517,0.2402677,-0.7918608,0.1117236,1.081366,0.281731,1.123034,0.0708888,1.093789,0.2772827,1.130613,0.08252782,1.108535,0.2889409,1.148541,-0.01390797,0.6401432,0.03381553,0.6411866,-0.003677767,0.6467276,0.07552969,0.6511335,-0.02414421,0.6417221,0.107443,0.6511023,0.1005269,-0.07912235,0.02241524,0.1298786,0.141285,-0.06574883,0.02117898,0.157267,0.1353124,-0.07503566,0.002024271,0.1547382,-0.1111411,0.05387162,-0.0287484,0.1268107,-0.1544749,0.05600832,-0.0263622,0.1664163,-0.1786623,0.04457498,0.0009625256,0.1841414,0.1011927,-0.08034029,0.02570784,0.1317399,0.1376718,-0.06582252,0.02168559,0.1541311,0.1311617,-0.07503793,0.003033464,0.1511399,-0.1109906,0.05426063,-0.02908516,0.1269215,-0.154889,0.05564801,-0.02661139,0.1667197,-0.1791215,0.04385402,0.0009172254,0.184414,0.1169002,-0.07556625,0.01965669,0.1405785,-0.2458822,0.8592225,-0.04639766,0.4462352,126.9952,-0.2747546,0.9601156,-0.05184585,-0.1436903,0.0499519,-0.01611432,0.1529763,0.17304,-0.5200856,-0.1411919,0.8243986,68.94486,0.3057192,-0.9188635,-0.2494514,0.1069754,1.108331,0.2831211,1.148912,0.5655644,-0.5842684,0.1967732,0.5477661,113.5722,0.6760018,-0.6983581,0.235197,0.1065543,-0.0766539,0.002414892,0.1312839,0.01470556,0.04915164,-0.7347385,0.6764077,94.87288,0.01996607,0.06673431,-0.9975712,-0.4811622,-0.1855388,-0.3411145,0.6183048,0.1712307,0.2779039,0.9395549,0.1033748,168.1329,0.172153,0.2794007,0.9446155,-0.006975383,-0.008330703,0.01687887,0.02007369,0.1314742,-0.168419,-0.1260116,0.9687471,28.72443,0.5300288,-0.6789689,-0.5080064,-0.1001066,1.206937,-0.06101333,1.212617,0.0095688,-0.1201559,-0.1791106,-0.9764171,335.0642,0.04432205,-0.556554,-0.8296285,False,False,False,False
1772879693634,19.25019,0.201793,1.102369,0.1905453,1.136769,-0.01513553,-0.7764372,0.6142368,0.1401044,163.8922,-0.01528631,-0.7841717,0.6203555,-0.09763522,0.6337158,-0.06120764,0.6441077,0.5336853,0.2283854,-0.7526997,0.3105854,143.811,0.5614517,0.2402677,-0.7918608,0.1117236,1.081366,0.281731,1.123034,0.0708888,1.093789,0.2772827,1.130613,0.08252782,1.108535,0.2889409,1.148541,-0.01390797,0.6401432,0.03381553,0.6411866,-0.003677767,0.6467276,0.07552969,0.6511335,-0.02414421,0.6417221,0.107443,0.6511023,0.1005269,-0.07912235,0.02241524,0.1298786,0.141285,-0.06574883,0.02117898,0.157267,0.1353124,-0.07503566,0.002024271,0.1547382,-0.1111411,0.05387162,-0.0287484,0.1268107,-0.1544749,0.05600832,-0.0263622,0.1664163,-0.1786623,0.04457498,0.0009625256,0.1841414,0.1011927,-0.08034029,0.02570784,0.1317399,0.1376718,-0.06582252,0.02168559,0.1541311,0.1311617,-0.07503793,0.003033464,0.1511399,-0.1109906,0.05426063,-0.02908516,0.1269215,-0.154889,0.05564801,-0.02661139,0.1667197,-0.1791215,0.04385402,0.0009172254,0.184414,0.1169002,-0.07556625,0.01965669,0.1405785,-0.2458822,0.8592225,-0.04639766,0.4462352,126.9952,-0.2747546,0.9601156,-0.05184585,-0.1436903,0.0499519,-0.01611432,0.1529763,0.17304,-0.5200856,-0.1411919,0.8243986,68.94486,0.3057192,-0.9188635,-0.2494514,0.1069754,1.108331,0.2831211,1.148912,0.5655644,-0.5842684,0.1967732,0.5477661,113.5722,0.6760018,-0.6983581,0.235197,0.1065543,-0.0766539,0.002414892,0.1312839,0.01470556,0.04915164,-0.7347385,0.6764077,94.87288,0.01996607,0.06673431,-0.9975712,-0.4811622,-0.1855388,-0.3411145,0.6183048,0.1712307,0.2779039,0.9395549,0.1033748,168.1329,0.172153,0.2794007,0.9446155,-0.006975383,-0.008330703,0.01687887,0.02007369,0.1314742,-0.168419,-0.1260116,0.9687471,28.72443,0.5300288,-0.6789689,-0.5080064,-0.1000779,1.20699,-0.06093947,1.212664,0.009838886,-0.1201755,-0.1790884,-0.9764161,335.0637,0.04557208,-0.5566331,-0.8295075,False,False,False,False
1772879693648,19.2628,0.201793,1.102369,0.1905453,1.136769,-0.01513553,-0.7764372,0.6142368,0.1401044,163.8922,-0.01528631,-0.7841717,0.6203555,-0.09763522,0.6337158,-0.06120764,0.6441077,0.5336853,0.2283854,-0.7526997,0.3105854,143.811,0.5614517,0.2402677,-0.7918608,0.1117236,1.081366,0.281731,1.123034,0.0708888,1.093789,0.2772827,1.130613,0.08252782,1.108535,0.2889409,1.148541,-0.01390797,0.6401432,0.03381553,0.6411866,-0.003677767,0.6467276,0.07552969,0.6511335,-0.02414421,0.6417221,0.107443,0.6511023,0.1005269,-0.07912235,0.02241524,0.1298786,0.141285,-0.06574883,0.02117898,0.157267,0.1353124,-0.07503566,0.002024271,0.1547382,-0.1111411,0.05387162,-0.0287484,0.1268107,-0.1544749,0.05600832,-0.0263622,0.1664163,-0.1786623,0.04457498,0.0009625256,0.1841414,0.1011927,-0.08034029,0.02570784,0.1317399,0.1376718,-0.06582252,0.02168559,0.1541311,0.1311617,-0.07503793,0.003033464,0.1511399,-0.1109906,0.05426063,-0.02908516,0.1269215,-0.154889,0.05564801,-0.02661139,0.1667197,-0.1791215,0.04385402,0.0009172254,0.184414,0.1169002,-0.07556625,0.01965669,0.1405785,-0.2458822,0.8592225,-0.04639766,0.4462352,126.9952,-0.2747546,0.9601156,-0.05184585,-0.1436903,0.0499519,-0.01611432,0.1529763,0.17304,-0.5200856,-0.1411919,0.8243986,68.94486,0.3057192,-0.9188635,-0.2494514,0.1069754,1.108331,0.2831211,1.148912,0.5655644,-0.5842684,0.1967732,0.5477661,113.5722,0.6760018,-0.6983581,0.235197,0.1065543,-0.0766539,0.002414892,0.1312839,0.01470556,0.04915164,-0.7347385,0.6764077,94.87288,0.01996607,0.06673431,-0.9975712,-0.4811622,-0.1855388,-0.3411145,0.6183048,0.1712307,0.2779039,0.9395549,0.1033748,168.1329,0.172153,0.2794007,0.9446155,-0.006975383,-0.008330703,0.01687887,0.02007369,0.1314742,-0.168419,-0.1260116,0.9687471,28.72443,0.5300288,-0.6789689,-0.5080064,-0.1000435,1.207042,-0.06087632,1.21271,0.01006152,-0.1202736,-0.1791133,-0.9763973,335.0537,0.04658489,-0.5568677,-0.8292961,False,False,False,False
1772879693662,19.27729,0.201793,1.102369,0.1905453,1.136769,-0.01513553,-0.7764372,0.6142368,0.1401044,163.8922,-0.01528631,-0.7841717,0.6203555,-0.09763522,0.6337158,-0.06120764,0.6441077,0.5336853,0.2283854,-0.7526997,0.3105854,143.811,0.5614517,0.2402677,-0.7918608,0.1117236,1.081366,0.281731,1.123034,0.0708888,1.093789,0.2772827,1.130613,0.08252782,1.108535,0.2889409,1.148541,-0.01390797,0.6401432,0.03381553,0.6411866,-0.003677767,0.6467276,0.07552969,0.6511335,-0.02414421,0.6417221,0.107443,0.6511023,0.1005269,-0.07912235,0.02241524,0.1298786,0.141285,-0.06574883,0.02117898,0.157267,0.1353124,-0.07503566,0.002024271,0.1547382,-0.1111411,0.05387162,-0.0287484,0.1268107,-0.1544749,0.05600832,-0.0263622,0.1664163,-0.1786623,0.04457498,0.0009625256,0.1841414,0.1011927,-0.08034029,0.02570784,0.1317399,0.1376718,-0.06582252,0.02168559,0.1541311,0.1311617,-0.07503793,0.003033464,0.1511399,-0.1109906,0.05426063,-0.02908516,0.1269215,-0.154889,0.05564801,-0.02661139,0.1667197,-0.1791215,0.04385402,0.0009172254,0.184414,0.1169002,-0.07556625,0.01965669,0.1405785,-0.2458822,0.8592225,-0.04639766,0.4462352,126.9952,-0.2747546,0.9601156,-0.05184585,-0.1436903,0.0499519,-0.01611432,0.1529763,0.17304,-0.5200856,-0.1411919,0.8243986,68.94486,0.3057192,-0.9188635,-0.2494514,0.1069754,1.108331,0.2831211,1.148912,0.5655644,-0.5842684,0.1967732,0.5477661,113.5722,0.6760018,-0.6983581,0.235197,0.1065543,-0.0766539,0.002414892,0.1312839,0.01470556,0.04915164,-0.7347385,0.6764077,94.87288,0.01996607,0.06673431,-0.9975712,-0.4811622,-0.1855388,-0.3411145,0.6183048,0.1712307,0.2779039,0.9395549,0.1033748,168.1329,0.172153,0.2794007,0.9446155,-0.006975383,-0.008330703,0.01687887,0.02007369,0.1314742,-0.168419,-0.1260116,0.9687471,28.72443,0.5300288,-0.6789689,-0.5080064,-0.1000139,1.207143,-0.06084197,1.212806,0.0100701,-0.1203974,-0.179346,-0.9763391,335.0228,0.04656799,-0.5567639,-0.8293648,False,False,False,False
1772879693676,19.2905,0.201793,1.102369,0.1905453,1.136769,-0.01513553,-0.7764372,0.6142368,0.1401044,163.8922,-0.01528631,-0.7841717,0.6203555,-0.09763522,0.6337158,-0.06120764,0.6441077,0.5336853,0.2283854,-0.7526997,0.3105854,143.811,0.5614517,0.2402677,-0.7918608,0.1117236,1.081366,0.281731,1.123034,0.0708888,1.093789,0.2772827,1.130613,0.08252782,1.108535,0.2889409,1.148541,-0.01390797,0.6401432,0.03381553,0.6411866,-0.003677767,0.6467276,0.07552969,0.6511335,-0.02414421,0.6417221,0.107443,0.6511023,0.1005269,-0.07912235,0.02241524,0.1298786,0.141285,-0.06574883,0.02117898,0.157267,0.1353124,-0.07503566,0.002024271,0.1547382,-0.1111411,0.05387162,-0.0287484,0.1268107,-0.1544749,0.05600832,-0.0263622,0.1664163,-0.1786623,0.04457498,0.0009625256,0.1841414,0.1011927,-0.08034029,0.02570784,0.1317399,0.1376718,-0.06582252,0.02168559,0.1541311,0.1311617,-0.07503793,0.003033464,0.1511399,-0.1109906,0.05426063,-0.02908516,0.1269215,-0.154889,0.05564801,-0.02661139,0.1667197,-0.1791215,0.04385402,0.0009172254,0.184414,0.1169002,-0.07556625,0.01965669,0.1405785,-0.2458822,0.8592225,-0.04639766,0.4462352,126.9952,-0.2747546,0.9601156,-0.05184585,-0.1436903,0.0499519,-0.01611432,0.1529763,0.17304,-0.5200856,-0.1411919,0.8243986,68.94486,0.3057192,-0.9188635,-0.2494514,0.1069754,1.108331,0.2831211,1.148912,0.5655644,-0.5842684,0.1967732,0.5477661,113.5722,0.6760018,-0.6983581,0.235197,0.1065543,-0.0766539,0.002414892,0.1312839,0.01470556,0.04915164,-0.7347385,0.6764077,94.87288,0.01996607,0.06673431,-0.9975712,-0.4811622,-0.1855388,-0.3411145,0.6183048,0.1712307,0.2779039,0.9395549,0.1033748,168.1329,0.172153,0.2794007,0.9446155,-0.006975383,-0.008330703,0.01687887,0.02007369,0.1314742,-0.168419,-0.1260116,0.9687471,28.72443,0.5300288,-0.6789689,-0.5080064,-0.09998243,1.207203,-0.06081748,1.212862,0.01022573,-0.1204353,-0.1794495,-0.9763138,335.0094,0.04726276,-0.5566451,-0.8294057,False,False,False,False
1772879693690,19.30408,0.201793,1.102369,0.1905453,1.136769,-0.01513553,-0.7764372,0.6142368,0.1401044,163.8922,-0.01528631,-0.7841717,0.6203555,-0.09763522,0.6337158,-0.06120764,0.6441077,0.5336853,0.2283854,-0.7526997,0.3105854,143.811,0.5614517,0.2402677,-0.7918608,0.1117236,1.081366,0.281731,1.123034,0.0708888,1.093789,0.2772827,1.130613,0.08252782,1.108535,0.2889409,1.148541,-0.01390797,0.6401432,0.03381553,0.6411866,-0.003677767,0.6467276,0.07552969,0.6511335,-0.02414421,0.6417221,0.107443,0.6511023,0.1005269,-0.07912235,0.02241524,0.1298786,0.141285,-0.06574883,0.02117898,0.157267,0.1353124,-0.07503566,0.002024271,0.1547382,-0.1111411,0.05387162,-0.0287484,0.1268107,-0.1544749,0.05600832,-0.0263622,0.1664163,-0.1786623,0.04457498,0.0009625256,0.1841414,0.1011927,-0.08034029,0.02570784,0.1317399,0.1376718,-0.06582252,0.02168559,0.1541311,0.1311617,-0.07503793,0.003033464,0.1511399,-0.1109906,0.05426063,-0.02908516,0.1269215,-0.154889,0.05564801,-0.02661139,0.1667197,-0.1791215,0.04385402,0.0009172254,0.184414,0.1169002,-0.07556625,0.01965669,0.1405785,-0.2458822,0.8592225,-0.04639766,0.4462352,126.9952,-0.2747546,0.9601156,-0.05184585,-0.1436903,0.0499519,-0.01611432,0.1529763,0.17304,-0.5200856,-0.1411919,0.8243986,68.94486,0.3057192,-0.9188635,-0.2494514,0.1069754,1.108331,0.2831211,1.148912,0.5655644,-0.5842684,0.1967732,0.5477661,113.5722,0.6760018,-0.6983581,0.235197,0.1065543,-0.0766539,0.002414892,0.1312839,0.01470556,0.04915164,-0.7347385,0.6764077,94.87288,0.01996607,0.06673431,-0.9975712,-0.4811622,-0.1855388,-0.3411145,0.6183048,0.1712307,0.2779039,0.9395549,0.1033748,168.1329,0.172153,0.2794007,0.9446155,-0.006975383,-0.008330703,0.01687887,0.02007369,0.1314742,-0.168419,-0.1260116,0.9687471,28.72443,0.5300288,-0.6789689,-0.5080064,-0.0999818,1.207195,-0.06084162,1.212855,0.01014038,-0.120222,-0.1793753,-0.9763547,335.0311,0.04690822,-0.5561329,-0.8297692,False,False,False,False
1772879693703,19.31866,0.201793,1.102369,0.1905453,1.136769,-0.01513553,-0.7764372,0.6142368,0.1401044,163.8922,-0.01528631,-0.7841717,0.6203555,-0.09763522,0.6337158,-0.06120764,0.6441077,0.5336853,0.2283854,-0.7526997,0.3105854,143.811,0.5614517,0.2402677,-0.7918608,0.1117236,1.081366,0.281731,1.123034,0.0708888,1.093789,0.2772827,1.130613,0.08252782,1.108535,0.2889409,1.148541,-0.01390797,0.6401432,0.03381553,0.6411866,-0.003677767,0.6467276,0.07552969,0.6511335,-0.02414421,0.6417221,0.107443,0.6511023,0.1005269,-0.07912235,0.02241524,0.1298786,0.141285,-0.06574883,0.02117898,0.157267,0.1353124,-0.07503566,0.002024271,0.1547382,-0.1111411,0.05387162,-0.0287484,0.1268107,-0.1544749,0.05600832,-0.0263622,0.1664163,-0.1786623,0.04457498,0.0009625256,0.1841414,0.1011927,-0.08034029,0.02570784,0.1317399,0.1376718,-0.06582252,0.02168559,0.1541311,0.1311617,-0.07503793,0.003033464,0.1511399,-0.1109906,0.05426063,-0.02908516,0.1269215,-0.154889,0.05564801,-0.02661139,0.1667197,-0.1791215,0.04385402,0.0009172254,0.184414,0.1169002,-0.07556625,0.01965669,0.1405785,-0.2458822,0.8592225,-0.04639766,0.4462352,126.9952,-0.2747546,0.9601156,-0.05184585,-0.1436903,0.0499519,-0.01611432,0.1529763,0.17304,-0.5200856,-0.1411919,0.8243986,68.94486,0.3057192,-0.9188635,-0.2494514,0.1069754,1.108331,0.2831211,1.148912,0.5655644,-0.5842684,0.1967732,0.5477661,113.5722,0.6760018,-0.6983581,0.235197,0.1065543,-0.0766539,0.002414892,0.1312839,0.01470556,0.04915164,-0.7347385,0.6764077,94.87288,0.01996607,0.06673431,-0.9975712,-0.4811622,-0.1855388,-0.3411145,0.6183048,0.1712307,0.2779039,0.9395549,0.1033748,168.1329,0.172153,0.2794007,0.9446155,-0.006975383,-0.008330703,0.01687887,0.02007369,0.1314742,-0.168419,-0.1260116,0.9687471,28.72443,0.5300288,-0.6789689,-0.5080064,-0.09997931,1.207168,-0.06088875,1.212831,0.01034948,-0.1197689,-0.1792429,-0.9764324,335.0723,0.04795349,-0.55494,-0.8305079,False,False,False,False
1772879693718,19.33223,0.201793,1.102369,0.1905453,1.136769,-0.01513553,-0.7764372,0.6142368,0.1401044,163.8922,-0.01528631,-0.7841717,0.6203555,-0.09763522,0.6337158,-0.06120764,0.6441077,0.5336853,0.2283854,-0.7526997,0.3105854,143.811,0.5614517,0.2402677,-0.7918608,0.1117236,1.081366,0.281731,1.123034,0.0708888,1.093789,0.2772827,1.130613,0.08252782,1.108535,0.2889409,1.148541,-0.01390797,0.6401432,0.03381553,0.6411866,-0.003677767,0.6467276,0.07552969,0.6511335,-0.02414421,0.6417221,0.107443,0.6511023,0.1005269,-0.07912235,0.02241524,0.1298786,0.141285,-0.06574883,0.02117898,0.157267,0.1353124,-0.07503566,0.002024271,0.1547382,-0.1111411,0.05387162,-0.0287484,0.1268107,-0.1544749,0.05600832,-0.0263622,0.1664163,-0.1786623,0.04457498,0.0009625256,0.1841414,0.1011927,-0.08034029,0.02570784,0.1317399,0.1376718,-0.06582252,0.02168559,0.1541311,0.1311617,-0.07503793,0.003033464,0.1511399,-0.1109906,0.05426063,-0.02908516,0.1269215,-0.154889,0.05564801,-0.02661139,0.1667197,-0.1791215,0.04385402,0.0009172254,0.184414,0.1169002,-0.07556625,0.01965669,0.1405785,-0.2458822,0.8592225,-0.04639766,0.4462352,126.9952,-0.2747546,0.9601156,-0.05184585,-0.1436903,0.0499519,-0.01611432,0.1529763,0.17304,-0.5200856,-0.1411919,0.8243986,68.94486,0.3057192,-0.9188635,-0.2494514,0.1069754,1.108331,0.2831211,1.148912,0.5655644,-0.5842684,0.1967732,0.5477661,113.5722,0.6760018,-0.6983581,0.235197,0.1065543,-0.0766539,0.002414892,0.1312839,0.01470556,0.04915164,-0.7347385,0.6764077,94.87288,0.01996607,0.06673431,-0.9975712,-0.4811622,-0.1855388,-0.3411145,0.6183048,0.1712307,0.2779039,0.9395549,0.1033748,168.1329,0.172153,0.2794007,0.9446155,-0.006975383,-0.008330703,0.01687887,0.02007369,0.1314742,-0.168419,-0.1260116,0.9687471,28.72443,0.5300288,-0.6789689,-0.5080064,-0.09992359,1.207272,-0.06093642,1.212932,0.01102402,-0.1193412,-0.1791949,-0.9764862,335.1009,0.05113657,-0.5535823,-0.8312227,False,False,False,False
1772879693732,19.34652,0.201793,1.102369,0.1905453,1.136769,-0.01513553,-0.7764372,0.6142368,0.1401044,163.8922,-0.01528631,-0.7841717,0.6203555,-0.09763522,0.6337158,-0.06120764,0.6441077,0.5336853,0.2283854,-0.7526997,0.3105854,143.811,0.5614517,0.2402677,-0.7918608,0.1117236,1.081366,0.281731,1.123034,0.0708888,1.093789,0.2772827,1.130613,0.08252782,1.108535,0.2889409,1.148541,-0.01390797,0.6401432,0.03381553,0.6411866,-0.003677767,0.6467276,0.07552969,0.6511335,-0.02414421,0.6417221,0.107443,0.6511023,0.1005269,-0.07912235,0.02241524,0.1298786,0.141285,-0.06574883,0.02117898,0.157267,0.1353124,-0.07503566,0.002024271,0.1547382,-0.1111411,0.05387162,-0.0287484,0.1268107,-0.1544749,0.05600832,-0.0263622,0.1664163,-0.1786623,0.04457498,0.0009625256,0.1841414,0.1011927,-0.08034029,0.02570784,0.1317399,0.1376718,-0.06582252,0.02168559,0.1541311,0.1311617,-0.07503793,0.003033464,0.1511399,-0.1109906,0.05426063,-0.02908516,0.1269215,-0.154889,0.05564801,-0.02661139,0.1667197,-0.1791215,0.04385402,0.0009172254,0.184414,0.1169002,-0.07556625,0.01965669,0.1405785,-0.2458822,0.8592225,-0.04639766,0.4462352,126.9952,-0.2747546,0.9601156,-0.05184585,-0.1436903,0.0499519,-0.01611432,0.1529763,0.17304,-0.5200856,-0.1411919,0.8243986,68.94486,0.3057192,-0.9188635,-0.2494514,0.1069754,1.108331,0.2831211,1.148912,0.5655644,-0.5842684,0.1967732,0.5477661,113.5722,0.6760018,-0.6983581,0.235197,0.1065543,-0.0766539,0.002414892,0.1312839,0.01470556,0.04915164,-0.7347385,0.6764077,94.87288,0.01996607,0.06673431,-0.9975712,-0.4811622,-0.1855388,-0.3411145,0.6183048,0.1712307,0.2779039,0.9395549,0.1033748,168.1329,0.172153,0.2794007,0.9446155,-0.006975383,-0.008330703,0.01687887,0.02007369,0.1314742,-0.168419,-0.1260116,0.9687471,28.72443,0.5300288,-0.6789689,-0.5080064,-0.09986686,1.207383,-0.06096611,1.21304,0.01174777,-0.1192104,-0.1788358,-0.9765596,335.14,0.0545781,-0.5538308,-0.8308396,False,False,False,False
1772879693746,19.35979,0.201793,1.102369,0.1905453,1.136769,-0.01513553,-0.7764372,0.6142368,0.1401044,163.8922,-0.01528631,-0.7841717,0.6203555,-0.09763522,0.6337158,-0.06120764,0.6441077,0.5336853,0.2283854,-0.7526997,0.3105854,143.811,0.5614517,0.2402677,-0.7918608,0.1117236,1.081366,0.281731,1.123034,0.0708888,1.093789,0.2772827,1.130613,0.08252782,1.108535,0.2889409,1.148541,-0.01390797,0.6401432,0.03381553,0.6411866,-0.003677767,0.6467276,0.07552969,0.6511335,-0.02414421,0.6417221,0.107443,0.6511023,0.1005269,-0.07912235,0.02241524,0.1298786,0.141285,-0.06574883,0.02117898,0.157267,0.1353124,-0.07503566,0.002024271,0.1547382,-0.1111411,0.05387162,-0.0287484,0.1268107,-0.1544749,0.05600832,-0.0263622,0.1664163,-0.1786623,0.04457498,0.0009625256,0.1841414,0.1011927,-0.08034029,0.02570784,0.1317399,0.1376718,-0.06582252,0.02168559,0.1541311,0.1311617,-0.07503793,0.003033464,0.1511399,-0.1109906,0.05426063,-0.02908516,0.1269215,-0.154889,0.05564801,-0.02661139,0.1667197,-0.1791215,0.04385402,0.0009172254,0.184414,0.1169002,-0.07556625,0.01965669,0.1405785,-0.2458822,0.8592225,-0.04639766,0.4462352,126.9952,-0.2747546,0.9601156,-0.05184585,-0.1436903,0.0499519,-0.01611432,0.1529763,0.17304,-0.5200856,-0.1411919,0.8243986,68.94486,0.3057192,-0.9188635,-0.2494514,0.1069754,1.108331,0.2831211,1.148912,0.5655644,-0.5842684,0.1967732,0.5477661,113.5722,0.6760018,-0.6983581,0.235197,0.1065543,-0.0766539,0.002414892,0.1312839,0.01470556,0.04915164,-0.7347385,0.6764077,94.87288,0.01996607,0.06673431,-0.9975712,-0.4811622,-0.1855388,-0.3411145,0.6183048,0.1712307,0.2779039,0.9395549,0.1033748,168.1329,0.172153,0.2794007,0.9446155,-0.006975383,-0.008330703,0.01687887,0.02007369,0.1314742,-0.168419,-0.1260116,0.9687471,28.72443,0.5300288,-0.6789689,-0.5080064,-0.09983441,1.207436,-0.06101719,1.213092,0.01190301,-0.1188379,-0.1785446,-0.9766564,335.1916,0.05541249,-0.5532298,-0.8311847,False,False,False,False
1772879693760,19.37382,0.201793,1.102369,0.1905453,1.136769,-0.01513553,-0.7764372,0.6142368,0.1401044,163.8922,-0.01528631,-0.7841717,0.6203555,-0.09763522,0.6337158,-0.06120764,0.6441077,0.5336853,0.2283854,-0.7526997,0.3105854,143.811,0.5614517,0.2402677,-0.7918608,0.1117236,1.081366,0.281731,1.123034,0.0708888,1.093789,0.2772827,1.130613,0.08252782,1.108535,0.2889409,1.148541,-0.01390797,0.6401432,0.03381553,0.6411866,-0.003677767,0.6467276,0.07552969,0.6511335,-0.02414421,0.6417221,0.107443,0.6511023,0.1005269,-0.07912235,0.02241524,0.1298786,0.141285,-0.06574883,0.02117898,0.157267,0.1353124,-0.07503566,0.002024271,0.1547382,-0.1111411,0.05387162,-0.0287484,0.1268107,-0.1544749,0.05600832,-0.0263622,0.1664163,-0.1786623,0.04457498,0.0009625256,0.1841414,0.1011927,-0.08034029,0.02570784,0.1317399,0.1376718,-0.06582252,0.02168559,0.1541311,0.1311617,-0.07503793,0.003033464,0.1511399,-0.1109906,0.05426063,-0.02908516,0.1269215,-0.154889,0.05564801,-0.02661139,0.1667197,-0.1791215,0.04385402,0.0009172254,0.184414,0.1169002,-0.07556625,0.01965669,0.1405785,-0.2458822,0.8592225,-0.04639766,0.4462352,126.9952,-0.2747546,0.9601156,-0.05184585,-0.1436903,0.0499519,-0.01611432,0.1529763,0.17304,-0.5200856,-0.1411919,0.8243986,68.94486,0.3057192,-0.9188635,-0.2494514,0.1069142,1.108298,0.2831305,1.148877,0.5663554,-0.5843202,0.1974886,0.5466349,113.7271,0.6763493,-0.6978032,0.2358436,0.1065543,-0.0766539,0.002414892,0.1312839,0.01470556,0.04915164,-0.7347385,0.6764077,94.87288,0.01996607,0.06673431,-0.9975712,-0.4811622,-0.1855388,-0.3411145,0.6183048,0.1712307,0.2779039,0.9395549,0.1033748,168.1329,0.172153,0.2794007,0.9446155,-0.006914169,-0.008297682,0.01686952,0.02003092,0.1311242,-0.1672883,-0.1270147,0.9688594,28.67245,0.529556,-0.6756076,-0.5129594,-0.09982782,1.207363,-0.06109303,1.213022,0.01088785,-0.1187938,-0.1783574,-0.9767078,335.219,0.0507418,-0.5536272,-0.8312175,False,False,False,False
1772879693773,19.38834,0.201793,1.102369,0.1905453,1.136769,-0.01513553,-0.7764372,0.6142368,0.1401044,163.8922,-0.01528631,-0.7841717,0.6203555,-0.09763522,0.6337158,-0.06120764,0.6441077,0.5336853,0.2283854,-0.7526997,0.3105854,143.811,0.5614517,0.2402677,-0.7918608,0.1117236,1.081366,0.281731,1.123034,0.0708888,1.093789,0.2772827,1.130613,0.08252782,1.108535,0.2889409,1.148541,-0.01390797,0.6401432,0.03381553,0.6411866,-0.003677767,0.6467276,0.07552969,0.6511335,-0.02414421,0.6417221,0.107443,0.6511023,0.1005269,-0.07912235,0.02241524,0.1298786,0.141285,-0.06574883,0.02117898,0.157267,0.1353124,-0.07503566,0.002024271,0.1547382,-0.1111411,0.05387162,-0.0287484,0.1268107,-0.1544749,0.05600832,-0.0263622,0.1664163,-0.1786623,0.04457498,0.0009625256,0.1841414,0.1011927,-0.08034029,0.02570784,0.1317399,0.1376718,-0.06582252,0.02168559,0.1541311,0.1311617,-0.07503793,0.003033464,0.1511399,-0.1109906,0.05426063,-0.02908516,0.1269215,-0.154889,0.05564801,-0.02661139,0.1667197,-0.1791215,0.04385402,0.0009172254,0.184414,0.1169002,-0.07556625,0.01965669,0.1405785,-0.2458822,0.8592225,-0.04639766,0.4462352,126.9952,-0.2747546,0.9601156,-0.05184585,-0.1436903,0.0499519,-0.01611432,0.1529763,0.17304,-0.5200856,-0.1411919,0.8243986,68.94486,0.3057192,-0.9188635,-0.2494514,0.1068537,1.108245,0.2831581,1.148827,0.5672657,-0.5849732,0.1977389,0.5448994,113.9644,0.6765232,-0.6976413,0.2358242,0.1065543,-0.0766539,0.002414892,0.1312839,0.01470556,0.04915164,-0.7347385,0.6764077,94.87288,0.01996607,0.06673431,-0.9975712,-0.4811622,-0.1855388,-0.3411145,0.6183048,0.1712307,0.2779039,0.9395549,0.1033748,168.1329,0.172153,0.2794007,0.9446155,-0.00685367,-0.008244872,0.01684192,0.01996499,0.129983,-0.1657264,-0.127706,0.9691907,28.51873,0.5277172,-0.672832,-0.5184731,-0.09979615,1.207194,-0.06119929,1.212857,0.009634174,-0.1186799,-0.1781816,-0.9767669,335.2506,0.04495559,-0.5537913,-0.8314421,False,False,False,False
1772879693787,19.40172,0.201793,1.102369,0.1905453,1.136769,-0.01513553,-0.7764372,0.6142368,0.1401044,163.8922,-0.01528631,-0.7841717,0.6203555,-0.09763522,0.6337158,-0.06120764,0.6441077,0.5336853,0.2283854,-0.7526997,0.3105854,143.811,0.5614517,0.2402677,-0.7918608,0.1117236,1.081366,0.281731,1.123034,0.0708888,1.093789,0.2772827,1.130613,0.08252782,1.108535,0.2889409,1.148541,-0.01390797,0.6401432,0.03381553,0.6411866,-0.003677767,0.6467276,0.07552969,0.6511335,-0.02414421,0.6417221,0.107443,0.6511023,0.1005269,-0.07912235,0.02241524,0.1298786,0.141285,-0.06574883,0.02117898,0.157267,0.1353124,-0.07503566,0.002024271,0.1547382,-0.1111411,0.05387162,-0.0287484,0.1268107,-0.1544749,0.05600832,-0.0263622,0.1664163,-0.1786623,0.04457498,0.0009625256,0.1841414,0.1011927,-0.08034029,0.02570784,0.1317399,0.1376718,-0.06582252,0.02168559,0.1541311,0.1311617,-0.07503793,0.003033464,0.1511399,-0.1109906,0.05426063,-0.02908516,0.1269215,-0.154889,0.05564801,-0.02661139,0.1667197,-0.1791215,0.04385402,0.0009172254,0.184414,0.1169002,-0.07556625,0.01965669,0.1405785,-0.2458822,0.8592225,-0.04639766,0.4462352,126.9952,-0.2747546,0.9601156,-0.05184585,-0.1436903,0.0499519,-0.01611432,0.1529763,0.17304,-0.5200856,-0.1411919,0.8243986,68.94486,0.3057192,-0.9188635,-0.2494514,0.1066243,1.108152,0.2831381,1.148711,0.5699431,-0.583684,0.2014587,0.5421184,114.3441,0.6782597,-0.6946121,0.2397456,0.1065543,-0.0766539,0.002414892,0.1312839,0.01470556,0.04915164,-0.7347385,0.6764077,94.87288,0.01996607,0.06673431,-0.9975712,-0.4811622,-0.1855388,-0.3411145,0.6183048,0.1712307,0.2779039,0.9395549,0.1033748,168.1329,0.172153,0.2794007,0.9446155,-0.006624267,-0.00815177,0.01686189,0.01986594,0.1305217,-0.1625852,-0.132203,0.9690474,28.58537,0.5286949,-0.6585719,-0.5355051,-0.09979175,1.207078,-0.06129402,1.212746,0.009221171,-0.1184161,-0.1782505,-0.9767904,335.2631,0.04304986,-0.5528361,-0.8321782,False,False,False,False
1772879693801,19.41612,0.201793,1.102369,0.1905453,1.136769,-0.01513553,-0.7764372,0.6142368,0.1401044,163.8922,-0.01528631,-0.7841717,0.6203555,-0.09763522,0.6337158,-0.06120764,0.6441077,0.5336853,0.2283854,-0.7526997,0.3105854,143.811,0.5614517,0.2402677,-0.7918608,0.1117236,1.081366,0.281731,1.123034,0.0708888,1.093789,0.2772827,1.130613,0.08252782,1.108535,0.2889409,1.148541,-0.01390797,0.6401432,0.03381553,0.6411866,-0.003677767,0.6467276,0.07552969,0.6511335,-0.02414421,0.6417221,0.107443,0.6511023,0.1005269,-0.07912235,0.02241524,0.1298786,0.141285,-0.06574883,0.02117898,0.157267,0.1353124,-0.07503566,0.002024271,0.1547382,-0.1111411,0.05387162,-0.0287484,0.1268107,-0.1544749,0.05600832,-0.0263622,0.1664163,-0.1786623,0.04457498,0.0009625256,0.1841414,0.1011927,-0.08034029,0.02570784,0.1317399,0.1376718,-0.06582252,0.02168559,0.1541311,0.1311617,-0.07503793,0.003033464,0.1511399,-0.1109906,0.05426063,-0.02908516,0.1269215,-0.154889,0.05564801,-0.02661139,0.1667197,-0.1791215,0.04385402,0.0009172254,0.184414,0.1169002,-0.07556625,0.01965669,0.1405785,-0.2458822,0.8592225,-0.04639766,0.4462352,126.9952,-0.2747546,0.9601156,-0.05184585,-0.1436903,0.0499519,-0.01611432,0.1529763,0.17304,-0.5200856,-0.1411919,0.8243986,68.94486,0.3057192,-0.9188635,-0.2494514,0.1065472,1.108095,0.2831583,1.148654,0.571084,-0.5840427,0.202119,0.5402825,114.5943,0.6786633,-0.694063,0.2401936,0.1065543,-0.0766539,0.002414892,0.1312839,0.01470556,0.04915164,-0.7347385,0.6764077,94.87288,0.01996607,0.06673431,-0.9975712,-0.4811622,-0.1855388,-0.3411145,0.6183048,0.1712307,0.2779039,0.9395549,0.1033748,168.1329,0.172153,0.2794007,0.9446155,-0.006547242,-0.008095264,0.01684174,0.0198001,0.1295916,-0.1608821,-0.1333906,0.9692937,28.47083,0.5269954,-0.6542405,-0.5424442,-0.09980335,1.207107,-0.06133239,1.212777,0.009402317,-0.1181806,-0.1782941,-0.9768092,335.2732,0.04391316,-0.5519577,-0.8327159,False,False,False,False
1772879693814,19.42983,0.201793,1.102369,0.1905453,1.136769,-0.01513553,-0.7764372,0.6142368,0.1401044,163.8922,-0.01528631,-0.7841717,0.6203555,-0.09763522,0.6337158,-0.06120764,0.6441077,0.5336853,0.2283854,-0.7526997,0.3105854,143.811,0.5614517,0.2402677,-0.7918608,0.1117236,1.081366,0.281731,1.123034,0.0708888,1.093789,0.2772827,1.130613,0.08252782,1.108535,0.2889409,1.148541,-0.01390797,0.6401432,0.03381553,0.6411866,-0.003677767,0.6467276,0.07552969,0.6511335,-0.02414421,0.6417221,0.107443,0.6511023,0.1005269,-0.07912235,0.02241524,0.1298786,0.141285,-0.06574883,0.02117898,0.157267,0.1353124,-0.07503566,0.002024271,0.1547382,-0.1111411,0.05387162,-0.0287484,0.1268107,-0.1544749,0.05600832,-0.0263622,0.1664163,-0.1786623,0.04457498,0.0009625256,0.1841414,0.1011927,-0.08034029,0.02570784,0.1317399,0.1376718,-0.06582252,0.02168559,0.1541311,0.1311617,-0.07503793,0.003033464,0.1511399,-0.1109906,0.05426063,-0.02908516,0.1269215,-0.154889,0.05564801,-0.02661139,0.1667197,-0.1791215,0.04385402,0.0009172254,0.184414,0.1169002,-0.07556625,0.01965669,0.1405785,-0.2458822,0.8592225,-0.04639766,0.4462352,126.9952,-0.2747546,0.9601156,-0.05184585,-0.1436903,0.0499519,-0.01611432,0.1529763,0.17304,-0.5200856,-0.1411919,0.8243986,68.94486,0.3057192,-0.9188635,-0.2494514,0.1064336,1.108039,0.2831813,1.148595,0.5728611,-0.5840279,0.2036826,0.5378243,114.9287,0.6795047,-0.6927503,0.2416001,0.1065543,-0.0766539,0.002414892,0.1312839,0.01470556,0.04915164,-0.7347385,0.6764077,94.87288,0.01996607,0.06673431,-0.9975712,-0.4811622,-0.1855388,-0.3411145,0.6183048,0.1712307,0.2779039,0.9395549,0.1033748,168.1329,0.172153,0.2794007,0.9446155,-0.006433606,-0.008039474,0.01681867,0.01972035,0.1288334,-0.1584772,-0.1356832,0.9694726,28.3873,0.5254215,-0.6463183,-0.5533573,-0.09980407,1.207182,-0.06135343,1.212854,0.01002855,-0.1179112,-0.1781879,-0.9768549,335.2976,0.04688363,-0.5512366,-0.8330313,False,False,False,False
1772879693829,19.44319,0.201793,1.102369,0.1905453,1.136769,-0.01513553,-0.7764372,0.6142368,0.1401044,163.8922,-0.01528631,-0.7841717,0.6203555,-0.09763522,0.6337158,-0.06120764,0.6441077,0.5336853,0.2283854,-0.7526997,0.3105854,143.811,0.5614517,0.2402677,-0.7918608,0.1117236,1.081366,0.281731,1.123034,0.0708888,1.093789,0.2772827,1.130613,0.08252782,1.108535,0.2889409,1.148541,-0.01390797,0.6401432,0.03381553,0.6411866,-0.003677767,0.6467276,0.07552969,0.6511335,-0.02414421,0.6417221,0.107443,0.6511023,0.1005269,-0.07912235,0.02241524,0.1298786,0.141285,-0.06574883,0.02117898,0.157267,0.1353124,-0.07503566,0.002024271,0.1547382,-0.1111411,0.05387162,-0.0287484,0.1268107,-0.1544749,0.05600832,-0.0263622,0.1664163,-0.1786623,0.04457498,0.0009625256,0.1841414,0.1011927,-0.08034029,0.02570784,0.1317399,0.1376718,-0.06582252,0.02168559,0.1541311,0.1311617,-0.07503793,0.003033464,0.1511399,-0.1109906,0.05426063,-0.02908516,0.1269215,-0.154889,0.05564801,-0.02661139,0.1667197,-0.1791215,0.04385402,0.0009172254,0.184414,0.1169002,-0.07556625,0.01965669,0.1405785,-0.2458822,0.8592225,-0.04639766,0.4462352,126.9952,-0.2747546,0.9601156,-0.05184585,-0.1436903,0.0499519,-0.01611432,0.1529763,0.17304,-0.5200856,-0.1411919,0.8243986,68.94486,0.3057192,-0.9188635,-0.2494514,0.1062014,1.107867,0.2831602,1.148402,0.5755718,-0.5836259,0.2064303,0.5343075,115.4061,0.6809162,-0.6904445,0.2442124,0.1065543,-0.0766539,0.002414892,0.1312839,0.01470556,0.04915164,-0.7347385,0.6764077,94.87288,0.01996607,0.06673431,-0.9975712,-0.4811622,-0.1855388,-0.3411145,0.6183048,0.1712307,0.2779039,0.9395549,0.1033748,168.1329,0.172153,0.2794007,0.9446155,-0.006201416,-0.007866859,0.01683977,0.01959395,0.1281234,-0.1549442,-0.1394811,0.9695989,28.32824,0.5235931,-0.6331996,-0.5700078,-0.09980196,1.207281,-0.06132779,1.21295,0.01069567,-0.1176624,-0.1782891,-0.9768593,335.3,0.05000717,-0.5501257,-0.8335831,False,False,False,False
1772879693842,19.45837,0.201793,1.102369,0.1905453,1.136769,-0.01513553,-0.7764372,0.6142368,0.1401044,163.8922,-0.01528631,-0.7841717,0.6203555,-0.09763522,0.6337158,-0.06120764,0.6441077,0.5336853,0.2283854,-0.7526997,0.3105854,143.811,0.5614517,0.2402677,-0.7918608,0.1117236,1.081366,0.281731,1.123034,0.0708888,1.093789,0.2772827,1.130613,0.08252782,1.108535,0.2889409,1.148541,-0.01390797,0.6401432,0.03381553,0.6411866,-0.003677767,0.6467276,0.07552969,0.6511335,-0.02414421,0.6417221,0.107443,0.6511023,0.1005269,-0.07912235,0.02241524,0.1298786,0.141285,-0.06574883,0.02117898,0.157267,0.1353124,-0.07503566,0.002024271,0.1547382,-0.1111411,0.05387162,-0.0287484,0.1268107,-0.1544749,0.05600832,-0.0263622,0.1664163,-0.1786623,0.04457498,0.0009625256,0.1841414,0.1011927,-0.08034029,0.02570784,0.1317399,0.1376718,-0.06582252,0.02168559,0.1541311,0.1311617,-0.07503793,0.003033464,0.1511399,-0.1109906,0.05426063,-0.02908516,0.1269215,-0.154889,0.05564801,-0.02661139,0.1667197,-0.1791215,0.04385402,0.0009172254,0.184414,0.1169002,-0.07556625,0.01965669,0.1405785,-0.2458822,0.8592225,-0.04639766,0.4462352,126.9952,-0.2747546,0.9601156,-0.05184585,-0.1436903,0.0499519,-0.01611432,0.1529763,0.17304,-0.5200856,-0.1411919,0.8243986,68.94486,0.3057192,-0.9188635,-0.2494514,0.1060854,1.107832,0.2831397,1.148352,0.5767652,-0.5829263,0.2083965,0.5330194,115.5806,0.6816726,-0.6889545,0.2463016,0.1065543,-0.0766539,0.002414892,0.1312839,0.01470556,0.04915164,-0.7347385,0.6764077,94.87288,0.01996607,0.06673431,-0.9975712,-0.4811622,-0.1855388,-0.3411145,0.6183048,0.1712307,0.2779039,0.9395549,0.1033748,168.1329,0.172153,0.2794007,0.9446155,-0.006085396,-0.007831573,0.01686031,0.01956107,0.1285889,-0.153397,-0.1416744,0.9694652,28.39073,0.5243628,-0.6255259,-0.577723,-0.09978824,1.20737,-0.06129047,1.213036,0.01146171,-0.1173132,-0.1782911,-0.9768923,335.3177,0.05362649,-0.5488791,-0.8341795,False,False,False,False
1772879693856,19.47125,0.201793,1.102369,0.1905453,1.136769,-0.01513553,-0.7764372,0.6142368,0.1401044,163.8922,-0.01528631,-0.7841717,0.6203555,-0.09763522,0.6337158,-0.06120764,0.6441077,0.5336853,0.2283854,-0.7526997,0.3105854,143.811,0.5614517,0.2402677,-0.7918608,0.1117236,1.081366,0.281731,1.123034,0.0708888,1.093789,0.2772827,1.130613,0.08252782,1.108535,0.2889409,1.148541,-0.01390797,0.6401432,0.03381553,0.6411866,-0.003677767,0.6467276,0.07552969,0.6511335,-0.02414421,0.6417221,0.107443,0.6511023,0.1005269,-0.07912235,0.02241524,0.1298786,0.141285,-0.06574883,0.02117898,0.157267,0.1353124,-0.07503566,0.002024271,0.1547382,-0.1111411,0.05387162,-0.0287484,0.1268107,-0.1544749,0.05600832,-0.0263622,0.1664163,-0.1786623,0.04457498,0.0009625256,0.1841414,0.1011927,-0.08034029,0.02570784,0.1317399,0.1376718,-0.06582252,0.02168559,0.1541311,0.1311617,-0.07503793,0.003033464,0.1511399,-0.1109906,0.05426063,-0.02908516,0.1269215,-0.154889,0.05564801,-0.02661139,0.1667197,-0.1791215,0.04385402,0.0009172254,0.184414,0.1169002,-0.07556625,0.01965669,0.1405785,-0.2458822,0.8592225,-0.04639766,0.4462352,126.9952,-0.2747546,0.9601156,-0.05184585,-0.1436903,0.0499519,-0.01611432,0.1529763,0.17304,-0.5200856,-0.1411919,0.8243986,68.94486,0.3057192,-0.9188635,-0.2494514,0.1056609,1.107602,0.2830798,1.148077,0.5776652,-0.5862889,0.212724,0.5266088,116.4468,0.67952,-0.6896643,0.2502318,0.1065543,-0.0766539,0.002414892,0.1312839,0.01470556,0.04915164,-0.7347385,0.6764077,94.87288,0.01996607,0.06673431,-0.9975712,-0.4811622,-0.1855388,-0.3411145,0.6183048,0.1712307,0.2779039,0.9395549,0.1033748,168.1329,0.172153,0.2794007,0.9446155,-0.005660944,-0.007602453,0.01692021,0.01939425,0.1277531,-0.145173,-0.1431825,0.9706199,27.84611,0.5309359,-0.6033324,-0.5950598,-0.09976523,1.207515,-0.06126039,1.213176,0.01201018,-0.1168562,-0.1782731,-0.9769437,335.3453,0.0562546,-0.5473436,-0.835015,False,False,False,False
1772879693870,19.48598,0.201793,1.102369,0.1905453,1.136769,-0.01513553,-0.7764372,0.6142368,0.1401044,163.8922,-0.01528631,-0.7841717,0.6203555,-0.09763522,0.6337158,-0.06120764,0.6441077,0.5336853,0.2283854,-0.7526997,0.3105854,143.811,0.5614517,0.2402677,-0.7918608,0.1117236,1.081366,0.281731,1.123034,0.0708888,1.093789,0.2772827,1.130613,0.08252782,1.108535,0.2889409,1.148541,-0.01390797,0.6401432,0.03381553,0.6411866,-0.003677767,0.6467276,0.07552969,0.6511335,-0.02414421,0.6417221,0.107443,0.6511023,0.1005269,-0.07912235,0.02241524,0.1298786,0.141285,-0.06574883,0.02117898,0.157267,0.1353124,-0.07503566,0.002024271,0.1547382,-0.1111411,0.05387162,-0.0287484,0.1268107,-0.1544749,0.05600832,-0.0263622,0.1664163,-0.1786623,0.04457498,0.0009625256,0.1841414,0.1011927,-0.08034029,0.02570784,0.1317399,0.1376718,-0.06582252,0.02168559,0.1541311,0.1311617,-0.07503793,0.003033464,0.1511399,-0.1109906,0.05426063,-0.02908516,0.1269215,-0.154889,0.05564801,-0.02661139,0.1667197,-0.1791215,0.04385402,0.0009172254,0.184414,0.1169002,-0.07556625,0.01965669,0.1405785,-0.2458822,0.8592225,-0.04639766,0.4462352,126.9952,-0.2747546,0.9601156,-0.05184585,-0.1436903,0.0499519,-0.01611432,0.1529763,0.17304,-0.5200856,-0.1411919,0.8243986,68.94486,0.3057192,-0.9188635,-0.2494514,0.1055328,1.107551,0.2830506,1.148009,0.5781693,-0.5865891,0.2142453,0.5251024,116.6497,0.6793687,-0.6892622,0.2517455,0.1065543,-0.0766539,0.002414892,0.1312839,0.01470556,0.04915164,-0.7347385,0.6764077,94.87288,0.01996607,0.06673431,-0.9975712,-0.4811622,-0.1855388,-0.3411145,0.6183048,0.1712307,0.2779039,0.9395549,0.1033748,168.1329,0.172153,0.2794007,0.9446155,-0.005532749,-0.007551432,0.01694945,0.01936283,0.1278943,-0.1432102,-0.1442024,0.9707419,27.78794,0.5326133,-0.5963961,-0.6005282,-0.09972341,1.207659,-0.06126097,1.213317,0.01258752,-0.1169732,-0.1781252,-0.9769495,335.3484,0.05896607,-0.5479593,-0.8344253,False,False,False,False
1772879693884,19.49907,0.201793,1.102369,0.1905453,1.136769,-0.01513553,-0.7764372,0.6142368,0.1401044,163.8922,-0.01528631,-0.7841717,0.6203555,-0.09763522,0.6337158,-0.06120764,0.6441077,0.5336853,0.2283854,-0.7526997,0.3105854,143.811,0.5614517,0.2402677,-0.7918608,0.1117236,1.081366,0.281731,1.123034,0.0708888,1.093789,0.2772827,1.130613,0.08252782,1.108535,0.2889409,1.148541,-0.01390797,0.6401432,0.03381553,0.6411866,-0.003677767,0.6467276,0.07552969,0.6511335,-0.02414421,0.6417221,0.107443,0.6511023,0.1005269,-0.07912235,0.02241524,0.1298786,0.141285,-0.06574883,0.02117898,0.157267,0.1353124,-0.07503566,0.002024271,0.1547382,-0.1111411,0.05387162,-0.0287484,0.1268107,-0.1544749,0.05600832,-0.0263622,0.1664163,-0.1786623,0.04457498,0.0009625256,0.1841414,0.1011927,-0.08034029,0.02570784,0.1317399,0.1376718,-0.06582252,0.02168559,0.1541311,0.1311617,-0.07503793,0.003033464,0.1511399,-0.1109906,0.05426063,-0.02908516,0.1269215,-0.154889,0.05564801,-0.02661139,0.1667197,-0.1791215,0.04385402,0.0009172254,0.184414,0.1169002,-0.07556625,0.01965669,0.1405785,-0.2458822,0.8592225,-0.04639766,0.4462352,126.9952,-0.2747546,0.9601156,-0.05184585,-0.1436903,0.0499519,-0.01611432,0.1529763,0.17304,-0.5200856,-0.1411919,0.8243986,68.94486,0.3057192,-0.9188635,-0.2494514,0.1053792,1.107505,0.2830116,1.14794,0.5793915,-0.5859645,0.2164501,0.5235461,116.8592,0.6800391,-0.6877539,0.2540502,0.1065543,-0.0766539,0.002414892,0.1312839,0.01470556,0.04915164,-0.7347385,0.6764077,94.87288,0.01996607,0.06673431,-0.9975712,-0.4811622,-0.1855388,-0.3411145,0.6183048,0.1712307,0.2779039,0.9395549,0.1033748,168.1329,0.172153,0.2794007,0.9446155,-0.005379207,-0.007504702,0.0169884,0.01933551,0.1283809,-0.1413134,-0.1465078,0.9706104,27.85057,0.5334616,-0.5871997,-0.6087843,-0.09969023,1.207665,-0.06124272,1.213319,0.0130102,-0.1167412,-0.1771573,-0.9771476,335.455,0.06120671,-0.5492109,-0.8334394,False,False,False,False
1772879693898,19.51251,0.201793,1.102369,0.1905453,1.136769,-0.01513553,-0.7764372,0.6142368,0.1401044,163.8922,-0.01528631,-0.7841717,0.6203555,-0.09763522,0.6337158,-0.06120764,0.6441077,0.5336853,0.2283854,-0.7526997,0.3105854,143.811,0.5614517,0.2402677,-0.7918608,0.1117236,1.081366,0.281731,1.123034,0.0708888,1.093789,0.2772827,1.130613,0.08252782,1.108535,0.2889409,1.148541,-0.01390797,0.6401432,0.03381553,0.6411866,-0.003677767,0.6467276,0.07552969,0.6511335,-0.02414421,0.6417221,0.107443,0.6511023,0.1005269,-0.07912235,0.02241524,0.1298786,0.141285,-0.06574883,0.02117898,0.157267,0.1353124,-0.07503566,0.002024271,0.1547382,-0.1111411,0.05387162,-0.0287484,0.1268107,-0.1544749,0.05600832,-0.0263622,0.1664163,-0.1786623,0.04457498,0.0009625256,0.1841414,0.1011927,-0.08034029,0.02570784,0.1317399,0.1376718,-0.06582252,0.02168559,0.1541311,0.1311617,-0.07503793,0.003033464,0.1511399,-0.1109906,0.05426063,-0.02908516,0.1269215,-0.154889,0.05564801,-0.02661139,0.1667197,-0.1791215,0.04385402,0.0009172254,0.184414,0.1169002,-0.07556625,0.01965669,0.1405785,-0.2458822,0.8592225,-0.04639766,0.4462352,126.9952,-0.2747546,0.9601156,-0.05184585,-0.1436903,0.0499519,-0.01611432,0.1529763,0.17304,-0.5200856,-0.1411919,0.8243986,68.94486,0.3057192,-0.9188635,-0.2494514,0.1048849,1.10719,0.2828116,1.147542,0.5805836,-0.5877329,0.2188835,0.5192136,117.441,0.6793276,-0.6876928,0.2561106,0.1065543,-0.0766539,0.002414892,0.1312839,0.01470556,0.04915164,-0.7347385,0.6764077,94.87288,0.01996607,0.06673431,-0.9975712,-0.4811622,-0.1855388,-0.3411145,0.6183048,0.1712307,0.2779039,0.9395549,0.1033748,168.1329,0.172153,0.2794007,0.9446155,-0.004884891,-0.007190108,0.01718837,0.01926136,0.1272921,-0.1362821,-0.1480389,0.9712408,27.54886,0.5346161,-0.5723732,-0.6217505,-0.0996889,1.207549,-0.06131627,1.213208,0.01078057,-0.1161257,-0.1770392,-0.9772695,335.5208,0.05085156,-0.547761,-0.835088,False,False,False,False
1772879693912,19.52678,0.201793,1.102369,0.1905453,1.136769,-0.01513553,-0.7764372,0.6142368,0.1401044,163.8922,-0.01528631,-0.7841717,0.6203555,-0.09763522,0.6337158,-0.06120764,0.6441077,0.5336853,0.2283854,-0.7526997,0.3105854,143.811,0.5614517,0.2402677,-0.7918608,0.1117236,1.081366,0.281731,1.123034,0.0708888,1.093789,0.2772827,1.130613,0.08252782,1.108535,0.2889409,1.148541,-0.01390797,0.6401432,0.03381553,0.6411866,-0.003677767,0.6467276,0.07552969,0.6511335,-0.02414421,0.6417221,0.107443,0.6511023,0.1005269,-0.07912235,0.02241524,0.1298786,0.141285,-0.06574883,0.02117898,0.157267,0.1353124,-0.07503566,0.002024271,0.1547382,-0.1111411,0.05387162,-0.0287484,0.1268107,-0.1544749,0.05600832,-0.0263622,0.1664163,-0.1786623,0.04457498,0.0009625256,0.1841414,0.1011927,-0.08034029,0.02570784,0.1317399,0.1376718,-0.06582252,0.02168559,0.1541311,0.1311617,-0.07503793,0.003033464,0.1511399,-0.1109906,0.05426063,-0.02908516,0.1269215,-0.154889,0.05564801,-0.02661139,0.1667197,-0.1791215,0.04385402,0.0009172254,0.184414,0.1169002,-0.07556625,0.01965669,0.1405785,-0.2458822,0.8592225,-0.04639766,0.4462352,126.9952,-0.2747546,0.9601156,-0.05184585,-0.1436903,0.0499519,-0.01611432,0.1529763,0.17304,-0.5200856,-0.1411919,0.8243986,68.94486,0.3057192,-0.9188635,-0.2494514,0.104619,1.107086,0.2827969,1.147414,0.582132,-0.5892442,0.2223904,0.5142531,118.1049,0.6787615,-0.6870543,0.2593055,0.1065543,-0.0766539,0.002414892,0.1312839,0.01470556,0.04915164,-0.7347385,0.6764077,94.87288,0.01996607,0.06673431,-0.9975712,-0.4811622,-0.1855388,-0.3411145,0.6183048,0.1712307,0.2779039,0.9395549,0.1033748,168.1329,0.172153,0.2794007,0.9446155,-0.004619047,-0.007086277,0.01720309,0.01917022,0.1265916,-0.1303739,-0.1504697,0.9717697,27.29313,0.5365598,-0.552591,-0.6377671,-0.0996564,1.20745,-0.06135955,1.213108,0.01135656,-0.1155976,-0.177127,-0.9773097,335.5425,0.05361539,-0.545747,-0.8362335,False,False,False,False
1772879693925,19.5403,0.201793,1.102369,0.1905453,1.136769,-0.01513553,-0.7764372,0.6142368,0.1401044,163.8922,-0.01528631,-0.7841717,0.6203555,-0.09763522,0.6337158,-0.06120764,0.6441077,0.5336853,0.2283854,-0.7526997,0.3105854,143.811,0.5614517,0.2402677,-0.7918608,0.1117236,1.081366,0.281731,1.123034,0.0708888,1.093789,0.2772827,1.130613,0.08252782,1.108535,0.2889409,1.148541,-0.01390797,0.6401432,0.03381553,0.6411866,-0.003677767,0.6467276,0.07552969,0.6511335,-0.02414421,0.6417221,0.107443,0.6511023,0.1005269,-0.07912235,0.02241524,0.1298786,0.141285,-0.06574883,0.02117898,0.157267,0.1353124,-0.07503566,0.002024271,0.1547382,-0.1111411,0.05387162,-0.0287484,0.1268107,-0.1544749,0.05600832,-0.0263622,0.1664163,-0.1786623,0.04457498,0.0009625256,0.1841414,0.1011927,-0.08034029,0.02570784,0.1317399,0.1376718,-0.06582252,0.02168559,0.1541311,0.1311617,-0.07503793,0.003033464,0.1511399,-0.1109906,0.05426063,-0.02908516,0.1269215,-0.154889,0.05564801,-0.02661139,0.1667197,-0.1791215,0.04385402,0.0009172254,0.184414,0.1169002,-0.07556625,0.01965669,0.1405785,-0.2458822,0.8592225,-0.04639766,0.4462352,126.9952,-0.2747546,0.9601156,-0.05184585,-0.1436903,0.0499519,-0.01611432,0.1529763,0.17304,-0.5200856,-0.1411919,0.8243986,68.94486,0.3057192,-0.9188635,-0.2494514,0.1044333,1.107024,0.2826893,1.147311,0.5827822,-0.5880905,0.2249969,0.5137032,118.1784,0.6792586,-0.6854457,0.2622439,0.1065543,-0.0766539,0.002414892,0.1312839,0.01470556,0.04915164,-0.7347385,0.6764077,94.87288,0.01996607,0.06673431,-0.9975712,-0.4811622,-0.1855388,-0.3411145,0.6183048,0.1712307,0.2779039,0.9395549,0.1033748,168.1329,0.172153,0.2794007,0.9446155,-0.004433282,-0.007024288,0.01731074,0.01920042,0.1281911,-0.1291535,-0.1526273,0.9713864,27.47869,0.53974,-0.5437921,-0.6426271,-0.09966102,1.207528,-0.06140094,1.213188,0.01163206,-0.1157435,-0.1771992,-0.9772761,335.5243,0.05487594,-0.5460365,-0.8359627,False,False,False,False
1772879693940,19.55419,0.201793,1.102369,0.1905453,1.136769,-0.01513553,-0.7764372,0.6142368,0.1401044,163.8922,-0.01528631,-0.7841717,0.6203555,-0.09763522,0.6337158,-0.06120764,0.6441077,0.5336853,0.2283854,-0.7526997,0.3105854,143.811,0.5614517,0.2402677,-0.7918608,0.1117236,1.081366,0.281731,1.123034,0.0708888,1.093789,0.2772827,1.130613,0.08252782,1.108535,0.2889409,1.148541,-0.01390797,0.6401432,0.03381553,0.6411866,-0.003677767,0.6467276,0.07552969,0.6511335,-0.02414421,0.6417221,0.107443,0.6511023,0.1005269,-0.07912235,0.02241524,0.1298786,0.141285,-0.06574883,0.02117898,0.157267,0.1353124,-0.07503566,0.002024271,0.1547382,-0.1111411,0.05387162,-0.0287484,0.1268107,-0.1544749,0.05600832,-0.0263622,0.1664163,-0.1786623,0.04457498,0.0009625256,0.1841414,0.1011927,-0.08034029,0.02570784,0.1317399,0.1376718,-0.06582252,0.02168559,0.1541311,0.1311617,-0.07503793,0.003033464,0.1511399,-0.1109906,0.05426063,-0.02908516,0.1269215,-0.154889,0.05564801,-0.02661139,0.1667197,-0.1791215,0.04385402,0.0009172254,0.184414,0.1169002,-0.07556625,0.01965669,0.1405785,-0.2458822,0.8592225,-0.04639766,0.4462352,126.9952,-0.2747546,0.9601156,-0.05184585,-0.1436903,0.0499519,-0.01611432,0.1529763,0.17304,-0.5200856,-0.1411919,0.8243986,68.94486,0.3057192,-0.9188635,-0.2494514,0.1039792,1.106745,0.2826582,1.146993,0.5843249,-0.5961925,0.2208305,0.5043342,119.4257,0.6766868,-0.6904303,0.2557363,0.1065543,-0.0766539,0.002414892,0.1312839,0.01470556,0.04915164,-0.7347385,0.6764077,94.87288,0.01996607,0.06673431,-0.9975712,-0.4811622,-0.1855388,-0.3411145,0.6183048,0.1712307,0.2779039,0.9395549,0.1033748,168.1329,0.172153,0.2794007,0.9446155,-0.003979161,-0.006745458,0.01734182,0.01902824,0.1185113,-0.1213296,-0.1493528,0.9741295,26.12233,0.524407,-0.5368779,-0.6608791,-0.09967129,1.20773,-0.06136448,1.213389,0.01320391,-0.1155032,-0.1770967,-0.9773031,335.5389,0.06232798,-0.5452237,-0.8359706,True,True,False,False
1772879693953,19.56968,0.1403538,1.087683,0.1456928,1.106336,-0.273072,-0.701587,0.2165847,0.6215292,103.1442,-0.3485769,-0.895577,0.2764708,-0.09949955,0.6346577,-0.06115897,0.6453146,0.5298868,0.236656,-0.7546443,0.3061471,144.3456,0.556613,0.2485923,-0.7927067,0.08186409,1.090663,0.2656449,1.125529,0.1097104,1.128686,0.2975666,1.172397,0.1257599,1.117731,0.3037218,1.165069,-0.0161013,0.6452283,0.03277273,0.6462606,-0.002968889,0.6448777,0.07397684,0.6491137,-0.02345699,0.6394865,0.1062874,0.6486834,0.09694557,-0.08157904,0.04201028,0.1334857,0.1436354,-0.07015811,0.01151827,0.1602684,0.1398723,-0.08058282,-0.005588755,0.1615212,-0.1118982,0.04897178,-0.03115655,0.1260562,-0.1540439,0.05723019,-0.02606716,0.166386,-0.178285,0.04534392,0.001571305,0.1839676,0.1008517,-0.08043973,0.02701651,0.131801,0.1381506,-0.06617055,0.02086942,0.1545951,0.1318609,-0.07548305,0.002341324,0.1519555,-0.1110634,0.05383607,-0.02925144,0.1268426,-0.1548212,0.05577502,-0.0265677,0.1666922,-0.1790544,0.04397362,0.000969731,0.1843776,0.1164847,-0.07601207,0.02004076,0.1405281,-0.2486123,0.8643579,-0.05300676,0.4338982,128.5696,-0.2759409,0.9593723,-0.05883352,-0.1437374,0.04980037,-0.01615236,0.1529752,0.1740097,-0.5180691,-0.1499215,0.8239227,69.04116,0.3070568,-0.9141822,-0.2645507,0.1036254,1.106811,0.2826085,1.147012,0.5831292,-0.6014045,0.2174919,0.5009693,119.8717,0.6737756,-0.6948918,0.2513007,0.1185316,-0.07782993,0.0184063,0.1429896,0.5267001,-0.2035753,-0.5447367,0.6200051,103.367,0.6712994,-0.2594644,-0.6942878,-0.4755938,-0.1969165,-0.3428049,0.6184503,0.3093018,0.2560963,0.902398,0.1562854,162.0173,0.3131497,0.2592824,0.9136246,-0.003625393,-0.006810665,0.01739153,0.01902614,0.1139904,-0.118339,-0.1449687,0.9756979,25.31479,0.5202173,-0.540063,-0.6615927,-0.09964403,1.207908,-0.06137951,1.213564,0.01364439,-0.1153205,-0.1769625,-0.977343,335.5605,0.06446323,-0.5448345,-0.8360632,True,True,False,False
1772879693968,19.58533,0.1403396,1.087183,0.1459041,1.105871,-0.2795635,-0.7023637,0.2147514,0.6183943,103.6021,-0.3557385,-0.8937426,0.2732665,-0.09948903,0.6347074,-0.06114655,0.6453607,0.5298868,0.236656,-0.7546443,0.3061471,144.3456,0.556613,0.2485923,-0.7927067,0.08154356,1.091362,0.2656031,1.126173,0.1088075,1.129398,0.2976556,1.173021,0.124515,1.117926,0.3037398,1.165127,-0.01607709,0.6452928,0.03277941,0.6463248,-0.002967406,0.6449279,0.07400137,0.6491664,-0.02346511,0.6395611,0.1063192,0.6487625,0.09699493,-0.08182973,0.04120889,0.1334252,0.1438789,-0.07053372,0.01134723,0.160639,0.1396426,-0.08109686,-0.005559042,0.1615786,-0.1118993,0.04897133,-0.0311775,0.1260622,-0.1540531,0.05722297,-0.02605766,0.1663906,-0.1783039,0.04531255,0.001572855,0.1839782,0.1005098,-0.08056296,0.02827469,0.131879,0.1386584,-0.06655736,0.02002526,0.1551033,0.1325508,-0.07598072,0.00164094,0.1527922,-0.1111375,0.0534048,-0.02942218,0.1267647,-0.1547531,0.05590338,-0.02652249,0.1666648,-0.1789878,0.04409232,0.001023199,0.1843416,0.1160675,-0.07646956,0.02046962,0.1404929,-0.2513663,0.8686292,-0.0594274,0.4228082,129.976,-0.2773791,0.9585199,-0.06557729,-0.143783,0.04964653,-0.01619296,0.1529723,0.175004,-0.5160092,-0.1588366,0.8233341,69.1601,0.3083462,-0.909176,-0.2798601,0.1025308,1.106463,0.2826418,1.146586,0.581827,-0.6063721,0.2095032,0.4998987,120.0134,0.6717906,-0.7001309,0.2418971,0.1181536,-0.07842396,0.01762592,0.142903,0.5242624,-0.2060731,-0.5507876,0.6158863,103.9673,0.6654469,-0.2615688,-0.6991154,-0.475447,-0.197185,-0.3425972,0.6183078,0.315442,0.2526256,0.9013155,0.1559077,162.0611,0.3193471,0.2557531,0.9124735,-0.002530791,-0.006462574,0.01735818,0.01869429,0.107209,-0.1195462,-0.1385287,0.9772538,24.48781,0.505527,-0.5637012,-0.65321,-0.09955385,1.207936,-0.06142378,1.213586,0.01370829,-0.115056,-0.1771302,-0.9773428,335.5604,0.06476489,-0.543583,-0.8368527,True,True,False,False
1772879693980,19.60004,0.1402477,1.086259,0.146399,1.105016,-0.2859624,-0.7032067,0.2132342,0.6150262,104.0924,-0.3626631,-0.8918206,0.2704279,-0.0994103,0.6345749,-0.06107028,0.645211,0.5298868,0.236656,-0.7546443,0.3061471,144.3456,0.556613,0.2485923,-0.7927067,0.08025797,1.091401,0.2656715,1.126134,0.1077175,1.129169,0.2975282,1.172668,0.1231059,1.117357,0.3040943,1.164523,-0.01601443,0.6451415,0.03286225,0.6461765,-0.002890568,0.6447806,0.07407025,0.6490276,-0.02337449,0.6394128,0.1063833,0.6486235,0.09683467,-0.08228192,0.04127781,0.1336081,0.1434063,-0.07104272,0.01127575,0.1604355,0.1392058,-0.08197527,-0.005525738,0.1616438,-0.1118975,0.0489728,-0.03115204,0.1260549,-0.1540426,0.05723222,-0.02604875,0.1663826,-0.178292,0.04533252,0.001571901,0.1839716,0.1001808,-0.08071686,0.02943891,0.1319775,0.1390835,-0.06695895,0.01924188,0.155557,0.1331466,-0.07651744,0.0009992785,0.1535706,-0.1112056,0.05300799,-0.02957707,0.1266938,-0.1546895,0.05602236,-0.02648007,0.1666389,-0.1789255,0.04420336,0.001072327,0.184308,0.1156574,-0.07692365,0.02092268,0.1404694,-0.2546116,0.8719352,-0.06555666,0.4130428,131.2078,-0.2795743,0.9574218,-0.07198399,-0.1438215,0.04950704,-0.01623046,0.1529673,0.1758861,-0.5141326,-0.1670529,0.8226938,69.28926,0.3093946,-0.9043912,-0.2938564,0.1021284,1.106596,0.2825,1.146643,0.5812394,-0.6097343,0.2057064,0.498066,120.2557,0.6702954,-0.7031562,0.2372242,0.1176718,-0.078996,0.01748818,0.1428036,0.5188159,-0.2053781,-0.5602898,0.6121483,104.51,0.6561118,-0.259728,-0.7085611,-0.4750664,-0.197869,-0.3416959,0.6177348,0.3212499,0.2461424,0.9003859,0.159743,161.616,0.3254288,0.2493443,0.9120983,-0.002128385,-0.006595492,0.01750004,0.01882238,0.1031545,-0.1187411,-0.1351632,0.978259,23.93851,0.4974016,-0.5725589,-0.6517443,-0.09944931,1.207897,-0.06151263,1.213544,0.01323952,-0.1152438,-0.1768102,-0.9773852,335.5833,0.062608,-0.544973,-0.8361128,True,True,False,False
1772879693996,19.61281,0.1402879,1.085575,0.1470062,1.10443,-0.2928723,-0.7041825,0.2118752,0.6111153,104.6596,-0.3700024,-0.8896342,0.2676741,-0.09936294,0.6344973,-0.0610378,0.6451244,0.5298868,0.236656,-0.7546443,0.3061471,144.3456,0.556613,0.2485923,-0.7927067,0.07968514,1.092196,0.2658491,1.126906,0.1065884,1.12983,0.2974497,1.173181,0.121672,1.117369,0.3040346,1.164369,-0.01593149,0.6451091,0.0328969,0.6461438,-0.002841134,0.6447009,0.07409815,0.6489514,-0.02331888,0.6393242,0.1064072,0.6485381,0.09692219,-0.08241575,0.04066819,0.1335671,0.1432734,-0.071228,0.01125568,0.1603976,0.1385271,-0.08243913,-0.005415723,0.1612926,-0.111918,0.04896649,-0.03120539,0.1260839,-0.1540383,0.05723539,-0.02605011,0.16638,-0.1782836,0.04534642,0.001571201,0.1839669,0.09990509,-0.08086059,0.03038892,0.1320717,0.139438,-0.06732012,0.01856625,0.1559476,0.1336018,-0.07701842,0.0004565653,0.1542125,-0.1112659,0.05266607,-0.02971482,0.1266364,-0.1546344,0.05612498,-0.02644369,0.1666165,-0.1788712,0.04430006,0.001114532,0.1842787,0.1153129,-0.07731201,0.02132286,0.1404596,-0.2575584,0.8743683,-0.07076768,0.4051368,132.2006,-0.2817136,0.9563712,-0.07740466,-0.1438533,0.04938805,-0.01626556,0.1529625,0.1766217,-0.5124943,-0.1741579,0.8220848,69.41191,0.3102083,-0.9001157,-0.305881,0.1009246,1.106235,0.2823007,1.146139,0.5739391,-0.6161081,0.2004852,0.5008098,119.8928,0.6630862,-0.7118052,0.2316256,0.1170253,-0.0792629,0.01670522,0.1423256,0.5167413,-0.2052845,-0.5676904,0.6070951,105.2405,0.6502923,-0.25834,-0.7144092,-0.4748333,-0.1983313,-0.3416018,0.6176518,0.325477,0.2430914,0.899483,0.1609401,161.4771,0.3297759,0.2463022,0.9113634,-0.000924632,-0.006235003,0.0176993,0.01878817,0.1025196,-0.1200316,-0.1239955,0.9796466,23.15936,0.5107325,-0.5979738,-0.6177213,-0.09934898,1.20787,-0.06158996,1.213513,0.01277721,-0.1153215,-0.1762154,-0.9774896,335.64,0.06056019,-0.5465896,-0.8352087,True,True,False,False
1772879694009,19.62714,0.1402135,1.084612,0.1474427,1.103531,-0.2997703,-0.705058,0.2108731,0.6070944,105.2406,-0.3772452,-0.8872786,0.2653728,-0.09952195,0.6338186,-0.06082364,0.6444612,0.5298868,0.236656,-0.7546443,0.3061471,144.3456,0.556613,0.2485923,-0.7927067,0.07832373,1.092348,0.265705,1.126924,0.105263,1.129614,0.2968889,1.172711,0.1201208,1.116765,0.3039988,1.163619,-0.01607515,0.6446183,0.03310281,0.6456678,-0.003036063,0.6441213,0.07439017,0.6484098,-0.02347718,0.6386446,0.1066205,0.6479089,0.0966865,-0.08286838,0.04075179,0.1337017,0.1424943,-0.07174684,0.01134266,0.1599403,0.1377257,-0.08336915,-0.005347788,0.1610819,-0.1119538,0.0488461,-0.03134619,0.1261038,-0.1541238,0.0571378,-0.02606873,0.1664285,-0.1782828,0.04534758,0.001571082,0.1839664,0.09966589,-0.08100981,0.03115907,0.1321619,0.1396651,-0.0676491,0.0180294,0.15623,0.1339083,-0.0774904,2.51908E-05,0.1547133,-0.111317,0.05238217,-0.02983606,0.1265921,-0.1545964,0.05620025,-0.02641583,0.1666023,-0.1788275,0.04437792,0.001148462,0.1842552,0.1150144,-0.07765652,0.0216653,0.1404572,-0.2604542,0.8761038,-0.07524662,0.3986776,133.0089,-0.2840003,0.9553072,-0.08204922,-0.1438752,0.04928837,-0.01630133,0.1529548,0.177107,-0.511147,-0.1798721,0.8215886,69.51171,0.31067,-0.8966222,-0.3155204,0.1003452,1.106463,0.2820678,1.146251,0.5739799,-0.6174634,0.204163,0.4975978,120.3176,0.6617186,-0.7118489,0.2353714,0.1163423,-0.07992032,0.01658497,0.1421192,0.5099962,-0.2020636,-0.5732451,0.6086579,105.015,0.6427717,-0.2546701,-0.7224872,-0.4742478,-0.1992855,-0.3412695,0.6173252,0.3278337,0.232215,0.901605,0.1603435,161.5463,0.332131,0.2352589,0.9134234,-0.0003451928,-0.006462693,0.01793224,0.01906438,0.1034441,-0.1152051,-0.1251882,0.9799771,22.96985,0.5195323,-0.5786001,-0.6287383,-0.099244,1.207815,-0.06167607,1.213454,0.01238132,-0.1154086,-0.1759423,-0.9775336,335.6639,0.05874053,-0.5475316,-0.834721,True,True,False,False
1772879694023,19.64063,0.1402686,1.083859,0.1477692,1.102842,-0.3061054,-0.705507,0.2105613,0.6035093,105.7567,-0.3839005,-0.8848081,0.2640744,-0.09956948,0.6336004,-0.06070837,0.6442429,0.5298868,0.236656,-0.7546443,0.3061471,144.3456,0.556613,0.2485923,-0.7927067,0.07771133,1.092825,0.2655638,1.127311,0.1044021,1.130242,0.2965393,1.173151,0.119041,1.117204,0.3038516,1.16389,-0.01617959,0.6444336,0.03323491,0.6454928,-0.003080238,0.6438898,0.07448766,0.6481913,-0.02354651,0.6384523,0.1067458,0.6477426,0.09654045,-0.08314906,0.0404419,0.1336764,0.1423496,-0.07196487,0.01131542,0.1599074,0.1374567,-0.08367561,-0.005318403,0.16101,-0.1119625,0.04878147,-0.03132631,0.1260816,-0.154105,0.05715,-0.02606776,0.1664152,-0.1782923,0.04531351,0.001570903,0.1839672,0.09940778,-0.08118647,0.03192567,0.1322588,0.1398868,-0.06800551,0.01747494,0.1565198,0.1342013,-0.07800119,-0.0004160929,0.1552236,-0.1113703,0.05208482,-0.02995913,0.1265453,-0.1545558,0.05627869,-0.02638708,0.1665865,-0.1787833,0.04445518,0.001183348,0.1842312,0.1146968,-0.07802496,0.0220234,0.1404574,-0.2635823,0.8775969,-0.07974248,0.3924146,133.7903,-0.2865684,0.9541292,-0.08669657,-0.1438988,0.0491825,-0.0163373,0.1529467,0.1776448,-0.5097564,-0.1858614,0.8210032,69.62931,0.3111535,-0.8928627,-0.3255452,0.09983985,1.106705,0.2817885,1.146372,0.5719846,-0.6184448,0.2081369,0.4970298,120.3926,0.6591709,-0.7127128,0.2398627,0.1159188,-0.0802541,0.01621879,0.1419188,0.5127441,-0.2049395,-0.5755163,0.6032201,105.7983,0.6428789,-0.2569533,-0.7215828,-0.4738795,-0.1999657,-0.3413388,0.6173008,0.3297006,0.2345398,0.9010347,0.1562857,162.0173,0.3338023,0.2374577,0.9122444,0.0001601502,-0.006704569,0.01821154,0.01940714,0.1067807,-0.1120819,-0.1247776,0.9800338,22.93727,0.5370409,-0.5637028,-0.6275543,-0.09907623,1.207741,-0.06173637,1.21337,0.01208251,-0.1153338,-0.1755181,-0.9776224,335.7122,0.05743527,-0.5482489,-0.8343406,True,True,False,False
1772879694037,19.65494,0.1402688,1.083167,0.1477582,1.102161,-0.3111772,-0.7057081,0.2110463,0.6005034,106.1881,-0.3891552,-0.8825518,0.2639325,-0.0995694,0.6334249,-0.06063526,0.6440635,0.5298868,0.236656,-0.7546443,0.3061471,144.3456,0.556613,0.2485923,-0.7927067,0.07755331,1.093112,0.2653545,1.127528,0.1037205,1.130683,0.295894,1.173352,0.1182552,1.118129,0.3037579,1.164674,-0.01613891,0.6443702,0.03330733,0.6454322,-0.003088515,0.6437411,0.07458925,0.6480553,-0.02359824,0.6383423,0.1068609,0.647655,0.09645122,-0.08349335,0.03983763,0.1336451,0.1421213,-0.07219499,0.01127866,0.1598055,0.1378204,-0.08378129,-0.005393595,0.161378,-0.1119957,0.04873188,-0.03142953,0.1261176,-0.1541355,0.0571244,-0.02607118,0.1664351,-0.1783328,0.04522931,0.001573876,0.1839857,0.09917674,-0.08136675,0.03254396,0.1323468,0.1400614,-0.0683329,0.01699073,0.156765,0.1344842,-0.07845288,-0.0008050664,0.1556968,-0.1114192,0.0518228,-0.03007404,0.126508,-0.154523,0.05634478,-0.0263624,0.1665745,-0.1787481,0.04451567,0.001213866,0.1842118,0.1144131,-0.07836362,0.02232079,0.1404615,-0.2665474,0.8784446,-0.08355035,0.3876942,134.3778,-0.2891634,0.952979,-0.09063944,-0.1439216,0.04908595,-0.01637245,0.1529408,0.1781674,-0.5084864,-0.1911659,0.8204593,69.7384,0.3116423,-0.8894212,-0.3343787,0.0982528,1.1069,0.2815278,1.146359,0.5687476,-0.6167442,0.2126919,0.5009142,119.879,0.6571342,-0.7125897,0.2457454,0.1157397,-0.08064137,0.01593455,0.14196,0.5145065,-0.206103,-0.5760096,0.6008476,106.1387,0.6436451,-0.2578338,-0.7205852,-0.4735079,-0.2006068,-0.3414073,0.6172615,0.3291909,0.2349738,0.9018705,0.1518234,162.5348,0.3330517,0.2377296,0.9124479,0.001747198,-0.006899595,0.01847222,0.01979596,0.1136917,-0.1128763,-0.1244042,0.9792124,23.40595,0.5605047,-0.5564846,-0.6133174,-0.09892964,1.207762,-0.06174112,1.213379,0.01238644,-0.1154646,-0.1755648,-0.9775948,335.6972,0.05884416,-0.5485367,-0.8340542,True,True,False,False
1772879694051,19.66984,0.1398561,1.082287,0.147783,1.101247,-0.3161914,-0.7057743,0.2127949,0.5971801,106.6636,-0.3942009,-0.8799002,0.2652949,-0.0996071,0.6333129,-0.06083192,0.6439777,0.5298868,0.236656,-0.7546443,0.3061471,144.3456,0.556613,0.2485923,-0.7927067,0.07597816,1.092905,0.2649388,1.127123,0.1027925,1.130711,0.2952376,1.173132,0.1170129,1.118781,0.303398,1.165081,-0.01620679,0.6443057,0.03314198,0.6453611,-0.003124815,0.6436208,0.07438456,0.6479124,-0.02361735,0.6382039,0.106639,0.6474828,0.09597284,-0.08417562,0.04027763,0.1338604,0.1415907,-0.07274313,0.01104338,0.1595664,0.1377806,-0.08400729,-0.005380154,0.161461,-0.1120277,0.04867607,-0.03143192,0.1261251,-0.1541265,0.05713147,-0.02606908,0.1664289,-0.178308,0.04526189,0.001571469,0.1839697,0.09891255,-0.08159836,0.03318167,0.13245,0.1401875,-0.06869657,0.01650031,0.1569841,0.134756,-0.07891089,-0.001182326,0.156165,-0.1114693,0.05156332,-0.03018601,0.1264729,-0.1544903,0.05640965,-0.02633821,0.1665623,-0.1787118,0.0445772,0.001243354,0.1841917,0.1140737,-0.078743,0.0226576,0.1404515,-0.2697864,0.879054,-0.0869007,0.3833114,134.9221,-0.2920971,0.9517494,-0.09408715,-0.1439433,0.04899137,-0.01640726,0.1529347,0.1786437,-0.5072487,-0.1963826,0.8198896,69.8525,0.3120297,-0.8859906,-0.3430135,0.0976943,1.107201,0.2813502,1.146559,0.5697658,-0.613862,0.2170954,0.5014081,119.8136,0.6585283,-0.7094941,0.2509161,0.1155936,-0.08121393,0.01633066,0.1422121,0.5169019,-0.2030529,-0.5759932,0.5998449,106.2824,0.6460333,-0.2537792,-0.7198868,-0.4731234,-0.2019243,-0.3406229,0.6169629,0.3237802,0.234546,0.9045292,0.1482623,162.9475,0.3273986,0.2371671,0.9146377,0.002305701,-0.007201314,0.01864982,0.02012438,0.1172855,-0.1122354,-0.1282683,0.9783633,23.88087,0.5668846,-0.5424755,-0.6199687,-0.0988127,1.207917,-0.06171371,1.213522,0.01325218,-0.1152745,-0.1753081,-0.977652,335.7283,0.06303656,-0.5483257,-0.8338869,True,True,False,False
1772879694065,19.68249,0.1397864,1.081682,0.14817,1.100696,-0.3203252,-0.7057047,0.2154358,0.5941045,107.1024,-0.3982222,-0.8773188,0.2678257,-0.09963261,0.6333506,-0.06097683,0.6440324,0.5298868,0.236656,-0.7546443,0.3061471,144.3456,0.556613,0.2485923,-0.7927067,0.07551781,1.093437,0.2650009,1.127622,0.1021837,1.131155,0.2948726,1.173415,0.1162916,1.119617,0.303313,1.165789,-0.01626272,0.6443704,0.03301593,0.6454206,-0.003173951,0.6437114,0.07427938,0.6479906,-0.0236798,0.6382875,0.1065187,0.6475477,0.09587514,-0.08434556,0.04014809,0.1338585,0.1411385,-0.07309201,0.01098296,0.1593208,0.1376275,-0.08420306,-0.005375862,0.1614323,-0.1120437,0.04863481,-0.0314243,0.1261214,-0.1541693,0.05707625,-0.0260767,0.1664508,-0.1783318,0.04520255,0.001572385,0.1839782,0.09865247,-0.08183359,0.03377817,0.1325519,0.1402689,-0.06907292,0.01602789,0.1571729,0.1350019,-0.07936403,-0.001541396,0.1566095,-0.1115185,0.05131257,-0.03029204,0.1264396,-0.1544628,0.05646672,-0.02631582,0.1665526,-0.1786792,0.04463075,0.001271527,0.1841733,0.1137301,-0.07912041,0.02298484,0.1404382,-0.2729743,0.8794938,-0.0900564,0.3792961,135.4198,-0.2950196,0.9505212,-0.0973293,-0.143964,0.04889745,-0.01644113,0.1529278,0.1790786,-0.5060811,-0.2013176,0.8193192,69.96659,0.3123441,-0.8826931,-0.3511327,0.09658262,1.107546,0.2812648,1.146777,0.566909,-0.6160932,0.2124397,0.5038976,119.4836,0.6563244,-0.7132661,0.2459467,0.1151038,-0.08152813,0.016255,0.1419857,0.5200714,-0.2031412,-0.5777658,0.5953539,106.9243,0.6472868,-0.2528318,-0.7190938,-0.4730146,-0.2024882,-0.3404645,0.6169768,0.3206131,0.2384132,0.9049637,0.1463121,163.1735,0.3241009,0.2410067,0.9148083,0.00341738,-0.007546186,0.0187352,0.0204849,0.1158269,-0.115251,-0.1228351,0.9788836,23.59093,0.5666162,-0.5637991,-0.6008998,-0.09874284,1.208094,-0.06169219,1.213692,0.0140397,-0.1153085,-0.1752049,-0.9776554,335.7302,0.0667877,-0.5485296,-0.8334603,True,True,False,False
1772879694078,19.69634,0.1396816,1.081057,0.1487165,1.100141,-0.3242083,-0.7055115,0.2192428,0.5908258,107.5687,-0.4018451,-0.8744574,0.271744,-0.09958816,0.6336462,-0.06116756,0.6443344,0.5298868,0.236656,-0.7546443,0.3061471,144.3456,0.556613,0.2485923,-0.7927067,0.07435554,1.09405,0.2649976,1.128139,0.1015198,1.131282,0.2944565,1.173375,0.1155114,1.120061,0.3031289,1.16609,-0.01614094,0.6448749,0.03277279,0.6459088,-0.003142838,0.6440387,0.07411352,0.6482967,-0.02369342,0.638659,0.1063816,0.6478918,0.09570484,-0.08446781,0.04078446,0.134006,0.140265,-0.07365166,0.01096229,0.1588049,0.1369397,-0.0846646,-0.005302608,0.161086,-0.1120577,0.04854538,-0.03163436,0.1261519,-0.1541961,0.05704371,-0.02608147,0.1664652,-0.1783839,0.04510628,0.001576245,0.1840051,0.09843548,-0.08202752,0.03429395,0.1326429,0.1402686,-0.06941,0.01565498,0.1572835,0.1351445,-0.07975424,-0.001818286,0.1569334,-0.1115582,0.05110886,-0.03039086,0.1264158,-0.1544432,0.0565092,-0.02629857,0.1665461,-0.1786575,0.04466575,0.00129396,0.1841608,0.113426,-0.07943718,0.02327894,0.1404195,-0.2756216,0.8799634,-0.09260464,0.3756615,135.8696,-0.2974044,0.9495083,-0.09992333,-0.1439818,0.04881712,-0.01647507,0.1529226,0.1794948,-0.5050585,-0.2053773,0.8188515,70.06002,0.3127057,-0.8798845,-0.3577968,0.09613915,1.107915,0.2810625,1.147046,0.5697632,-0.6113083,0.215572,0.505174,119.3142,0.6601989,-0.7083383,0.2497886,0.1145879,-0.08196054,0.01674352,0.1418741,0.513117,-0.2016636,-0.5846643,0.5951558,106.9525,0.6385147,-0.250947,-0.7275471,-0.4728343,-0.2033502,-0.3397066,0.6167043,0.3212049,0.2325182,0.9059233,0.1485458,162.9147,0.3248085,0.2351268,0.9160869,0.003860854,-0.007914782,0.01893753,0.02088492,0.1184258,-0.1168387,-0.1284663,0.9776608,24.26689,0.5634245,-0.555874,-0.6111937,-0.09861857,1.208203,-0.06169821,1.21379,0.01417978,-0.1154362,-0.1748167,-0.9777078,335.7588,0.06753237,-0.5497745,-0.8325787,True,True,False,False
1772879694092,19.70982,0.1397473,1.080437,0.1492454,1.099612,-0.3278371,-0.7054318,0.223424,0.587342,108.0628,-0.4050678,-0.8716149,0.2760575,-0.09955415,0.6336855,-0.06121007,0.6443717,0.5298292,0.2369659,-0.7545618,0.3062103,144.338,0.5565643,0.2489232,-0.7926369,0.07401186,1.094703,0.265106,1.128775,0.1009917,1.13202,0.2942404,1.173987,0.1148253,1.120468,0.3027548,1.166317,-0.01603291,0.6449974,0.03270308,0.6460249,-0.003102195,0.644103,0.07409272,0.6483579,-0.0236649,0.6387079,0.1063588,0.6479352,0.09563074,-0.08451718,0.04074261,0.1339715,0.1399935,-0.07395269,0.01091625,0.1587021,0.1361113,-0.0850631,-0.005170837,0.1605888,-0.1120733,0.04853659,-0.03173685,0.1261881,-0.1542314,0.05701379,-0.02608576,0.1664883,-0.1784129,0.04505659,0.001578525,0.184021,0.0982109,-0.08222686,0.03481029,0.1327343,0.1402466,-0.06977373,0.01527555,0.1573875,0.1352219,-0.08017931,-0.00208672,0.1572197,-0.1115994,0.0509029,-0.03049863,0.126395,-0.1544262,0.0565496,-0.02628153,0.1665414,-0.1786379,0.04469705,0.001316744,0.1841496,0.1131087,-0.07976278,0.02358091,0.1403985,-0.2781422,0.8805532,-0.09519655,0.3717536,136.3524,-0.2996152,0.9485332,-0.1025459,-0.1440003,0.04873402,-0.0165136,0.1529176,0.1799328,-0.5039792,-0.2094979,0.8183763,70.15483,0.3130993,-0.8769695,-0.3645453,0.09567606,1.108286,0.280799,1.147301,0.5710592,-0.6104571,0.2182087,0.5036057,119.5223,0.6609989,-0.7066018,0.2525758,0.1139896,-0.08221191,0.016734,0.1415361,0.515751,-0.2006525,-0.5885922,0.5893207,107.7824,0.6383852,-0.2483632,-0.7285465,-0.4725359,-0.2038084,-0.3398706,0.6167172,0.3169982,0.2372399,0.9060989,0.1490451,162.8568,0.3205789,0.2399197,0.9163339,0.004323944,-0.008285761,0.01920101,0.02135484,0.119236,-0.1148082,-0.1311108,0.9774518,24.38059,0.5646734,-0.5437045,-0.6209097,-0.09843563,1.208256,-0.06174716,1.213831,0.01429432,-0.115617,-0.1745772,-0.9777275,335.7696,0.06810772,-0.5508769,-0.8318027,True,True,False,False
1772879694106,19.72369,0.1398064,1.079902,0.1493631,1.09911,-0.3307365,-0.7053323,0.2266035,0.5846117,108.4489,-0.4076557,-0.869371,0.2793045,-0.09952033,0.6335744,-0.06124323,0.6442604,0.5298292,0.2369659,-0.7545618,0.3062103,144.338,0.5565643,0.2489232,-0.7926369,0.07385832,1.0952,0.2649931,1.12922,0.1005682,1.132417,0.2936451,1.174185,0.114353,1.12112,0.3024778,1.166824,-0.01597907,0.6449183,0.0326624,0.6459426,-0.003095675,0.6440558,0.07410929,0.648313,-0.02364598,0.6386166,0.1063408,0.6478415,0.09565976,-0.08459263,0.04058038,0.1339906,0.1396099,-0.07419325,0.01091996,0.1584765,0.1359595,-0.08531885,-0.005160004,0.1605955,-0.1120779,0.04852866,-0.03177427,0.1261986,-0.154285,0.05694789,-0.02609529,0.1665169,-0.1784276,0.04503164,0.001579769,0.1840292,0.09801174,-0.08241156,0.03526075,0.1328205,0.1401969,-0.07011876,0.01493552,0.1574639,0.1352795,-0.08058055,-0.002326647,0.1574776,-0.1116368,0.05071755,-0.03059822,0.1263776,-0.1544152,0.0565807,-0.02626699,0.1665394,-0.1786215,0.04472317,0.001337278,0.1841401,0.1128211,-0.08006401,0.0238466,0.1403834,-0.2805797,0.8809783,-0.0976641,0.3682583,136.7835,-0.3017883,0.9475702,-0.1050464,-0.144015,0.04865817,-0.01655084,0.1529113,0.1802691,-0.5030169,-0.2131052,0.8179629,70.23723,0.3133638,-0.8744,-0.3704432,0.09456079,1.108566,0.2805291,1.147413,0.5677127,-0.6113113,0.2170464,0.5068449,119.0922,0.6585709,-0.7091472,0.251783,0.113767,-0.08247941,0.01681585,0.1415222,0.5159866,-0.2032445,-0.5912383,0.5855656,108.3141,0.6365291,-0.2507257,-0.7293609,-0.4722953,-0.2044927,-0.3399493,0.6168028,0.3169588,0.2402472,0.9055789,0.1474636,163.0401,0.3204622,0.2429027,0.9155884,0.005439214,-0.008565784,0.01947096,0.02195623,0.1211812,-0.1170561,-0.1272462,0.9774567,24.37787,0.5739482,-0.5544105,-0.6026738,-0.09828147,1.208279,-0.06184863,1.213846,0.01376412,-0.1160069,-0.1743786,-0.9777244,335.7679,0.06557696,-0.5526965,-0.8307991,True,True,False,False
1772879694120,19.73836,0.139478,1.079384,0.1495694,1.098587,-0.3338166,-0.7051646,0.2297797,0.5818168,108.8431,-0.410437,-0.8670199,0.2825207,-0.09942327,0.6332465,-0.06122405,0.6439213,0.5298292,0.2369659,-0.7545618,0.3062103,144.338,0.5565643,0.2489232,-0.7926369,0.07264787,1.095188,0.2647421,1.129072,0.09970644,1.13245,0.2929986,1.173982,0.1134048,1.121623,0.3020953,1.167116,-0.01592526,0.644523,0.03269867,0.6455484,-0.003009688,0.6437508,0.07414347,0.6480135,-0.02348546,0.6382084,0.1062909,0.6474251,0.09519351,-0.08504215,0.04107098,0.1340925,0.1388417,-0.07464814,0.0109733,0.1580183,0.1355466,-0.08561417,-0.005042821,0.1603998,-0.112069,0.0485445,-0.03169437,0.1261767,-0.1543012,0.05692352,-0.02609872,0.1665241,-0.1783614,0.04513546,0.001570508,0.1839903,0.09778573,-0.08262252,0.0357267,0.1329095,0.1400882,-0.07048199,0.01461776,0.1574995,0.1353009,-0.08098422,-0.002544472,0.1577062,-0.1116715,0.05054328,-0.03068612,0.1263597,-0.154406,0.05660819,-0.02625349,0.1665382,-0.1786006,0.04475623,0.001355982,0.1841281,0.1124962,-0.08038467,0.02413696,0.1403555,-0.2831613,0.8813145,-0.09989335,0.364864,137.2016,-0.3041276,0.9465703,-0.1072898,-0.1440225,0.04859088,-0.01658543,0.1529007,0.1804348,-0.5021861,-0.2163438,0.8175865,70.31216,0.3133606,-0.872145,-0.3757236,0.09414864,1.108811,0.2803647,1.147575,0.5696332,-0.6082655,0.2198584,0.5071424,119.0527,0.660933,-0.7057572,0.2550969,0.1134071,-0.08284937,0.01715807,0.1414906,0.5120845,-0.2011647,-0.5945782,0.5863268,108.2064,0.6321449,-0.2483286,-0.7339795,-0.4718461,-0.2057733,-0.3396648,0.6167281,0.3151378,0.2360771,0.9073268,0.1473571,163.0524,0.318616,0.2386827,0.9173411,0.005851358,-0.00881052,0.01963535,0.0223027,0.1231496,-0.1172723,-0.1312942,0.976649,24.8124,0.573213,-0.5458564,-0.6111228,-0.0981186,1.208289,-0.06192952,1.213848,0.01399272,-0.1160407,-0.1739101,-0.9778006,335.8095,0.06677905,-0.5537946,-0.829971,True,True,False,False
1772879694135,19.75211,0.1395266,1.079016,0.1498484,1.09827,-0.3366682,-0.7050755,0.2323102,0.5792713,109.2014,-0.4130214,-0.86498,0.284996,-0.09941103,0.633208,-0.06119343,0.6438786,0.5298292,0.2369659,-0.7545618,0.3062103,144.338,0.5565643,0.2489232,-0.7926369,0.07230479,1.095526,0.2646824,1.129364,0.09932287,1.133018,0.292767,1.174439,0.1128982,1.122104,0.3018205,1.167459,-0.01592631,0.6444639,0.03273766,0.6454914,-0.002991837,0.6436785,0.07412642,0.6479396,-0.02344913,0.6381382,0.1062961,0.6473554,0.09499278,-0.08524498,0.04108395,0.1340829,0.1386693,-0.07489852,0.01092371,0.157982,0.1351427,-0.08586599,-0.004970893,0.1601912,-0.1120692,0.04854917,-0.03166887,0.1261723,-0.1542505,0.05695275,-0.02609488,0.1664865,-0.1783367,0.04517568,0.001568072,0.1839762,0.09755006,-0.0828438,0.03617875,0.1329963,0.1399685,-0.07085466,0.01430606,0.1575317,0.1352876,-0.08139615,-0.002749215,0.1579102,-0.111705,0.05037501,-0.03076905,0.1263424,-0.1543929,0.05663726,-0.02624011,0.1665338,-0.1785783,0.04479163,0.001373879,0.1841152,0.1121616,-0.08071034,0.02442828,0.1403251,-0.2856241,0.881641,-0.1019963,0.3615587,137.6081,-0.3063488,0.9456124,-0.1093971,-0.14403,0.04852752,-0.01661727,0.1528911,0.180586,-0.5013925,-0.2194995,0.8171991,70.38923,0.3133239,-0.8699361,-0.3808405,0.09319133,1.109154,0.2800157,1.147744,0.5681288,-0.6092396,0.2164115,0.5091394,118.7869,0.6600898,-0.7078552,0.2514413,0.1129995,-0.08316896,0.01718825,0.1413556,0.5144213,-0.201128,-0.5968748,0.5819441,108.8252,0.6325664,-0.2473202,-0.7339566,-0.4716151,-0.2062678,-0.3396439,0.6167052,0.3126037,0.2398782,0.9072537,0.1470656,163.0862,0.3160401,0.2425151,0.9172269,0.006808668,-0.009154201,0.01998428,0.02301149,0.1220099,-0.1199662,-0.1280592,0.9768945,24.6812,0.5708795,-0.5613171,-0.5991841,-0.09798568,1.208375,-0.06198857,1.213925,0.01420371,-0.1161624,-0.1733073,-0.9778902,335.8586,0.06792165,-0.5554844,-0.8287492,True,True,False,False
1772879694147,19.76618,0.1392971,1.078673,0.1500115,1.097926,-0.3395363,-0.7050551,0.2344556,0.5767521,109.5552,-0.4156303,-0.863066,0.2869997,-0.09942949,0.6332428,-0.06109508,0.6439063,0.5296274,0.2368345,-0.7547554,0.306184,144.3412,0.5563474,0.2487829,-0.7928333,0.07126857,1.095849,0.2644145,1.129549,0.09859736,1.133098,0.2921262,1.174296,0.1120809,1.122324,0.3012979,1.167456,-0.01595553,0.6445042,0.03283164,0.6455371,-0.002984431,0.6438101,0.07420558,0.6480793,-0.02341618,0.638254,0.1063832,0.6474827,0.09478153,-0.08547459,0.04149109,0.1342049,0.1379687,-0.07523083,0.01095903,0.1575283,0.134491,-0.08615157,-0.004872993,0.1597926,-0.1120874,0.04851875,-0.03161173,0.1261624,-0.1542808,0.05688132,-0.02610599,0.166492,-0.1783603,0.04513583,0.001569763,0.1839894,0.09732988,-0.08305302,0.03660123,0.133081,0.1398094,-0.07120269,0.01403988,0.1575234,0.1352242,-0.08177434,-0.002918114,0.1580543,-0.1117354,0.05022739,-0.03083606,0.1263268,-0.154384,0.05665667,-0.02622944,0.1665304,-0.178561,0.044819,0.001389457,0.1841051,0.1118414,-0.08101142,0.02470622,0.1402917,-0.2879252,0.8819842,-0.1037583,0.3583816,137.9983,-0.3084113,0.9447383,-0.1111408,-0.1440378,0.04846996,-0.01664288,0.1528829,0.1806637,-0.5007523,-0.2221161,0.8168673,70.45515,0.3132034,-0.8681175,-0.3850664,0.09277157,1.109479,0.2798158,1.147975,0.5698894,-0.6073508,0.217532,0.508951,118.812,0.6620497,-0.7055691,0.2527105,0.1126712,-0.08340096,0.01747676,0.1412655,0.5102832,-0.1990894,-0.6019759,0.5810333,108.9535,0.6269761,-0.2446177,-0.7396373,-0.4711943,-0.2072589,-0.3390737,0.6164019,0.312871,0.2362945,0.90776,0.1491602,162.8435,0.3164106,0.2389678,0.9180298,0.007228427,-0.009478807,0.02018419,0.0234414,0.1223504,-0.1202182,-0.1308136,0.9764559,24.91529,0.567178,-0.5572938,-0.6064107,-0.09789228,1.208455,-0.06202851,1.213999,0.0145455,-0.1160388,-0.1730922,-0.9779379,335.8847,0.06963047,-0.5554868,-0.828606,True,True,False,False
1772879694162,19.77917,0.1394386,1.078343,0.1502898,1.097659,-0.3430457,-0.7049773,0.2360887,0.5740984,109.927,-0.4189685,-0.8610028,0.2883398,-0.09949067,0.6332154,-0.06108393,0.6438878,0.5294951,0.2367155,-0.7549043,0.3061379,144.3467,0.5561997,0.248654,-0.7929772,0.07108426,1.096493,0.2643484,1.130146,0.09826985,1.133757,0.2918895,1.174845,0.11162,1.122831,0.3010621,1.167838,-0.01600681,0.6445298,0.03282981,0.6455638,-0.003011037,0.6438243,0.07420678,0.6480937,-0.02344037,0.6382774,0.1063853,0.647507,0.09475736,-0.08557054,0.04134987,0.1342054,0.1378477,-0.07546693,0.01089796,0.157531,0.1341318,-0.08643188,-0.004841134,0.159641,-0.1121065,0.04847132,-0.03162336,0.126164,-0.1543052,0.05685644,-0.02610962,0.1665066,-0.1783756,0.0451099,0.001570992,0.1839979,0.0971209,-0.08325753,0.03698698,0.1331628,0.1396501,-0.07154909,0.01378464,0.1575164,0.1351355,-0.08215269,-0.00307433,0.1581775,-0.1117656,0.05008474,-0.03090002,0.1263124,-0.1543776,0.0566729,-0.02621971,0.1665285,-0.1785459,0.04484263,0.001404204,0.1840964,0.1115365,-0.08130401,0.02496281,0.1402636,-0.2900128,0.8823361,-0.1054559,0.3553233,138.3735,-0.3102593,0.943934,-0.112818,-0.1440459,0.04841301,-0.01666776,0.1528753,0.1807316,-0.5001456,-0.2245974,0.8165455,70.51909,0.3130738,-0.8663812,-0.3890606,0.09234231,1.109851,0.2795741,1.148241,0.5711946,-0.6067235,0.2180648,0.5080069,118.9377,0.6631365,-0.7043843,0.2531655,0.1122859,-0.08371907,0.01752699,0.1411532,0.5117325,-0.1990481,-0.6053809,0.5762152,109.6305,0.6261271,-0.243544,-0.74071,-0.4710974,-0.2078739,-0.3389103,0.616445,0.3119762,0.2389844,0.907295,0.1495776,162.7951,0.3155259,0.2417036,0.9176181,0.007657692,-0.00985074,0.02042589,0.02393521,0.1218568,-0.1196545,-0.1324576,0.9763651,24.96343,0.5638174,-0.5536278,-0.6128663,-0.0978063,1.208551,-0.06206215,1.214089,0.01503757,-0.1158341,-0.1725621,-0.9780484,335.9454,0.07216499,-0.5558853,-0.8281218,True,True,False,False
1772879694176,19.79307,0.1395409,1.078046,0.1505021,1.097409,-0.346686,-0.7048697,0.2369787,0.571672,110.2662,-0.4225392,-0.8590918,0.2888285,-0.0996298,0.6332249,-0.06108553,0.6439187,0.5294951,0.2367155,-0.7549043,0.3061379,144.3467,0.5561997,0.248654,-0.7929772,0.07078601,1.097039,0.2641967,1.130621,0.09789965,1.134182,0.291459,1.175118,0.1111506,1.123316,0.3007622,1.168183,-0.01618111,0.6445863,0.03284227,0.6456252,-0.003145103,0.6438152,0.07418393,0.6480827,-0.0235578,0.638258,0.1063615,0.6474883,0.09466226,-0.08572936,0.04127891,0.1342178,0.1374967,-0.07569553,0.01090561,0.1573343,0.1338062,-0.08663883,-0.004805326,0.1594788,-0.1121208,0.04841284,-0.0316278,0.1261555,-0.1542825,0.05687375,-0.02610726,0.1664911,-0.178354,0.04514628,0.001569159,0.1839859,0.09693537,-0.08344407,0.03731086,0.1332347,0.1394876,-0.07186199,0.01356739,0.1574961,0.1350352,-0.08249123,-0.003204955,0.1582706,-0.1117924,0.04995857,-0.03095494,0.1262996,-0.1543704,0.05668806,-0.02621122,0.1665256,-0.1785315,0.04486554,0.001416652,0.184088,0.1112648,-0.08156607,0.02518014,0.1402388,-0.2918375,0.8826236,-0.1069063,0.3526722,138.6983,-0.3118765,0.9432289,-0.114247,-0.1440528,0.0483636,-0.01668917,0.1528685,0.1807758,-0.4996234,-0.226787,0.81625,70.57769,0.3129241,-0.8648513,-0.3925696,0.09122916,1.110461,0.2791938,1.14865,0.5671139,-0.6105269,0.2145218,0.5095285,118.7351,0.659087,-0.7095405,0.2493123,0.1119765,-0.08397407,0.0175634,0.1410633,0.5125816,-0.1997291,-0.6086856,0.5717258,110.2587,0.6247606,-0.24344,-0.741897,-0.4708742,-0.2083267,-0.339046,0.616502,0.312276,0.2406674,0.9067222,0.149726,162.7779,0.3158362,0.2434112,0.9170596,0.008770846,-0.01046109,0.02080625,0.02488498,0.1209901,-0.120595,-0.1258544,0.9772304,24.50046,0.5702194,-0.5683574,-0.5931447,-0.09773897,1.208644,-0.06209264,1.214179,0.01530706,-0.1155517,-0.1720881,-0.9781612,336.0075,0.07364552,-0.5559437,-0.827952,True,True,False,False
1772879694190,19.80758,0.139217,1.077875,0.150613,1.097215,-0.3507067,-0.704757,0.2373668,0.5691919,110.6122,-0.4265442,-0.8571551,0.2886955,-0.09982766,0.6335997,-0.06087014,0.6442975,0.5294951,0.2367155,-0.7549043,0.3061379,144.3467,0.5561997,0.248654,-0.7929772,0.06953102,1.097648,0.2637906,1.13104,0.0971977,1.134673,0.2908019,1.175371,0.1101929,1.123763,0.3002297,1.168385,-0.0164427,0.6449624,0.03305333,0.6460181,-0.003381122,0.6442789,0.07446785,0.6485771,-0.02383598,0.638736,0.1066439,0.648016,0.09446464,-0.08598769,0.04169904,0.1343736,0.1370117,-0.07586308,0.01082526,0.156986,0.1332859,-0.08686623,-0.00472638,0.1591641,-0.112101,0.04836667,-0.03158836,0.1261102,-0.1543564,0.05678197,-0.02612047,0.1665304,-0.1784189,0.04501452,0.001573324,0.1840165,0.09673704,-0.08364824,0.0376631,0.1333176,0.1392888,-0.07218315,0.01334728,0.1574482,0.1348948,-0.08284241,-0.003327079,0.1583368,-0.1118172,0.04983079,-0.03100578,0.1262836,-0.1543693,0.0566956,-0.02620394,0.166526,-0.1785224,0.0448775,0.001429228,0.1840823,0.1109686,-0.08184268,0.02542239,0.140209,-0.293992,0.8828943,-0.1083179,0.3497621,139.0545,-0.3138129,0.9424189,-0.1156207,-0.1440598,0.04830832,-0.01670974,0.1528598,0.1808304,-0.499141,-0.2288601,0.8159544,70.63631,0.3127924,-0.8633922,-0.3958721,0.09080633,1.110821,0.2790096,1.148919,0.5694774,-0.6098648,0.2148583,0.5075395,118.9998,0.6609315,-0.7078049,0.249363,0.1117531,-0.08421043,0.01782018,0.1410592,0.5077586,-0.1982614,-0.6126345,0.5723222,110.1754,0.6191961,-0.2417737,-0.747089,-0.470131,-0.2091244,-0.3388024,0.6160708,0.313931,0.2341863,0.9078341,0.1498054,162.7687,0.317514,0.2368591,0.9181954,0.009193674,-0.01082098,0.02099037,0.02534192,0.119412,-0.1195042,-0.1283869,0.9772291,24.50117,0.5627656,-0.5632003,-0.6050625,-0.09763037,1.208709,-0.06216088,1.214237,0.01529142,-0.1151396,-0.1713198,-0.9783448,336.1089,0.07387809,-0.5562792,-0.8277048,True,True,False,False
1772879694204,19.82136,0.1392533,1.077549,0.150829,1.096929,-0.3544374,-0.704619,0.2375732,0.5669614,110.9228,-0.4302759,-0.8553855,0.2884065,-0.09982973,0.6337101,-0.06085085,0.6444046,0.5293486,0.2367809,-0.7550858,0.3058929,144.3762,0.5559998,0.2487022,-0.7931023,0.06918693,1.098208,0.2636102,1.13152,0.09688749,1.13523,0.2905799,1.175828,0.1096946,1.124238,0.3000315,1.168744,-0.01629402,0.6451639,0.03298167,0.6462119,-0.003321652,0.6443917,0.07449681,0.6486921,-0.0238132,0.6388858,0.1066939,0.6481711,0.09441798,-0.08607197,0.04162379,0.1343714,0.1369574,-0.07602562,0.01072416,0.1570103,0.1331101,-0.08703122,-0.004711315,0.1591067,-0.1121105,0.04833889,-0.03175764,0.1261505,-0.1544234,0.05672409,-0.02612837,0.166574,-0.1784899,0.04489328,0.001579151,0.1840558,0.09654325,-0.08385079,0.03799408,0.1333983,0.139094,-0.07250425,0.01312807,0.1574051,0.1347456,-0.08319245,-0.003442754,0.1583958,-0.1118417,0.04970612,-0.03106861,0.1262716,-0.1543738,0.05669798,-0.02619762,0.16653,-0.1785197,0.04487882,0.001441756,0.1840801,0.1106778,-0.08211546,0.02565484,0.1401809,-0.2960425,0.883144,-0.109694,0.3469625,139.3967,-0.3156511,0.9416395,-0.1169596,-0.1440684,0.04824936,-0.01673643,0.1528522,0.1809559,-0.4985881,-0.2309208,0.8156841,70.68988,0.3128031,-0.8618672,-0.3991733,0.089988,1.111275,0.27884,1.149253,0.567966,-0.6127191,0.20985,0.5078906,118.9531,0.6593358,-0.7112883,0.243609,0.1115376,-0.08442213,0.01779476,0.141012,0.5092684,-0.1995942,-0.6161849,0.5666782,110.9622,0.6180897,-0.2422438,-0.7478523,-0.4698429,-0.2099366,-0.3386098,0.6160214,0.3151597,0.2370103,0.906632,0.150064,162.7387,0.3187694,0.2397248,0.9170159,0.010012,-0.01127541,0.02115998,0.02598307,0.1159876,-0.1210355,-0.1238148,0.9780426,24.0578,0.556549,-0.5807705,-0.5941064,-0.09751536,1.208711,-0.06222981,1.214234,0.01487708,-0.1146234,-0.1709007,-0.9784851,336.1867,0.07210772,-0.555568,-0.8283385,True,True,False,False
1772879694217,19.83605,0.1392046,1.077319,0.1512613,1.096756,-0.3583328,-0.704484,0.2379241,0.5645282,111.2609,-0.4341251,-0.853492,0.2882482,-0.09995843,0.6338315,-0.06093195,0.6445516,0.5291675,0.2369398,-0.7552924,0.3055729,144.4147,0.5557497,0.2488422,-0.7932337,0.06819321,1.098697,0.2634057,1.131887,0.09633606,1.135355,0.2901495,1.175797,0.1090091,1.124445,0.2997684,1.168812,-0.01620182,0.6454944,0.03273936,0.6465272,-0.003338386,0.6444001,0.07431559,0.6486797,-0.02377981,0.6388695,0.1065199,0.6481252,0.09412798,-0.08627352,0.04210471,0.134447,0.1362179,-0.07631581,0.01079351,0.1565117,0.1324485,-0.08731128,-0.004603118,0.1587043,-0.1121077,0.04825567,-0.03207437,0.1261963,-0.1543887,0.05675093,-0.02612472,0.1665504,-0.1784525,0.04495444,0.001575999,0.1840345,0.09635076,-0.08404387,0.03832167,0.1334743,0.1388648,-0.07280801,0.01294202,0.1573275,0.1345626,-0.0835207,-0.00353523,0.1584149,-0.1118629,0.04959052,-0.03114877,0.1262647,-0.154375,0.0567022,-0.02619181,0.1665316,-0.1785144,0.04488485,0.001452455,0.1840764,0.1103877,-0.08237286,0.02588707,0.1401459,-0.2980484,0.8834126,-0.1108924,0.344169,139.7378,-0.3174416,0.9408939,-0.1181079,-0.1440724,0.04819647,-0.01677217,0.1528432,0.1810827,-0.497953,-0.2329898,0.8154554,70.73516,0.3128482,-0.8602902,-0.4025256,0.08968437,1.111553,0.2787398,1.149474,0.5683398,-0.6126318,0.2095599,0.5076976,118.9788,0.6596825,-0.711093,0.24324,0.1111963,-0.08461871,0.01807579,0.140896,0.5046821,-0.1984253,-0.6220535,0.5647768,111.2264,0.6115553,-0.2404445,-0.7537817,-0.4695558,-0.211093,-0.3382819,0.6160175,0.317856,0.2324564,0.9065352,0.1520711,162.5061,0.3215964,0.2351919,0.9172028,0.01031563,-0.01155329,0.02126023,0.02630376,0.1155385,-0.1211243,-0.1240579,0.978054,24.05161,0.5545346,-0.5813437,-0.5954238,-0.09740858,1.208649,-0.06227786,1.214166,0.01461878,-0.1144939,-0.1700968,-0.9786443,336.2753,0.07111645,-0.5569819,-0.8274754,True,True,False,False
1772879694231,19.849,0.1394677,1.076912,0.1516723,1.096447,-0.3622664,-0.7043542,0.2384084,0.5619695,111.6158,-0.4379652,-0.8515352,0.288226,-0.1000063,0.6338709,-0.06095706,0.6446002,0.5290309,0.2371067,-0.7554625,0.3052594,144.4525,0.5555476,0.2489913,-0.7933287,0.0678954,1.099163,0.2632833,1.132293,0.09617069,1.135987,0.2900716,1.176374,0.1086375,1.12475,0.2996272,1.169035,-0.01617988,0.6455091,0.03264739,0.6465366,-0.003320221,0.6444005,0.07426728,0.6486745,-0.0237109,0.6388016,0.1064394,0.6480424,0.0939749,-0.08639467,0.04218246,0.1344421,0.1362196,-0.076473,0.01071727,0.1565847,0.1320685,-0.08756094,-0.004540727,0.1585233,-0.1121009,0.04823082,-0.03211363,0.1261908,-0.1544253,0.05669763,-0.02613243,0.1665674,-0.1784438,0.04496882,0.001575306,0.1840295,0.09615006,-0.08424246,0.03864783,0.1335488,0.1386413,-0.07311762,0.01275408,0.1572586,0.1343519,-0.08386201,-0.003620172,0.1584183,-0.111883,0.04947566,-0.03123028,0.1262576,-0.1543792,0.05670181,-0.0261868,0.1665347,-0.1785084,0.04489194,0.001462833,0.1840725,0.1100912,-0.08263406,0.02612308,0.1401102,-0.2999253,0.8837318,-0.1120636,0.3413279,140.0844,-0.3190884,0.940196,-0.1192236,-0.1440728,0.04814409,-0.01681014,0.1528313,0.1811268,-0.4973439,-0.2349331,0.8152598,70.77388,0.3127754,-0.858829,-0.4056898,0.08938354,1.111851,0.2786402,1.149714,0.5687608,-0.612401,0.2090641,0.507709,118.9773,0.6601763,-0.7108307,0.2426665,0.1108771,-0.08486811,0.01811633,0.1407996,0.5048593,-0.198095,-0.6255215,0.5608907,111.7652,0.6098146,-0.239277,-0.7555614,-0.469343,-0.2118501,-0.3382216,0.6160821,0.3180356,0.232833,0.9063749,0.152075,162.5056,0.3217782,0.2355729,0.917041,0.01061646,-0.01185107,0.02135977,0.02663451,0.1150411,-0.1215345,-0.124303,0.9780306,24.06445,0.5518569,-0.5830063,-0.5962868,-0.0973035,1.208604,-0.06228549,1.214113,0.01441141,-0.1141236,-0.1695694,-0.9787821,336.3523,0.07033254,-0.5569618,-0.8275562,True,True,False,False
1772879694246,19.86212,0.1397251,1.076401,0.1520948,1.096036,-0.3661198,-0.7041925,0.2387122,0.5595409,111.9519,-0.4417453,-0.8496501,0.2880205,-0.1000466,0.6339586,-0.06098738,0.6446955,0.5289482,0.2372641,-0.755583,0.3049821,144.4858,0.555409,0.2491333,-0.7933811,0.06763892,1.099553,0.2632302,1.132644,0.09599292,1.136249,0.2898529,1.176559,0.1083028,1.125054,0.2995173,1.169268,-0.0161775,0.6455332,0.03257655,0.6465571,-0.003308106,0.6444445,0.07423198,0.6487141,-0.0237052,0.6388409,0.106398,0.6480742,0.09389962,-0.08650446,0.04223002,0.134475,0.1359527,-0.07664073,0.01070921,0.156434,0.1318145,-0.08770844,-0.004477739,0.1583915,-0.1120947,0.04822693,-0.0321118,0.1261833,-0.154465,0.05665632,-0.02613828,0.1665911,-0.1784663,0.04491138,0.001576163,0.1840373,0.09598069,-0.08441269,0.03891742,0.1336127,0.138439,-0.07338277,0.01260018,0.1571914,0.1341609,-0.0841515,-0.003684713,0.1584115,-0.1118989,0.04938168,-0.03129662,0.1262513,-0.1543857,0.05669839,-0.02618315,0.1665389,-0.1785052,0.04489341,0.001471362,0.1840698,0.1098381,-0.08285626,0.02632115,0.1400799,-0.3015209,0.8839855,-0.1130271,0.3389392,140.3755,-0.3204913,0.9396022,-0.1201383,-0.1440728,0.0480992,-0.01684171,0.1528206,0.1811653,-0.4968534,-0.2364719,0.8151054,70.80443,0.3127245,-0.8576603,-0.408194,0.0887945,1.11218,0.2786895,1.149999,0.5646904,-0.6155397,0.2063968,0.509545,118.7329,0.6562778,-0.7153744,0.2398724,0.1106771,-0.08499606,0.01819303,0.1407293,0.505161,-0.1974512,-0.6289456,0.5570037,112.3023,0.6082538,-0.2377469,-0.7573003,-0.4691158,-0.2125293,-0.3381921,0.6161268,0.3180265,0.2330977,0.906252,0.1524211,162.4655,0.3217863,0.2358534,0.916966,0.0112055,-0.01218045,0.02131048,0.02698264,0.1150865,-0.122519,-0.1183398,0.9786419,23.72601,0.5598345,-0.5959899,-0.57566,-0.09717448,1.208613,-0.06223584,1.21411,0.01440117,-0.1138542,-0.1692013,-0.9788773,336.4055,0.07043908,-0.5568841,-0.8275982,True,True,False,False
1772879694258,19.87801,0.1398625,1.075787,0.152687,1.095533,-0.3704031,-0.7039756,0.2388795,0.5569172,112.3143,-0.4459635,-0.8475831,0.2876097,-0.1001068,0.6340855,-0.06108173,0.6448386,0.5288317,0.2374163,-0.7557035,0.3047668,144.5117,0.5552465,0.249275,-0.7934504,0.06685551,1.099745,0.2631512,1.132766,0.09567898,1.1363,0.2896077,1.176523,0.1078001,1.125328,0.2994812,1.169476,-0.01620299,0.6455824,0.03245896,0.6466009,-0.00326382,0.6445803,0.07409006,0.6488326,-0.02376954,0.6390152,0.1063519,0.6482408,0.09362422,-0.08672516,0.04265684,0.1345599,0.1354425,-0.07682335,0.01071636,0.1560812,0.1315195,-0.0878306,-0.004391477,0.1582115,-0.1120984,0.04823861,-0.03207619,0.126182,-0.1544862,0.0566316,-0.02621062,0.1666137,-0.178548,0.04476364,0.001582518,0.1840807,0.09580123,-0.0845888,0.0392022,0.1336785,0.1382108,-0.07364479,0.01245672,0.1571017,0.1339597,-0.08443169,-0.003738537,0.1583916,-0.1119141,0.04929463,-0.03135599,0.1262455,-0.1543933,0.0566933,-0.02618524,0.1665446,-0.1785085,0.04488352,0.001479827,0.1840706,0.1095692,-0.08308071,0.02653613,0.1400428,-0.3032953,0.8841735,-0.1139037,0.3365636,140.6647,-0.3220856,0.9389512,-0.1209604,-0.1440801,0.04805265,-0.01686849,0.1528158,0.1812685,-0.4964001,-0.2378592,0.8149549,70.83418,0.3127885,-0.856565,-0.4104388,0.0885037,1.112449,0.278607,1.150216,0.5650293,-0.6151152,0.2066364,0.5095848,118.7276,0.6566897,-0.7149007,0.2401575,0.110542,-0.08515403,0.01839348,0.1407447,0.5014813,-0.1954404,-0.6322999,0.5572402,112.2697,0.6039386,-0.2353707,-0.7614847,-0.4690649,-0.2133359,-0.3378891,0.6162005,0.3187989,0.2273173,0.9075514,0.1518046,162.537,0.3225369,0.2299827,0.9181927,0.01149631,-0.01244879,0.02139306,0.02729103,0.1152177,-0.1226361,-0.1188997,0.9785441,23.78057,0.5592056,-0.5952104,-0.577076,-0.09702735,1.208713,-0.06214648,1.214192,0.01449004,-0.1137459,-0.1689316,-0.9789351,336.438,0.07096995,-0.5571094,-0.8274007,True,True,False,False
1772879694272,19.8904,0.1399874,1.075284,0.1529983,1.095098,-0.3739435,-0.7037815,0.2388869,0.5547892,112.6076,-0.4494561,-0.8459003,0.2871267,-0.100049,0.6339161,-0.06112463,0.6446671,0.5288317,0.2374163,-0.7557035,0.3047668,144.5117,0.5552465,0.249275,-0.7934504,0.0666932,1.100088,0.2630819,1.133072,0.09551562,1.13692,0.2895453,1.177092,0.1074649,1.125699,0.2993819,1.169777,-0.0161448,0.6454028,0.0324273,0.6464186,-0.003190752,0.644471,0.07406744,0.648721,-0.02375956,0.6389095,0.1063576,0.6481372,0.09360445,-0.08680598,0.04252775,0.1345574,0.1356721,-0.07682588,0.01061589,0.1562748,0.1314642,-0.08789463,-0.004391566,0.1582011,-0.1121069,0.04824559,-0.03206578,0.1261896,-0.1545218,0.05659955,-0.02625486,0.1666428,-0.178595,0.04468314,0.001586415,0.1841067,0.0956018,-0.08479007,0.03950409,0.1337521,0.1379803,-0.07393357,0.01228961,0.1570216,0.1337332,-0.08474605,-0.003797818,0.1583695,-0.1119316,0.0491994,-0.03142042,0.1262399,-0.154405,0.05668479,-0.02619156,0.1665535,-0.1785163,0.04486533,0.001489503,0.1840739,0.1092751,-0.08333124,0.02676878,0.1400061,-0.305163,0.8843764,-0.1148254,0.3340195,140.9742,-0.3237576,0.9382645,-0.1218221,-0.1440924,0.04799839,-0.01689715,0.1528136,0.1813972,-0.4959098,-0.2393091,0.8148004,70.86473,0.3128932,-0.8553981,-0.4127858,0.08817855,1.11274,0.2784705,1.150439,0.5653939,-0.6151986,0.2078969,0.508566,118.8633,0.6566536,-0.7144973,0.2414534,0.1104523,-0.0852759,0.01837554,0.1407457,0.502512,-0.1948713,-0.634769,0.5536926,112.7586,0.6034576,-0.2340174,-0.7622826,-0.4690302,-0.2138897,-0.3379721,0.6164116,0.3185034,0.2278201,0.9075106,0.1519157,162.5241,0.3222435,0.2304953,0.9181672,0.01182146,-0.01273954,0.02152953,0.02766881,0.1154958,-0.1212388,-0.1197574,0.9785808,23.76014,0.5610301,-0.588927,-0.5817312,-0.09683847,1.208928,-0.06198703,1.214384,0.01637385,-0.1138985,-0.1689446,-0.9788855,336.4101,0.08010322,-0.5572076,-0.8265009,True,True,False,False
1772879694286,19.90484,0.14005,1.07491,0.1532477,1.094774,-0.3772584,-0.7035799,0.2387538,0.5528545,112.8739,-0.4527402,-0.8443521,0.2865236,-0.09989637,0.6334687,-0.06112683,0.6442037,0.5288317,0.2374163,-0.7557035,0.3047668,144.5117,0.5552465,0.249275,-0.7934504,0.06646108,1.100493,0.2629731,1.133427,0.09523915,1.137211,0.2892566,1.17728,0.1071189,1.126135,0.2992338,1.170126,-0.01600513,0.6449277,0.03244184,0.6459415,-0.003022295,0.6440104,0.07401952,0.6482573,-0.02359249,0.6384436,0.10633,0.6476673,0.09358762,-0.08688873,0.04244089,0.1345716,0.1354908,-0.07692294,0.01062915,0.1561661,0.1314152,-0.08792701,-0.004392609,0.1581784,-0.1121136,0.04825512,-0.03203301,0.1261909,-0.15448,0.05662169,-0.02627128,0.1666141,-0.1785709,0.04470727,0.001581185,0.1840891,0.09545633,-0.08494165,0.0397162,0.1338072,0.1378005,-0.07414947,0.01216968,0.1569561,0.1335658,-0.08497579,-0.003840775,0.1583523,-0.1119448,0.0491312,-0.03146466,0.126236,-0.1544104,0.05668024,-0.02619732,0.1665579,-0.1785203,0.04485392,0.001496125,0.184075,0.1090587,-0.08351809,0.02693361,0.1399803,-0.3065465,0.8844942,-0.1154714,0.3322133,141.1937,-0.3250055,0.9377546,-0.1224246,-0.1441025,0.04796031,-0.01691615,0.1528132,0.1814821,-0.495567,-0.2403502,0.8146837,70.88783,0.312951,-0.8545645,-0.4144642,0.08744547,1.113337,0.2782201,1.150901,0.5621912,-0.6178961,0.2086873,0.5085223,118.8691,0.6529145,-0.7176088,0.242364,0.1103262,-0.08539995,0.01837038,0.1407213,0.5038325,-0.1957194,-0.6363739,0.550341,113.2192,0.6034355,-0.2344112,-0.7621791,-0.4689364,-0.2147427,-0.3382062,0.6167651,0.3189171,0.2289787,0.9072554,0.1508257,162.6505,0.3226076,0.2316285,0.9177542,0.01255453,-0.01333714,0.02177987,0.028458,0.1169183,-0.1193195,-0.1162625,0.979069,23.48676,0.5744563,-0.5862539,-0.5712339,-0.09665818,1.209036,-0.06190078,1.214473,0.01554567,-0.1144663,-0.1681891,-0.9789628,336.4536,0.07618985,-0.561003,-0.8243005,True,True,False,False
1772879694300,19.91927,0.1398172,1.074656,0.1533019,1.094502,-0.3808285,-0.7033454,0.2385675,0.5507817,113.1587,-0.4562736,-0.8426837,0.2858296,-0.09923287,0.6320097,-0.06087817,0.6426427,0.5288052,0.2371937,-0.75586,0.3045981,144.532,0.5551871,0.2490272,-0.7935696,0.06571686,1.100942,0.2625907,1.133731,0.09468991,1.13768,0.2887234,1.177558,0.1064548,1.126672,0.298764,1.170462,-0.01539512,0.6434332,0.03270576,0.6444478,-0.002313916,0.642432,0.07415235,0.6467015,-0.02277308,0.6368119,0.1064275,0.6460455,0.09345402,-0.08707736,0.04254097,0.1346323,0.135298,-0.07700281,0.01060882,0.1560369,0.1312482,-0.08793582,-0.004373714,0.1580441,-0.1121215,0.04820884,-0.03196713,0.1261634,-0.1543711,0.05670691,-0.02624948,0.1665387,-0.1784371,0.04492309,0.001568109,0.1840118,0.09528981,-0.08511926,0.03995112,0.1338713,0.1375924,-0.07438677,0.01203988,0.1568758,0.1333731,-0.08522195,-0.003885097,0.1583232,-0.1119594,0.04905449,-0.03150645,0.1262296,-0.1544072,0.05668246,-0.02620165,0.1665563,-0.1785134,0.04485967,0.001502111,0.1840697,0.1088114,-0.08372924,0.02712,0.13995,-0.3080903,0.8846089,-0.1160291,0.3302802,141.4284,-0.3264073,0.9372017,-0.1229274,-0.1441083,0.04792616,-0.01693417,0.1528099,0.1814598,-0.4952426,-0.2415335,0.814536,70.91698,0.3128008,-0.8537001,-0.416356,0.08717141,1.1136,0.2780864,1.151102,0.5629002,-0.6176479,0.2100649,0.5074713,119.0089,0.6532676,-0.7168045,0.2437885,0.1103786,-0.08555998,0.01843041,0.1408674,0.5026737,-0.1962536,-0.6371028,0.5503668,113.2156,0.60206,-0.235056,-0.7630679,-0.4686009,-0.2174149,-0.3386097,0.6176671,0.3198768,0.2264645,0.9080323,0.1478852,162.9912,0.3234331,0.2289823,0.9181275,0.01282859,-0.01359951,0.02191362,0.02880497,0.1171832,-0.1180129,-0.1175998,0.979036,23.50531,0.5753095,-0.5793828,-0.5773548,-0.09642605,1.208981,-0.06180112,1.214394,0.01510395,-0.1148657,-0.1680299,-0.9789503,336.4465,0.07400318,-0.5627947,-0.8232781,True,True,False,False
1772879694315,19.93232,0.139808,1.074461,0.1534698,1.094334,-0.3832055,-0.7031788,0.2384181,0.5494087,113.3471,-0.4586247,-0.8415723,0.2853415,-0.09886792,0.6313393,-0.06073539,0.6419135,0.528895,0.2367794,-0.755992,0.3044369,144.5514,0.5552514,0.2485788,-0.7936653,0.06543483,1.101239,0.2624547,1.133972,0.09450336,1.138123,0.288577,1.177935,0.1061582,1.127012,0.2986279,1.170728,-0.01499873,0.6428258,0.03282756,0.6438382,-0.002006646,0.6418272,0.07438256,0.6461262,-0.0224441,0.6361722,0.1065914,0.6454306,0.09337212,-0.0871616,0.04255159,0.1346333,0.1353404,-0.07701117,0.01056086,0.1560746,0.1311756,-0.08797006,-0.004367605,0.1580027,-0.1121211,0.04817593,-0.03206144,0.1261745,-0.1544485,0.05661681,-0.0262517,0.1665802,-0.178447,0.04490446,0.001568638,0.1840169,0.09513035,-0.08528908,0.04016735,0.1339307,0.1374051,-0.074605,0.01191689,0.1568059,0.1331903,-0.08545046,-0.003925219,0.1582936,-0.1119729,0.04898144,-0.0315526,0.1262247,-0.1544106,0.056677,-0.02620582,0.1665583,-0.1785078,0.0448634,0.001507643,0.1840653,0.1085786,-0.08392718,0.02729451,0.1399217,-0.3095133,0.8847013,-0.1165024,0.3285307,141.6408,-0.327703,0.936694,-0.1233492,-0.1441097,0.04789228,-0.0169565,0.1528031,0.1813632,-0.4949323,-0.2425372,0.8144478,70.93441,0.3125675,-0.8529831,-0.4179969,0.08657868,1.11414,0.2778689,1.151527,0.5618119,-0.6193915,0.209625,0.5067336,119.107,0.6516764,-0.718466,0.2431554,0.1102631,-0.08564003,0.0184271,0.1408252,0.5041828,-0.1972018,-0.6380845,0.5475029,113.6083,0.6025102,-0.2356607,-0.7625258,-0.4684676,-0.2187506,-0.3386329,0.6180501,0.3201664,0.2284567,0.9075499,0.1471543,163.0759,0.3236902,0.2309712,0.9175386,0.01342132,-0.01413953,0.02213112,0.02949313,0.1166446,-0.1168617,-0.1158179,0.9794508,23.27091,0.578353,-0.5794299,-0.5742545,-0.09617746,1.208932,-0.0616893,1.214319,0.01456424,-0.1153451,-0.1680486,-0.9788989,336.4177,0.07127282,-0.5644624,-0.8223769,True,True,False,False
1772879694328,19.94655,0.1396094,1.074308,0.1533876,1.094147,-0.3857314,-0.7029625,0.2382383,0.5479941,113.541,-0.4611353,-0.8403795,0.2848098,-0.09830815,0.6300238,-0.0603802,0.6404999,0.529018,0.2361641,-0.7561806,0.3042328,144.576,0.5553424,0.2479158,-0.7938088,0.06482878,1.10166,0.262042,1.13425,0.09412353,1.138674,0.2881588,1.178335,0.1056908,1.127539,0.2983051,1.171111,-0.01443638,0.6415344,0.03317215,0.6425536,-0.001486849,0.6405039,0.07474753,0.6448524,-0.02180355,0.6347327,0.106825,0.6440284,0.09333138,-0.08724853,0.0426966,0.1347073,0.1354074,-0.0770016,0.0105264,0.1561257,0.1312359,-0.0879942,-0.004389986,0.1580668,-0.1121124,0.04815124,-0.03211338,0.1261706,-0.1544374,0.05660333,-0.02624609,0.1665644,-0.1783135,0.04510643,0.001553044,0.1839367,0.09499408,-0.08543752,0.04035895,0.1339862,0.1372538,-0.07478655,0.01181156,0.1567519,0.1330423,-0.08564316,-0.003960427,0.1582741,-0.1119835,0.04891855,-0.03159508,0.1262203,-0.1544126,0.05667142,-0.02620887,0.1665587,-0.1784931,0.04488181,0.001511082,0.1840556,0.1083816,-0.08409709,0.02745006,0.1399014,-0.3107994,0.8847458,-0.116881,0.3270589,141.8193,-0.3288869,0.936235,-0.1236831,-0.1441007,0.04786967,-0.01697996,0.1527902,0.1810881,-0.4947011,-0.2432888,0.8144252,70.93887,0.3120764,-0.8525383,-0.4192693,0.08636052,1.114394,0.2777768,1.151734,0.5610667,-0.6199595,0.210343,0.5065671,119.1291,0.6507381,-0.7190432,0.2439606,0.1104275,-0.08577532,0.01851326,0.1410474,0.5031284,-0.1979123,-0.6397016,0.5463282,113.7691,0.6006993,-0.2362931,-0.7637579,-0.4681844,-0.2211632,-0.3389013,0.6188408,0.3217164,0.2276151,0.907306,0.1465813,163.1423,0.3252293,0.2301005,0.917213,0.01363948,-0.01439393,0.02222317,0.02978406,0.1173071,-0.1160458,-0.1152617,0.9795343,23.22341,0.5828112,-0.5765445,-0.5726488,-0.09596334,1.208967,-0.06150255,1.214328,0.0149205,-0.1159239,-0.1676907,-0.9788865,336.4108,0.07299502,-0.5671303,-0.8203874,True,True,False,False
1772879694342,19.95965,0.1395677,1.074175,0.1535501,1.094033,-0.3881178,-0.7026144,0.2380756,0.5468251,113.7011,-0.4635642,-0.8391961,0.2843553,-0.09817054,0.6296836,-0.06032979,0.6401395,0.5291978,0.2352407,-0.7564048,0.304078,144.5946,0.5555024,0.2469337,-0.7940031,0.06471055,1.102123,0.2620015,1.134684,0.09399505,1.139013,0.288015,1.178617,0.10543,1.127848,0.2981777,1.171353,-0.01431195,0.6412385,0.03323019,0.6422585,-0.001438465,0.6402769,0.07490225,0.6446448,-0.02176001,0.634506,0.1069218,0.6438196,0.0933511,-0.08729208,0.0425685,0.1347086,0.1353084,-0.077096,0.0104633,0.1560822,0.131092,-0.0880859,-0.00437358,0.157998,-0.1121069,0.04813089,-0.03216683,0.1261715,-0.1545097,0.05651692,-0.02626023,0.1666044,-0.1783253,0.04508419,0.001553968,0.1839427,0.09485923,-0.08558973,0.04054029,0.1340425,0.1370941,-0.07497609,0.0117009,0.1566944,0.1328822,-0.08584365,-0.003994335,0.1582491,-0.1119936,0.0488539,-0.031642,0.126216,-0.1544206,0.05665874,-0.02621308,0.1665625,-0.1784794,0.04489842,0.001514602,0.1840463,0.1081825,-0.08427162,0.02759927,0.1398817,-0.3120963,0.8847886,-0.1172866,0.3255592,142.0011,-0.3300784,0.9357677,-0.1240443,-0.1440886,0.04784491,-0.01700739,0.1527741,0.1807318,-0.494479,-0.2439224,0.8144498,70.93401,0.3114809,-0.8522061,-0.4203862,0.08616282,1.114604,0.2777162,1.151908,0.5597618,-0.6214541,0.2108033,0.5059877,119.2061,0.6489686,-0.7204925,0.244398,0.1102652,-0.08591219,0.01848185,0.1409996,0.5036058,-0.1983023,-0.6404113,0.5449136,113.9625,0.6006089,-0.2364986,-0.7637654,-0.4683914,-0.222107,-0.3385116,0.6191221,0.321993,0.2280254,0.9071974,0.1460071,163.2088,0.325481,0.2304955,0.9170246,0.01383718,-0.01460397,0.02228376,0.03002182,0.1176476,-0.1146172,-0.1137662,0.9798364,23.05077,0.5888206,-0.5736538,-0.5693946,-0.09582901,1.208999,-0.0612621,1.214337,0.01528283,-0.1161318,-0.1672192,-0.978937,336.439,0.07485612,-0.5688198,-0.8190484,True,True,False,False
1772879694357,19.97341,0.1395341,1.073992,0.1536879,1.093868,-0.3902337,-0.7022474,0.2378754,0.545877,113.8308,-0.4657475,-0.8381387,0.2839065,-0.09810694,0.6294676,-0.06034341,0.6399186,0.529218,0.2342146,-0.7567126,0.3040691,144.5957,0.5555219,0.2458559,-0.7943237,0.06457648,1.102404,0.2619292,1.134933,0.09395583,1.139203,0.28791,1.178772,0.105236,1.12808,0.2981332,1.171548,-0.01424689,0.6411694,0.03320095,0.6421865,-0.001438838,0.6402335,0.07493922,0.644606,-0.02174625,0.6344739,0.1069265,0.6437883,0.09329855,-0.08735045,0.04251328,0.1346926,0.1351973,-0.07720017,0.01036078,0.1560305,0.1310305,-0.0881945,-0.004378036,0.1580077,-0.1121101,0.04807389,-0.03225248,0.1261744,-0.1545512,0.05644135,-0.02627401,0.1666194,-0.1783271,0.0450809,0.001553982,0.1839436,0.09474056,-0.08572361,0.04069031,0.1340896,0.1369499,-0.07514521,0.011599,0.1566417,0.1327414,-0.0860224,-0.004023511,0.1582287,-0.1120025,0.04879459,-0.03168843,0.1262126,-0.1544305,0.05664221,-0.02621771,0.1665668,-0.1784678,0.04491229,0.001517596,0.1840385,0.1080057,-0.08442593,0.02772568,0.1398631,-0.3133059,0.8847762,-0.1177064,0.3242772,142.1564,-0.3312034,0.9353189,-0.1244303,-0.1440763,0.04782109,-0.017035,0.152758,0.1803583,-0.4942792,-0.2444204,0.8145046,70.92319,0.3108784,-0.8519747,-0.4213004,0.0857859,1.114941,0.2776985,1.152202,0.5586274,-0.6217904,0.2106972,0.5068718,119.0886,0.6480434,-0.7213166,0.2444222,0.1101789,-0.08602213,0.01848561,0.1409997,0.5032219,-0.1993251,-0.640893,0.5443286,114.0424,0.5998791,-0.2376108,-0.7639936,-0.4688792,-0.2227527,-0.3378326,0.6193523,0.3233174,0.227665,0.9069752,0.1450201,163.3231,0.3267718,0.2300974,0.9166654,0.0142141,-0.01494133,0.02230147,0.03037498,0.1184082,-0.1150519,-0.1125723,0.9798318,23.0534,0.5925605,-0.5757645,-0.5633556,-0.0957248,1.208986,-0.06113546,1.21431,0.01497518,-0.1156768,-0.1671747,-0.9790032,336.4762,0.07346362,-0.5674747,-0.8201075,True,True,False,False
1772879694370,19.98864,0.1393622,1.073725,0.1538879,1.093613,-0.3924754,-0.7018444,0.2376666,0.5448782,113.9673,-0.46806,-0.8370085,0.2834375,-0.09824441,0.6294274,-0.06045862,0.6399109,0.5291505,0.2331149,-0.7570875,0.3040982,144.5922,0.5554566,0.2447039,-0.7947252,0.06405796,1.102545,0.2618252,1.135016,0.09382308,1.139504,0.2878394,1.179035,0.1049315,1.128381,0.2980302,1.171784,-0.01436534,0.6414517,0.0330538,0.6424633,-0.001703073,0.6406055,0.07502913,0.6449866,-0.02189384,0.6346393,0.1067962,0.6439346,0.09315068,-0.08747077,0.04270385,0.1347286,0.1352062,-0.07718944,0.01023443,0.1560246,0.1310008,-0.08814467,-0.004369035,0.157955,-0.1121462,0.04790986,-0.03244583,0.1261937,-0.1547778,0.05615435,-0.0263179,0.1667397,-0.1783094,0.04510099,0.001547769,0.1839314,0.09461401,-0.08586269,0.04085059,0.1341379,0.1368111,-0.07530793,0.01149038,0.1565905,0.1326029,-0.08619133,-0.004051015,0.1582052,-0.1120139,0.04872417,-0.03174872,0.1262107,-0.1544582,0.05660337,-0.02622569,0.1665805,-0.1784552,0.04492731,0.001519998,0.18403,0.1078179,-0.08458089,0.02786675,0.1398399,-0.3145832,0.8847287,-0.1180255,0.3230519,142.3048,-0.3324064,0.9348544,-0.1247124,-0.1440537,0.04779074,-0.01707567,0.1527318,0.1796565,-0.4941151,-0.2445832,0.8147104,70.88253,0.309823,-0.8521162,-0.421791,0.08569253,1.115072,0.2777129,1.152325,0.5565092,-0.6230574,0.2090844,0.5083117,118.8971,0.6462222,-0.7234983,0.2427902,0.1102372,-0.08603596,0.01854355,0.1410613,0.5034164,-0.1985155,-0.6417691,0.5434117,114.1676,0.5996861,-0.2364781,-0.7644964,-0.4696006,-0.2233432,-0.3369488,0.61963,0.3232993,0.2271756,0.907064,0.145272,163.2939,0.3267657,0.2296114,0.9167895,0.01430747,-0.01507163,0.02228707,0.03047247,0.1185619,-0.1161858,-0.1095033,0.9800271,22.94112,0.5961949,-0.5842466,-0.550643,-0.09558861,1.208889,-0.06100448,1.214195,0.01492537,-0.1160595,-0.1671338,-0.9789656,336.4551,0.07315457,-0.5688488,-0.8191823,True,True,False,False
1772879694384,20.00227,0.1394714,1.073514,0.1541864,1.093462,-0.394469,-0.701498,0.2374363,0.5439842,114.0894,-0.4701121,-0.8360169,0.2829669,-0.09834963,0.6294208,-0.06046939,0.6399216,0.5290645,0.2322816,-0.7573872,0.3041394,144.5872,0.555374,0.2438326,-0.7950506,0.06390508,1.102756,0.2618375,1.135215,0.09384943,1.139596,0.2878519,1.179129,0.1048649,1.128397,0.2980204,1.171791,-0.0144071,0.6416747,0.03299005,0.6426837,-0.00185274,0.6408041,0.07506946,0.6451889,-0.02206914,0.6348909,0.1068319,0.6441945,0.09305818,-0.08751806,0.04283546,0.1347372,0.1350414,-0.07729054,0.01022591,0.1559313,0.130739,-0.08824173,-0.004324064,0.157791,-0.1121588,0.04783251,-0.03261347,0.1262188,-0.1548438,0.0560537,-0.02633258,0.1667693,-0.1783567,0.04499825,0.001550026,0.1839521,0.09447816,-0.08600723,0.04102391,0.1341877,0.1366566,-0.07548104,0.01137997,0.1565309,0.1324401,-0.08637036,-0.004074857,0.1581671,-0.1120266,0.04864631,-0.03182422,0.1262109,-0.1544918,0.05655538,-0.02623502,0.1665969,-0.1784466,0.04493351,0.00152262,0.1840231,0.1076159,-0.08474262,0.02801935,0.1398126,-0.3158453,0.8847354,-0.1183228,0.3216905,142.4696,-0.3335766,0.9344038,-0.1249654,-0.1440313,0.04775199,-0.01712467,0.152704,0.1789558,-0.4938737,-0.2447853,0.8149501,70.83514,0.3087941,-0.8521953,-0.4223852,0.08589476,1.114744,0.278386,1.152186,0.5526981,-0.6269172,0.2018508,0.5106426,118.5867,0.6428269,-0.7291489,0.2347668,0.1100856,-0.08609571,0.01861893,0.1409893,0.5019813,-0.1969665,-0.6431199,0.5437057,114.1275,0.5981123,-0.2346861,-0.7662793,-0.4701456,-0.2235327,-0.3362916,0.6197546,0.3236558,0.2245443,0.907484,0.1459443,163.2161,0.3271588,0.2269746,0.9173058,0.01410524,-0.0147444,0.02161399,0.02972406,0.1152117,-0.1196476,-0.1015492,0.9808663,22.45239,0.5917917,-0.6145772,-0.5216136,-0.09540852,1.208853,-0.06087123,1.214139,0.01475107,-0.1164016,-0.1666771,-0.9790055,336.4775,0.07236817,-0.5710614,-0.8177112,True,True,False,False
1772879694398,20.01616,0.1401542,1.072843,0.1553062,1.093049,-0.3965425,-0.7011529,0.2371536,0.5430441,114.2178,-0.4722408,-0.8349999,0.2824252,-0.09868385,0.6292996,-0.06043319,0.6398506,0.5289496,0.231556,-0.7576665,0.3041972,144.5803,0.5552639,0.2430755,-0.7953591,0.06374942,1.102411,0.2623569,1.134991,0.09438558,1.139124,0.2885937,1.178897,0.1053132,1.127674,0.2986853,1.171304,-0.01474759,0.6416351,0.03302036,0.6426534,-0.002259355,0.6409854,0.07523918,0.64539,-0.02238971,0.6350749,0.106873,0.6443937,0.09275667,-0.08756972,0.04358353,0.1348027,0.1347412,-0.07741188,0.01028253,0.1557354,0.1301658,-0.08841348,-0.004222319,0.15741,-0.1121695,0.04780571,-0.03261345,0.1262182,-0.1550056,0.05585373,-0.02636003,0.1668569,-0.1784007,0.04490634,0.001455218,0.1839715,0.09434234,-0.08613051,0.04122586,0.1342331,0.1365055,-0.07563338,0.01129338,0.1564663,0.1322607,-0.08653156,-0.004086492,0.1581053,-0.1120378,0.04857999,-0.03188649,0.1262111,-0.1545324,0.05650002,-0.02624489,0.1666172,-0.178443,0.04493137,0.001517302,0.1840191,0.1074188,-0.08488242,0.0281907,0.1397803,-0.3168536,0.8848994,-0.1184831,0.3201852,142.6517,-0.3344613,0.9340737,-0.1250673,-0.1440073,0.04771478,-0.01717253,0.1526751,0.1782718,-0.4937614,-0.2446814,0.8151993,70.78586,0.3078,-0.8525171,-0.4224614,0.08595035,1.114727,0.2785797,1.15222,0.5500478,-0.6284613,0.1997815,0.512417,118.3501,0.6405314,-0.7318439,0.2326458,0.109864,-0.08612578,0.0189923,0.1408846,0.4954836,-0.193522,-0.647612,0.5455676,113.8731,0.5912221,-0.2309148,-0.7727451,-0.4712947,-0.2230982,-0.3356085,0.6201005,0.3262794,0.216581,0.9078873,0.1495834,162.7944,0.3299921,0.2190454,0.9182181,0.01404965,-0.014727,0.02142033,0.02954839,0.115357,-0.1210878,-0.09771442,0.981062,22.33695,0.5955613,-0.6251482,-0.5044766,-0.09523391,1.208821,-0.06075396,1.214088,0.01398804,-0.1161318,-0.1665184,-0.9790758,336.5171,0.06873865,-0.5706834,-0.8182883,True,True,False,False
1772879694412,20.0292,0.1404729,1.072392,0.1558136,1.092719,-0.398716,-0.7008399,0.2369325,0.541952,114.3668,-0.4744307,-0.8339268,0.2819251,-0.09879817,0.6291566,-0.06037739,0.6397222,0.5288228,0.2308621,-0.7579447,0.3042518,144.5737,0.555141,0.2423516,-0.7956657,0.06362278,1.102409,0.2624306,1.134999,0.09456538,1.139006,0.288772,1.178841,0.1054094,1.127508,0.2988286,1.171189,-0.01487005,0.6415686,0.03307104,0.6425925,-0.00236905,0.6409697,0.07529336,0.6453812,-0.02245989,0.6351359,0.1069032,0.6444613,0.09260314,-0.08759506,0.04388484,0.1348114,0.1345599,-0.0775284,0.01028506,0.1556368,0.1298948,-0.08848988,-0.004171878,0.1572276,-0.1121815,0.04777785,-0.03260645,0.1262165,-0.1550246,0.05583059,-0.02636285,0.1668673,-0.1784043,0.04490029,0.001399994,0.183973,0.09420279,-0.08624802,0.0414392,0.1342762,0.1363494,-0.07578543,0.01121248,0.1563979,0.1320709,-0.08668869,-0.004093342,0.1580329,-0.1120494,0.04851563,-0.03194426,0.1262112,-0.1545719,0.05644631,-0.02625435,0.1666371,-0.1784399,0.04492887,0.00150789,0.1840154,0.1072163,-0.08501735,0.02837227,0.1397436,-0.3177299,0.8851339,-0.1185792,0.3186295,142.8399,-0.3352008,0.9338043,-0.1250995,-0.1439835,0.04767849,-0.01721998,0.1526467,0.1776334,-0.4936799,-0.244591,0.8154151,70.74314,0.3068588,-0.8528241,-0.422527,0.08597758,1.114689,0.2787312,1.152221,0.5469373,-0.630271,0.1982,0.5141352,118.1207,0.6376722,-0.7348307,0.2310806,0.1097546,-0.08617442,0.01908838,0.140842,0.4935203,-0.1914538,-0.6492094,0.546178,113.7896,0.589159,-0.2285554,-0.7750189,-0.4719398,-0.223144,-0.3350856,0.6203248,0.3265922,0.2130466,0.9084975,0.1502704,162.7148,0.3303433,0.2154936,0.918932,0.01402242,-0.01468873,0.02126884,0.02940664,0.1159809,-0.1220692,-0.09359029,0.9812689,22.21422,0.6020485,-0.6336522,-0.4858203,-0.09507195,1.208715,-0.06066227,1.213965,0.0132286,-0.1160291,-0.1663207,-0.9791321,336.5488,0.06509343,-0.5709399,-0.8184077,True,True,False,False
1772879694426,20.04307,0.1407554,1.071836,0.1561823,1.092262,-0.4005208,-0.7005958,0.2369302,0.540937,114.5051,-0.4762078,-0.8329884,0.2817032,-0.09892602,0.6290025,-0.0602801,0.6395813,0.5287304,0.2303804,-0.7581706,0.3042146,144.5782,0.5550371,0.2418429,-0.795893,0.06361535,1.102298,0.2624781,1.134902,0.09476355,1.13891,0.2888683,1.178788,0.1055123,1.127349,0.2989308,1.171071,-0.01503806,0.6414641,0.03317488,0.6424974,-0.002496984,0.6409112,0.07539365,0.6453352,-0.02252481,0.6350584,0.106954,0.6443956,0.09254436,-0.08759718,0.04404126,0.1348234,0.1345438,-0.07754199,0.01024738,0.1556271,0.1297994,-0.08851976,-0.004155114,0.1571652,-0.1121965,0.0477182,-0.03257656,0.1261995,-0.1550502,0.0557835,-0.02637003,0.1668765,-0.1783801,0.04494151,0.001371518,0.1839594,0.09407713,-0.08635025,0.04163637,0.1343148,0.1362125,-0.07591853,0.01113935,0.156338,0.1318987,-0.08682744,-0.004098023,0.1579654,-0.1120605,0.04845521,-0.03199217,0.12621,-0.1546081,0.05639608,-0.02626312,0.1666552,-0.1784353,0.04492983,0.001497556,0.1840111,0.107034,-0.08513504,0.02854085,0.1397098,-0.3185007,0.8853565,-0.1186549,0.3172103,143.0114,-0.3358453,0.9335705,-0.1251165,-0.1439603,0.04764591,-0.01726243,0.1526195,0.1769937,-0.4936539,-0.2444529,0.8156114,70.70429,0.3058999,-0.8531866,-0.4224901,0.08619718,1.114177,0.2793468,1.151892,0.5440415,-0.6335135,0.1964066,0.5139107,118.1507,0.6341965,-0.7384952,0.2289538,0.1098076,-0.08619381,0.01918643,0.1409085,0.4913083,-0.1897051,-0.650219,0.5475797,113.5978,0.58716,-0.2267155,-0.7770734,-0.4723359,-0.2232632,-0.3347561,0.6204912,0.3267389,0.2092818,0.9093446,0.1501183,162.7324,0.3304839,0.2116805,0.9197672,0.01380283,-0.01417685,0.02065322,0.02860169,0.1151651,-0.1211735,-0.08908404,0.9818953,21.83849,0.6079713,-0.6396903,-0.4702859,-0.09492465,1.208536,-0.06057047,1.213771,0.01229427,-0.1161192,-0.1659206,-0.9792015,336.588,0.06059566,-0.5723251,-0.8177847,True,True,False,False
1772879694440,20.05726,0.1411975,1.070533,0.1569336,1.091149,-0.4023524,-0.7003291,0.2369593,0.5399093,114.6451,-0.4780104,-0.8320183,0.2815169,-0.09907784,0.6287275,-0.06009888,0.6393173,0.5286174,0.2300657,-0.7584004,0.3040762,144.5948,0.5548928,0.2415014,-0.7960975,0.06382279,1.101608,0.2629376,1.134349,0.0952136,1.138467,0.2894485,1.178539,0.1058292,1.126751,0.2995706,1.170688,-0.01512098,0.6414998,0.03327017,0.6425399,-0.002618302,0.6406596,0.07553005,0.6451018,-0.02271273,0.6349193,0.1071736,0.6443016,0.09262671,-0.08752111,0.04415521,0.1348678,0.1348976,-0.07739356,0.01013377,0.1558519,0.1300319,-0.08849165,-0.004204154,0.1573428,-0.1122219,0.04751951,-0.03282994,0.1262128,-0.1550391,0.05576149,-0.02637374,0.1668593,-0.1784389,0.04480726,0.001384169,0.1839838,0.09396088,-0.08644409,0.04183825,0.1343565,0.1361071,-0.07603675,0.01105876,0.1562979,0.1317491,-0.08696082,-0.00410653,0.1579141,-0.1120735,0.04838021,-0.03205932,0.1262098,-0.1546427,0.05634522,-0.02627198,0.1666714,-0.1784356,0.04492001,0.001488469,0.1840089,0.1068661,-0.08524325,0.02871352,0.1396827,-0.3193515,0.8855314,-0.118796,0.3158107,143.1805,-0.3365767,0.9332953,-0.1252036,-0.1439425,0.04760117,-0.01731213,0.1525943,0.1765166,-0.4934658,-0.244703,0.8157536,70.67612,0.305181,-0.8531573,-0.4230691,0.08623157,1.114111,0.2794429,1.151854,0.541353,-0.6347765,0.1956903,0.5154619,117.9433,0.6317483,-0.7407717,0.2283667,0.1101208,-0.08612419,0.01925805,0.14112,0.4879386,-0.1900735,-0.6516379,0.548777,113.4337,0.5836803,-0.2273691,-0.7795002,-0.4729545,-0.2230992,-0.3342938,0.6206541,0.3290384,0.2055556,0.9095242,0.1491532,162.8443,0.3327605,0.2078809,0.919813,0.01376843,-0.01411128,0.02055708,0.02848317,0.116272,-0.121853,-0.08591375,0.9819632,21.79731,0.6149603,-0.6444782,-0.4543961,-0.09476519,1.208371,-0.06046852,1.213589,0.01149247,-0.1159195,-0.1652686,-0.9793451,336.6692,0.05683838,-0.5733039,-0.8173699,True,True,False,False
1772879694454,20.07122,0.1413951,1.070072,0.1572472,1.090768,-0.404114,-0.6999657,0.2370167,0.5390391,114.7635,-0.4797854,-0.8310361,0.2813987,-0.0991181,0.628555,-0.06003839,0.6391482,0.5285471,0.2297956,-0.7586072,0.303887,144.6176,0.5547838,0.2412025,-0.7962639,0.06376298,1.101605,0.2629464,1.134346,0.09533466,1.138357,0.2894754,1.178449,0.1058978,1.126633,0.2996334,1.170596,-0.0150704,0.641484,0.033248,0.6425217,-0.002646733,0.6405236,0.07558306,0.6449731,-0.02274048,0.6347756,0.1072387,0.6441718,0.09257282,-0.08751272,0.04433009,0.1348828,0.1347801,-0.07746021,0.01014292,0.1557839,0.1298968,-0.0885569,-0.00418295,0.1572673,-0.1122224,0.0474349,-0.03300912,0.1262281,-0.1550625,0.05570194,-0.02638309,0.1668627,-0.1784593,0.044768,0.00140027,0.1839942,0.09384722,-0.08653159,0.04204229,0.1343971,0.1359985,-0.07615331,0.01098377,0.1562548,0.1315974,-0.08709151,-0.004112787,0.1578599,-0.1120856,0.04830281,-0.03213708,0.1262107,-0.154677,0.05629255,-0.02628108,0.1666869,-0.1784375,0.04490756,0.001481247,0.1840077,0.1067011,-0.08534642,0.02888703,0.1396552,-0.3201491,0.8857312,-0.1189364,0.3143869,143.3524,-0.3372493,0.933041,-0.1252892,-0.1439252,0.04755367,-0.01736583,0.1525693,0.1760579,-0.4932101,-0.2450244,0.8159109,70.64496,0.3045048,-0.8530421,-0.4237873,0.08643549,1.114043,0.2795225,1.151822,0.540119,-0.6356313,0.1968042,0.515279,117.9678,0.6302273,-0.7416741,0.2296371,0.1100594,-0.08618695,0.0193131,0.1411179,0.4866397,-0.1887547,-0.652139,0.5497894,113.2949,0.5825903,-0.2259714,-0.7807211,-0.4731295,-0.2234202,-0.3340648,0.6207796,0.3286415,0.2027546,0.9104107,0.1484519,162.9256,0.3323238,0.2050264,0.9206113,0.01356451,-0.01404262,0.0204775,0.02829345,0.1173721,-0.1206434,-0.08499479,0.9820616,21.73762,0.6224627,-0.6398113,-0.4507553,-0.09461089,1.208254,-0.06029144,1.213452,0.0114606,-0.1153085,-0.1646563,-0.9795208,336.769,0.05692075,-0.5726969,-0.8177896,True,True,False,False
1772879694467,20.08664,0.1416907,1.069509,0.1575304,1.090294,-0.4058743,-0.6995679,0.2370725,0.5382078,114.8766,-0.4815715,-0.83004,0.2812875,-0.099291,0.6283227,-0.0599166,0.6389351,0.5284578,0.2295242,-0.7587957,0.3037767,144.6308,0.5546696,0.2409088,-0.7964325,0.06399585,1.101485,0.2630628,1.13427,0.09558347,1.138351,0.2894841,1.178465,0.1061113,1.126579,0.299731,1.170588,-0.01518249,0.6414643,0.03326542,0.6425056,-0.002831552,0.6403801,0.07570568,0.6448458,-0.02280272,0.6344541,0.1072495,0.643859,0.09256366,-0.0875579,0.04429056,0.1348928,0.1348367,-0.07741249,0.01015884,0.1558103,0.1299315,-0.08856659,-0.004191995,0.1573017,-0.1122027,0.04730694,-0.03320302,0.1262134,-0.1550935,0.05561002,-0.02639598,0.1668629,-0.1783647,0.04490653,0.001404397,0.1839362,0.09374371,-0.08661435,0.04222359,0.134435,0.1359048,-0.07625485,0.01091724,0.1562181,0.1314631,-0.08721046,-0.004119174,0.1578138,-0.1120951,0.0482225,-0.03222304,0.1262103,-0.1547106,0.05623751,-0.02629034,0.166701,-0.1784317,0.04490748,0.00147505,0.184002,0.1065549,-0.08544124,0.02904026,0.1396334,-0.320917,0.8858781,-0.1190673,0.3131379,143.5031,-0.3379114,0.9327903,-0.1253726,-0.1438986,0.04750973,-0.01742516,0.1525373,0.1754133,-0.4929545,-0.245267,0.8161312,70.60126,0.3035533,-0.8530594,-0.4244353,0.0864425,1.114146,0.2794486,1.151905,0.5386442,-0.6359652,0.1968542,0.5163904,117.8191,0.6289978,-0.7426437,0.229875,0.1100796,-0.08618363,0.01932165,0.1411328,0.4868219,-0.1895542,-0.6520733,0.5494308,113.3441,0.5826439,-0.2268645,-0.780422,-0.473364,-0.2234744,-0.3341003,0.620997,0.3289153,0.2024837,0.9106507,0.1467329,163.1247,0.3325144,0.2046993,0.9206153,0.0135575,-0.01414609,0.02055144,0.02839506,0.1184978,-0.121123,-0.08357289,0.9819894,21.78144,0.6271834,-0.6410778,-0.4423333,-0.09448247,1.208268,-0.06011603,1.213446,0.0119795,-0.1148498,-0.1642811,-0.9796314,336.832,0.05965767,-0.5719499,-0.8181165,True,True,False,False
1772879694481,20.09931,0.1417968,1.069283,0.1576548,1.090104,-0.4075321,-0.6991636,0.2371219,0.5374581,114.9785,-0.4832641,-0.8290899,0.2811865,-0.09936742,0.6283374,-0.05988491,0.6389585,0.5283511,0.2292581,-0.7589569,0.3037605,144.6328,0.5545546,0.2406281,-0.7965974,0.06398028,1.101698,0.2629786,1.134456,0.09564281,1.13843,0.2893943,1.178524,0.1061105,1.126656,0.299588,1.170626,-0.01521143,0.6415973,0.03323946,0.6426378,-0.002895821,0.6404782,0.0756854,0.6449411,-0.02282092,0.6345001,0.1072329,0.6439022,0.09254588,-0.08756884,0.04434188,0.1349046,0.1347342,-0.07752628,0.01015404,0.1557778,0.1297713,-0.0886136,-0.004147947,0.1571947,-0.1121975,0.04725594,-0.03329876,0.1262149,-0.1550727,0.05556647,-0.02642573,0.1668337,-0.1783355,0.04494673,0.00139606,0.1839177,0.09363796,-0.08669862,0.0424106,0.1344745,0.1358014,-0.0763671,0.01084986,0.1561784,0.1313137,-0.08733434,-0.004121714,0.157758,-0.1121041,0.04813717,-0.03231801,0.12621,-0.1547426,0.05617826,-0.0263023,0.1667126,-0.1784232,0.04491094,0.001468076,0.1839945,0.1064013,-0.0855394,0.0292005,0.1396098,-0.3215653,0.8860974,-0.1191499,0.3118179,143.6624,-0.3384393,0.9325948,-0.1254023,-0.1438697,0.04746421,-0.01748962,0.1525032,0.1746742,-0.4926806,-0.2454919,0.8163875,70.55043,0.3024637,-0.8531199,-0.4250909,0.08650472,1.114219,0.2793733,1.151962,0.5361807,-0.6377315,0.196091,0.517066,117.7287,0.6264191,-0.7450608,0.2290928,0.1099831,-0.08625617,0.0193421,0.1411047,0.4867763,-0.188712,-0.6524233,0.5493456,113.3557,0.5825504,-0.2258414,-0.7807887,-0.4734925,-0.2235676,-0.333924,0.6210337,0.3283232,0.201248,0.9112161,0.1462483,163.1809,0.3318917,0.2034354,0.9211199,0.01349528,-0.0142194,0.02062675,0.02845658,0.1189634,-0.121004,-0.08041894,0.9822112,21.64655,0.6335242,-0.6443912,-0.4282607,-0.09428646,1.208266,-0.05992567,1.213419,0.01234463,-0.1146171,-0.1637769,-0.9797385,336.8932,0.06163662,-0.5722824,-0.8177369,True,True,False,False
1772879694494,20.11279,0.1420328,1.069042,0.15784,1.089926,-0.4090534,-0.6988254,0.237168,0.5367213,115.0786,-0.4847985,-0.8282281,0.2810847,-0.09939056,0.6284386,-0.05982872,0.6390563,0.5283511,0.2292581,-0.7589569,0.3037605,144.6328,0.5545546,0.2406281,-0.7965974,0.06403445,1.101873,0.2629174,1.134615,0.09580615,1.138445,0.2892936,1.178527,0.106209,1.126663,0.2995093,1.170622,-0.01520958,0.6417992,0.03325768,0.6428402,-0.002894495,0.6405827,0.07566133,0.6450421,-0.02287054,0.6346421,0.1073043,0.6440558,0.09252254,-0.08755441,0.04446028,0.1349182,0.1345757,-0.0775847,0.01018535,0.1556719,0.1295934,-0.08867128,-0.004085585,0.1570788,-0.1121902,0.04720303,-0.03339545,0.1262142,-0.1550041,0.05558347,-0.02647119,0.1667829,-0.178352,0.04489873,0.001391463,0.1839219,0.0935557,-0.08676174,0.04256177,0.1345057,0.135711,-0.0764569,0.01080085,0.1561403,0.1311869,-0.08743294,-0.00411905,0.1577069,-0.1121105,0.04806827,-0.03239748,0.1262098,-0.1547619,0.0561344,-0.02631475,0.1667176,-0.1784179,0.04491004,0.001462426,0.1839892,0.1062791,-0.08561486,0.02932972,0.1395901,-0.3220709,0.8862912,-0.1192258,0.3107143,143.7954,-0.3388425,0.9324442,-0.1254344,-0.1438517,0.04742596,-0.01754051,0.1524802,0.1741749,-0.4924172,-0.2457956,0.8165616,70.51586,0.301728,-0.8530276,-0.4257983,0.08735731,1.113807,0.2796345,1.151691,0.5298086,-0.6454431,0.185642,0.517922,117.6141,0.6193491,-0.7545266,0.2170166,0.1098709,-0.08628337,0.01944925,0.1410486,0.4850711,-0.1883218,-0.6529482,0.5503633,113.2161,0.5809754,-0.2255552,-0.7820438,-0.4733846,-0.2234842,-0.3340062,0.6209656,0.3287334,0.1982837,0.9118654,0.1453261,163.2877,0.3322607,0.2004113,0.9216498,0.01264269,-0.01380682,0.02036554,0.02766263,0.1128681,-0.123169,-0.06752979,0.9836311,20.76217,0.6263682,-0.6835335,-0.3747606,-0.0940327,1.208258,-0.05979043,1.213386,0.01211222,-0.1144523,-0.1635478,-0.979799,336.9279,0.06056571,-0.5723051,-0.8178015,True,True,False,False
1772879694508,20.1272,0.1436075,1.068424,0.1587043,1.089652,-0.410722,-0.6984872,0.237093,0.5359197,115.1874,-0.4864824,-0.8273278,0.2808264,-0.09939803,0.6289698,-0.05967868,0.6395659,0.5281451,0.2291655,-0.759198,0.3035862,144.6537,0.5543061,0.240517,-0.796804,0.06452113,1.101633,0.2629479,1.134416,0.0972406,1.137768,0.2897869,1.178112,0.1074741,1.125506,0.2997307,1.16968,-0.01507693,0.642529,0.03326897,0.6435663,-0.002820198,0.6412039,0.07574198,0.6456681,-0.02284284,0.6352711,0.1074712,0.6447024,0.09220928,-0.08742636,0.04558791,0.134997,0.1341061,-0.07779127,0.01025411,0.155374,0.1285596,-0.08893783,-0.003851131,0.1563724,-0.1121766,0.0471081,-0.0336215,0.1262266,-0.1550166,0.0555075,-0.0265419,0.1667804,-0.1784158,0.04478121,0.001391478,0.1839551,0.09345055,-0.08681364,0.0427981,0.134541,0.1355857,-0.07656112,0.01075815,0.1560796,0.1309817,-0.08755047,-0.004098126,0.157601,-0.1121156,0.04799329,-0.03249307,0.1262104,-0.1547818,0.05608544,-0.02633249,0.1667224,-0.1784178,0.04489998,0.001456885,0.1839865,0.1061201,-0.0856873,0.02952493,0.1395546,-0.3223493,0.8868137,-0.1192112,0.3089355,144.0098,-0.3389286,0.9324251,-0.1253426,-0.1438372,0.04738006,-0.01759852,0.1524589,0.1737203,-0.4920681,-0.2461865,0.8167512,70.47823,0.3010802,-0.852819,-0.4266737,0.0876181,1.11382,0.2796958,1.151739,0.5257501,-0.649111,0.1802717,0.5193686,117.4202,0.615236,-0.7595937,0.2109551,0.109517,-0.08630151,0.0201454,0.1408821,0.4732953,-0.186005,-0.6584687,0.5548088,112.6049,0.5688797,-0.2235696,-0.7914497,-0.4735946,-0.2225084,-0.3335809,0.6205466,0.334781,0.1856381,0.9118651,0.1481974,162.955,0.3385189,0.1877108,0.9220465,0.0123819,-0.01381993,0.02030423,0.02750571,0.1105932,-0.1250455,-0.06032415,0.9841209,20.44836,0.6230596,-0.7044812,-0.3398541,-0.0937821,1.208241,-0.05969692,1.213344,0.01198269,-0.1143799,-0.1629675,-0.9799058,336.9891,0.06007538,-0.5734451,-0.8170395,True,True,False,False
1772879694522,20.14043,0.144289,1.067899,0.1592687,1.089309,-0.4128052,-0.698342,0.2363033,0.5348563,115.3317,-0.4885597,-0.8264958,0.2796676,-0.099604,0.6293303,-0.0596908,0.6399536,0.5279575,0.2293949,-0.7594942,0.3029974,144.7245,0.5540003,0.2407103,-0.7969582,0.06468163,1.101786,0.2629666,1.134578,0.09774248,1.137584,0.289975,1.178023,0.1078754,1.125078,0.2998278,1.169331,-0.01512058,0.6428822,0.0331721,0.6439151,-0.002881516,0.6413899,0.07563205,0.6458402,-0.02282758,0.6353832,0.1073274,0.6447884,0.09226694,-0.0872379,0.04599234,0.1350516,0.1339846,-0.07777404,0.01029858,0.1552634,0.1281687,-0.08894316,-0.003758073,0.156052,-0.1122096,0.04706238,-0.03374559,0.126272,-0.1550066,0.05551074,-0.02654123,0.1667721,-0.1783573,0.0448672,0.001386903,0.1839193,0.09335232,-0.08684886,0.0430632,0.1345802,0.1354528,-0.07666178,0.01072001,0.1560109,0.1307482,-0.08766605,-0.004069904,0.1574706,-0.1121234,0.04791603,-0.03259702,0.1262148,-0.1548004,0.05603775,-0.02634982,0.1667265,-0.1784128,0.04489726,0.001451077,0.1839809,0.1059622,-0.08574677,0.02973986,0.1395169,-0.322466,0.8875077,-0.1191387,0.3068416,144.262,-0.33881,0.9324905,-0.1251771,-0.1438204,0.04733613,-0.01766121,0.1524367,0.1732071,-0.4916743,-0.2466386,0.8169609,70.43657,0.3003455,-0.8525755,-0.4276774,0.08786401,1.113847,0.2796053,1.151762,0.5210884,-0.6558236,0.173961,0.5177836,117.6326,0.6090957,-0.7665865,0.2033415,0.1094838,-0.08613161,0.02043629,0.1407942,0.4681031,-0.1831377,-0.6614189,0.5566555,112.3504,0.5634748,-0.2204504,-0.7961769,-0.4734592,-0.222698,-0.3334781,0.620456,0.336739,0.1786606,0.9123868,0.149123,162.8478,0.3405468,0.1806808,0.9227039,0.01213599,-0.01384747,0.02039471,0.02747688,0.1058566,-0.1238649,-0.05116514,0.9853092,19.66643,0.6198395,-0.7252862,-0.2995956,-0.09352241,1.208258,-0.05961274,1.213337,0.01176972,-0.1140957,-0.1624272,-0.9800312,337.0613,0.05919076,-0.5737954,-0.8168581,True,True,False,False
1772879694537,20.15465,0.1451402,1.067148,0.1598894,1.088777,-0.4159822,-0.6983585,0.2342735,0.5332638,115.5475,-0.4917343,-0.8255326,0.2769357,-0.1000685,0.6299898,-0.05978116,0.6406829,0.5277102,0.2299346,-0.7599458,0.3018852,144.8583,0.5535358,0.2411873,-0.7971366,0.06478039,1.10228,0.262758,1.135015,0.09828939,1.137408,0.2901014,1.177929,0.108231,1.124518,0.2999324,1.168852,-0.01540758,0.6433088,0.03297045,0.6443374,-0.003127601,0.6417305,0.07541196,0.6461539,-0.02291901,0.6355549,0.1070212,0.64491,0.09260347,-0.08679249,0.04653566,0.135181,0.1339728,-0.07765902,0.01034619,0.1551989,0.1278223,-0.08895934,-0.003657728,0.1557745,-0.1122255,0.04704516,-0.03376288,0.1262843,-0.1550194,0.05547367,-0.02653727,0.166771,-0.1782642,0.04501133,0.001376905,0.1838642,0.09329483,-0.08684453,0.04332977,0.1346231,0.1353392,-0.07673834,0.01069132,0.155948,0.1305236,-0.08776533,-0.004038263,0.1573387,-0.1121313,0.04784918,-0.03268652,0.1262195,-0.1548172,0.05599444,-0.02636421,0.1667298,-0.1784014,0.04490602,0.001445383,0.183972,0.1058464,-0.08577219,0.02994725,0.139489,-0.3224779,0.8882999,-0.1191521,0.3045226,144.5411,-0.3385577,0.9325933,-0.1250934,-0.1437997,0.04730268,-0.01771736,0.1524132,0.1725957,-0.4913746,-0.2468954,0.817193,70.39044,0.2994561,-0.8525419,-0.4283671,0.08858161,1.11386,0.279268,1.151747,0.5148618,-0.6709392,0.1604296,0.5089405,118.8135,0.5981188,-0.7794352,0.1863723,0.109513,-0.08584085,0.0207741,0.1406887,0.4611114,-0.1825703,-0.6652533,0.5581062,112.1501,0.5557102,-0.2200253,-0.8017327,-0.4729217,-0.2231393,-0.3334281,0.6201777,0.3424599,0.1707601,0.9119048,0.1482974,162.9435,0.3462889,0.1726693,0.9221005,0.01141839,-0.01385975,0.02073199,0.02742786,0.09136336,-0.1174719,-0.03476525,0.9882534,17.58133,0.5978306,-0.7686701,-0.2274843,-0.0932727,1.208263,-0.05954785,1.21332,0.0118377,-0.1138588,-0.1619728,-0.9801331,337.1201,0.05968363,-0.5740562,-0.8166389,True,True,False,False
1772879694550,20.16917,0.1468823,1.065835,0.1607127,1.087846,-0.419734,-0.6986198,0.2313186,0.5312678,115.8177,-0.4954344,-0.8246182,0.2730377,-0.1007668,0.6314602,-0.06001976,0.6422604,0.5274725,0.2306845,-0.7604868,0.3003622,145.0413,0.5530074,0.241852,-0.7973019,0.06582782,1.103713,0.2624098,1.136386,0.09959468,1.137027,0.2904283,1.177752,0.1092322,1.123206,0.3000751,1.167719,-0.01587263,0.644494,0.03258121,0.6455122,-0.003649783,0.642997,0.07523713,0.6473941,-0.0233863,0.6366754,0.1067665,0.6459888,0.09400621,-0.08536087,0.04715055,0.1354504,0.1342822,-0.0773975,0.01041448,0.1553401,0.1272653,-0.08900686,-0.003476888,0.1553408,-0.1122427,0.04699993,-0.03382966,0.1263006,-0.1552719,0.05517565,-0.02656237,0.1669109,-0.1783938,0.04479232,0.001386829,0.1839365,0.09335317,-0.08672285,0.04364312,0.1346863,0.1352525,-0.0767924,0.01066861,0.1558979,0.1302564,-0.08786715,-0.003992223,0.1571728,-0.1121404,0.04777953,-0.03278027,0.1262256,-0.1548545,0.05592729,-0.02638046,0.1667445,-0.1784007,0.0448967,0.001440581,0.183969,0.1058296,-0.08571243,0.03016493,0.1394864,-0.3219756,0.8896769,-0.1195509,0.3008561,144.9819,-0.3376176,0.9328985,-0.1253588,-0.1437777,0.04725828,-0.01777929,0.152386,0.1718619,-0.4911182,-0.2467643,0.8175414,70.32115,0.2984388,-0.8528285,-0.428507,0.08860386,1.114123,0.2788447,1.151901,0.511607,-0.6786472,0.1576219,0.5028437,119.6234,0.5918792,-0.7851283,0.1823532,0.1097995,-0.08509028,0.0215498,0.1405727,0.4440277,-0.1873274,-0.6738051,0.5601204,111.8718,0.5359989,-0.2261284,-0.8133701,-0.4720229,-0.2229693,-0.3334035,0.6194181,0.3594248,0.1572383,0.9079021,0.147662,163.0171,0.3634084,0.1589811,0.9179647,0.01139614,-0.01412344,0.0211553,0.02787275,0.08628014,-0.1109016,-0.0281306,0.9896795,16.47762,0.6020974,-0.7739156,-0.1963066,-0.09300466,1.208279,-0.05949848,1.213313,0.01181459,-0.1135173,-0.1612507,-0.980292,337.2121,0.05980447,-0.5746151,-0.8162374,True,True,False,False
1772879694565,20.18262,0.1475065,1.065344,0.1612396,1.087527,-0.4233085,-0.6990253,0.2281116,0.5292813,116.0862,-0.4989219,-0.8238886,0.268858,-0.1008637,0.631915,-0.06009728,0.6427299,0.5272875,0.2314896,-0.7610105,0.2987369,145.2365,0.552518,0.2425662,-0.7974243,0.06601869,1.104766,0.2621268,1.137355,0.09971568,1.137102,0.2903226,1.177808,0.1091649,1.122815,0.2999631,1.167309,-0.01574391,0.6445857,0.03237243,0.6455901,-0.003502246,0.6430448,0.07507052,0.6474214,-0.0231534,0.6366394,0.1065689,0.6459123,0.09464694,-0.0847383,0.04726483,0.1355455,0.1342694,-0.07717726,0.01053604,0.1552276,0.126868,-0.0889409,-0.003362343,0.1549751,-0.1122631,0.04698275,-0.03385531,0.1263193,-0.1553608,0.05504575,-0.02657924,0.1669535,-0.178431,0.0447144,0.001355939,0.1839533,0.09346139,-0.08655686,0.04394604,0.134753,0.1351703,-0.07682459,0.01065752,0.1558416,0.129973,-0.08795696,-0.00393954,0.156987,-0.1121507,0.04771289,-0.03287018,0.1262329,-0.1548969,0.05585356,-0.02639708,0.1667617,-0.1784033,0.04488145,0.001433501,0.1839677,0.1058611,-0.08561601,0.03036001,0.1394934,-0.3212895,0.8912194,-0.1200396,0.2968022,145.4687,-0.3364503,0.9332737,-0.1257039,-0.1437564,0.04721228,-0.01784125,0.1523588,0.171114,-0.4909057,-0.2464717,0.817914,70.24696,0.2974134,-0.8532438,-0.4283929,0.08851628,1.114768,0.2777927,1.152264,0.5076714,-0.6897284,0.1511207,0.4936669,120.8362,0.5837645,-0.7931094,0.1737716,0.1097493,-0.08461855,0.02178839,0.1402852,0.4390164,-0.191121,-0.6761814,0.5599251,111.8988,0.5298654,-0.2306712,-0.8161088,-0.4707221,-0.2246983,-0.3335209,0.6191162,0.3676624,0.1533104,0.9060307,0.1429303,163.5651,0.3714764,0.1549008,0.9154294,0.01148372,-0.01476789,0.02220732,0.02903672,0.07661445,-0.1025138,-0.01826858,0.9916086,14.85559,0.5926389,-0.7929793,-0.1413137,-0.09272668,1.208293,-0.05947886,1.213304,0.01193459,-0.1130833,-0.1607807,-0.980418,337.2853,0.06060382,-0.5742369,-0.816444,True,True,False,False
1772879694579,20.19623,0.1480725,1.065268,0.1609424,1.087485,-0.4270471,-0.6993605,0.224605,0.5273314,116.3493,-0.5026096,-0.8231066,0.264347,-0.1008692,0.632448,-0.06026005,0.64327,0.5273378,0.2323231,-0.7613983,0.2970079,145.444,0.5522585,0.2433021,-0.7973801,0.06660779,1.106635,0.2612251,1.138998,0.09980984,1.137437,0.2895056,1.177938,0.1090335,1.122869,0.2993391,1.167188,-0.01551293,0.6447597,0.03208264,0.6457438,-0.003314581,0.6432953,0.07495849,0.6476562,-0.0228391,0.6366805,0.1062976,0.645897,0.0956825,-0.08392897,0.04695886,0.1356626,0.134185,-0.07712425,0.0105975,0.1551324,0.1266701,-0.08910224,-0.003332078,0.1549052,-0.1122736,0.04696604,-0.03396011,0.1263505,-0.1555795,0.0547821,-0.02669428,0.1670887,-0.1784787,0.04463088,0.001228429,0.1839784,0.09363443,-0.08635212,0.04418077,0.1348185,0.1350935,-0.07684793,0.01065285,0.1557862,0.1297157,-0.08804619,-0.003892212,0.1568229,-0.1121602,0.0476547,-0.0329551,0.1262415,-0.1549501,0.05577008,-0.02642024,0.1667868,-0.1784091,0.04486193,0.001417524,0.1839685,0.1059595,-0.08549269,0.03048602,0.1395199,-0.3206633,0.8926985,-0.1209033,0.2926549,145.9661,-0.3353454,0.933572,-0.126439,-0.1437315,0.04716807,-0.01790807,0.1523295,0.1702632,-0.490816,-0.2457916,0.81835,70.16007,0.296254,-0.8540086,-0.4276718,0.0884012,1.11503,0.2774208,1.152419,0.5061594,-0.6924425,0.1518095,0.4912025,121.1607,0.5810942,-0.7949558,0.1742842,0.1097757,-0.08435322,0.02202272,0.1401827,0.4293015,-0.1970255,-0.6807812,0.5598377,111.9109,0.5181032,-0.2377805,-0.8216019,-0.4687248,-0.2268026,-0.3341211,0.6186916,0.3805024,0.1466867,0.9024248,0.1390345,164.016,0.3842342,0.1481254,0.9112755,0.0115988,-0.01503026,0.02257925,0.02950023,0.07606874,-0.09904838,-0.01634231,0.9920363,14.47157,0.6039459,-0.7863921,-0.1297494,-0.09240359,1.208358,-0.05944276,1.213343,0.01245053,-0.1128595,-0.1601338,-0.9805431,337.3582,0.06342491,-0.5749238,-0.8157464,True,True,False,False
1772879694592,20.20967,0.1483126,1.065189,0.1610956,1.087463,-0.4303849,-0.6996434,0.2216913,0.525472,116.6,-0.5058526,-0.8223255,0.2605647,-0.1008503,0.6324599,-0.06026366,0.6432791,0.5273748,0.2330762,-0.7616948,0.295588,145.6144,0.5520425,0.2439783,-0.7973229,0.06667713,1.10729,0.2608989,1.139564,0.09965443,1.137902,0.2891604,1.178289,0.108679,1.122999,0.2990804,1.167214,-0.01532271,0.6444196,0.03199479,0.6453952,-0.003105629,0.6428804,0.07487039,0.6472329,-0.02253563,0.636125,0.1061494,0.6453143,0.09581266,-0.08387966,0.04670851,0.1356376,0.1342181,-0.07699078,0.01064135,0.1550978,0.1264749,-0.08913944,-0.003300712,0.1547664,-0.1122852,0.0469739,-0.03398691,0.1263709,-0.1556109,0.05472525,-0.02672464,0.1671042,-0.1784422,0.04468619,0.001194604,0.1839563,0.09380607,-0.0861573,0.04437995,0.1348786,0.1350245,-0.07685919,0.01065194,0.1557319,0.1294603,-0.08813233,-0.003845605,0.1566591,-0.1121701,0.04760106,-0.0330364,0.1262513,-0.1550021,0.05568776,-0.02644422,0.1668115,-0.1784117,0.04484808,0.001399959,0.1839675,0.1060671,-0.08537292,0.03057904,0.1395487,-0.3200736,0.8940841,-0.1217548,0.2886909,146.4408,-0.3343076,0.933845,-0.1271693,-0.143705,0.04712861,-0.01797415,0.1523,0.1693483,-0.4907652,-0.2450027,0.8188067,70.06896,0.2949963,-0.8548883,-0.4267824,0.08835918,1.115205,0.277195,1.15253,0.5059702,-0.6961194,0.1505772,0.4865579,121.7708,0.5791463,-0.7967959,0.1723545,0.1095937,-0.08434454,0.02191565,0.1400181,0.4300828,-0.1977402,-0.6812716,0.5583875,112.1113,0.5184342,-0.2383617,-0.8212245,-0.4673997,-0.2286888,-0.3346043,0.6186445,0.3826135,0.1464341,0.9021699,0.1351049,164.4706,0.3861541,0.1477891,0.9105182,0.01164082,-0.01520455,0.02280498,0.02977841,0.07231205,-0.09473853,-0.01449149,0.9927668,13.79109,0.6023012,-0.7890956,-0.1207024,-0.09195947,1.208542,-0.0593349,1.213487,0.01309402,-0.1127934,-0.1592428,-0.9806875,337.4426,0.06694923,-0.5767082,-0.8142022,True,True,False,False
1772879694606,20.22376,0.1486917,1.065062,0.16141,1.087438,-0.4333874,-0.6998271,0.2193977,0.5237195,116.8358,-0.5087359,-0.8214987,0.257542,-0.1008487,0.6324195,-0.0602647,0.6432393,0.5273747,0.2336636,-0.7619355,0.2945026,145.7446,0.5518488,0.2445073,-0.7972949,0.06664595,1.107678,0.2606554,1.139883,0.09962666,1.138026,0.2892013,1.178417,0.1084981,1.122985,0.2990247,1.167168,-0.01519813,0.644097,0.0319236,0.6450667,-0.002979268,0.64256,0.07485072,0.6469118,-0.02232052,0.6356366,0.1060387,0.6448072,0.09573778,-0.08393776,0.04675448,0.1356365,0.1341177,-0.07720919,0.01062542,0.1551184,0.1261974,-0.08928553,-0.003262654,0.1546232,-0.112288,0.04698132,-0.03398852,0.1263767,-0.1556861,0.05462802,-0.02674036,0.1671449,-0.1784142,0.04473026,0.001191258,0.1839398,0.09395646,-0.08598449,0.04456482,0.134934,0.1349539,-0.07688645,0.01064988,0.155684,0.1292062,-0.08822212,-0.003800217,0.1564987,-0.1121793,0.0475528,-0.03311053,0.1262607,-0.1550554,0.05560524,-0.02646728,0.1668371,-0.1784119,0.04483891,0.00138371,0.1839654,0.1061554,-0.08527149,0.03066656,0.139573,-0.3192826,0.8954582,-0.1224739,0.2849796,146.8848,-0.3330948,0.9341959,-0.1277722,-0.1436759,0.04709387,-0.01803691,0.1522693,0.1683487,-0.4907689,-0.2440429,0.8192971,69.97102,0.293613,-0.8559387,-0.4256296,0.08866183,1.114584,0.2775047,1.152027,0.5018454,-0.699513,0.1436408,0.4880575,121.574,0.5749757,-0.801448,0.1645726,0.1093661,-0.08436906,0.02194002,0.1398586,0.4285056,-0.2003319,-0.6836705,0.5557383,112.4768,0.5154288,-0.2409697,-0.8223545,-0.4664655,-0.2301123,-0.3349905,0.6186763,0.3876249,0.1462274,0.9004137,0.1327405,164.744,0.3910856,0.147533,0.9084526,0.01133817,-0.01458406,0.02249536,0.02910825,0.06894509,-0.09755443,-0.006769808,0.9928163,13.74379,0.5762239,-0.8153327,-0.05658017,-0.09161681,1.208571,-0.05927275,1.213488,0.0133131,-0.1124177,-0.158532,-0.9808428,337.5338,0.06834212,-0.5770907,-0.8138158,True,True,False,False
1772879694620,20.23854,0.1497386,1.064294,0.1622977,1.086961,-0.4364439,-0.6998433,0.2173797,0.5219984,117.0672,-0.5116895,-0.8205007,0.2548574,-0.1009378,0.6322612,-0.06033367,0.6431041,0.5273712,0.2341482,-0.7621296,0.2936203,145.8504,0.5516884,0.2449448,-0.7972715,0.06680544,1.107013,0.2607798,1.139274,0.1002148,1.13717,0.2895516,1.177726,0.1089367,1.121995,0.2992842,1.166324,-0.01519492,0.6436945,0.03179716,0.6446584,-0.002962899,0.6421415,0.07475141,0.6464845,-0.02233346,0.6351979,0.1059587,0.644362,0.09520136,-0.08427176,0.04729153,0.1356522,0.1335559,-0.07749012,0.01073447,0.1547809,0.1254601,-0.08949696,-0.003099158,0.1541413,-0.1122858,0.04699253,-0.03397438,0.1263751,-0.1557283,0.05457503,-0.02673858,0.1671667,-0.1784566,0.04463346,0.001224108,0.1839577,0.09405769,-0.08584522,0.04478654,0.1349892,0.1348403,-0.07693553,0.01065675,0.1556102,0.1289016,-0.08832578,-0.003743213,0.1563045,-0.1121879,0.04750725,-0.03318077,0.1262697,-0.1551101,0.05552148,-0.02648934,0.1668636,-0.1784156,0.0448222,0.001370732,0.1839647,0.1061893,-0.08519876,0.03078813,0.1395812,-0.318415,0.8968924,-0.1229606,0.2812059,147.3356,-0.3318041,0.9346061,-0.128131,-0.14365,0.04705721,-0.01809557,0.1522404,0.1674065,-0.4907669,-0.2430423,0.8197886,69.87272,0.2923282,-0.8569859,-0.4244049,0.08876391,1.114412,0.2776568,1.151905,0.4991387,-0.7020978,0.1382513,0.4886777,121.4926,0.5721021,-0.8047295,0.1584607,0.1089722,-0.08461824,0.02229168,0.1397573,0.4234383,-0.1953631,-0.6876249,0.556512,112.3702,0.5096511,-0.2351393,-0.8276264,-0.4662174,-0.2305394,-0.3349796,0.6186424,0.3894508,0.1385543,0.9005482,0.1346998,164.5175,0.3930327,0.1398286,0.9088307,0.01123609,-0.01441169,0.02234319,0.02886459,0.0658659,-0.09942029,-0.001249494,0.9928625,13.69937,0.5522657,-0.833609,-0.01047663,-0.09131867,1.208485,-0.05917302,1.213374,0.01329148,-0.1121777,-0.1579644,-0.9809622,337.6041,0.06844262,-0.5776434,-0.8134154,True,True,False,False
1772879694635,20.25142,0.1502458,1.06356,0.1630358,1.086422,-0.43941,-0.6997215,0.2155575,0.5204266,117.2783,-0.5145879,-0.8194357,0.2524368,-0.1009702,0.6321596,-0.06035796,0.6430115,0.5273439,0.2345173,-0.7623114,0.292902,145.9364,0.5515327,0.2452744,-0.797278,0.06708906,1.106646,0.261107,1.13901,0.1004705,1.136865,0.289857,1.177528,0.1090272,1.121483,0.2994584,1.165884,-0.01511768,0.6434336,0.03172189,0.6443924,-0.002918225,0.6418798,0.07472186,0.646221,-0.02226283,0.634857,0.105903,0.6440144,0.09500945,-0.08447237,0.04719158,0.1356076,0.133456,-0.07751542,0.01075631,0.1547089,0.1251028,-0.08947355,-0.002999708,0.153835,-0.1123003,0.04699641,-0.03400665,0.126398,-0.1557912,0.05448686,-0.02674925,0.1671982,-0.1784792,0.04459246,0.001235619,0.1839697,0.09413859,-0.08572853,0.04499096,0.1350394,0.1347226,-0.07698482,0.01066522,0.1555332,0.1285787,-0.08842333,-0.003680015,0.156092,-0.1121975,0.04746382,-0.03325097,0.1262803,-0.155168,0.05543353,-0.02651143,0.1668917,-0.178421,0.04480268,0.001359247,0.1839651,0.1062064,-0.08513891,0.03090005,0.1395824,-0.3173757,0.8983361,-0.1232175,0.2776375,147.7615,-0.3303636,0.9350985,-0.1282599,-0.1436251,0.04702003,-0.01815382,0.1522124,0.166431,-0.4907699,-0.2419266,0.8203152,69.76727,0.2910084,-0.8581222,-0.423014,0.08939075,1.1133,0.2786074,1.151108,0.4963812,-0.7078239,0.125508,0.4866608,121.7573,0.5682077,-0.8102463,0.1436691,0.1088816,-0.08452339,0.02246171,0.1396565,0.4198899,-0.1917942,-0.6911553,0.5560683,112.4314,0.5051996,-0.2307612,-0.8315784,-0.4659285,-0.2312395,-0.3350511,0.6187248,0.3912924,0.1331559,0.9003223,0.1363078,164.3315,0.3949788,0.1344104,0.9088044,0.01060925,-0.01330018,0.02139261,0.02733304,0.0554581,-0.1018584,0.008366118,0.9932167,13.3547,0.4769436,-0.8759899,0.07194921,-0.09097479,1.20833,-0.05911912,1.213191,0.01287033,-0.1119912,-0.1572474,-0.9811043,337.6882,0.06652036,-0.5788271,-0.8127338,True,True,False,False
1772879694648,20.26639,0.1516365,1.061902,0.164896,1.085274,-0.4425002,-0.6994689,0.2137684,0.5188833,117.4853,-0.517638,-0.8182405,0.2500669,-0.1009203,0.6317642,-0.06024953,0.6426048,0.5273257,0.2348035,-0.7624667,0.2923004,146.0085,0.5514076,0.2455265,-0.7972869,0.06805745,1.105431,0.2623773,1.138179,0.101597,1.135359,0.2912174,1.176508,0.1099235,1.119472,0.300533,1.164311,-0.01500322,0.6428828,0.03179783,0.6438435,-0.00279193,0.6412876,0.07474309,0.6456347,-0.02205685,0.6341713,0.1058982,0.6433305,0.09476335,-0.08460863,0.0473721,0.1355833,0.1330629,-0.07768282,0.01079991,0.1544571,0.1241215,-0.08965284,-0.002811849,0.1531394,-0.1123096,0.04699747,-0.03399818,0.1264044,-0.1557558,0.05447312,-0.02675253,0.1671612,-0.1784166,0.04467988,0.00122954,0.1839301,0.09418535,-0.0856447,0.04516922,0.1350783,0.1345984,-0.07703707,0.0106753,0.1554522,0.1282451,-0.08851537,-0.003615024,0.155868,-0.1122059,0.04742891,-0.03330691,0.1262894,-0.155212,0.05536164,-0.02652948,0.1669116,-0.1784206,0.04479348,0.001349538,0.1839625,0.1061972,-0.08509962,0.03099675,0.1395729,-0.3162011,0.899727,-0.123234,0.274448,148.1418,-0.3288274,0.9356542,-0.1281549,-0.1436029,0.04699271,-0.01820073,0.1521886,0.1655492,-0.4907937,-0.2409499,0.8207669,69.67675,0.2897948,-0.8591372,-0.4217842,0.08954547,1.113112,0.2787664,1.150976,0.4913552,-0.7130528,0.1211488,0.4852306,121.9448,0.561943,-0.8154896,0.1385529,0.1085996,-0.08437368,0.02310379,0.139451,0.4093899,-0.1885219,-0.6993241,0.5548018,112.6059,0.4920656,-0.2265936,-0.8405516,-0.4663449,-0.231068,-0.3347378,0.6188048,0.3986861,0.1234908,0.8975546,0.1421105,163.66,0.4027739,0.124757,0.9067575,0.01045454,-0.01311171,0.02123365,0.02705701,0.05262237,-0.1003101,0.01631383,0.9934298,13.14303,0.4598114,-0.8765046,0.1425494,-0.09054822,1.208135,-0.058995,1.212959,0.01222913,-0.1117178,-0.1565115,-0.9812613,337.7813,0.06346802,-0.5798049,-0.8122798,True,True,False,False
1772879694661,20.27933,0.1522444,1.060718,0.1659614,1.084364,-0.4463741,-0.6990499,0.2115768,0.5170248,117.7342,-0.5214831,-0.8166754,0.2471777,-0.1008333,0.6314735,-0.06011724,0.6422929,0.5273199,0.2350062,-0.7625955,0.2918115,146.0671,0.5513154,0.2457001,-0.7972971,0.06853544,1.105086,0.2628988,1.137993,0.1020057,1.13491,0.2916954,1.176228,0.1101378,1.118671,0.3009542,1.16367,-0.01487957,0.642449,0.03188806,0.6434119,-0.002663579,0.6409044,0.07487978,0.6452693,-0.02187745,0.6337027,0.1059791,0.6428758,0.09475502,-0.08462995,0.04724231,0.1355455,0.1330303,-0.07760575,0.01084703,0.1543935,0.1237431,-0.08963625,-0.002738968,0.1528218,-0.1122935,0.04700243,-0.03397652,0.1263862,-0.1558039,0.05439947,-0.02676299,0.1671838,-0.1784049,0.04468968,0.001221269,0.1839211,0.09423432,-0.08555748,0.0453474,0.1351169,0.1344636,-0.07708595,0.01069006,0.1553608,0.1278581,-0.08861171,-0.003539729,0.1556029,-0.1122134,0.04739226,-0.03336446,0.1262975,-0.1552629,0.05527894,-0.02654955,0.1669347,-0.1784193,0.04478456,0.001338513,0.1839589,0.1061907,-0.08505614,0.03108358,0.1395608,-0.3147468,0.9013079,-0.1231379,0.270953,148.558,-0.3269782,0.9363337,-0.1279231,-0.1435751,0.04696382,-0.01825184,0.1521596,0.1644993,-0.4908699,-0.2397171,0.8212931,69.5711,0.288339,-0.8604108,-0.420183,0.0896731,1.112961,0.2789075,1.150875,0.4870247,-0.7177405,0.1172666,0.4836363,122.1537,0.5564286,-0.8200227,0.1339777,0.1085871,-0.08402368,0.02345336,0.1392882,0.4044608,-0.1875026,-0.7017967,0.5556399,112.4904,0.4864681,-0.22552,-0.8440909,-0.4661006,-0.2316677,-0.3348759,0.6189197,0.4028115,0.1164802,0.8968657,0.1407379,163.8189,0.406861,0.1176511,0.9058821,0.0103269,-0.01296103,0.02109247,0.02682398,0.04987236,-0.09869756,0.02325292,0.993595,12.97655,0.4413486,-0.8734303,0.2057782,-0.09023282,1.208032,-0.05890175,1.212828,0.01079139,-0.1116315,-0.1554233,-0.9814609,337.9004,0.05630416,-0.5824381,-0.8109224,True,True,False,False
1772879694676,20.29392,0.1528447,1.059643,0.1668141,1.083527,-0.450103,-0.6987259,0.2093057,0.5151509,117.9849,-0.5251467,-0.8152215,0.2442024,-0.1006602,0.6305482,-0.06000268,0.6413453,0.5273185,0.2351165,-0.7626901,0.291478,146.1071,0.5512553,0.2457893,-0.7973113,0.06895564,1.104844,0.2631804,1.137848,0.1023702,1.134545,0.2921189,1.176013,0.1103128,1.117987,0.3012964,1.163118,-0.0146055,0.6415213,0.03194596,0.6424823,-0.00249384,0.6400375,0.07512948,0.6444367,-0.02177576,0.6328989,0.1062115,0.6421184,0.09476879,-0.08462557,0.04716294,0.1355247,0.1330957,-0.07763362,0.01085466,0.1544645,0.1234789,-0.0896891,-0.002697557,0.1526383,-0.1122953,0.04699278,-0.03408533,0.1264135,-0.1559756,0.05423604,-0.02678557,0.1672943,-0.1785508,0.04442561,0.001195848,0.1839985,0.09427451,-0.0854874,0.04548392,0.1351465,0.1343607,-0.07712714,0.01070244,0.1552931,0.1275288,-0.08869272,-0.0034764,0.1553772,-0.1122196,0.04736222,-0.03341867,0.126306,-0.1553165,0.05520052,-0.0265673,0.1669614,-0.1784292,0.04475757,0.001327785,0.1839619,0.1061897,-0.08502092,0.03114327,0.1395518,-0.3133331,0.9026808,-0.1230038,0.2680673,148.9014,-0.3252366,0.9369737,-0.1276767,-0.1435547,0.04693102,-0.01829958,0.152136,0.1637449,-0.4909,-0.2386416,0.821739,69.48148,0.2873404,-0.8614335,-0.4187694,0.09000654,1.11233,0.2793356,1.150395,0.4790633,-0.7258145,0.1176844,0.4794185,122.7051,0.5458874,-0.8270575,0.1341001,0.1086567,-0.08383838,0.02373317,0.1392782,0.4002873,-0.1865346,-0.7041718,0.5559829,112.4431,0.4815812,-0.2244177,-0.8471813,-0.4660678,-0.2326514,-0.3353556,0.6195234,0.4067689,0.1103693,0.8960306,0.1395958,163.9511,0.4107911,0.1114606,0.9048907,0.009993464,-0.01233006,0.02066436,0.02605601,0.04993977,-0.0910924,0.03265948,0.9940532,12.50332,0.4586017,-0.8365102,0.2999151,-0.08993381,1.207881,-0.05876286,1.212649,0.009444159,-0.1114269,-0.1549135,-0.9815787,337.9709,0.04943078,-0.5832089,-0.8108184,True,True,False,False
1772879694689,20.3078,0.1538592,1.05804,0.1678899,1.08227,-0.4551274,-0.6987018,0.2052373,0.5123988,118.3525,-0.5299897,-0.8136289,0.2389961,-0.1002577,0.6273839,-0.05949188,0.6381235,0.5273132,0.2352024,-0.7627978,0.2911362,146.148,0.5511898,0.2458523,-0.7973371,0.06988887,1.104333,0.263687,1.137527,0.1029031,1.133705,0.2926233,1.175374,0.1105991,1.117,0.3019053,1.162355,-0.01428733,0.6382355,0.03248356,0.6392213,-0.002002027,0.6367682,0.07549448,0.641231,-0.02107038,0.6294738,0.1064555,0.6387597,0.09496547,-0.08468449,0.04670402,0.1355403,0.1331358,-0.07769724,0.01086892,0.154532,0.1234439,-0.08978961,-0.002705783,0.1526692,-0.1123024,0.04693503,-0.03396216,0.1263651,-0.1558765,0.05426793,-0.02685276,0.1672231,-0.1783617,0.04471622,0.001050219,0.1838845,0.09433255,-0.08541995,0.04558642,0.1351788,0.1342578,-0.07717503,0.01071642,0.1552288,0.1271856,-0.08878487,-0.00341166,0.155147,-0.1122265,0.04732633,-0.03346432,0.1263109,-0.1553635,0.05512217,-0.02659128,0.1669831,-0.1784235,0.04475409,0.001304467,0.1839554,0.1062092,-0.08498973,0.03116756,0.1395531,-0.3117891,0.9041035,-0.122915,0.2650971,149.2545,-0.3233584,0.937651,-0.1274759,-0.1435238,0.04690548,-0.01835123,0.1521051,0.1626986,-0.4910897,-0.2373901,0.8221958,69.38956,0.285835,-0.8627648,-0.4170558,0.08997796,1.112436,0.2792203,1.150467,0.475057,-0.7299824,0.1183064,0.4769174,123.0315,0.5404836,-0.8305182,0.1346,0.1087955,-0.08389746,0.0238641,0.1394444,0.3969301,-0.188819,-0.7031537,0.5588998,112.0405,0.47867,-0.2277026,-0.8479543,-0.4662803,-0.234927,-0.3370009,0.6214319,0.412639,0.1034138,0.8953699,0.1317098,164.8632,0.4162653,0.1043226,0.9032385,0.01002204,-0.01243579,0.02077967,0.02620849,0.05007569,-0.08672787,0.03723633,0.9942759,12.26689,0.4686788,-0.8117213,0.3485099,-0.08958279,1.207979,-0.05853071,1.21271,0.008579652,-0.1115573,-0.1530255,-0.9818679,338.1451,0.04525936,-0.5884869,-0.8072396,True,True,False,False
1772879694703,20.32136,0.1542841,1.057524,0.1684509,1.081913,-0.4601198,-0.699071,0.1999294,0.509527,118.7353,-0.5347403,-0.8124438,0.2323532,-0.1000321,0.6265584,-0.05942987,0.6372706,0.5273426,0.2351968,-0.7628752,0.2908846,146.1781,0.5511764,0.2458268,-0.7973542,0.06999913,1.104634,0.26352,1.137786,0.1027727,1.133846,0.2924554,1.175457,0.110142,1.116763,0.3017322,1.162039,-0.01406402,0.6373367,0.03252616,0.6383211,-0.001729626,0.6358821,0.07549953,0.6403508,-0.02077037,0.6285407,0.106445,0.6378286,0.09497278,-0.08480439,0.04636572,0.1355042,0.1331279,-0.07754554,0.01092203,0.1544527,0.1231371,-0.08973311,-0.002636701,0.1523868,-0.1122856,0.04693013,-0.03394246,0.1263432,-0.1558439,0.05427436,-0.02689258,0.1672012,-0.1783112,0.04477631,0.001019433,0.18385,0.09438391,-0.08537058,0.04564893,0.1352046,0.1341672,-0.07720475,0.01073292,0.1551664,0.1268609,-0.08886094,-0.003349498,0.1549231,-0.1122313,0.04729455,-0.03350268,0.1263133,-0.155402,0.05505417,-0.02661545,0.1670004,-0.1784145,0.04475587,0.001281603,0.1839469,0.106234,-0.08496437,0.03116009,0.1395549,-0.3103696,0.9053741,-0.1227213,0.2625034,149.5627,-0.3216495,0.9382786,-0.1271814,-0.1434942,0.04688509,-0.01839704,0.1520765,0.1617138,-0.4912903,-0.236233,0.8226035,69.30746,0.2843992,-0.8640116,-0.415453,0.08998483,1.112795,0.2790609,1.150776,0.4701424,-0.7356496,0.1224847,0.4719993,123.6717,0.5332838,-0.8344493,0.1389347,0.1087322,-0.08389778,0.02364156,0.1393573,0.3982531,-0.1879597,-0.7030475,0.5583816,112.1121,0.4800636,-0.2265709,-0.8474696,-0.4661033,-0.2360653,-0.3374696,0.6219845,0.4157481,0.1002872,0.8949246,0.1273032,165.3725,0.4191584,0.1011098,0.9022655,0.01001517,-0.01279521,0.02093908,0.02650408,0.05179545,-0.07801174,0.04156925,0.994738,11.76087,0.5055546,-0.7614414,0.4057409,-0.0893466,1.208113,-0.05830237,1.212814,0.008734121,-0.1113237,-0.1526245,-0.9819555,338.1981,0.04618485,-0.5886647,-0.8070577,True,True,False,False
1772879694717,20.33577,0.1549233,1.057255,0.1688567,1.081805,-0.4660445,-0.6995816,0.1928696,0.5061516,119.1843,-0.5403763,-0.8111613,0.2236313,-0.0997249,0.6261654,-0.0594555,0.6368384,0.527364,0.2351704,-0.7629521,0.2906655,146.2044,0.5511605,0.2457821,-0.7973791,0.07044448,1.10548,0.2632364,1.13857,0.1027816,1.134384,0.2922833,1.175934,0.1096665,1.116916,0.3016715,1.162124,-0.01367668,0.6368957,0.03241173,0.6378665,-0.001420256,0.6354939,0.07547364,0.6399616,-0.02046428,0.6280987,0.1064165,0.6373785,0.09522969,-0.08489934,0.0457515,0.1355352,0.1333483,-0.07747106,0.01087095,0.1546018,0.1231418,-0.08986884,-0.002649173,0.1524707,-0.1122293,0.04697569,-0.03401304,0.126329,-0.1558627,0.05421063,-0.02692086,0.1672026,-0.1783139,0.04475049,0.001030445,0.1838465,0.09445028,-0.0853336,0.04565698,0.1352303,0.1341029,-0.07722565,0.01074375,0.155122,0.126569,-0.08894003,-0.003294541,0.1547285,-0.1122311,0.04726952,-0.03354273,0.1263145,-0.1554382,0.05498797,-0.02663941,0.1670161,-0.1784066,0.04475545,0.001261894,0.183939,0.1062867,-0.08494594,0.03110546,0.1395715,-0.3091784,0.9064568,-0.12266,0.2601908,149.8372,-0.3202072,0.9387915,-0.1270354,-0.1434641,0.04686714,-0.01844142,0.1520479,0.1607683,-0.4914677,-0.2350385,0.8230249,69.2225,0.2830402,-0.865252,-0.4137962,0.08985008,1.113181,0.2788332,1.151084,0.4664769,-0.7412182,0.1246809,0.466315,124.4093,0.5273197,-0.8378956,0.1409431,0.1087502,-0.08411528,0.02333854,0.1394514,0.4017396,-0.1899077,-0.7007869,0.5580664,112.1556,0.4841424,-0.2288606,-0.8445289,-0.465948,-0.237075,-0.3377571,0.6224082,0.4201994,0.09846196,0.8942336,0.1186771,166.3685,0.42319,0.09916274,0.9005981,0.01014992,-0.01318121,0.02116677,0.02692206,0.05116054,-0.06994653,0.04555921,0.9951958,11.23718,0.5225481,-0.7144263,0.4653368,-0.08908142,1.208228,-0.05812341,1.212901,0.009264576,-0.1110895,-0.1520881,-0.9820604,338.2617,0.04913161,-0.5891263,-0.8065489,True,True,False,False
1772879694731,20.34934,0.1552587,1.056933,0.1692313,1.081597,-0.4716407,-0.700093,0.185649,0.5029507,119.6092,-0.5456815,-0.8099974,0.2147932,-0.09971364,0.6262503,-0.05941266,0.636916,0.527364,0.2351704,-0.7629521,0.2906655,146.2044,0.5511605,0.2457821,-0.7973791,0.070687,1.106206,0.2629523,1.139225,0.1025274,1.134834,0.2920481,1.176288,0.1089601,1.116929,0.3014479,1.162013,-0.01361576,0.6370295,0.03241967,0.6379992,-0.001428474,0.6356112,0.07555674,0.6400879,-0.02048269,0.6281987,0.1064749,0.6374873,0.0954894,-0.08492649,0.04509033,0.1355134,0.1335698,-0.07729412,0.01086178,0.1547038,0.1230588,-0.0898554,-0.002631381,0.1523955,-0.1122197,0.04697655,-0.03409043,0.1263417,-0.1559016,0.05417164,-0.02691604,0.1672254,-0.1783233,0.04471825,0.001045354,0.1838478,0.09453655,-0.0852998,0.04560994,0.1352534,0.1340587,-0.07723133,0.01075355,0.1550872,0.1262776,-0.08901603,-0.003239483,0.1545328,-0.1122302,0.0472452,-0.0335882,0.1263166,-0.1554767,0.0549202,-0.02666238,0.1670332,-0.1783997,0.04475236,0.001243916,0.1839314,0.1063708,-0.08492471,0.03099824,0.1395989,-0.3079721,0.9075064,-0.1226207,0.2579718,150.1005,-0.3187614,0.9392994,-0.1269165,-0.1434329,0.04684824,-0.01848827,0.1520183,0.1598346,-0.4916069,-0.2338433,0.8234639,69.13387,0.2817121,-0.8664683,-0.4121541,0.08969948,1.113594,0.2786243,1.15142,0.4657168,-0.7445562,0.1269629,0.4611121,125.0822,0.5248449,-0.8390861,0.1430823,0.1088583,-0.08412138,0.02298361,0.1394804,0.4042298,-0.1917379,-0.7000284,0.5565925,112.3591,0.4865632,-0.2307911,-0.84261,-0.4657121,-0.2373788,-0.3379501,0.6224522,0.4258637,0.09654173,0.8926098,0.1121067,167.1265,0.4285652,0.09715414,0.8982721,0.01030052,-0.01359379,0.02137569,0.02734615,0.05003795,-0.06346144,0.04624434,0.9956558,10.68516,0.5374042,-0.6815716,0.4966611,-0.08868459,1.208239,-0.05790526,1.212873,0.01005614,-0.1109625,-0.1519303,-0.9820913,338.2805,0.05337498,-0.5889555,-0.8064006,True,True,False,False
1772879694745,20.36231,0.1555368,1.056733,0.169575,1.081495,-0.4766495,-0.7004836,0.1786805,0.5002013,119.9734,-0.5504614,-0.8089574,0.2063501,-0.09973386,0.6263437,-0.05933887,0.6370043,0.527364,0.2351704,-0.7629521,0.2906655,146.2044,0.5511605,0.2457821,-0.7973791,0.07082317,1.106939,0.2626592,1.139877,0.1022837,1.1352,0.2920695,1.176625,0.1083733,1.117082,0.3012865,1.162063,-0.01356832,0.6371907,0.03246197,0.6381613,-0.001487073,0.6357653,0.07567564,0.640255,-0.02055854,0.6283517,0.1065893,0.6376597,0.09570501,-0.08492702,0.04460582,0.1355055,0.1338063,-0.07731356,0.01078667,0.1549124,0.1230822,-0.0897667,-0.002638355,0.1523623,-0.1122219,0.04697617,-0.03419122,0.1263707,-0.1559454,0.05409912,-0.02691568,0.1672427,-0.1783579,0.04463471,0.001056388,0.1838612,0.09462835,-0.08527051,0.04553105,0.1352725,0.1340388,-0.07723779,0.01075615,0.1550734,0.1260266,-0.089075,-0.003192257,0.1543608,-0.1122295,0.04722406,-0.03363557,0.1263207,-0.1555135,0.05485569,-0.02668228,0.1670495,-0.1783964,0.04474312,0.001229183,0.1839259,0.1064635,-0.08490377,0.03087469,0.1396294,-0.3066124,0.9085025,-0.1224908,0.2561406,150.3176,-0.3171942,0.9398566,-0.1267182,-0.143406,0.04682845,-0.01853285,0.1519922,0.1590368,-0.4916833,-0.2327715,0.8238764,69.05052,0.2806023,-0.8675189,-0.4106987,0.08967676,1.114276,0.278456,1.152037,0.4621033,-0.7477373,0.1313643,0.4583588,125.4375,0.5199374,-0.8413197,0.1478051,0.1089532,-0.08409965,0.02271325,0.1394971,0.4086387,-0.1931579,-0.700004,0.5529003,112.8676,0.490417,-0.2318133,-0.8400914,-0.4654725,-0.2376841,-0.3381695,0.6225086,0.4303967,0.09741861,0.8908851,0.1076675,167.6383,0.4329132,0.0979882,0.8960939,0.01032324,-0.01427555,0.02154404,0.02782995,0.05288738,-0.05739968,0.04853648,0.9957674,10.5471,0.575421,-0.6245153,0.5280825,-0.08830683,1.208399,-0.05781899,1.213001,0.01004495,-0.1111858,-0.1523638,-0.981999,338.2245,0.05317998,-0.5886398,-0.8066446,True,True,False,False
1772879694759,20.37686,0.1561398,1.056701,0.1700543,1.081626,-0.4812292,-0.7008304,0.1720551,0.4976467,120.3111,-0.5548079,-0.8079856,0.1983618,-0.09989525,0.6265308,-0.0592765,0.6372076,0.527364,0.2351704,-0.7629521,0.2906655,146.2044,0.5511605,0.2457821,-0.7973791,0.07110453,1.107711,0.2623964,1.140584,0.1024775,1.135643,0.2918918,1.177025,0.1084176,1.118056,0.3015238,1.163065,-0.01361715,0.6374382,0.03245527,0.6384091,-0.001672518,0.6359691,0.07573552,0.640465,-0.02078315,0.6286339,0.1067102,0.6379651,0.09579442,-0.08493011,0.04438915,0.1354994,0.1338053,-0.07703999,0.01081271,0.154777,0.1238076,-0.08938684,-0.002787471,0.1527289,-0.1121996,0.04701408,-0.03432965,0.1264026,-0.1559397,0.0540705,-0.02691162,0.1672275,-0.1784143,0.04451945,0.001054868,0.1838879,0.09471627,-0.08524484,0.04544495,0.1352889,0.1340212,-0.07722288,0.01076041,0.1550511,0.1258593,-0.08909851,-0.003161737,0.1542371,-0.1122273,0.04720823,-0.0336879,0.1263268,-0.1555456,0.05479649,-0.02669957,0.1670627,-0.1783977,0.04472626,0.00121604,0.183923,0.1065506,-0.08487985,0.03075956,0.1396559,-0.3058478,0.9091322,-0.122376,0.2548724,150.468,-0.3162934,0.940182,-0.1265555,-0.1433838,0.04680824,-0.0185766,0.1519705,0.1584407,-0.4916776,-0.2318893,0.8242434,68.9763,0.279814,-0.8683266,-0.4095278,0.08974249,1.114499,0.2784563,1.152258,0.457836,-0.7534394,0.1313834,0.45327,126.0927,0.51363,-0.8452568,0.1473944,0.1091176,-0.08401275,0.02276559,0.1395818,0.413952,-0.1936008,-0.697179,0.5523621,112.9416,0.496581,-0.2322455,-0.8363429,-0.4653901,-0.2379326,-0.3386682,0.622813,0.4321903,0.09670566,0.8908917,0.1008554,168.4232,0.4344052,0.09720127,0.8954574,0.01025751,-0.01449859,0.02154371,0.02792055,0.051125,-0.05076614,0.05396602,0.9959401,10.32927,0.5679438,-0.5639572,0.5995043,-0.08790186,1.208384,-0.05765773,1.212948,0.01119865,-0.1115377,-0.1522079,-0.9819708,338.2074,0.05924195,-0.5900453,-0.8051941,True,True,False,False
1772879694773,20.39032,0.1567668,1.05637,0.1705941,1.081478,-0.4849012,-0.7011327,0.1666418,0.4954941,120.5953,-0.5582488,-0.8071882,0.1918485,-0.09994353,0.6265522,-0.05925348,0.6372341,0.527364,0.2351704,-0.7629521,0.2906655,146.2044,0.5511605,0.2457821,-0.7973791,0.07128152,1.108099,0.262154,1.140916,0.1027573,1.135801,0.2922599,1.177293,0.1084587,1.118351,0.3019261,1.163456,-0.01363812,0.6374629,0.03245666,0.6384344,-0.001726855,0.63605,0.07577199,0.6405497,-0.02082938,0.6286588,0.1067314,0.6379948,0.09584583,-0.08487223,0.04446503,0.1355244,0.1340913,-0.07703315,0.01069596,0.1550128,0.1242769,-0.08927683,-0.002877682,0.153047,-0.1121874,0.0470317,-0.03435731,0.1264058,-0.1559623,0.05402276,-0.02694269,0.1672382,-0.1784138,0.04451838,0.001050495,0.1838871,0.09481086,-0.08521364,0.04536289,0.135308,0.1340271,-0.07720699,0.01075502,0.1550479,0.1257268,-0.08911344,-0.00313795,0.1541372,-0.1122239,0.04719345,-0.03374396,0.1263332,-0.1555805,0.05473169,-0.02671993,0.1670773,-0.1783991,0.04470885,0.001202178,0.18392,0.1066436,-0.08485115,0.03065422,0.1396863,-0.3050804,0.9097182,-0.1222766,0.2537466,150.6013,-0.3154033,0.9405,-0.126414,-0.1433598,0.04678787,-0.01862353,0.1519473,0.1577582,-0.4916862,-0.2308501,0.8246607,68.89178,0.2789082,-0.8692754,-0.4081308,0.08998378,1.114479,0.2786526,1.152306,0.4518269,-0.7595931,0.1278948,0.4500154,126.5107,0.5059534,-0.8505883,0.1432159,0.1092319,-0.08397667,0.02284241,0.139662,0.4132089,-0.195525,-0.6967815,0.5527423,112.8893,0.4958395,-0.2346247,-0.8361188,-0.4654395,-0.2379978,-0.3388861,0.6229934,0.4379795,0.09299935,0.8890182,0.09577032,169.0087,0.440002,0.0934288,0.8931235,0.01001623,-0.01447928,0.02134737,0.02767101,0.04825754,-0.04690135,0.0625423,0.9957712,10.54234,0.5252831,-0.510521,0.6807727,-0.08766185,1.208537,-0.05750363,1.213076,0.01166702,-0.1115921,-0.1522569,-0.9819516,338.1957,0.06168703,-0.5900209,-0.8050278,True,True,False,False
1772879694787,20.40478,0.1579919,1.056013,0.1716512,1.081475,-0.488031,-0.701553,0.1618725,0.4934029,120.871,-0.5610836,-0.8065674,0.186103,-0.1000358,0.6267568,-0.05921004,0.6374458,0.527364,0.2351704,-0.7629521,0.2906655,146.2044,0.5511605,0.2457821,-0.7973791,0.0715101,1.108169,0.2620327,1.14097,0.1033672,1.135116,0.2928414,1.17683,0.10899,1.117924,0.302415,1.163223,-0.01373604,0.6376252,0.03249697,0.6386005,-0.001789455,0.6362873,0.07578753,0.6407874,-0.02086147,0.6287812,0.1067072,0.6381124,0.09551512,-0.08488144,0.04516801,0.1355291,0.1335623,-0.07729144,0.01074377,0.1546877,0.123952,-0.08922607,-0.002822667,0.1527526,-0.1121746,0.04705849,-0.03432639,0.126396,-0.1559506,0.05402121,-0.02699354,0.167235,-0.1783506,0.04462285,0.001042552,0.1838511,0.09486578,-0.08518773,0.04534769,0.1353251,0.1339908,-0.07721358,0.01075414,0.1550198,0.1255884,-0.08912223,-0.003113362,0.1540289,-0.1122201,0.04718293,-0.03378938,0.126338,-0.1556094,0.05467628,-0.02674127,0.1670894,-0.1783953,0.04470214,0.001189729,0.1839146,0.1066791,-0.08483175,0.03061722,0.1396935,-0.3042694,0.9103406,-0.122007,0.2526154,150.7353,-0.3144686,0.9408556,-0.1260967,-0.1433363,0.04677507,-0.01866339,0.1519261,0.1570328,-0.4917431,-0.2297933,0.8250603,68.81079,0.2779122,-0.8702729,-0.4066816,0.09104108,1.113923,0.2799214,1.152158,0.4386739,-0.7702755,0.1177137,0.4476431,126.8149,0.4905702,-0.8614011,0.1316396,0.1090454,-0.0839873,0.02340895,0.1396164,0.4093219,-0.1946308,-0.6974269,0.5551309,112.5605,0.4921135,-0.2339979,-0.8384923,-0.4656313,-0.2376137,-0.3389089,0.6230025,0.4434646,0.08555163,0.8873531,0.09286977,169.3425,0.4453894,0.08592296,0.8912046,0.008958921,-0.01392317,0.02007863,0.02602438,0.04288696,-0.04440385,0.08152357,0.9947578,11.73864,0.4193915,-0.4342252,0.7972189,-0.08721247,1.208435,-0.05739726,1.212937,0.01271703,-0.1118381,-0.1519919,-0.9819517,338.1957,0.06723887,-0.5913224,-0.8036283,True,True,False,False
1772879694800,20.41932,0.1610468,1.055126,0.1744576,1.081509,-0.4916305,-0.7024095,0.1563465,0.4903838,121.2684,-0.5641156,-0.8059716,0.1793979,-0.1001939,0.6273272,-0.05918237,0.6380289,0.527364,0.2351704,-0.7629521,0.2906655,146.2044,0.5511605,0.2457821,-0.7973791,0.07256787,1.107691,0.2628004,1.14075,0.1053096,1.13326,0.2946849,1.175673,0.11079,1.115832,0.3038506,1.161758,-0.01374362,0.6383514,0.0324478,0.6393232,-0.001928319,0.636968,0.07585736,0.641472,-0.02107639,0.6294351,0.1067993,0.6387792,0.09479734,-0.08495544,0.04682022,0.1356322,0.132274,-0.077781,0.0109531,0.1538384,0.1222747,-0.08942018,-0.002549738,0.1515044,-0.1121741,0.04705433,-0.03455619,0.1264566,-0.1560171,0.05395281,-0.02706574,0.1672866,-0.178412,0.04451996,0.001046374,0.1838857,0.09486008,-0.08516839,0.0454703,0.1353501,0.1338479,-0.07726082,0.01077071,0.1549209,0.1253124,-0.08914704,-0.003066431,0.1538174,-0.1122163,0.04717222,-0.03385323,0.1263477,-0.1556433,0.05461604,-0.02676829,0.1671057,-0.1783967,0.04468697,0.001177792,0.1839122,0.1066207,-0.08482744,0.03068823,0.1396619,-0.3029571,0.9114493,-0.1212764,0.2505383,150.9813,-0.3129377,0.941476,-0.1252717,-0.1433155,0.04675809,-0.01871242,0.1519072,0.1563336,-0.4917055,-0.228733,0.82551,68.71954,0.2769969,-0.8712196,-0.4052765,0.09121031,1.113984,0.2802198,1.152303,0.4326719,-0.7762585,0.1175007,0.4431834,127.3857,0.4826606,-0.8659434,0.1310761,0.1085613,-0.08413056,0.02484066,0.1395728,0.397447,-0.1897586,-0.6990821,0.5633044,111.4307,0.4810254,-0.2296626,-0.8460909,-0.4669135,-0.2360266,-0.3385577,0.6231678,0.451437,0.06760029,0.8851243,0.09049935,169.6153,0.453297,0.06787883,0.8887712,0.008789688,-0.01398349,0.01978022,0.02576924,0.04189659,-0.03801418,0.08858465,0.9944609,12.06677,0.3986057,-0.3616682,0.8427975,-0.08678868,1.208476,-0.05741342,1.212948,0.01227111,-0.1120441,-0.152071,-0.9819216,338.1775,0.06482771,-0.5919236,-0.8033844,True,True,False,False
1772879694815,20.43225,0.1620225,1.054594,0.1754912,1.081303,-0.4950583,-0.7035279,0.1510324,0.4869856,121.7147,-0.5668109,-0.8054956,0.1729227,-0.1002097,0.6274508,-0.05918362,0.6381529,0.527364,0.2351704,-0.7629521,0.2906655,146.2044,0.5511605,0.2457821,-0.7973791,0.07282787,1.107684,0.2628133,1.140762,0.1054229,1.133008,0.2951204,1.175549,0.1107062,1.115607,0.304323,1.161657,-0.01380925,0.6384283,0.03245069,0.6394016,-0.001968567,0.6371472,0.07589421,0.6416544,-0.02110637,0.6295778,0.1068141,0.6389232,0.09473518,-0.0850265,0.04685134,0.135644,0.1322487,-0.0778038,0.01096177,0.1538289,0.1223105,-0.08937111,-0.002558529,0.1515044,-0.1121552,0.04705331,-0.0344905,0.1264215,-0.1560572,0.05389383,-0.02707379,0.1673062,-0.1784269,0.0444956,0.001048453,0.1838943,0.09484963,-0.08515652,0.04558592,0.1353741,0.133714,-0.07730628,0.0107867,0.1548291,0.1250612,-0.0891658,-0.003023914,0.1536228,-0.1122111,0.04716226,-0.03390658,0.1263538,-0.155678,0.05455558,-0.02679386,0.1671223,-0.1783992,0.04467095,0.001166965,0.1839107,0.1065608,-0.08482721,0.03075835,0.1396315,-0.3017147,0.9124659,-0.1205245,0.248693,151.1996,-0.3115013,0.9420633,-0.1244339,-0.1432946,0.0467413,-0.01875588,0.1518877,0.1556272,-0.4917263,-0.2276042,0.825943,68.63157,0.2760553,-0.8722361,-0.4037299,0.09200782,1.113678,0.2814682,1.152375,0.4231136,-0.784106,0.1156865,0.4390551,127.9128,0.470932,-0.872722,0.1287609,0.1087215,-0.08409333,0.02484903,0.1396765,0.3955314,-0.189752,-0.6984039,0.565492,111.1271,0.4795751,-0.230071,-0.8468029,-0.4672341,-0.2358687,-0.3385395,0.6233383,0.4566592,0.06221843,0.8834035,0.08479331,170.2717,0.4583097,0.0624433,0.8865964,0.007992178,-0.01367784,0.01853186,0.02438007,0.04096666,-0.03148498,0.099948,0.9936503,12.92033,0.3641075,-0.2798353,0.8883275,-0.08632381,1.208212,-0.05731479,1.212648,0.01226596,-0.112304,-0.1516954,-0.98195,338.1947,0.06485106,-0.5937601,-0.802025,True,True,False,False
1772879694828,20.44577,0.1641612,1.05387,0.177642,1.081271,-0.4990362,-0.7047725,0.1445218,0.4830861,122.2257,-0.5699539,-0.8049273,0.1650598,-0.1002392,0.6275892,-0.05932167,0.6383065,0.527364,0.2351704,-0.7629521,0.2906655,146.2044,0.5511605,0.2457821,-0.7973791,0.0737239,1.10747,0.2634725,1.140764,0.1065207,1.13242,0.2966115,1.175458,0.1115407,1.114792,0.305517,1.161268,-0.01378897,0.6384579,0.03225766,0.639421,-0.00203174,0.6373227,0.07580753,0.6418186,-0.0211216,0.6296935,0.106659,0.6390119,0.09443294,-0.08519093,0.04736688,0.1357155,0.1320991,-0.07794851,0.01096395,0.1537737,0.1218407,-0.0893378,-0.002463743,0.1511042,-0.1120959,0.04716901,-0.03446964,0.1264063,-0.1561035,0.05384123,-0.02705876,0.1673301,-0.1784104,0.04452272,0.001048379,0.1838848,0.0948183,-0.0851591,0.04571981,0.135399,0.1335926,-0.07735457,0.01080003,0.1547493,0.124819,-0.08917873,-0.002981799,0.1534325,-0.1122025,0.04716277,-0.03394891,0.1263576,-0.15571,0.05450188,-0.02681378,0.1671377,-0.1784001,0.04465981,0.001158049,0.1839087,0.1064837,-0.0848353,0.03085026,0.1395978,-0.3003528,0.913483,-0.1195992,0.247049,151.3941,-0.3099606,0.9427039,-0.123425,-0.1432706,0.04673241,-0.01879289,0.1518669,0.1549557,-0.4917892,-0.2264298,0.8263544,68.5479,0.2751586,-0.8732823,-0.402077,0.09213802,1.113811,0.2816609,1.152561,0.4187711,-0.7881623,0.1192925,0.4349716,128.433,0.4650717,-0.8753039,0.1324818,0.1086816,-0.08436867,0.02516355,0.1398677,0.3917169,-0.1882377,-0.6970626,0.5702879,110.4594,0.4768633,-0.2291544,-0.8485811,-0.4686797,-0.2350493,-0.3383345,0.6240025,0.4624719,0.05265906,0.8816171,0.07809126,171.0423,0.4638884,0.05282035,0.8843175,0.007861979,-0.01381087,0.01833913,0.02426674,0.042689,-0.02438957,0.103358,0.9934285,13.14447,0.3729742,-0.2130919,0.9030401,-0.08593895,1.208304,-0.05722174,1.212707,0.01165429,-0.1125239,-0.1513522,-0.9819853,338.2161,0.06167682,-0.5954987,-0.8009859,True,True,False,False
1772879694842,20.45981,0.1649413,1.053358,0.1785798,1.081046,-0.5026183,-0.7061499,0.1383278,0.4791584,122.7391,-0.5726353,-0.8045199,0.1575975,-0.100217,0.6275249,-0.05936836,0.6382441,0.527364,0.2351704,-0.7629521,0.2906655,146.2044,0.5511605,0.2457821,-0.7973791,0.07390504,1.107568,0.2633999,1.140854,0.1063661,1.132302,0.296684,1.175348,0.1112031,1.114864,0.3058136,1.161382,-0.01367418,0.6383904,0.03217414,0.6393468,-0.002018128,0.6372808,0.07579967,0.6417761,-0.02110574,0.6296382,0.1066194,0.6389502,0.09450938,-0.08523361,0.04715918,0.1357232,0.1320869,-0.07773795,0.01103327,0.1536615,0.1221331,-0.08908696,-0.002493456,0.1511926,-0.112086,0.04723724,-0.03454165,0.1264427,-0.1561421,0.05381701,-0.02705505,0.1673577,-0.178417,0.04451142,0.00104896,0.1838886,0.09479412,-0.08516493,0.04583247,0.1354238,0.1334748,-0.07738457,0.01081828,0.1546639,0.1246088,-0.08917155,-0.002943579,0.1532566,-0.1121934,0.0471686,-0.0339953,0.1263642,-0.1557438,0.05444828,-0.02683266,0.1671548,-0.1784014,0.0446482,0.001149512,0.1839071,0.1064158,-0.08483996,0.03092885,0.1395663,-0.2992518,0.9143401,-0.1186385,0.2456739,151.5567,-0.308713,0.9432482,-0.1223894,-0.1432452,0.04672595,-0.01883223,0.1518459,0.1542961,-0.4918275,-0.2252157,0.8267868,68.45987,0.2742967,-0.874336,-0.4003726,0.09228143,1.113977,0.2818435,1.152777,0.4163329,-0.7912644,0.1201408,0.4314323,128.883,0.4614921,-0.877092,0.1331723,0.1089383,-0.08422147,0.02489568,0.1399307,0.394496,-0.1883857,-0.6948686,0.5710005,110.36,0.4805361,-0.2294728,-0.8464203,-0.4689734,-0.2351293,-0.3384582,0.6243202,0.4656099,0.05102887,0.8806677,0.07090916,171.8676,0.4667849,0.05115763,0.88289,0.007718571,-0.01397669,0.01815656,0.02417819,0.04201232,-0.01975212,0.1059714,0.9932849,13.28727,0.3631345,-0.1707279,0.9159665,-0.0856984,1.208573,-0.05695576,1.212945,0.01247358,-0.1122443,-0.1512139,-0.9820285,338.2424,0.06609135,-0.5947275,-0.8012078,True,True,False,False
1772879694856,20.47348,0.1656435,1.053088,0.1793016,1.081009,-0.5051364,-0.7073938,0.1333925,0.4760649,123.1426,-0.5744037,-0.8043957,0.151684,-0.1002,0.6273614,-0.05940465,0.6380841,0.527364,0.2351704,-0.7629521,0.2906655,146.2044,0.5511605,0.2457821,-0.7973791,0.07415608,1.107803,0.263336,1.141084,0.1063242,1.132415,0.2968709,1.175501,0.1110692,1.115206,0.3061134,1.161778,-0.01358597,0.6382137,0.032103,0.639165,-0.002035227,0.6372041,0.07583593,0.6417042,-0.021086,0.6294712,0.10658,0.6387784,0.09465696,-0.08519344,0.0469851,0.1357404,0.1322693,-0.07757095,0.0110355,0.1537342,0.122592,-0.08878632,-0.002553031,0.151388,-0.1120702,0.04729784,-0.03459202,0.1264651,-0.156218,0.05372716,-0.02706582,0.1674014,-0.1784141,0.04451605,0.001048453,0.1838869,0.094783,-0.08516724,0.04592593,0.1354491,0.133377,-0.07739968,0.0108359,0.1545883,0.1244453,-0.08914031,-0.00291191,0.1531049,-0.1121834,0.04717908,-0.03404369,0.1263722,-0.1557822,0.0543898,-0.02685157,0.1671747,-0.1784024,0.04463748,0.001141317,0.1839055,0.1063624,-0.08483649,0.0309995,0.1395391,-0.2982496,0.9150792,-0.1176303,0.2446229,151.6809,-0.3075948,0.9437521,-0.121316,-0.1432163,0.04672184,-0.01887407,0.1518224,0.1535462,-0.4918828,-0.2238087,0.8272754,68.36027,0.2733129,-0.8755532,-0.3983803,0.09312521,1.114405,0.2826993,1.153468,0.4149579,-0.7957156,0.1214519,0.4241416,129.8073,0.4582153,-0.8786652,0.1341127,0.109165,-0.08413246,0.02467893,0.1400154,0.3955718,-0.1877238,-0.6945627,0.5708462,110.3815,0.4817836,-0.2286368,-0.8459373,-0.4692785,-0.2352906,-0.3386888,0.6247352,0.468935,0.04954664,0.8792765,0.06721783,172.2916,0.4699979,0.04965895,0.8812695,0.006874792,-0.01440454,0.01730075,0.02353868,0.03916449,-0.01167602,0.1077715,0.9933354,13.23718,0.3397942,-0.101302,0.9350339,-0.08541466,1.208637,-0.05684778,1.212984,0.01283137,-0.1121566,-0.15069,-0.9821145,338.2946,0.06814879,-0.5956755,-0.8003307,True,True,False,False
1772879694869,20.48822,0.1672848,1.053146,0.1807332,1.081557,-0.5071014,-0.7085882,0.1290024,0.4734021,123.4893,-0.5756978,-0.8044401,0.1464527,-0.100393,0.627124,-0.05942938,0.6378833,0.527364,0.2351704,-0.7629521,0.2906655,146.2044,0.5511605,0.2457821,-0.7973791,0.07533886,1.108484,0.263952,1.141965,0.1073542,1.132999,0.2980534,1.176455,0.1123654,1.11713,0.3078584,1.164209,-0.0137852,0.6379224,0.0320635,0.6388764,-0.00219078,0.6370562,0.07580845,0.6415547,-0.02124734,0.6293427,0.1065468,0.6386516,0.09491657,-0.08498075,0.04701928,0.1358002,0.132745,-0.0774,0.01095843,0.1540522,0.1245102,-0.08809006,-0.002860948,0.1525478,-0.112044,0.04733308,-0.03455689,0.1264455,-0.1562432,0.05368868,-0.02715129,0.1674264,-0.1784362,0.04445991,0.0009520724,0.1838942,0.09479357,-0.08515249,0.04601241,0.1354766,0.133327,-0.0773997,0.01084559,0.1545459,0.1244504,-0.08905724,-0.00290788,0.1530606,-0.1121724,0.04719126,-0.03408428,0.126378,-0.1558187,0.05433435,-0.02687527,0.1671944,-0.1784051,0.04462344,0.00112635,0.1839046,0.1063235,-0.0848164,0.03109818,0.1395192,-0.2977185,0.9153897,-0.1167291,0.2445398,151.6907,-0.3070405,0.9440517,-0.120384,-0.1431896,0.04671767,-0.01891449,0.151801,0.1528744,-0.4919979,-0.222417,0.8277066,68.27226,0.2724251,-0.8767499,-0.3963515,0.0933006,1.114679,0.2828324,1.15378,0.4159499,-0.7969706,0.124276,0.4199752,130.334,0.4583289,-0.87817,0.1369378,0.1093524,-0.08412102,0.02479915,0.1401759,0.394935,-0.1912706,-0.6947623,0.5698661,110.5182,0.4806096,-0.2327636,-0.8454795,-0.4705224,-0.2350989,-0.3395306,0.6260542,0.4754679,0.04960977,0.8761192,0.06232644,172.8533,0.476394,0.0497064,0.8778257,0.006699398,-0.01467931,0.01716763,0.02356038,0.03860441,-0.006738163,0.106002,0.9935935,12.97818,0.3415899,-0.05962242,0.9379554,-0.08501169,1.208534,-0.05670002,1.212846,0.01278834,-0.1118064,-0.149936,-0.9822703,338.3896,0.06821533,-0.5963959,-0.799786,True,True,False,False
1772879694883,20.50214,0.1677879,1.053142,0.1811692,1.081704,-0.5086562,-0.7096589,0.1250749,0.471179,123.7783,-0.576683,-0.8045675,0.1418022,-0.1004945,0.6271252,-0.05943025,0.6379005,0.527364,0.2351704,-0.7629521,0.2906655,146.2044,0.5511605,0.2457821,-0.7973791,0.07568163,1.108765,0.2639863,1.142268,0.1073154,1.133333,0.2982011,1.176811,0.1123037,1.117882,0.3083067,1.165043,-0.01386796,0.6379796,0.03203787,0.638934,-0.002286438,0.6371422,0.07582735,0.6416426,-0.0213276,0.6294043,0.1065459,0.6387148,0.0951068,-0.08493872,0.04665014,0.1357797,0.1330487,-0.07721725,0.01093267,0.1542206,0.125353,-0.08781408,-0.003003657,0.1530807,-0.1120368,0.04730703,-0.03461492,0.1264452,-0.15628,0.05363064,-0.02720503,0.1674508,-0.1784537,0.04443108,0.0008976236,0.1839039,0.09482011,-0.08513438,0.04606645,0.1355022,0.1333034,-0.07738424,0.01085297,0.1545183,0.1245269,-0.08895189,-0.002915996,0.1530617,-0.1121609,0.04720107,-0.03412925,0.1263836,-0.1558578,0.05427472,-0.02690322,0.1672159,-0.1784092,0.04460714,0.001106967,0.1839045,0.1063045,-0.08478938,0.03118054,0.1395067,-0.2974565,0.9154744,-0.1158999,0.2449359,151.6439,-0.3068019,0.9442365,-0.1195412,-0.1431619,0.04671111,-0.01896013,0.1517786,0.1521726,-0.492127,-0.2209731,0.8281458,68.18253,0.2714883,-0.8779943,-0.3942339,0.09412303,1.115276,0.2833585,1.154552,0.419045,-0.794454,0.1371902,0.4176398,130.6287,0.4611922,-0.8743594,0.1509887,0.1096005,-0.08400584,0.02452217,0.1402518,0.3981223,-0.1927153,-0.6945387,0.5674291,110.8577,0.4834971,-0.2340419,-0.843478,-0.4707781,-0.2351115,-0.339853,0.626426,0.4782468,0.05247092,0.8746564,0.05918878,173.2135,0.4790867,0.05256307,0.8761925,0.005876973,-0.01527584,0.01664156,0.02334162,0.04632941,0.0002563351,0.09710345,0.9941955,12.35276,0.4306123,0.002382527,0.9025356,-0.08471057,1.208433,-0.05660104,1.21272,0.01204463,-0.1117905,-0.1495534,-0.9823399,338.4323,0.0643736,-0.5974744,-0.7993015,True,True,False,False
1772879694897,20.51592,0.1686375,1.053391,0.1816128,1.082153,-0.5097494,-0.7105742,0.1217469,0.4694865,123.9981,-0.5773321,-0.8047823,0.1378882,-0.1007217,0.6272113,-0.0594529,0.6380231,0.527364,0.2351704,-0.7629521,0.2906655,146.2044,0.5511605,0.2457821,-0.7973791,0.07687936,1.109187,0.2646146,1.142903,0.1078572,1.134459,0.2984864,1.178017,0.1128625,1.119183,0.3089879,1.166526,-0.01406365,0.6382645,0.03196846,0.6392193,-0.002523352,0.6373092,0.07585479,0.6418125,-0.02155866,0.6295391,0.1065388,0.6388543,0.09549807,-0.08492658,0.04571218,0.1357277,0.1338676,-0.07671025,0.01098639,0.1546794,0.1265607,-0.08738413,-0.003203794,0.1538306,-0.1120403,0.04718802,-0.03478386,0.1264502,-0.1563403,0.05356303,-0.02723567,0.1674905,-0.1784768,0.04439251,0.0008729845,0.1839169,0.09487467,-0.08511766,0.04603794,0.1355201,0.1333488,-0.07733001,0.0108637,0.1545311,0.1246905,-0.08882575,-0.002939153,0.1531221,-0.1121512,0.04720002,-0.03418192,0.1263888,-0.1558966,0.05421745,-0.02692997,0.1672379,-0.1784146,0.04458987,0.00108814,0.1839055,0.1063425,-0.08475257,0.03119321,0.1395161,-0.2974892,0.9152567,-0.1152222,0.2460271,151.5149,-0.3069231,0.9442812,-0.1188761,-0.1431356,0.04669887,-0.0190093,0.1517561,0.1515376,-0.4921886,-0.2197928,0.8285396,68.10198,0.2706365,-0.8790174,-0.3925359,0.09427967,1.115516,0.2834383,1.154817,0.4207562,-0.7951847,0.140676,0.4133472,131.1694,0.4620782,-0.873279,0.1544917,0.1101042,-0.08387647,0.02400246,0.1404789,0.4103891,-0.1971715,-0.6891724,0.5636894,111.3774,0.4968469,-0.2387102,-0.8343624,-0.4716829,-0.234782,-0.340711,0.6274483,0.475421,0.0629236,0.8760291,0.05088111,174.1669,0.4760376,0.0630052,0.8771651,0.005720332,-0.01551592,0.01656172,0.0234042,0.04600273,0.005327695,0.09425071,0.9944709,12.05591,0.4380642,0.05073334,0.8975088,-0.08436124,1.208554,-0.05640524,1.212807,0.01148566,-0.1115448,-0.1486548,-0.9825109,338.5372,0.06168281,-0.5990424,-0.7983385,True,True,False,False
1772879694911,20.52865,0.1690261,1.053484,0.1817583,1.082328,-0.5105937,-0.7114043,0.1184844,0.4681448,124.1721,-0.5778223,-0.8050731,0.1340849,-0.1007784,0.6272448,-0.05948037,0.6380675,0.5271089,0.2350674,-0.7631077,0.2908026,146.188,0.5509179,0.2456852,-0.7975765,0.07721938,1.10938,0.2646245,1.143115,0.1078827,1.134862,0.2986317,1.178445,0.1127049,1.119251,0.3090309,1.166587,-0.01405699,0.6384128,0.03187255,0.6393625,-0.002532792,0.6374247,0.07578938,0.6419196,-0.02156093,0.6296706,0.1064881,0.6389755,0.09567432,-0.08491394,0.04533997,0.1357191,0.1343157,-0.07654984,0.01094566,0.1549851,0.1267164,-0.08733943,-0.003230393,0.153934,-0.1120343,0.04716696,-0.0348465,0.1264543,-0.1563463,0.05355711,-0.02722518,0.1674925,-0.1784838,0.04437988,0.0008874163,0.1839207,0.09493838,-0.08510143,0.04598232,0.1355357,0.1334259,-0.07726784,0.01087023,0.1545669,0.124852,-0.08870731,-0.00296236,0.1531854,-0.1121418,0.04719739,-0.03423488,0.1263939,-0.1559324,0.05416483,-0.02695349,0.167258,-0.1784202,0.04457313,0.001072146,0.1839067,0.1064042,-0.08471368,0.03117537,0.1395355,-0.2973985,0.9150646,-0.1146014,0.2471388,151.3835,-0.3069191,0.9443585,-0.1182701,-0.1431109,0.04668637,-0.01905626,0.151735,0.1509726,-0.4922107,-0.2187667,0.8289011,68.02796,0.2698853,-0.8798979,-0.3910773,0.09440171,1.115748,0.2835234,1.155072,0.4229531,-0.7948986,0.1435435,0.4106607,131.5073,0.4638721,-0.8718018,0.1574308,0.1103808,-0.08381409,0.02377214,0.1406195,0.4138878,-0.199886,-0.6884624,0.5610365,111.745,0.4999907,-0.2414691,-0.8316863,-0.4721391,-0.2347167,-0.34065,0.6277338,0.4782212,0.06682762,0.8743924,0.04771376,174.5303,0.4787665,0.06690381,0.8753893,0.005598292,-0.01574826,0.01647663,0.02346973,0.04598959,0.008411362,0.09097077,0.9947556,11.74105,0.4496399,0.08223782,0.8894206,-0.08408339,1.208682,-0.05621092,1.212906,0.01155101,-0.1114003,-0.14838,-0.982568,338.5724,0.06213447,-0.5992375,-0.7981563,True,True,False,False
1772879694925,20.54271,0.1692501,1.053576,0.1818742,1.082472,-0.5112399,-0.7120391,0.1156513,0.4671819,124.297,-0.5782202,-0.8053271,0.1308034,-0.1007831,0.6272274,-0.0594934,0.6380524,0.52688,0.2348791,-0.7632612,0.2909672,146.1683,0.5507074,0.2455012,-0.7977786,0.07753754,1.109474,0.2647724,1.143263,0.1078624,1.135165,0.2987517,1.178765,0.1125026,1.119262,0.3090691,1.166588,-0.01404197,0.6384577,0.03179845,0.6394032,-0.002529051,0.6375338,0.07574634,0.6420228,-0.02152915,0.6297686,0.1064601,0.6390663,0.09582388,-0.08492954,0.04486317,0.1356759,0.1346569,-0.07638195,0.01090521,0.1551954,0.1268147,-0.08729775,-0.003246024,0.1539916,-0.1120069,0.04716541,-0.03484584,0.1264293,-0.1563507,0.05351145,-0.02721875,0.167481,-0.1784906,0.044368,0.000903517,0.1839245,0.09500394,-0.0850887,0.04589946,0.1355456,0.133517,-0.07720225,0.01087282,0.1546131,0.1249973,-0.08860295,-0.002983362,0.1532439,-0.1121319,0.04719502,-0.03428011,0.1263964,-0.1559634,0.05411645,-0.02697313,0.1672744,-0.1784254,0.04455794,0.001059661,0.183908,0.1064791,-0.08467682,0.03112715,0.1395595,-0.2972764,0.914878,-0.1140801,0.2482154,151.2561,-0.3068802,0.9444342,-0.1177655,-0.1430884,0.04667497,-0.01909616,0.1517152,0.1504517,-0.4922416,-0.2178163,0.8292276,67.96103,0.2691873,-0.8807157,-0.3897156,0.09493169,1.116249,0.283939,1.155701,0.424943,-0.7911635,0.1599234,0.409766,131.6197,0.4658489,-0.8673225,0.175318,0.11064,-0.08369278,0.02354856,0.1407133,0.4178197,-0.201256,-0.6879756,0.5582225,112.1341,0.5035846,-0.2425673,-0.8291947,-0.4726126,-0.2347128,-0.3405259,0.6280212,0.4796965,0.07070892,0.8733668,0.04606804,174.7191,0.4802062,0.07078406,0.8742948,0.00506831,-0.01624906,0.01606098,0.02340245,0.05766548,0.01578439,0.08115742,0.9949065,11.57067,0.5720685,0.1565885,0.8051196,-0.08384513,1.208698,-0.05604776,1.212899,0.01200948,-0.1111364,-0.1478519,-0.982672,338.6366,0.06479248,-0.5995935,-0.797678,True,True,False,False
1772879694939,20.55727,0.1693928,1.053868,0.1818359,1.082773,-0.5117857,-0.712614,0.113094,0.466333,124.407,-0.5785444,-0.8055692,0.1278463,-0.1006465,0.6269139,-0.05945783,0.6377194,0.5266499,0.2345876,-0.7634327,0.2911683,146.1442,0.5505022,0.2452122,-0.798009,0.07843947,1.109727,0.2654159,1.143719,0.108003,1.136132,0.2987531,1.179709,0.1122681,1.119502,0.3089956,1.166777,-0.01386577,0.6382753,0.03175914,0.6392154,-0.00237893,0.6373442,0.0757304,0.6418321,-0.02133061,0.6295605,0.1064421,0.6388516,0.09625946,-0.08494709,0.04354805,0.1355667,0.1353836,-0.07589054,0.01083949,0.1555815,0.1269461,-0.08726194,-0.003271833,0.15408,-0.1119818,0.04714143,-0.03490383,0.1264141,-0.1563303,0.0534929,-0.02721246,0.167455,-0.1784592,0.04441031,0.0009082705,0.1839043,0.09510587,-0.0850772,0.04570856,0.1355453,0.1336686,-0.07709576,0.01087012,0.1546907,0.1251555,-0.08849408,-0.003006782,0.1533106,-0.1121197,0.04719067,-0.03433075,0.1263977,-0.1559932,0.05406583,-0.02699256,0.1672889,-0.1784281,0.04454596,0.00104737,0.1839077,0.106622,-0.08462827,0.0309747,0.1396052,-0.2972323,0.9145758,-0.1136835,0.2495598,151.0971,-0.3069442,0.9444591,-0.1173981,-0.1430618,0.04666363,-0.01913938,0.1516921,0.1498664,-0.4922612,-0.21684,0.829578,67.88921,0.2683896,-0.8815706,-0.3883299,0.09500268,1.116425,0.2840155,1.155895,0.4254386,-0.7915262,0.1621796,0.4076593,131.8842,0.4659103,-0.8668236,0.1776077,0.1111917,-0.08354566,0.02274657,0.1409286,0.4323651,-0.2068457,-0.679491,0.5554882,112.5113,0.5199668,-0.2487548,-0.8171631,-0.4736055,-0.2349158,-0.3407837,0.6289842,0.4744107,0.08215126,0.875746,0.03541908,175.9404,0.4747086,0.08220284,0.8762959,0.00499732,-0.01642454,0.01598448,0.02345724,0.05804833,0.01860296,0.07981075,0.9949446,11.52736,0.5780237,0.1852413,0.7947257,-0.08356771,1.208754,-0.05588742,1.212928,0.01240115,-0.110798,-0.1474138,-0.9827712,338.698,0.06709625,-0.5994712,-0.7975804,True,True,False,False
1772879694953,20.57098,0.1694856,1.053872,0.1818503,1.082793,-0.5122678,-0.7130398,0.1108524,0.4656908,124.4901,-0.578868,-0.8057424,0.1252643,-0.1005843,0.6267567,-0.05943969,0.6375533,0.5264155,0.2342043,-0.7635981,0.2914672,146.1084,0.5503095,0.2448348,-0.7982579,0.07867695,1.109789,0.2655258,1.14382,0.1079884,1.136401,0.2988119,1.179981,0.1122173,1.120054,0.3093499,1.167395,-0.01377467,0.6382326,0.03173688,0.6391696,-0.002319452,0.6374012,0.07575276,0.6418911,-0.02122502,0.6295751,0.1064263,0.6388598,0.09645079,-0.08491883,0.04313358,0.1355525,0.1357503,-0.07568446,0.01079792,0.1557975,0.1277469,-0.0870911,-0.003414318,0.1546473,-0.1119749,0.04714681,-0.03492248,0.1264151,-0.1563653,0.05343293,-0.02722292,0.1674703,-0.1784435,0.04443516,0.0009041354,0.183895,0.0952186,-0.08506393,0.04549274,0.1355435,0.133843,-0.07697748,0.01086407,0.1547822,0.1253727,-0.08837648,-0.003040939,0.1534209,-0.1121075,0.04718699,-0.03438035,0.1263991,-0.1560244,0.05401278,-0.02701187,0.167304,-0.1784294,0.04453667,0.001035365,0.1839066,0.1067815,-0.08457649,0.03080785,0.1396588,-0.2975368,0.9140369,-0.1134536,0.2512704,150.8946,-0.3073991,0.944334,-0.1172142,-0.1430331,0.04665361,-0.01918275,0.1516674,0.1492042,-0.4923029,-0.2157583,0.8299544,67.81188,0.267472,-0.8825303,-0.3867807,0.09504802,1.116546,0.2841177,1.156041,0.4249717,-0.7923772,0.1655205,0.4051425,132.1999,0.4648291,-0.8666931,0.1810444,0.1114866,-0.08343252,0.02253871,0.1410612,0.4348515,-0.2081694,-0.6784924,0.5542724,112.6788,0.5224475,-0.2501028,-0.8151671,-0.4741875,-0.2349148,-0.3405171,0.6292779,0.475828,0.08405851,0.8748691,0.03355783,176.1538,0.4760961,0.08410587,0.875362,0.004951984,-0.01654565,0.01588231,0.02346335,0.05934003,0.02260951,0.07896921,0.9948526,11.63196,0.5855905,0.2231194,0.7792989,-0.08323696,1.208836,-0.05564415,1.212976,0.01260758,-0.1106368,-0.1467816,-0.9828813,338.7664,0.06843028,-0.6005043,-0.7966878,True,True,False,False
1772879694967,20.58523,0.1695884,1.053956,0.1819039,1.0829,-0.5128646,-0.7133855,0.1083514,0.4650926,124.5676,-0.5793365,-0.8058466,0.1223948,-0.100506,0.626623,-0.05934237,0.6374004,0.5261645,0.2334299,-0.7637989,0.2920152,146.0427,0.5501431,0.2440679,-0.7986071,0.0788306,1.109904,0.2655618,1.143951,0.1079656,1.136605,0.2989126,1.180202,0.1121059,1.120315,0.3095226,1.16768,-0.01371554,0.6382879,0.03181798,0.6392276,-0.002264235,0.637562,0.07584979,0.642062,-0.02114391,0.62975,0.106504,0.6390424,0.09654423,-0.08490427,0.04285187,0.1355205,0.135994,-0.07555977,0.01075122,0.1559463,0.1281225,-0.08698729,-0.003480136,0.1549008,-0.1119707,0.04713759,-0.03492087,0.1264075,-0.1563772,0.0534114,-0.02722905,0.1674755,-0.1784232,0.04446921,0.0008985996,0.1838835,0.09532375,-0.08505126,0.04528326,0.1355393,0.1340137,-0.07686502,0.01085511,0.1548733,0.1255908,-0.08826629,-0.003075777,0.1535365,-0.1120967,0.04718307,-0.03442322,0.1263996,-0.1560524,0.05396508,-0.02702909,0.1673175,-0.1784289,0.04453132,0.001024516,0.1839048,0.1069328,-0.08452767,0.03064802,0.1397099,-0.2979079,0.9134608,-0.1133049,0.252987,150.6913,-0.3079247,0.9441751,-0.1171147,-0.1430061,0.0466456,-0.01922134,0.1516444,0.1485647,-0.4923574,-0.2147524,0.8302977,67.74134,0.2665699,-0.8834373,-0.3853304,0.09535868,1.116867,0.2845594,1.156485,0.4218796,-0.7931826,0.1764307,0.4021831,132.5705,0.460789,-0.8663368,0.1927026,0.1116547,-0.08340079,0.02233717,0.1411433,0.4376591,-0.2104419,-0.6764663,0.5536806,112.7602,0.5255719,-0.2527134,-0.8123485,-0.4750099,-0.2346369,-0.3399146,0.6294686,0.477506,0.08572528,0.8739038,0.03052385,176.5017,0.4777285,0.08576523,0.874311,0.004641317,-0.01686656,0.01544064,0.02333316,0.06713354,0.03118469,0.07712868,0.9942696,12.2736,0.6279876,0.2917111,0.7214851,-0.08307527,1.208742,-0.05531928,1.212855,0.01323634,-0.1106831,-0.1465105,-0.9829083,338.7832,0.07189919,-0.6012257,-0.7958382,True,True,False,False
1772879694980,20.59979,0.1697535,1.054013,0.1820175,1.083001,-0.513568,-0.7136136,0.1057165,0.4645727,124.6349,-0.5799521,-0.8058558,0.1193814,-0.1003333,0.6264557,-0.05917005,0.6371927,0.5259465,0.2327581,-0.7639667,0.2925047,145.9841,0.5500012,0.2434035,-0.7989075,0.0794836,1.110116,0.266033,1.144312,0.1082279,1.137158,0.2992362,1.180841,0.1122627,1.121152,0.3101148,1.168656,-0.01352849,0.6384183,0.03194656,0.6393602,-0.002118435,0.6376791,0.07605053,0.6422015,-0.02100217,0.6299008,0.1066951,0.6392182,0.09690352,-0.08481131,0.04208997,0.1354799,0.1366172,-0.07524661,0.01060493,0.1563291,0.1291796,-0.08672304,-0.003670931,0.1556334,-0.1119739,0.04705951,-0.03503795,0.1264137,-0.1564175,0.05337013,-0.0272381,0.1675014,-0.1784395,0.044442,0.000895679,0.1838928,0.09545352,-0.08503155,0.04502095,0.1355309,0.1342275,-0.07673208,0.01083456,0.154991,0.1258856,-0.08813952,-0.003124665,0.153706,-0.1120866,0.04717292,-0.03447372,0.1264007,-0.1560823,0.05391621,-0.02704626,0.1673325,-0.1784298,0.04452398,0.001013933,0.1839038,0.1071182,-0.08446858,0.03045262,0.1397734,-0.2986165,0.9126052,-0.1133583,0.2552054,150.4285,-0.3088432,0.9438593,-0.1172405,-0.1429789,0.0466335,-0.01926422,0.1516205,0.1479444,-0.4923649,-0.2138558,0.8306352,67.67191,0.2656967,-0.8842493,-0.3840685,0.09542287,1.116987,0.284688,1.156639,0.4208147,-0.7944168,0.1769274,0.4006416,132.7634,0.4592869,-0.867045,0.1931027,0.1121383,-0.08333167,0.02192752,0.1414213,0.444593,-0.2166964,-0.6689647,0.554857,112.5983,0.5344014,-0.2604693,-0.8040965,-0.4760777,-0.2344666,-0.3395936,0.6300384,0.4767744,0.08947407,0.8742288,0.0201197,177.6943,0.4768708,0.08949218,0.8744057,0.00457713,-0.01698732,0.01531199,0.0233233,0.06695247,0.0332255,0.07816046,0.9941351,12.41697,0.61909,0.3072265,0.7227271,-0.08287127,1.208617,-0.05546279,1.212724,0.01285503,-0.1102405,-0.146501,-0.9829645,338.8182,0.06994209,-0.5998002,-0.7970873,True,True,False,False
1772879694995,20.6121,0.1698193,1.05397,0.18209,1.082981,-0.5142638,-0.7137203,0.1034165,0.4641565,124.6887,-0.5805949,-0.8057778,0.1167554,-0.1002757,0.6263958,-0.05916967,0.6371247,0.5257786,0.23224,-0.7640913,0.2928925,145.9376,0.549894,0.2428919,-0.7991372,0.0796941,1.110204,0.266163,1.144442,0.1082809,1.13729,0.2993418,1.180999,0.1122189,1.121246,0.3102674,1.168782,-0.01345382,0.6385389,0.03191133,0.6394773,-0.002074693,0.6377934,0.07602154,0.6423115,-0.02099408,0.6300644,0.1067208,0.6393834,0.09706122,-0.08476686,0.04179499,0.1354737,0.1368498,-0.07508378,0.01057334,0.156452,0.1294501,-0.08661448,-0.003730088,0.1557989,-0.1119659,0.04704132,-0.03509971,0.1264169,-0.1563925,0.05338134,-0.02723638,0.1674813,-0.1784503,0.04442184,0.0009293035,0.1838985,0.09558828,-0.08500937,0.04475053,0.1355224,0.1344473,-0.07659391,0.01081267,0.1551117,0.1261844,-0.08801168,-0.003175416,0.1538787,-0.1120765,0.04716189,-0.03452619,0.1264019,-0.1561083,0.05387137,-0.0270622,0.1673449,-0.1784315,0.04451542,0.001006839,0.1839033,0.1073112,-0.08440647,0.0302489,0.1398397,-0.2993591,0.9117229,-0.1134462,0.2574403,150.1635,-0.3098012,0.9435253,-0.1174034,-0.1429552,0.04662065,-0.01930472,0.1515993,0.147399,-0.4923233,-0.2130967,0.8309519,67.6067,0.2649421,-0.8849258,-0.3830303,0.09565607,1.117226,0.2850201,1.15697,0.4185998,-0.7950679,0.1832187,0.3988384,132.9888,0.4564779,-0.8670115,0.1997977,0.1123634,-0.0832589,0.02179107,0.141536,0.4454803,-0.2172942,-0.6681947,0.5548393,112.6007,0.5354602,-0.2611842,-0.8031595,-0.4767636,-0.2342448,-0.3391787,0.630251,0.478522,0.08884172,0.8733649,0.01891622,177.8322,0.4786076,0.08885761,0.873521,0.004343934,-0.01722574,0.0149799,0.02323776,0.07153599,0.03837531,0.07750757,0.9936814,12.88867,0.637361,0.3419107,0.6905657,-0.08259209,1.208156,-0.05517072,1.212232,0.01168351,-0.110417,-0.1460089,-0.9830326,338.8607,0.06369428,-0.6019539,-0.7959878,True,True,False,False
1772879695009,20.62642,0.1699573,1.053928,0.1822278,1.082985,-0.5149593,-0.7138726,0.1012055,0.4636382,124.7557,-0.581202,-0.8057029,0.1142243,-0.100152,0.6261601,-0.05931528,0.6368871,0.5256031,0.2317816,-0.7642028,0.2932796,145.8912,0.5497786,0.2424426,-0.7993531,0.08009975,1.110355,0.2664357,1.14468,0.1084873,1.137613,0.2995783,1.181389,0.1123727,1.121747,0.3107302,1.1694,-0.01327044,0.6385375,0.03168685,0.639461,-0.001953539,0.6377031,0.07582679,0.6421984,-0.02096567,0.6299585,0.1066127,0.6392602,0.09731556,-0.08466692,0.04135881,0.1354598,0.1372716,-0.07483153,0.01047091,0.1566936,0.1301825,-0.0864024,-0.003918767,0.1562953,-0.1119418,0.04701269,-0.03523968,0.1264239,-0.1563485,0.05341544,-0.0272303,0.1674502,-0.1784438,0.04442626,0.001057625,0.183894,0.09571225,-0.08498479,0.0445071,0.1355143,0.13465,-0.07646742,0.01078814,0.1552233,0.1264714,-0.08789618,-0.003228768,0.1540492,-0.1120668,0.04715118,-0.0345774,0.1264033,-0.1561256,0.05383865,-0.02707426,0.1673524,-0.1784324,0.04450902,0.001010484,0.1839027,0.1074876,-0.08434802,0.03006591,0.1399004,-0.3001502,0.9108568,-0.1136179,0.259501,149.9191,-0.3107972,0.943167,-0.1176482,-0.1429387,0.04660966,-0.01933586,0.1515843,0.1469768,-0.4921915,-0.2125995,0.8312321,67.54897,0.2643822,-0.8853551,-0.3824245,0.09569182,1.117342,0.2850939,1.157103,0.4174245,-0.796744,0.1828664,0.3968824,133.2332,0.4547755,-0.8680363,0.1992292,0.1127591,-0.08316296,0.02151388,0.1417517,0.449794,-0.2206189,-0.663672,0.5554748,112.5132,0.5409211,-0.2653158,-0.7981303,-0.4778391,-0.2341727,-0.338949,0.6309147,0.4782626,0.09057491,0.8734416,0.01269017,178.5458,0.4783011,0.09058221,0.873512,0.004308179,-0.01734161,0.01490611,0.02326981,0.0704812,0.04047806,0.0791164,0.9935465,13.02566,0.6213872,0.3568688,0.6975181,-0.08234889,1.208134,-0.05498337,1.212185,0.01019996,-0.1104303,-0.1456063,-0.9831073,338.9074,0.05572828,-0.6033445,-0.7955312,True,True,False,False
1772879695022,20.64013,0.1700584,1.053878,0.1823706,1.082976,-0.5155831,-0.7140229,0.09936681,0.4631109,124.8239,-0.5817251,-0.8056219,0.1121142,-0.1001363,0.6260408,-0.05932827,0.6367686,0.5254163,0.2314233,-0.7642804,0.2936948,145.8414,0.5496565,0.2421001,-0.7995407,0.08016358,1.110428,0.2664489,1.144758,0.108541,1.137707,0.2997321,1.181524,0.1123445,1.121814,0.3108733,1.1695,-0.01323265,0.6386069,0.03163237,0.6395268,-0.001985897,0.6378008,0.07584123,0.6422971,-0.02095886,0.6300064,0.1065873,0.6393028,0.09737287,-0.08462748,0.04128975,0.1354553,0.1374517,-0.07472524,0.01042168,0.1567975,0.1303639,-0.0863059,-0.003960148,0.1563942,-0.1119335,0.04699107,-0.03530916,0.1264278,-0.1563796,0.05336115,-0.02721427,0.1674593,-0.1784241,0.04445721,0.001084223,0.1838825,0.09584935,-0.08495529,0.04424148,0.1355058,0.1348813,-0.07632359,0.01075788,0.1553512,0.1267927,-0.08776489,-0.003289149,0.1542397,-0.1120558,0.04713796,-0.03463781,0.1264052,-0.1561466,0.05379923,-0.02708582,0.1673611,-0.1784317,0.04450475,0.001016572,0.183901,0.1076837,-0.0842803,0.02986702,0.1399678,-0.3010111,0.9098932,-0.1137962,0.2617961,149.6467,-0.3118888,0.9427742,-0.1179085,-0.142917,0.04659768,-0.01937243,0.1515649,0.1464293,-0.4920345,-0.211985,0.8315786,67.47753,0.2636432,-0.8858988,-0.3816749,0.09571597,1.117379,0.2852099,1.15717,0.4155123,-0.7981265,0.1841376,0.3955213,133.403,0.4524027,-0.8689864,0.2004858,0.112908,-0.08307165,0.02147053,0.14181,0.4493406,-0.2213587,-0.6635879,0.5556479,112.4893,0.540451,-0.2662424,-0.7981402,-0.4784409,-0.2339246,-0.3387119,0.6311514,0.4806833,0.08926293,0.8722604,0.01173758,178.6549,0.4807163,0.08926908,0.8723204,0.004284032,-0.01737893,0.01479009,0.0232191,0.07128122,0.04295537,0.08059321,0.9932667,13.30544,0.615283,0.3707809,0.695662,-0.08217265,1.208102,-0.0546928,1.212128,0.01015003,-0.1104311,-0.1460067,-0.9830483,338.8705,0.0553598,-0.6023077,-0.7963424,True,True,False,False
1772879695037,20.65423,0.1701883,1.0539,0.1825301,1.083045,-0.5160365,-0.7141299,0.0981008,0.4627108,124.8757,-0.5820993,-0.8055527,0.1106597,-0.1000909,0.6258888,-0.05931235,0.6366105,0.5253327,0.2310942,-0.764244,0.2941978,145.7811,0.5496581,0.2417949,-0.799632,0.08016975,1.110465,0.2664315,1.144791,0.1085579,1.137679,0.299873,1.181534,0.1123015,1.121832,0.3110573,1.169562,-0.01320762,0.6386567,0.03163805,0.6395763,-0.002046902,0.637859,0.07593125,0.6423659,-0.02098443,0.6300884,0.1066405,0.6393934,0.09730878,-0.08464667,0.04133237,0.1354342,0.1374388,-0.07476006,0.01040222,0.1568014,0.1304327,-0.08635088,-0.003978074,0.1564768,-0.1119265,0.04695815,-0.03537068,0.1264267,-0.1564187,0.05330682,-0.02717179,0.1674716,-0.1784385,0.04443352,0.001085311,0.1838907,0.09596507,-0.08493082,0.0440108,0.1354972,0.1350841,-0.07619961,0.01072968,0.1554646,0.1270813,-0.08765277,-0.003343776,0.1544146,-0.1120456,0.04712371,-0.03469592,0.1264067,-0.1561681,0.05376018,-0.02709264,0.1673698,-0.1784322,0.0444991,0.001022022,0.1839002,0.1078515,-0.08422315,0.02969603,0.1400262,-0.3018359,0.9089975,-0.1140078,0.2638578,149.4018,-0.3129255,0.9423945,-0.1181965,-0.1428946,0.04658461,-0.01940846,0.1515443,0.1459374,-0.4918776,-0.2114491,0.8318942,67.41237,0.2629814,-0.886371,-0.3810346,0.09617522,1.11699,0.285991,1.157025,0.4112093,-0.8010339,0.1827736,0.3947726,133.4964,0.4475607,-0.8718463,0.198931,0.1129315,-0.08310017,0.02144128,0.1418411,0.4495667,-0.2226319,-0.6621906,0.5566224,112.3549,0.5411475,-0.2679841,-0.7970848,-0.4789991,-0.2335238,-0.3385635,0.6313468,0.4818727,0.08807661,0.8717521,0.009475294,178.9142,0.4818943,0.08808056,0.8717911,0.003824778,-0.01698983,0.01400906,0.02235032,0.07110624,0.04453616,0.08575282,0.9927775,13.7809,0.5926929,0.3712229,0.7147767,-0.08205095,1.208052,-0.05444283,1.212059,0.009329047,-0.1103184,-0.1454873,-0.9831461,338.9317,0.0510282,-0.6034218,-0.7957892,True,True,False,False
1772879695050,20.66886,0.1708242,1.053209,0.1833217,1.082607,-0.5165341,-0.7142049,0.09683108,0.4623071,124.9278,-0.5825222,-0.8054458,0.1092014,-0.09988394,0.6256428,-0.05938376,0.6363428,0.5252675,0.2306385,-0.7641265,0.294976,145.6878,0.5497277,0.2413787,-0.7997097,0.0805175,1.109865,0.2668989,1.144342,0.1092194,1.137187,0.3007104,1.181334,0.1128169,1.121225,0.3118299,1.169235,-0.01303978,0.6387855,0.03155084,0.6396971,-0.001973946,0.6378028,0.07585628,0.642301,-0.02086387,0.6301692,0.1065995,0.6394622,0.09722134,-0.08465974,0.041607,0.1354637,0.1376541,-0.07464735,0.01032726,0.1569316,0.1305387,-0.08630867,-0.00398165,0.156542,-0.1119201,0.04686052,-0.03552067,0.1264268,-0.1563434,0.05335026,-0.02710351,0.167404,-0.1784347,0.04444154,0.00105419,0.1838888,0.09606732,-0.08490876,0.04381515,0.1354924,0.1352933,-0.07607327,0.01069693,0.1555823,0.1273628,-0.08754337,-0.003395694,0.1545854,-0.1120353,0.04710229,-0.03476305,0.1264081,-0.1561824,0.05372682,-0.02709352,0.1673726,-0.1784324,0.04449441,0.00102464,0.1838992,0.1080063,-0.08416719,0.02955409,0.1400819,-0.3026973,0.9081162,-0.1141868,0.2658207,149.1685,-0.3139941,0.9420074,-0.1184483,-0.1428715,0.04656838,-0.01944911,0.1515227,0.1455998,-0.4916406,-0.2112954,0.8321325,67.36315,0.2625422,-0.8865148,-0.3810029,0.09636398,1.116801,0.2862969,1.156934,0.4069762,-0.8039105,0.1781087,0.3954436,133.4127,0.4430925,-0.8752521,0.1939147,0.1132042,-0.0830788,0.02154507,0.1420615,0.4469913,-0.2226017,-0.6611778,0.5599031,111.9018,0.5394809,-0.2686615,-0.7979859,-0.4804411,-0.2323917,-0.3381059,0.6317794,0.4838722,0.08288533,0.8711678,0.008031917,179.0796,0.4838878,0.082888,0.8711959,0.003636025,-0.01680052,0.01370314,0.02198304,0.06914385,0.04332919,0.09230572,0.9923818,14.15385,0.5612243,0.3516928,0.7492238,-0.08177987,1.208176,-0.05408861,1.212148,0.00919618,-0.109953,-0.1457841,-0.9831443,338.9306,0.0502988,-0.6013911,-0.7973709,True,True,False,False
1772879695065,20.68212,0.1712331,1.052755,0.1838443,1.082318,-0.516987,-0.7142251,0.09580765,0.4619826,124.9698,-0.5829219,-0.8053151,0.1080267,-0.09979527,0.6255697,-0.05944197,0.6362624,0.5252426,0.2301347,-0.76394,0.2958951,145.5776,0.5498652,0.2409231,-0.7997525,0.08049736,1.109535,0.2669396,1.144029,0.1096392,1.136844,0.3011737,1.18116,0.113092,1.120613,0.312166,1.168765,-0.01300577,0.639004,0.03151149,0.6399127,-0.002017413,0.638054,0.07586174,0.6425512,-0.02092694,0.6304067,0.1065839,0.6396958,0.09706356,-0.08465459,0.04211841,0.1355053,0.1377243,-0.07454176,0.01031521,0.1569422,0.1303334,-0.08630918,-0.003935426,0.15637,-0.1119087,0.04685011,-0.03559396,0.1264335,-0.1563417,0.05334851,-0.02710455,0.1674021,-0.1784072,0.04447338,0.001077823,0.18387,0.0961512,-0.08488736,0.0436723,0.1354924,0.135498,-0.07594433,0.01066479,0.1556951,0.1276129,-0.08743946,-0.003441137,0.1547338,-0.1120247,0.04708106,-0.03483301,0.12641,-0.1561958,0.05369497,-0.02709445,0.167375,-0.1784303,0.04449264,0.001029118,0.1838968,0.1081418,-0.08411137,0.02945074,0.1401311,-0.3035245,0.9073378,-0.1142805,0.2674901,148.9701,-0.315003,0.941651,-0.1186023,-0.142847,0.04655357,-0.01949049,0.1515004,0.1452355,-0.4913817,-0.2111468,0.8323868,67.31059,0.2620656,-0.8866584,-0.3809972,0.09680905,1.116023,0.2874149,1.156498,0.4010692,-0.8070194,0.1739205,0.3970075,133.2175,0.4369824,-0.8792828,0.189494,0.113317,-0.082989,0.02181317,0.1421398,0.4426441,-0.2200283,-0.6618872,0.5635239,111.4003,0.5358239,-0.2663459,-0.8012195,-0.4814473,-0.2311762,-0.3377686,0.631919,0.4858688,0.07557721,0.8707041,0.009698906,178.8886,0.4858917,0.07558078,0.8707451,0.00319095,-0.01602304,0.01258513,0.02062294,0.06860766,0.04201558,0.1001849,0.9917111,14.76455,0.5339585,0.3269981,0.7797173,-0.08151794,1.208131,-0.05396092,1.21208,0.009935502,-0.1098799,-0.145971,-0.9831176,338.9138,0.05429981,-0.6005192,-0.7977651,True,True,False,False
1772879695078,20.69617,0.1720378,1.051642,0.1852962,1.081611,-0.5173925,-0.714277,0.09488628,0.4616384,125.0142,-0.5832613,-0.8052109,0.1069662,-0.09953567,0.6255727,-0.05946853,0.6362272,0.5252377,0.2296926,-0.7637611,0.2967083,145.48,0.5500054,0.2405238,-0.7997764,0.08085905,1.108637,0.2678528,1.143398,0.110307,1.135506,0.3024077,1.180251,0.1137323,1.119202,0.3134226,1.16781,-0.01283813,0.639318,0.03150851,0.6402227,-0.001901936,0.6382166,0.07579973,0.642705,-0.02083641,0.6305317,0.1065752,0.6398146,0.09695738,-0.08457807,0.04270038,0.1355637,0.137436,-0.0745829,0.01037736,0.156713,0.1300075,-0.08638778,-0.003918216,0.1561415,-0.111903,0.04677385,-0.03566737,0.1264208,-0.1562186,0.05342529,-0.0270412,0.1673013,-0.1783226,0.04459027,0.001208693,0.183817,0.09621321,-0.08486357,0.04359755,0.1354974,0.135647,-0.07583962,0.01064268,0.1557724,0.127797,-0.08735857,-0.003477829,0.1548409,-0.1120153,0.04705743,-0.03489717,0.1264106,-0.1561976,0.05367422,-0.02709036,0.1673693,-0.178422,0.04450015,0.001042929,0.1838906,0.1082398,-0.08406348,0.02939471,0.1401663,-0.3042523,0.906773,-0.1143513,0.2685464,148.8444,-0.3158547,0.941352,-0.118712,-0.1428267,0.0465421,-0.0195212,0.1514817,0.1448978,-0.4910744,-0.2112094,0.8326111,67.2642,0.2616154,-0.8866432,-0.3813421,0.09687202,1.115847,0.2877139,1.156408,0.4004391,-0.8081175,0.1724083,0.3960683,133.3348,0.4361032,-0.8800904,0.1877634,0.1134315,-0.08288404,0.02227074,0.1422409,0.43821,-0.2170189,-0.6614025,0.5687017,110.6805,0.5327497,-0.2638387,-0.8040939,-0.4829783,-0.2295702,-0.3368245,0.6319979,0.486899,0.06703161,0.8708222,0.01025199,178.8252,0.4869245,0.06703512,0.8708678,0.003127985,-0.01584721,0.01228616,0.02029453,0.06707079,0.04245752,0.1016716,0.9916461,14.82238,0.519972,0.3291555,0.7882174,-0.08121767,1.207972,-0.05371559,1.21189,0.00948659,-0.1102263,-0.1454615,-0.9831588,338.9396,0.05190919,-0.6031415,-0.7959433,True,True,False,False
1772879695091,20.71,0.1721812,1.05141,0.185679,1.081474,-0.5177155,-0.7143323,0.09413771,0.4613439,125.0523,-0.5835245,-0.8051343,0.106104,-0.09947854,0.6255487,-0.05948831,0.6361966,0.5252319,0.2293438,-0.7636094,0.2973782,145.3996,0.5501194,0.240211,-0.7997921,0.08091065,1.108537,0.2680879,1.14336,0.110377,1.135282,0.302754,1.180131,0.1137896,1.118899,0.3137118,1.167604,-0.01284901,0.6395457,0.03152333,0.640451,-0.002001729,0.6384805,0.0759017,0.6429794,-0.02093498,0.6307639,0.1066312,0.6400559,0.09699168,-0.08453782,0.04279052,0.1355915,0.1374385,-0.07459055,0.01038063,0.156719,0.1299217,-0.08638139,-0.003923014,0.1560666,-0.1119144,0.04671853,-0.0357248,0.1264267,-0.1562824,0.05334218,-0.02701577,0.1673303,-0.1783395,0.04455832,0.001244463,0.1838259,0.09627637,-0.08483715,0.04353208,0.1355047,0.1357924,-0.07573829,0.01062142,0.1558482,0.1279694,-0.08727929,-0.003513946,0.1549393,-0.1120071,0.04702993,-0.03496432,0.1264117,-0.1562044,0.05364729,-0.0270843,0.1673661,-0.1784153,0.04450487,0.001059279,0.1838854,0.1083367,-0.08401454,0.02934388,0.1402011,-0.3048634,0.9062871,-0.1143794,0.2694799,148.7334,-0.3165748,0.9411021,-0.1187733,-0.1428054,0.04652703,-0.0195536,0.1514611,0.1445086,-0.4907548,-0.2112141,0.832866,67.21145,0.2610933,-0.8866795,-0.3816147,0.09691631,1.115797,0.2878871,1.156406,0.4004732,-0.8087007,0.1735698,0.3943322,133.5513,0.4357858,-0.8800097,0.1888747,0.1134453,-0.08287127,0.02229949,0.1422489,0.4368733,-0.2168505,-0.662167,0.5689048,110.6522,0.5312153,-0.2636789,-0.8051607,-0.4837078,-0.2286733,-0.3364983,0.6320568,0.4885995,0.0651811,0.8699993,0.01111611,178.7262,0.4886296,0.06518512,0.870053,0.003083691,-0.01579714,0.01211295,0.02014404,0.06696261,0.0445834,0.1012575,0.9916025,14.86109,0.5177884,0.3447412,0.7829735,-0.08092509,1.207858,-0.05360838,1.211752,0.008626641,-0.1105737,-0.1452641,-0.9831569,338.9384,0.04720107,-0.6050093,-0.7948193,True,True,False,False
1772879695107,20.72366,0.1722544,1.051319,0.185842,1.081425,-0.5179285,-0.714376,0.09360828,0.4611449,125.078,-0.5836966,-0.8050896,0.1054949,-0.09946671,0.6255803,-0.0595447,0.6362309,0.5252342,0.2291079,-0.7634822,0.2978822,145.3391,0.5502123,0.2400034,-0.7997904,0.08105049,1.108502,0.2682865,1.143383,0.1104279,1.135295,0.3029674,1.180202,0.1138194,1.118875,0.3139116,1.167637,-0.01293801,0.6397147,0.03152045,0.6406215,-0.002091255,0.6386992,0.07591261,0.6431981,-0.0210033,0.6309651,0.1066011,0.6402514,0.09706075,-0.08452208,0.04266664,0.1355921,0.137565,-0.07457532,0.01035427,0.156821,0.1300172,-0.08637269,-0.003954157,0.1561421,-0.1119239,0.04667827,-0.03569367,0.1264115,-0.156306,0.05331204,-0.02700052,0.1673403,-0.1783297,0.04457472,0.001246288,0.1838204,0.0963391,-0.08481195,0.04346286,0.1355113,0.1359341,-0.07564528,0.01060006,0.1559252,0.1281332,-0.08720678,-0.003549153,0.1550346,-0.1120005,0.04700181,-0.03502265,0.1264115,-0.1562126,0.05362048,-0.0270776,0.167364,-0.1784085,0.04451045,0.001074236,0.1838802,0.1084326,-0.08396871,0.0292894,0.1402363,-0.3053712,0.905845,-0.1144169,0.2703738,148.627,-0.3171846,0.9408879,-0.1188432,-0.1427844,0.04651217,-0.01958257,0.1514406,0.1441046,-0.4904878,-0.2111817,0.8331015,67.16268,0.2605303,-0.8867652,-0.3818007,0.09719034,1.115848,0.2882981,1.156581,0.4002097,-0.8079701,0.1812431,0.3926417,133.7621,0.4351564,-0.878523,0.1970695,0.1134962,-0.08288223,0.02226301,0.1422901,0.4372051,-0.2186111,-0.6618095,0.5683918,110.7237,0.5313896,-0.2657052,-0.8043792,-0.4842433,-0.2279951,-0.3363253,0.6321298,0.4898394,0.06567676,0.8692779,0.01000956,178.853,0.4898639,0.06568005,0.8693214,0.002809666,-0.01584828,0.01170188,0.01989965,0.07209472,0.04955521,0.09790846,0.9913429,15.08925,0.5490906,0.3774243,0.7456942,-0.08060217,1.207724,-0.05329601,1.211583,0.007517079,-0.111024,-0.1448521,-0.983176,338.9504,0.04115322,-0.6078152,-0.7930115,True,True,False,False
1772879695119,20.73827,0.1723437,1.051256,0.1860489,1.081414,-0.5180772,-0.7144297,0.09313707,0.4609899,125.098,-0.5838112,-0.805077,0.1049544,-0.09953865,0.6258,-0.05965017,0.6364682,0.5252445,0.2289343,-0.7633466,0.2983443,145.2836,0.5503064,0.2398578,-0.7997695,0.08162443,1.108562,0.2688845,1.143622,0.110669,1.135607,0.3033508,1.180624,0.114,1.119293,0.3143651,1.168177,-0.01303462,0.6402501,0.03141545,0.6411529,-0.00223748,0.6390879,0.07585052,0.6435772,-0.02110354,0.6313186,0.1064734,0.6405818,0.09737393,-0.08440682,0.04206567,0.135557,0.1379845,-0.07439236,0.01023112,0.1570943,0.1305713,-0.08621323,-0.004047945,0.1565183,-0.1119457,0.0465535,-0.03585582,0.1264306,-0.1563152,0.05329723,-0.02700883,0.1673455,-0.1782863,0.04463313,0.001209244,0.1837922,0.09642086,-0.08477994,0.04335247,0.1355141,0.1360961,-0.07554629,0.01057091,0.1560165,0.1283258,-0.08712828,-0.003588562,0.1551507,-0.1119962,0.04696639,-0.03508848,0.1264127,-0.1562207,0.05359494,-0.02707217,0.1673625,-0.1783988,0.04452015,0.001084903,0.1838732,0.1085508,-0.083916,0.02920502,0.1402787,-0.3059256,0.9053068,-0.1145723,0.2714817,148.4951,-0.3178634,0.9406337,-0.1190432,-0.1427614,0.0464954,-0.01961832,0.1514184,0.143687,-0.4901927,-0.2112852,0.833321,67.11718,0.2599307,-0.886762,-0.3822164,0.09725742,1.115924,0.2883942,1.156684,0.3997372,-0.808966,0.1818469,0.3907888,133.9928,0.4342702,-0.8788521,0.1975565,0.1137129,-0.08282896,0.02199531,0.1423905,0.4421448,-0.2231234,-0.6575308,0.5677827,110.8085,0.537119,-0.271051,-0.7987707,-0.4850597,-0.2270874,-0.3362529,0.6323904,0.4884359,0.06975321,0.8697981,0.004026992,179.5385,0.4884398,0.06975377,0.8698052,0.002742581,-0.01592422,0.01160586,0.01989468,0.07164136,0.05171204,0.09828586,0.9912282,15.18901,0.5420752,0.3912798,0.7436811,-0.080368,1.207753,-0.052937,1.211581,0.007273674,-0.1112509,-0.1445511,-0.9831965,338.9633,0.03984473,-0.6094254,-0.7918418,True,True,False,False
1772879695134,20.75122,0.1723734,1.051236,0.1861364,1.081414,-0.5182026,-0.7144665,0.09264236,0.4608918,125.1107,-0.5839189,-0.8050722,0.1043909,-0.09957282,0.6258327,-0.05970149,0.6365104,0.5252772,0.2288463,-0.763211,0.2987012,145.2408,0.550405,0.2397937,-0.7997209,0.0817846,1.108667,0.2690305,1.143769,0.1107532,1.135721,0.3035376,1.180789,0.114018,1.119395,0.3145314,1.168322,-0.01312801,0.6404044,0.03140233,0.6413082,-0.002333436,0.6392422,0.07582659,0.643728,-0.02120524,0.6314798,0.106449,0.64074,0.09751494,-0.08431163,0.04193432,0.1355585,0.1381676,-0.07432605,0.01016152,0.1572193,0.1307452,-0.08617148,-0.00407359,0.1566411,-0.1119584,0.04651595,-0.03586814,0.1264316,-0.156312,0.05328827,-0.02702025,0.1673415,-0.1782882,0.04462336,0.001194924,0.1837916,0.09651286,-0.08474056,0.04323322,0.1355168,0.1362703,-0.07544368,0.01053648,0.1561165,0.1285293,-0.08704782,-0.003629347,0.1552748,-0.111993,0.04692851,-0.03515404,0.1264141,-0.1562283,0.05356915,-0.0270678,0.1673607,-0.1783895,0.04452883,0.001094154,0.1838664,0.1086799,-0.08385729,0.02911415,0.1403246,-0.3064871,0.9047504,-0.1147943,0.2726072,148.3611,-0.3185521,0.9403664,-0.1193133,-0.1427398,0.04647693,-0.01965433,0.151397,0.1432821,-0.4899001,-0.2114236,0.8335275,67.07434,0.2593446,-0.8867325,-0.3826825,0.0975382,1.11618,0.2886214,1.15701,0.4007972,-0.8080257,0.187005,0.3892111,134.1892,0.4351059,-0.8771937,0.2030128,0.1138128,-0.08275335,0.02195972,0.1424209,0.4417224,-0.2249065,-0.657199,0.5677924,110.8072,0.5366101,-0.2732193,-0.7983739,-0.4854089,-0.2266023,-0.3363513,0.6325367,0.4899262,0.06953416,0.8689819,0.002785433,179.6808,0.4899282,0.06953444,0.8689853,0.002461798,-0.01617968,0.01137859,0.01993276,0.07445421,0.05504239,0.09480783,0.9911804,15.2305,0.5618327,0.4153508,0.7154213,-0.08021688,1.207846,-0.05260742,1.21165,0.007853615,-0.1112498,-0.1445606,-0.9831907,338.9597,0.04301436,-0.6093168,-0.7917603,True,True,False,False
1772879695147,20.76577,0.1724615,1.051356,0.1862283,1.08156,-0.5182825,-0.7144992,0.09219091,0.4608417,125.1171,-0.5839919,-0.8050855,0.1038792,-0.09964909,0.6258092,-0.05988771,0.6365168,0.5253353,0.2288412,-0.7630692,0.2989653,145.2091,0.5505135,0.2398091,-0.7996415,0.08230394,1.109005,0.2694193,1.144226,0.1110206,1.136268,0.3037859,1.181405,0.1142228,1.119911,0.3148088,1.168911,-0.01327978,0.640417,0.03127145,0.6413175,-0.002505202,0.6393926,0.07573022,0.6438667,-0.0213968,0.6314262,0.1063001,0.6406688,0.09785751,-0.08411318,0.04149062,0.1355455,0.1386217,-0.07407618,0.01008177,0.1574957,0.1312011,-0.08598591,-0.004145384,0.1569219,-0.1119696,0.04650451,-0.03582164,0.1264241,-0.1563774,0.05318329,-0.02704306,0.1673729,-0.1782626,0.04465562,0.001297526,0.1837753,0.09661408,-0.08469333,0.04310205,0.1355176,0.1364473,-0.07534074,0.01050225,0.1562191,0.1287304,-0.08696789,-0.003668191,0.1553975,-0.1119912,0.0468966,-0.0352043,0.1264147,-0.1562396,0.0535401,-0.02706594,0.1673616,-0.17838,0.04453837,0.001109463,0.1838595,0.1088184,-0.08379293,0.02901253,0.1403724,-0.3069744,0.90422,-0.1150694,0.2737001,148.2309,-0.3191616,0.9401184,-0.1196377,-0.1427219,0.04646188,-0.01967955,0.1513788,0.1427383,-0.4896922,-0.2112337,0.8337911,67.01965,0.2585465,-0.8869951,-0.3826144,0.09760658,1.116272,0.2886843,1.157121,0.4011961,-0.8084068,0.1865437,0.3882287,134.3113,0.435343,-0.8772127,0.202421,0.1140119,-0.0826291,0.02176477,0.142478,0.4455476,-0.2281522,-0.6548569,0.5662124,111.0269,0.540543,-0.2767967,-0.7944791,-0.4860329,-0.2262148,-0.336755,0.6330916,0.4891432,0.07343708,0.8691062,-0.0006938546,180.0795,0.4891433,0.07343709,0.8691063,0.002393425,-0.01627183,0.01131573,0.01996364,0.07339568,0.05563772,0.09474102,0.9912325,15.18534,0.555483,0.4210849,0.7170316,-0.08017179,1.207729,-0.05234692,1.211519,0.007798838,-0.1113749,-0.1443546,-0.9832073,338.9701,0.04273524,-0.6103002,-0.7910188,True,True,False,False
1772879695161,20.7789,0.1724974,1.051395,0.1863106,1.081619,-0.518319,-0.7145315,0.09172039,0.4608445,125.1168,-0.584034,-0.8051232,0.1033491,-0.09964097,0.6257876,-0.05986206,0.6364919,0.525363,0.2288589,-0.7629552,0.2991936,145.1817,0.550584,0.2398457,-0.7995821,0.08240239,1.109116,0.2695308,1.144367,0.1110786,1.136378,0.3039065,1.181547,0.1142684,1.119973,0.3149087,1.169002,-0.01330932,0.6404576,0.03131601,0.6413608,-0.002537783,0.6394222,0.07576643,0.6439005,-0.02146281,0.6313961,0.1063485,0.6406494,0.09794613,-0.08404677,0.04143821,0.1355523,0.1387263,-0.07400332,0.01008046,0.1575535,0.1312672,-0.08592261,-0.004154101,0.1569428,-0.111969,0.04648989,-0.03582492,0.1264192,-0.1563637,0.05319028,-0.02704093,0.1673619,-0.1782439,0.04468204,0.001361616,0.1837641,0.09672562,-0.08463919,0.04296273,0.1355191,0.1366381,-0.07522875,0.01046693,0.1563295,0.1289428,-0.08688036,-0.003708879,0.1555256,-0.1119894,0.04686254,-0.03525626,0.1264149,-0.15625,0.05351081,-0.02706385,0.1673616,-0.1783686,0.0445504,0.001130577,0.1838515,0.1089697,-0.0837208,0.02890355,0.1404243,-0.3074404,0.9036828,-0.1153483,0.2748318,148.096,-0.3197533,0.9398753,-0.119968,-0.1427045,0.04644673,-0.0197026,0.1513607,0.1421319,-0.4894577,-0.2110198,0.8340866,66.95831,0.2576563,-0.8872877,-0.3825363,0.09767204,1.116344,0.2887415,1.15721,0.4015987,-0.80832,0.1873922,0.3875842,134.3915,0.4356517,-0.8768603,0.2032819,0.1140673,-0.08254051,0.02176427,0.142471,0.4452593,-0.2286352,-0.6553207,0.5657075,111.0971,0.5399661,-0.2772659,-0.7947077,-0.4861784,-0.225954,-0.3369592,0.6332189,0.4901603,0.07337806,0.8685381,-0.0004064798,180.0466,0.4901603,0.07337806,0.8685383,0.002327964,-0.01634431,0.01125848,0.01998273,0.07356401,0.05647044,0.09397735,0.9912456,15.17401,0.5571699,0.427704,0.7117794,-0.0799883,1.207413,-0.0522471,1.211187,0.007413357,-0.1113,-0.1437702,-0.9833044,339.0311,0.04073982,-0.611645,-0.7900835,True,True,False,False
1772879695176,20.79337,0.1725582,1.051552,0.1863517,1.081788,-0.518306,-0.7145661,0.09132288,0.4608844,125.1116,-0.584033,-0.805181,0.1029036,-0.09957482,0.625757,-0.0597808,0.6364438,0.5253882,0.2288527,-0.7628448,0.2994357,145.1526,0.5506541,0.2398582,-0.79953,0.08251829,1.109251,0.2696181,1.144526,0.1111007,1.136459,0.3039801,1.181646,0.1143042,1.120081,0.3149842,1.169128,-0.01325755,0.6405385,0.03139193,0.6414443,-0.002519656,0.6394718,0.0758846,0.6439635,-0.02147456,0.6314222,0.1064696,0.6406956,0.09796929,-0.0840285,0.04136179,0.1355344,0.1387109,-0.07402813,0.01008691,0.1575519,0.1312853,-0.08592375,-0.004159391,0.1569586,-0.1119618,0.04646103,-0.03588265,0.1264185,-0.1563776,0.05317662,-0.02704088,0.1673706,-0.1782524,0.04466623,0.001394853,0.1837687,0.09682041,-0.08459265,0.04284071,0.1355191,0.1367961,-0.07513724,0.01043797,0.1564217,0.1291213,-0.08680744,-0.003743216,0.1556338,-0.1119873,0.04683194,-0.03530401,0.126415,-0.1562597,0.05348534,-0.0270621,0.1673623,-0.1783597,0.04455923,0.001150719,0.1838452,0.1090973,-0.08366017,0.02880838,0.1404677,-0.307799,0.9032353,-0.1155958,0.2757961,147.9811,-0.3202183,0.9396797,-0.1202599,-0.1426899,0.04643235,-0.01972312,0.1513452,0.1416196,-0.4892311,-0.2108619,0.8343465,66.90429,0.2569108,-0.8875096,-0.3825227,0.09796223,1.116513,0.2889996,1.157462,0.4015099,-0.8074423,0.1905026,0.3879891,134.3411,0.4356358,-0.8760701,0.2066942,0.1140324,-0.0825475,0.02172897,0.1424417,0.4460638,-0.2293892,-0.6549551,0.5651917,111.1688,0.5407099,-0.2780611,-0.7939239,-0.486267,-0.2257126,-0.3371181,0.6332854,0.4903583,0.0740716,0.8683672,-0.0008856614,180.1015,0.4903585,0.07407163,0.8683675,0.002037771,-0.01651287,0.01100037,0.01994581,0.07627826,0.05743718,0.09246048,0.9911276,15.27615,0.5738875,0.4321346,0.6956361,-0.07984125,1.207329,-0.05195679,1.211081,0.006365628,-0.111277,-0.1435427,-0.9833477,339.0584,0.03502708,-0.6123052,-0.7898484,True,True,False,False
1772879695190,20.80753,0.1727902,1.051754,0.1864766,1.082042,-0.518243,-0.7146172,0.09092499,0.4609547,125.1025,-0.5839859,-0.8052717,0.1024595,-0.09939327,0.6257482,-0.0595873,0.6363887,0.525433,0.2287717,-0.7627196,0.2997376,145.1163,0.5507557,0.2397971,-0.7994782,0.08288177,1.109383,0.2699175,1.144751,0.1113535,1.13671,0.3041768,1.181961,0.1145765,1.120403,0.3152414,1.169533,-0.01309118,0.6407126,0.03156687,0.6416233,-0.002445128,0.6396663,0.0761974,0.6441932,-0.02134989,0.631515,0.1066862,0.640819,0.09803114,-0.08404624,0.04114833,0.1355251,0.1388255,-0.07396808,0.01007834,0.1576241,0.1315048,-0.08585331,-0.004200339,0.1571049,-0.1119497,0.04639999,-0.03599146,0.1264163,-0.1564704,0.05305877,-0.02705392,0.1674221,-0.1782523,0.04466701,0.001380771,0.1837687,0.0969213,-0.08454712,0.04269968,0.1355183,0.1369652,-0.07503982,0.010408,0.1565209,0.12932,-0.08672794,-0.003781309,0.1557552,-0.1119841,0.04679595,-0.03536129,0.1264149,-0.1562773,0.05344979,-0.02706142,0.1673672,-0.1783508,0.04456821,0.00116989,0.1838388,0.1092345,-0.08359811,0.02869976,0.1405151,-0.3082078,0.9027137,-0.1158562,0.276936,147.8452,-0.3207529,0.9394573,-0.1205719,-0.1426687,0.04641453,-0.01975232,0.1513236,0.1409599,-0.4890047,-0.2105466,0.8346705,66.83691,0.255942,-0.8878894,-0.382291,0.09803888,1.116563,0.2891006,1.157542,0.4011281,-0.8080217,0.1895482,0.3876453,134.3839,0.4351533,-0.8765612,0.2056264,0.1141116,-0.08255503,0.02161426,0.142492,0.4488702,-0.2301646,-0.652842,0.5650994,111.1816,0.5440701,-0.2789797,-0.7913017,-0.4865354,-0.2253784,-0.3373428,0.6334921,0.4887558,0.07555407,0.8691386,-0.002758559,180.3161,0.4887576,0.07555435,0.8691418,0.001961119,-0.01656306,0.01089939,0.0199243,0.07544581,0.05748232,0.09336323,0.9911041,15.29638,0.5668781,0.4319055,0.7015044,-0.0797421,1.207206,-0.05181511,1.210946,0.006304705,-0.1112716,-0.1435694,-0.9833447,339.0565,0.03468879,-0.6122215,-0.7899259,True,True,False,False
1772879695203,20.82125,0.1728689,1.051777,0.1865287,1.082087,-0.5181676,-0.7146485,0.09055711,0.4610632,125.0885,-0.5839381,-0.8053582,0.1020514,-0.0993235,0.6257176,-0.05953856,0.6363431,0.5254588,0.2286619,-0.7626252,0.3000163,145.0829,0.5508334,0.239704,-0.7994527,0.08293842,1.109375,0.269994,1.144766,0.111441,1.136652,0.3042517,1.181933,0.1146603,1.120405,0.3153556,1.169574,-0.01305064,0.6407971,0.03162501,0.6417097,-0.002453219,0.6397232,0.076287,0.6442605,-0.0213404,0.6316119,0.1067693,0.640928,0.0980414,-0.08405501,0.04115938,0.1355413,0.1388023,-0.07394695,0.0100731,0.1575935,0.131567,-0.08583,-0.004211307,0.1571446,-0.1119494,0.04637054,-0.03603205,0.1264168,-0.1564761,0.05303978,-0.02702968,0.1674175,-0.1782687,0.04464085,0.00136447,0.1837782,0.09701283,-0.08450691,0.04257381,0.1355191,0.1371154,-0.07495052,0.01038063,0.1566077,0.1295036,-0.08665457,-0.003816447,0.1558678,-0.1119813,0.04676118,-0.0354161,0.1264149,-0.1562935,0.05341629,-0.02705882,0.1673713,-0.1783441,0.04457415,0.00118579,0.1838338,0.1093574,-0.08354264,0.0286037,0.1405581,-0.3086576,0.9022081,-0.1161001,0.2779782,147.7208,-0.3213217,0.9392254,-0.1208636,-0.1426487,0.04639617,-0.01978126,0.1513028,0.1404011,-0.4887846,-0.2103277,0.8349488,66.77899,0.2551228,-0.8881702,-0.3821864,0.09838787,1.116652,0.2894615,1.157748,0.3986354,-0.8091488,0.1897009,0.3877907,134.3658,0.4324779,-0.8778422,0.2058058,0.1141916,-0.08252481,0.02162523,0.1425402,0.4480989,-0.2300616,-0.6530666,0.5654938,111.1268,0.543313,-0.2789462,-0.7918333,-0.4867594,-0.2250853,-0.337391,0.6335856,0.4895286,0.07445084,0.8688004,-0.002241789,180.2569,0.4895298,0.07445102,0.8688024,0.001612134,-0.01665246,0.01053852,0.01977281,0.07643193,0.05823125,0.09578656,0.9907535,15.59529,0.5633457,0.4291966,0.706,-0.07965169,1.207222,-0.05153617,1.210944,0.005486256,-0.1111084,-0.1437187,-0.9833462,339.0575,0.03018703,-0.6113516,-0.7907836,True,True,False,False
1772879695217,20.83599,0.1732045,1.051892,0.1868078,1.0823,-0.5180914,-0.7146726,0.0901792,0.4611857,125.0727,-0.5838941,-0.805443,0.1016328,-0.0992556,0.6253543,-0.05952283,0.6359738,0.5254675,0.2285057,-0.7625603,0.300285,145.0506,0.5508913,0.2395616,-0.7994554,0.08327578,1.109521,0.2702707,1.144997,0.1117897,1.136565,0.3045551,1.181961,0.1149794,1.120471,0.3157203,1.169767,-0.01299454,0.6406,0.03163178,0.6415121,-0.002486896,0.6393144,0.07627687,0.6438534,-0.02132022,0.6312125,0.10675,0.6405305,0.09808659,-0.08400317,0.04119327,0.1355522,0.1386823,-0.07397629,0.0100276,0.1574987,0.1316212,-0.08584693,-0.004223838,0.1571995,-0.1119503,0.04631532,-0.03611927,0.1264222,-0.1563857,0.05310071,-0.026916,0.1673339,-0.1781875,0.04474439,0.00143531,0.1837251,0.09709804,-0.08446693,0.04246426,0.1355209,0.1372397,-0.07487321,0.01035262,0.1566778,0.1296716,-0.08659048,-0.003848775,0.1559726,-0.1119788,0.04672581,-0.0354719,0.1264153,-0.1563008,0.05339125,-0.02704749,0.1673683,-0.1783316,0.04458765,0.00120559,0.1838252,0.1094648,-0.08349227,0.02852183,0.1405951,-0.3092068,0.9017084,-0.1164062,0.2788598,147.6157,-0.3219791,0.938955,-0.1212145,-0.1426269,0.04638099,-0.01980739,0.1512811,0.1399112,-0.4885011,-0.2103518,0.8351908,66.72858,0.2544024,-0.8882478,-0.3824854,0.09849127,1.116698,0.2896079,1.157837,0.3977516,-0.8108513,0.1871298,0.3863889,134.54,0.4312438,-0.879128,0.2028868,0.1142469,-0.08252677,0.02159273,0.1425807,0.4473616,-0.2302555,-0.6515901,0.5676976,110.8204,0.5434176,-0.2796952,-0.7914973,-0.4874415,-0.2249007,-0.3377094,0.6342139,0.4896098,0.07207754,0.86895,-0.003635903,180.4166,0.4896131,0.07207802,0.8689557,0.001508728,-0.01669753,0.01039216,0.01972513,0.07387015,0.05874612,0.09811541,0.9906896,15.64922,0.5425996,0.4315087,0.7206886,-0.07955898,1.206985,-0.05134188,1.210694,0.005170913,-0.1110753,-0.1433527,-0.9834051,339.0947,0.02850193,-0.6122442,-0.7901561,True,True,False,False
1772879695230,20.84885,0.1733587,1.051967,0.1870213,1.082434,-0.5180264,-0.7146854,0.08983799,0.4613055,125.0572,-0.5838618,-0.805514,0.1012554,-0.09926802,0.6250216,-0.05954175,0.6356503,0.5254559,0.2283181,-0.7625367,0.3005077,145.0238,0.5509197,0.2393825,-0.7994896,0.08340299,1.109611,0.2704556,1.145137,0.1119115,1.136463,0.3047802,1.181932,0.1150818,1.120353,0.3159139,1.169716,-0.01299449,0.6403813,0.031602,0.6412922,-0.002553549,0.6390706,0.07629646,0.6436139,-0.02141866,0.6309515,0.1067704,0.6402799,0.09810017,-0.08396608,0.04125828,0.1355588,0.1385722,-0.07402532,0.0100307,0.1574249,0.1314931,-0.0858956,-0.004201353,0.1571183,-0.1119505,0.0463027,-0.03618538,0.1264367,-0.1564033,0.05308242,-0.02689522,0.1673412,-0.1781924,0.04472911,0.001493789,0.1837265,0.09718299,-0.08442447,0.04236203,0.1355233,0.1373527,-0.07480133,0.01032533,0.1567406,0.1298261,-0.08653157,-0.003878664,0.1560691,-0.1119764,0.04668994,-0.03553239,0.1264168,-0.1563095,0.05336507,-0.02703458,0.167366,-0.1783198,0.04459964,0.001230022,0.1838168,0.1095681,-0.08344226,0.02844448,0.1406302,-0.3097376,0.9012508,-0.1167341,0.2796116,147.5259,-0.3226053,0.9386923,-0.1215837,-0.1426055,0.04636477,-0.01983385,0.1512594,0.1394165,-0.4881726,-0.2103814,0.8354581,66.67287,0.2536902,-0.8883067,-0.3828219,0.09859715,1.116715,0.2897452,1.157897,0.3978282,-0.8116539,0.1862087,0.3850676,134.7041,0.4310685,-0.8794713,0.2017673,0.1142121,-0.08248866,0.02169016,0.1425456,0.4445383,-0.230575,-0.652698,0.5685124,110.7069,0.5403573,-0.2802748,-0.7933852,-0.4879027,-0.2248408,-0.3378716,0.6346335,0.4920759,0.06974198,0.8677502,-0.002711623,180.3107,0.4920776,0.06974223,0.8677533,0.001402847,-0.01671457,0.01025486,0.01965978,0.07235462,0.05956792,0.09863687,0.9907004,15.63999,0.5317797,0.4378022,0.7249445,-0.07943643,1.206809,-0.051123,1.210501,0.004615937,-0.1108205,-0.1428929,-0.9835035,339.1569,0.02551808,-0.6126438,-0.7899483,True,True,False,False
1772879695244,20.86254,0.1735274,1.052076,0.1871752,1.082594,-0.517961,-0.714724,0.08952131,0.4613805,125.0475,-0.5838138,-0.805593,0.1009029,-0.09929526,0.6243979,-0.05944441,0.6350322,0.5254142,0.2280385,-0.7626093,0.3006088,145.0117,0.5508943,0.2390974,-0.7995923,0.08351758,1.109747,0.2705454,1.145299,0.1120238,1.136423,0.304965,1.181952,0.1152076,1.120291,0.3160125,1.169696,-0.01300056,0.6398252,0.03168145,0.640741,-0.002585445,0.6384997,0.07637994,0.6430571,-0.0214868,0.6304057,0.1068889,0.6397642,0.09810879,-0.08392098,0.04135516,0.1355666,0.1384971,-0.07409055,0.01003337,0.1573897,0.1313621,-0.08590757,-0.004174665,0.1570145,-0.1119491,0.04630096,-0.03622603,0.1264464,-0.1563897,0.05309331,-0.02689394,0.1673317,-0.1782005,0.04471334,0.00152494,0.1837308,0.09725222,-0.08438682,0.04228673,0.135526,0.1374383,-0.07474818,0.0103035,0.1567888,0.1299409,-0.08648491,-0.003900799,0.1561394,-0.1119744,0.04666085,-0.03558426,0.1264189,-0.1563155,0.05334475,-0.02702407,0.1673634,-0.1783109,0.04460815,0.001252077,0.1838103,0.1096484,-0.08340067,0.02838785,0.1406567,-0.3100656,0.9009472,-0.1169708,0.2801276,147.4644,-0.3229975,0.938523,-0.1218493,-0.1425897,0.04635111,-0.01985502,0.1512431,0.139041,-0.487875,-0.2104475,0.8356779,66.62703,0.2531609,-0.8883054,-0.3831753,0.09898628,1.116769,0.2901004,1.158071,0.3983542,-0.8116257,0.1874,0.3840038,134.8362,0.4314314,-0.8790187,0.2029607,0.1141566,-0.08251816,0.02173203,0.1425246,0.4434277,-0.2313271,-0.6533011,0.5683814,110.7251,0.538948,-0.2811581,-0.794031,-0.4883223,-0.2251303,-0.338125,0.6351935,0.4937827,0.06942359,0.8668067,-0.002313557,180.2651,0.493784,0.06942377,0.866809,0.001013719,-0.01676893,0.009899586,0.0194994,0.07251132,0.06089842,0.09762012,0.9907088,15.63291,0.5331709,0.447782,0.7177942,-0.07934351,1.206716,-0.05087947,1.210391,0.003833734,-0.1106052,-0.1428093,-0.9835432,339.1821,0.02121919,-0.6121845,-0.7904296,True,True,False,False
1772879695258,20.87724,0.1738282,1.05201,0.1873931,1.082616,-0.5178528,-0.7147928,0.08925175,0.4614477,125.0389,-0.5837148,-0.8057023,0.1006031,-0.09964308,0.6232356,-0.05915476,0.633917,0.525324,0.2276388,-0.7627394,0.3007389,144.996,0.5508236,0.2386885,-0.7997632,0.0839631,1.109829,0.2708481,1.145482,0.112403,1.136592,0.3053346,1.182246,0.1155691,1.120395,0.3163714,1.169928,-0.01344394,0.6385827,0.03201173,0.6395259,-0.002893169,0.6373511,0.07654601,0.6419377,-0.02171474,0.6292025,0.1070352,0.6386109,0.09830126,-0.08377299,0.04126,0.1355855,0.1388067,-0.07396046,0.00999561,0.1575988,0.131622,-0.08581248,-0.004221037,0.1571812,-0.1119417,0.04632896,-0.03605321,0.1264007,-0.1562763,0.05318058,-0.02690788,0.1672557,-0.1780658,0.04492042,0.001503885,0.1836505,0.09733527,-0.08433823,0.04220545,0.13553,0.1375466,-0.07468582,0.01027912,0.1568525,0.130074,-0.08643167,-0.003926152,0.1562213,-0.1119718,0.04663457,-0.03562138,0.1264174,-0.1563124,0.05333175,-0.02701487,0.1673549,-0.1782915,0.04463287,0.001272012,0.1837976,0.1097464,-0.08334882,0.02832516,0.1406897,-0.310345,0.9006441,-0.1172469,0.2806765,147.3988,-0.3233427,0.9383641,-0.1221573,-0.1425712,0.04634626,-0.01986874,0.1512259,0.1385347,-0.4876721,-0.2104199,0.8358873,66.58331,0.2523855,-0.8884516,-0.3833476,0.09905126,1.116812,0.2902005,1.158143,0.398086,-0.8125253,0.1865157,0.3828081,134.9845,0.4309092,-0.8795202,0.2018944,0.1143639,-0.08243886,0.02164551,0.1426316,0.4441902,-0.232639,-0.6528411,0.5677788,110.8091,0.539602,-0.2826097,-0.7930709,-0.4891541,-0.225406,-0.3390109,0.6364024,0.4944735,0.07078461,0.8663006,-0.002944884,180.3375,0.4944757,0.07078493,0.8663045,0.000948742,-0.01681173,0.00979951,0.01948242,0.07120644,0.06172971,0.09845535,0.9906694,15.66622,0.5224704,0.4529358,0.7224066,-0.07940199,1.206854,-0.05042401,1.210513,0.004331121,-0.1102137,-0.1427327,-0.9835962,339.2158,0.02401056,-0.6109949,-0.7912714,True,True,False,False
1772879695272,20.89043,0.1738978,1.051966,0.18746,1.082596,-0.5176769,-0.7149421,0.08902741,0.461457,125.0377,-0.5835198,-0.805875,0.1003507,-0.09982005,0.6231647,-0.05911428,0.6338713,0.5252193,0.2273693,-0.762847,0.3008529,144.9823,0.5507345,0.238415,-0.7999063,0.08403596,1.109803,0.2709229,1.14548,0.112449,1.136564,0.3054523,1.182254,0.1156245,1.120385,0.3165099,1.169962,-0.0136394,0.6385239,0.03205139,0.6394733,-0.003049139,0.6373267,0.07652524,0.6419117,-0.02183853,0.6291919,0.1070258,0.6386031,0.09836911,-0.08371414,0.04125246,0.1355961,0.138894,-0.07391613,0.009988129,0.1576543,0.1317448,-0.08576789,-0.004243061,0.1572604,-0.1119402,0.04633596,-0.03600762,0.126389,-0.1562295,0.05321024,-0.02691245,0.1672222,-0.1780303,0.04497767,0.001485601,0.18363,0.09742269,-0.08428545,0.04212486,0.1355349,0.1376605,-0.07462073,0.01025451,0.1569198,0.1302153,-0.08637554,-0.00395295,0.1563086,-0.1119691,0.04660932,-0.03565404,0.1264149,-0.1563054,0.05332147,-0.02700621,0.1673436,-0.1782694,0.04466202,0.001290073,0.1837834,0.1098489,-0.08329351,0.02826299,0.1407245,-0.3106293,0.9003332,-0.1175406,0.281236,147.332,-0.3236941,0.9382003,-0.1224843,-0.1425525,0.04634397,-0.01988036,0.1512091,0.1380115,-0.4874986,-0.2103904,0.8360825,66.54257,0.2515686,-0.8886166,-0.3835014,0.09910676,1.116838,0.2902419,1.158184,0.3991438,-0.8118548,0.1873088,0.3827421,134.9927,0.4320416,-0.8787684,0.2027469,0.1145032,-0.08235656,0.0216552,0.1426974,0.4428814,-0.2332553,-0.6532455,0.5680831,110.7667,0.5381494,-0.2834307,-0.7937647,-0.4895424,-0.2252459,-0.3389259,0.6365989,0.4961317,0.07015096,0.8654043,-0.002774932,180.318,0.4961336,0.07015123,0.8654077,0.0008932427,-0.01683819,0.009758115,0.01948188,0.07146072,0.06178181,0.09699944,0.9907914,15.56325,0.5277837,0.4562987,0.7164037,-0.07927815,1.206657,-0.05030306,1.210305,0.004690775,-0.1097423,-0.1426971,-0.9836525,339.2515,0.0260487,-0.6094179,-0.7924222,True,True,False,False
1772879695287,20.9045,0.17396,1.052042,0.1874788,1.082683,-0.5173692,-0.7151951,0.0888253,0.4614491,125.0387,-0.5831702,-0.8061563,0.1001225,-0.09996202,0.62327,-0.05909628,0.6339955,0.5251418,0.2271767,-0.7629191,0.3009508,144.9706,0.550671,0.2382207,-0.8000076,0.08405171,1.109818,0.2709272,1.145496,0.1124632,1.136624,0.3054913,1.182322,0.1156571,1.120454,0.3165504,1.170042,-0.01373855,0.638782,0.03202342,0.6397318,-0.003219996,0.6375722,0.07658438,0.6421635,-0.02199585,0.6294188,0.1070655,0.6388387,0.098391,-0.08367808,0.04126061,0.1355922,0.138961,-0.07384419,0.009990707,0.1576798,0.1318285,-0.08568628,-0.004252031,0.1572863,-0.1119424,0.04628206,-0.03612179,0.1264038,-0.1562863,0.05312631,-0.02692613,0.1672508,-0.1780606,0.04492816,0.001477793,0.1836472,0.09749679,-0.08423897,0.04205872,0.1355388,0.13776,-0.07456131,0.01023433,0.1569776,0.1303387,-0.08632279,-0.003975838,0.1563829,-0.1119671,0.04658428,-0.03568984,0.126414,-0.1563039,0.05330654,-0.02700008,0.1673365,-0.1782534,0.04468239,0.001304439,0.183773,0.1099363,-0.08324389,0.02821259,0.1407533,-0.3108672,0.900066,-0.1177631,0.2817348,147.2725,-0.3239914,0.9380649,-0.1227348,-0.1425357,0.04633782,-0.01989598,0.1511935,0.137544,-0.4873282,-0.210333,0.8362732,66.50271,0.2508495,-0.8887774,-0.3836003,0.09928736,1.116882,0.2902711,1.158249,0.3997993,-0.8113481,0.190778,0.3814166,135.1571,0.4324945,-0.8776993,0.2063797,0.1145513,-0.08229612,0.02161545,0.1426951,0.4440526,-0.2332563,-0.6530581,0.5673835,110.8641,0.5392563,-0.2832658,-0.7930721,-0.4897813,-0.2249788,-0.3387835,0.6366125,0.4959561,0.07159974,0.8653871,-0.002542328,180.2913,0.4959577,0.07159996,0.8653898,0.0007126406,-0.0168823,0.009728909,0.01949799,0.07322138,0.06427759,0.09473108,0.9907236,15.62055,0.5388157,0.4730009,0.6970996,-0.07924487,1.206605,-0.05009442,1.210242,0.00436803,-0.1095619,-0.1427115,-0.983672,339.2639,0.02427078,-0.608776,-0.7929707,True,True,False,False
1772879695301,20.91969,0.1740888,1.052062,0.1873159,1.082695,-0.5168834,-0.7155839,0.08858381,0.4614371,125.0402,-0.5826187,-0.806589,0.09984955,-0.1000871,0.6237241,-0.05906289,0.6344585,0.5251418,0.2271767,-0.7629191,0.3009508,144.9706,0.550671,0.2382207,-0.8000076,0.08436164,1.109812,0.2709691,1.145524,0.1126005,1.136836,0.3054886,1.182539,0.1157761,1.120677,0.3166138,1.170284,-0.01383695,0.6395277,0.03200987,0.6404778,-0.003383201,0.6381184,0.07669973,0.6427203,-0.02217158,0.6299477,0.1071547,0.6393808,0.09859801,-0.08356361,0.04098187,0.1355875,0.1393087,-0.07366574,0.009934127,0.1578995,0.1322362,-0.08556438,-0.00432615,0.1575639,-0.1119698,0.04609346,-0.0363489,0.1264242,-0.1563733,0.05303132,-0.02693347,0.1673031,-0.1781158,0.04483756,0.001481146,0.1836786,0.09758627,-0.08418409,0.04197122,0.135542,0.1378859,-0.07448854,0.01020993,0.1570519,0.1304929,-0.08626116,-0.004004304,0.1564782,-0.1119673,0.0465444,-0.03574339,0.1264146,-0.1563096,0.05328418,-0.02699467,0.1673338,-0.1782423,0.044695,0.001318798,0.1837653,0.1100452,-0.08318472,0.02814522,0.1407899,-0.3111706,0.8997139,-0.1180702,0.2823955,147.1936,-0.3243732,0.9378878,-0.1230798,-0.1425189,0.04632021,-0.01992249,0.1511758,0.1370957,-0.4870678,-0.2104478,0.8364697,66.46164,0.2501685,-0.8887883,-0.3840195,0.09926123,1.116853,0.2903028,1.158226,0.4005717,-0.8113117,0.1916581,0.3802407,135.3028,0.4331031,-0.8772003,0.2072231,0.1147912,-0.08221578,0.02145504,0.1428172,0.4462756,-0.2354763,-0.6512176,0.5668376,110.94,0.5417085,-0.2858313,-0.790476,-0.4897686,-0.224472,-0.3387163,0.636388,0.4956747,0.07437525,0.8653027,-0.005128679,180.5877,0.4956812,0.07437623,0.8653141,0.0007387698,-0.0168525,0.009697258,0.01945737,0.07299227,0.06549536,0.09362749,0.9907657,15.58502,0.5383466,0.4830539,0.6905395,-0.07915709,1.206493,-0.04997695,1.21012,0.004038369,-0.1097799,-0.1426208,-0.9836622,339.2577,0.02243241,-0.6098076,-0.7922328,True,True,False,False
1772879695315,20.93227,0.1741241,1.052119,0.1872469,1.082744,-0.5163071,-0.7160383,0.08834696,0.4614227,125.0421,-0.581964,-0.8070943,0.09958172,-0.1001397,0.6240568,-0.05903903,0.6347916,0.5247704,0.2273458,-0.7630025,0.3012594,144.9335,0.5503378,0.2384224,-0.8001769,0.08449778,1.109731,0.271078,1.145481,0.1125235,1.136834,0.3055162,1.182537,0.1157089,1.1207,0.3166547,1.17031,-0.01386747,0.6399958,0.03197265,0.640944,-0.003355596,0.6385357,0.07662763,0.6431259,-0.02213665,0.6303987,0.1071233,0.6398187,0.09871997,-0.08351388,0.04073708,0.1355718,0.1394343,-0.07361268,0.009909898,0.157984,0.1324022,-0.08551431,-0.004353642,0.1576769,-0.1119701,0.04605007,-0.03636154,0.1264123,-0.1563381,0.05306196,-0.02692699,0.1672789,-0.1781092,0.04482782,0.001483314,0.1836699,0.09768499,-0.08412573,0.04186376,0.1355436,0.1380207,-0.07441227,0.01018381,0.1571325,0.1306592,-0.08619613,-0.004034723,0.1565818,-0.1119676,0.04650135,-0.03579722,0.1264142,-0.156312,0.05326483,-0.02698877,0.167329,-0.1782307,0.04470656,0.001333123,0.183757,0.1101656,-0.08312184,0.02806243,0.1408304,-0.3114707,0.8993253,-0.1184214,0.2831548,147.1028,-0.3247618,0.9377013,-0.1234747,-0.1425034,0.04630077,-0.01994826,0.1511586,0.1367147,-0.4867859,-0.2107057,0.8366312,66.42785,0.2495857,-0.888674,-0.3846634,0.09939556,1.116692,0.2902918,1.15808,0.4017818,-0.8104869,0.1945274,0.3792645,135.4238,0.4342234,-0.875929,0.2102344,0.1149099,-0.08218057,0.02138839,0.1428825,0.4467115,-0.2364344,-0.6508684,0.5664964,110.9875,0.5420833,-0.2869126,-0.7898272,-0.4899541,-0.223898,-0.3383237,0.6361197,0.4965971,0.07535227,0.864684,-0.005924691,180.6789,0.4966058,0.07535359,0.8646992,0.0006044433,-0.01669157,0.009708166,0.01931896,0.0743112,0.06722006,0.09105537,0.9907918,15.56294,0.5488471,0.4964734,0.672516,-0.07904584,1.206411,-0.04982636,1.210024,0.003667605,-0.1101921,-0.1425314,-0.9836305,339.2375,0.02035331,-0.6115093,-0.7909757,True,True,False,False
1772879695327,20.94608,0.1742865,1.052081,0.1871039,1.082709,-0.51553,-0.71658,0.08803279,0.4615107,125.0307,-0.5811182,-0.8077467,0.09923273,-0.1001739,0.6247269,-0.05890293,0.6354432,0.5242907,0.2276236,-0.7631289,0.3015643,144.8968,0.5498904,0.2387379,-0.8003905,0.08475304,1.109527,0.2711113,1.145309,0.1125922,1.136728,0.3054314,1.18242,0.1158054,1.120693,0.3167106,1.170329,-0.01381115,0.6409294,0.03195812,0.6418743,-0.003337112,0.6394699,0.07679021,0.6440727,-0.02221553,0.6312619,0.1073363,0.6407076,0.09885226,-0.08342849,0.04051375,0.1355487,0.1395624,-0.07346195,0.009917006,0.1580274,0.1327125,-0.08540221,-0.004406556,0.1578783,-0.1119474,0.04595172,-0.03651005,0.1263993,-0.1564644,0.05291664,-0.0269455,0.167354,-0.1782161,0.04463325,0.001604065,0.1837272,0.09777053,-0.08407463,0.04176482,0.1355431,0.1381337,-0.07434262,0.01016425,0.1571975,0.1308097,-0.08613794,-0.004061974,0.1566761,-0.1119661,0.04646107,-0.03584946,0.1264129,-0.1563232,0.05323931,-0.0269856,0.1673308,-0.1782296,0.04470119,0.00135298,0.1837548,0.1102711,-0.08306663,0.02798577,0.1408651,-0.3118325,0.898929,-0.1187721,0.2838667,147.0178,-0.3252104,0.937494,-0.1238675,-0.1424938,0.04627548,-0.0199706,0.1511447,0.1364177,-0.4864968,-0.2108536,0.8368106,66.39031,0.2491682,-0.8885908,-0.385126,0.09939713,1.11658,0.2903334,1.157982,0.4027682,-0.8105589,0.1940226,0.3783219,135.5405,0.4351079,-0.8756417,0.2096014,0.1150517,-0.08210133,0.02129262,0.1429367,0.4489939,-0.2379297,-0.6493504,0.5658075,111.0832,0.5445402,-0.2885614,-0.7875329,-0.489933,-0.2229109,-0.3377433,0.635448,0.4965451,0.07785677,0.864476,-0.007912379,180.9067,0.4965607,0.07785922,0.8645031,0.0006028712,-0.01657963,0.009666622,0.01920133,0.07305863,0.06756248,0.09040841,0.9909209,15.45319,0.5434045,0.5025245,0.6724507,-0.07895681,1.206428,-0.04964973,1.210028,0.003707545,-0.1103654,-0.1423452,-0.9836379,339.2422,0.02057957,-0.612608,-0.7901193,True,True,False,False
1772879695341,20.95945,0.1744186,1.052193,0.1870822,1.082835,-0.5145704,-0.7171384,0.087611,0.4617946,124.9941,-0.580133,-0.8085106,0.09877372,-0.1001717,0.6247596,-0.05883715,0.6354688,0.5238907,0.2279027,-0.7632324,0.301787,144.8701,0.5495114,0.2390482,-0.800558,0.08478267,1.109445,0.2711508,1.145242,0.1125873,1.136593,0.3055345,1.182316,0.1158232,1.120527,0.3167755,1.170189,-0.01373932,0.6410783,0.03193999,0.6420205,-0.003263105,0.6395971,0.07680887,0.6442008,-0.02215325,0.6313616,0.1073847,0.6408117,0.09892634,-0.08336469,0.04054448,0.1355727,0.1396113,-0.07340071,0.009921044,0.1580424,0.132744,-0.08534046,-0.00440447,0.1578713,-0.1119461,0.04592912,-0.03655021,0.1264015,-0.1564885,0.05289298,-0.02692493,0.1673656,-0.1782386,0.04459136,0.001668036,0.1837394,0.09786279,-0.08401796,0.04166741,0.1355445,0.1382516,-0.07426743,0.01014484,0.1572644,0.1309641,-0.08607429,-0.004089314,0.1567708,-0.1119645,0.04641861,-0.0359054,0.1264118,-0.1563364,0.05321166,-0.02698076,0.1673335,-0.1782303,0.04469243,0.001378129,0.1837535,0.1103827,-0.08300585,0.0279097,0.1409016,-0.312188,0.8985432,-0.1191129,0.2845541,146.9356,-0.3256504,0.9372907,-0.1242494,-0.1424851,0.04624748,-0.01999244,0.1511309,0.1361246,-0.4861664,-0.2110166,0.8370092,66.34874,0.2487708,-0.8884801,-0.3856377,0.09938593,1.116481,0.2904024,1.157904,0.4028594,-0.8113403,0.1931514,0.3769929,135.7049,0.4349519,-0.875973,0.2085381,0.1151033,-0.08204136,0.02133469,0.1429501,0.4487966,-0.2381278,-0.6494767,0.5657358,111.0932,0.5442685,-0.2887844,-0.7876391,-0.4900544,-0.2226158,-0.337526,0.6353227,0.4977774,0.07821557,0.8637372,-0.007633704,180.8748,0.4977919,0.07821786,0.8637624,0.0006140694,-0.0164814,0.0095976,0.01908213,0.07157423,0.06840562,0.09088777,0.9909275,15.44755,0.5325568,0.5089804,0.6762615,-0.07890438,1.206494,-0.0494453,1.210082,0.004021345,-0.1103989,-0.1425345,-0.9836056,339.2217,0.02229955,-0.6121946,-0.7903959,True,True,False,False
1772879695355,20.97341,0.1745337,1.052291,0.1870757,1.082948,-0.5137635,-0.7176048,0.08718013,0.4620499,124.9611,-0.5793101,-0.8091578,0.09830269,-0.1001949,0.6247302,-0.05875509,0.6354361,0.5236025,0.228115,-0.7633077,0.3019361,144.8521,0.5492364,0.2392828,-0.8006768,0.0848122,1.109401,0.2711767,1.145208,0.1125902,1.136506,0.3057044,1.182276,0.115808,1.120345,0.316877,1.170041,-0.01374722,0.6410931,0.03197985,0.6420375,-0.003241215,0.6395646,0.07682782,0.6441707,-0.02207072,0.6313155,0.1073951,0.6407652,0.0989957,-0.08328699,0.04059008,0.1355892,0.1397158,-0.0733714,0.009897888,0.1581196,0.1327606,-0.08534398,-0.004406944,0.1578873,-0.1119452,0.04591313,-0.03652461,0.1263874,-0.1564622,0.05291866,-0.02687012,0.1673404,-0.1782031,0.04464803,0.001693651,0.1837189,0.09795061,-0.0839613,0.0415839,0.1355472,0.1383651,-0.07419798,0.0101257,0.1573302,0.1311033,-0.08601768,-0.004113934,0.1568568,-0.111963,0.04637942,-0.0359534,0.1264097,-0.1563461,0.05318895,-0.02697218,0.167334,-0.1782282,0.04468898,0.001402587,0.1837508,0.1104886,-0.08294692,0.02784313,0.1409367,-0.3124692,0.8982251,-0.1194443,0.28511,146.8692,-0.3259999,0.9371206,-0.1246166,-0.1424751,0.04622373,-0.02001021,0.1511165,0.1358473,-0.4858674,-0.21121,0.837179,66.31316,0.248382,-0.8883558,-0.3861745,0.09956252,1.116233,0.2904626,1.157695,0.4029216,-0.8128459,0.190197,0.3751811,135.929,0.4346739,-0.8769023,0.2051854,0.1151566,-0.0820134,0.0213713,0.1429824,0.4477,-0.2387033,-0.6495516,0.5662758,111.0181,0.543183,-0.2896126,-0.7880844,-0.4901467,-0.2224327,-0.337406,0.6352661,0.499485,0.07766955,0.8627991,-0.007746838,180.8877,0.4994999,0.07767188,0.862825,0.0004374832,-0.01623285,0.009537399,0.01883239,0.06817814,0.06882565,0.09249024,0.9909897,15.39456,0.5090233,0.5138577,0.6905394,-0.07888484,1.206562,-0.04926872,1.210142,0.004474247,-0.1105776,-0.1425094,-0.9835871,339.21,0.02479717,-0.6128431,-0.7898155,True,True,False,False
1772879695370,20.98841,0.174811,1.0522,0.1871769,1.082922,-0.5128636,-0.7180902,0.08670934,0.462384,124.9179,-0.578409,-0.8098642,0.09779105,-0.1002369,0.6247652,-0.05866538,0.6354688,0.5232354,0.2283912,-0.7634385,0.302033,144.8405,0.548869,0.2395802,-0.8008397,0.08503299,1.109336,0.2712229,1.145172,0.1127464,1.136132,0.3058954,1.181981,0.1159527,1.119836,0.3169836,1.169597,-0.0137553,0.6412159,0.03197651,0.6421601,-0.003220488,0.6395991,0.07685998,0.6442087,-0.02194802,0.6313671,0.1073932,0.6408115,0.09916307,-0.08303621,0.04074229,0.1356033,0.1397058,-0.07331094,0.009920731,0.1580843,0.132625,-0.08532423,-0.004373163,0.1577616,-0.1119254,0.04585876,-0.03654195,0.1263552,-0.1564611,0.05292233,-0.02680512,0.1673301,-0.1781816,0.04468406,0.001674861,0.1837067,0.09804834,-0.08388674,0.04151606,0.1355509,0.1384732,-0.07412647,0.01010917,0.1573905,0.131226,-0.08596178,-0.00413483,0.1569292,-0.11196,0.04633746,-0.03600084,0.1264051,-0.1563554,0.05316746,-0.02695872,0.1673337,-0.1782244,0.04468859,0.001424534,0.1837472,0.1106002,-0.08287592,0.02778415,0.1409709,-0.3126611,0.8980172,-0.1198243,0.285395,146.8351,-0.326229,0.9369865,-0.125024,-0.1424596,0.04619984,-0.02003035,0.1510973,0.1355874,-0.485579,-0.2114979,0.8373158,66.28448,0.2480019,-0.8881685,-0.3868491,0.09957357,1.116135,0.2904848,1.157606,0.4042469,-0.8135304,0.1885278,0.3731086,136.1851,0.4357106,-0.8768498,0.2032015,0.1151884,-0.08185511,0.0214902,0.1429351,0.4448185,-0.2389151,-0.6508008,0.5670224,110.9143,0.5400233,-0.2900503,-0.7900922,-0.4902228,-0.2220356,-0.3372428,0.6350991,0.5025061,0.07592932,0.8612069,-0.006710625,180.769,0.5025175,0.07593103,0.8612264,0.000426434,-0.01613462,0.009515196,0.01873624,0.06525071,0.06961112,0.0921889,0.9911599,15.24812,0.4918174,0.5246834,0.69486,-0.07889184,1.206563,-0.04916669,1.210139,0.00447122,-0.1105326,-0.1425988,-0.9835793,339.205,0.02477452,-0.6124485,-0.7901234,True,True,False,False
1772879695384,21.00166,0.1749461,1.052235,0.187195,1.082981,-0.5119137,-0.7186102,0.08625389,0.4627139,124.8753,-0.5774499,-0.810608,0.09729627,-0.1002569,0.6248013,-0.0586949,0.6355102,0.5229473,0.2286527,-0.7635362,0.3020871,144.834,0.5485766,0.2398588,-0.8009566,0.08509107,1.109345,0.2712574,1.145193,0.1128097,1.135995,0.3059945,1.181881,0.1159721,1.119544,0.3170829,1.169346,-0.01371293,0.6413022,0.03187767,0.6422405,-0.003157135,0.639666,0.07677265,0.6442644,-0.02185292,0.6314355,0.1073122,0.640862,0.09933997,-0.08285347,0.04085056,0.1356536,0.1397863,-0.07314915,0.009945214,0.158082,0.1326135,-0.08528657,-0.004366592,0.1577315,-0.1119209,0.04584771,-0.03656808,0.1263548,-0.1564674,0.05291675,-0.02680583,0.1673343,-0.1781881,0.04467448,0.001658469,0.1837105,0.09815964,-0.0837977,0.04145871,0.1355588,0.1385863,-0.07404226,0.01009505,0.1574495,0.1313455,-0.0859036,-0.0041548,0.1569979,-0.1119566,0.04629526,-0.03604971,0.1264006,-0.1563651,0.05314586,-0.02694554,0.1673337,-0.1782213,0.04468737,0.001444691,0.1837441,0.1107261,-0.08279262,0.02772705,0.1410095,-0.312928,0.8978364,-0.1202765,0.285481,146.8248,-0.3265162,0.936823,-0.1254992,-0.1424435,0.04617546,-0.02005235,0.1510775,0.1353459,-0.4852902,-0.211807,0.8374442,66.25758,0.2476492,-0.8879595,-0.3875538,0.09966397,1.115959,0.29046,1.157439,0.4034083,-0.8156316,0.1872663,0.3700517,136.5624,0.434234,-0.8779567,0.2015759,0.1152757,-0.08171637,0.02160738,0.1429438,0.4433579,-0.2396901,-0.6519009,0.5665755,110.9765,0.5380492,-0.2908825,-0.7911324,-0.4903029,-0.2219094,-0.3370854,0.6350333,0.5050542,0.07617792,0.8596994,-0.005852582,180.6707,0.5050628,0.07617923,0.8597142,0.0003360286,-0.01595926,0.009540021,0.01859632,0.06275582,0.07219449,0.09395532,0.9909704,15.41107,0.4680409,0.5384358,0.7007307,-0.07885861,1.206434,-0.04914964,1.210007,0.003911935,-0.1104889,-0.1426556,-0.9835783,339.2043,0.02167495,-0.6121885,-0.7904153,True,True,False,False
1772879695397,21.01598,0.1752093,1.052257,0.1871417,1.083035,-0.5108244,-0.719214,0.08577286,0.4630688,124.8294,-0.5763416,-0.8114587,0.0967739,-0.1003264,0.6248915,-0.05885179,0.6356243,0.5227094,0.2289247,-0.7636101,0.3021061,144.8317,0.5483305,0.2401457,-0.8010392,0.08530984,1.109319,0.2711891,1.145169,0.1128575,1.135757,0.3061511,1.181698,0.1160062,1.119188,0.3171498,1.169026,-0.01371904,0.6414167,0.03165803,0.6423441,-0.003134128,0.6397681,0.07654186,0.6443381,-0.02188167,0.631454,0.1071332,0.6408514,0.0995075,-0.08260421,0.04094906,0.1356541,0.1399012,-0.07315338,0.009977996,0.1581876,0.1326171,-0.08532877,-0.004309803,0.1577557,-0.1119139,0.04585106,-0.03659109,0.1263564,-0.1564552,0.05292621,-0.0268271,0.1673293,-0.1781802,0.04468103,0.001746662,0.1837053,0.09826319,-0.08370601,0.04141956,0.1355652,0.1386874,-0.07397398,0.01008605,0.1575058,0.1314432,-0.08585944,-0.004166707,0.1570558,-0.1119533,0.04626113,-0.0360913,0.1263971,-0.156372,0.05312898,-0.02693644,0.1673334,-0.1782182,0.04468688,0.001467889,0.1837411,0.1108408,-0.0827127,0.02768425,0.1410443,-0.3130313,0.8977603,-0.1207688,0.2853993,146.8346,-0.3266157,0.9367198,-0.1260097,-0.1424329,0.046156,-0.02006702,0.1510635,0.1351111,-0.4850218,-0.2120216,0.8375833,66.22841,0.2473159,-0.8878148,-0.3880979,0.09962654,1.115844,0.2905075,1.157337,0.4045569,-0.816678,0.1854098,0.3674154,136.8874,0.4349808,-0.8780946,0.1993532,0.1153543,-0.08161492,0.02172938,0.1429677,0.4405627,-0.2418089,-0.6518046,0.5679646,110.7832,0.5352786,-0.293795,-0.7919352,-0.4904162,-0.2216292,-0.3369495,0.6349508,0.5083973,0.07481116,0.8578379,-0.00705649,180.8086,0.5084099,0.07481302,0.8578592,0.0003734604,-0.01584399,0.009492487,0.01847373,0.05941459,0.07347294,0.09396584,0.9910814,15.31582,0.4458603,0.5513573,0.7051406,-0.07881741,1.206313,-0.04914229,1.209884,0.003188022,-0.1106803,-0.1427521,-0.9835454,339.1834,0.01764641,-0.6126402,-0.7901645,True,True,False,False
1772879695411,21.02877,0.1753924,1.052387,0.187142,1.083191,-0.5095099,-0.719996,0.08530314,0.4633887,124.788,-0.5749668,-0.8124942,0.09626208,-0.1002965,0.624893,-0.05887607,0.6356233,0.522483,0.229142,-0.7636777,0.3021624,144.8249,0.5481032,0.2403781,-0.8011249,0.08532484,1.109283,0.2712222,1.145143,0.1127996,1.13557,0.3063242,1.181558,0.1159581,1.118925,0.3172786,1.168805,-0.01366939,0.6414148,0.03158735,0.6423376,-0.003048633,0.6397778,0.07647119,0.644339,-0.02181398,0.6314347,0.107094,0.6408235,0.09966251,-0.08246439,0.04105905,0.135716,0.139988,-0.07310933,0.01000504,0.1582458,0.1326546,-0.08532085,-0.004283026,0.1577822,-0.1118995,0.04585513,-0.03656046,0.1263363,-0.1564521,0.05292951,-0.02681055,0.1673248,-0.1781842,0.04467106,0.001807921,0.1837073,0.09837873,-0.08360349,0.04138979,0.1355767,0.1387947,-0.07390258,0.01007937,0.1575664,0.1315432,-0.08581497,-0.004176312,0.1571155,-0.1119489,0.04622761,-0.03613004,0.1263919,-0.1563786,0.05311251,-0.02692605,0.1673326,-0.1782154,0.04468558,0.001495966,0.1837383,0.1109663,-0.08262521,0.02764654,0.1410843,-0.3131172,0.8977233,-0.1213107,0.2851916,146.8594,-0.3266843,0.9366207,-0.126567,-0.1424232,0.0461366,-0.0200775,0.1510499,0.1348725,-0.4847487,-0.2122153,0.8377308,66.19747,0.2469816,-0.8876824,-0.3886134,0.0995971,1.115724,0.2905479,1.157229,0.4046908,-0.8176385,0.184414,0.3656285,137.1075,0.4347957,-0.8784624,0.1981325,0.1154526,-0.08151869,0.0218423,0.1430093,0.438498,-0.2428798,-0.6528097,0.5679513,110.785,0.532764,-0.2950929,-0.7931474,-0.4904808,-0.2215686,-0.3367599,0.634879,0.5114672,0.07486485,0.8560122,-0.006335368,180.726,0.5114774,0.07486635,0.8560293,0.0004028976,-0.0157243,0.009452105,0.01835097,0.05755965,0.07466048,0.09448841,0.9910524,15.34082,0.4312411,0.5593618,0.7079141,-0.07882379,1.206261,-0.04909061,1.20983,0.003374879,-0.1106392,-0.1428939,-0.9835288,339.1729,0.01867138,-0.612107,-0.7905548,True,True,False,False
1772879695426,21.04243,0.1756137,1.052583,0.1871682,1.083422,-0.5083239,-0.7207624,0.08490779,0.4635721,124.7643,-0.5736907,-0.8134472,0.09582631,-0.1002214,0.6248415,-0.05885307,0.6355587,0.522483,0.229142,-0.7636777,0.3021624,144.8249,0.5481032,0.2403781,-0.8011249,0.08534267,1.109211,0.2712298,1.145076,0.1127665,1.135438,0.3064867,1.181469,0.1159166,1.118689,0.3173753,1.168601,-0.01360319,0.6413807,0.0316052,0.642303,-0.003005151,0.6396963,0.07651506,0.6442631,-0.0217629,0.6313658,0.1071297,0.6407598,0.09969253,-0.08240005,0.04115312,0.1357275,0.1400271,-0.0731004,0.01001492,0.1582768,0.132604,-0.0853562,-0.004257143,0.1577581,-0.1118962,0.04583664,-0.03656802,0.1263288,-0.1564564,0.05292799,-0.02676245,0.1673207,-0.1781857,0.04466619,0.001839787,0.1837079,0.09847644,-0.08351399,0.04137219,0.1355871,0.1388864,-0.07384293,0.01007457,0.1576189,0.1316221,-0.08578085,-0.004182323,0.1571631,-0.111945,0.04619853,-0.03616261,0.1263871,-0.1563844,0.05309879,-0.02691388,0.1673318,-0.1782131,0.04468413,0.001521536,0.183736,0.1110725,-0.08254988,0.0276193,0.1411184,-0.3131649,0.8977221,-0.1217916,0.2849379,146.8897,-0.3267083,0.9365457,-0.1270587,-0.1424141,0.04611965,-0.02008569,0.1510372,0.1346904,-0.4845051,-0.2124219,0.8378486,66.17274,0.2467296,-0.8875301,-0.3891205,0.09979776,1.115382,0.2905089,1.156906,0.4053114,-0.8187329,0.1821058,0.3636435,137.3517,0.4350991,-0.8789043,0.1954894,0.1154582,-0.08149268,0.02193282,0.1430129,0.4369559,-0.2436064,-0.6528667,0.5687624,110.6721,0.5312521,-0.2961774,-0.7937571,-0.4904536,-0.2215939,-0.3366395,0.6348029,0.5134029,0.07456601,0.8548792,-0.006264849,180.7179,0.513413,0.07456747,0.8548959,0.000202246,-0.01538169,0.009491086,0.01807535,0.05440674,0.07530752,0.09518658,0.9911147,15.28719,0.4090409,0.5661772,0.715632,-0.07887234,1.206247,-0.04897873,1.209815,0.00356059,-0.110506,-0.1428816,-0.9835449,339.1832,0.0197084,-0.6116673,-0.7908708,True,True,False,False
1772879695439,21.05707,0.1761343,1.052695,0.187102,1.083603,-0.5071304,-0.7216137,0.08443419,0.4636414,124.7553,-0.5723671,-0.8144413,0.0952957,-0.09998471,0.6239997,-0.05900871,0.6347082,0.522483,0.229142,-0.7636777,0.3021624,144.8249,0.5481032,0.2403781,-0.8011249,0.08561224,1.10908,0.2710673,1.14493,0.1129208,1.135015,0.3065715,1.1811,0.1160768,1.118166,0.3172874,1.168093,-0.01334803,0.6406673,0.03141398,0.6415759,-0.002819117,0.638836,0.07641256,0.6433958,-0.02153202,0.6305529,0.1069801,0.6399261,0.09972044,-0.08230395,0.0412994,0.1357341,0.1399285,-0.07325192,0.009989426,0.158258,0.1323542,-0.08547643,-0.004218891,0.1576124,-0.1118964,0.04575929,-0.03667811,0.1263329,-0.1564883,0.05290382,-0.02669819,0.1673326,-0.1781962,0.04464123,0.001826413,0.1837119,0.09857477,-0.08341835,0.04136644,0.1355979,0.1389688,-0.07379621,0.01006784,0.1576691,0.13168,-0.08575679,-0.004185214,0.1571985,-0.1119411,0.04616382,-0.03620336,0.1263827,-0.1563926,0.05308338,-0.02689683,0.1673318,-0.1782118,0.04468074,0.001545634,0.1837341,0.1111739,-0.08247438,0.02760007,0.1411503,-0.3130447,0.8978423,-0.1222927,0.2844761,146.9449,-0.3265362,0.9365371,-0.1275632,-0.1424008,0.04609872,-0.02010052,0.1510202,0.1345585,-0.4842154,-0.2127812,0.8379461,66.15228,0.2465557,-0.8872427,-0.3898854,0.09978682,1.115266,0.2904825,1.156787,0.4065563,-0.8195455,0.1796842,0.3616223,137.6003,0.4360673,-0.8790345,0.1927271,0.11538,-0.08157333,0.02198196,0.1430033,0.4346148,-0.2437619,-0.6539548,0.5692393,110.6056,0.5286179,-0.2964853,-0.795399,-0.4906639,-0.2219788,-0.3369074,0.6352419,0.5159923,0.0739581,0.8533798,-0.00502855,180.5762,0.5159987,0.07395902,0.8533905,0.0002131835,-0.01526582,0.00951755,0.01799096,0.05095008,0.07572833,0.09530678,0.9912548,15.16594,0.3860972,0.5738655,0.7222301,-0.07896271,1.206167,-0.04884693,1.209735,0.004040963,-0.1102143,-0.1427056,-0.9836013,339.219,0.02240544,-0.6110918,-0.7912424,True,True,False,False
1772879695452,21.07101,0.1763221,1.052672,0.1871141,1.083614,-0.5061829,-0.7223778,0.08392152,0.46358,124.7633,-0.5712771,-0.8152742,0.09471367,-0.0999295,0.6237224,-0.05907315,0.634433,0.522483,0.229142,-0.7636777,0.3021624,144.8249,0.5481032,0.2403781,-0.8011249,0.08565155,1.108891,0.2710883,1.144755,0.112895,1.134832,0.3066376,1.180939,0.1160724,1.117897,0.3172826,1.167833,-0.01329896,0.6403632,0.03134291,0.6412677,-0.002749477,0.6385043,0.0762959,0.6430523,-0.02138876,0.6301761,0.1068249,0.639524,0.099832,-0.08222684,0.04130067,0.1357698,0.1400377,-0.07313472,0.009999812,0.1583011,0.1323768,-0.08536304,-0.004212514,0.1575697,-0.1118825,0.04577436,-0.03665848,0.1263204,-0.1564312,0.05295453,-0.02668966,0.1672939,-0.178113,0.04477705,0.001803026,0.1836641,0.09868069,-0.08331796,0.0413609,0.1356115,0.1390588,-0.07374048,0.01006211,0.1577221,0.1317387,-0.08572362,-0.004187514,0.1572296,-0.1119362,0.046131,-0.0362417,0.1263774,-0.1563959,0.05307252,-0.02687938,0.1673286,-0.1782035,0.04468886,0.00156732,0.1837282,0.1112834,-0.08239214,0.02757986,0.1411846,-0.3128733,0.897996,-0.1227249,0.2839932,147.0026,-0.3263086,0.9365576,-0.1279949,-0.1423828,0.04608379,-0.02011554,0.1510007,0.1343466,-0.483955,-0.213117,0.8380452,66.13146,0.246236,-0.887013,-0.3906098,0.09972066,1.115126,0.2904696,1.156642,0.4069278,-0.8197264,0.1795153,0.3608775,137.6918,0.4363307,-0.8789565,0.1924864,0.1155156,-0.08142445,0.02206629,0.1430409,0.4325408,-0.2437689,-0.6555771,0.5689499,110.6459,0.5259672,-0.2964216,-0.7971781,-0.4907174,-0.2221415,-0.3369579,0.6353668,0.5185999,0.0738612,0.8518144,-0.00332567,180.3811,0.5186028,0.07386162,0.8518192,0.0002793446,-0.01512551,0.009530365,0.01787979,0.05027281,0.07622154,0.09507933,0.9912734,15.14978,0.3813691,0.578216,0.721271,-0.07903012,1.206039,-0.04871957,1.209608,0.003822326,-0.1095621,-0.1424795,-0.9837079,339.2868,0.02126181,-0.6094428,-0.7925468,True,True,False,False
1772879695468,21.0848,0.1765066,1.052805,0.1870931,1.083769,-0.505247,-0.7231653,0.08331381,0.4634827,124.7759,-0.570188,-0.8161161,0.0940224,-0.09992258,0.6235443,-0.05908573,0.6342579,0.522483,0.229142,-0.7636777,0.3021624,144.8249,0.5481032,0.2403781,-0.8011249,0.08563061,1.108746,0.271025,1.144598,0.112765,1.134661,0.3066582,1.180767,0.1159852,1.117678,0.3172331,1.167602,-0.01325802,0.6401815,0.03130624,0.6410837,-0.002735835,0.6383301,0.0762769,0.6428771,-0.02135837,0.6299818,0.1067905,0.6393257,0.0998331,-0.08220895,0.04132137,0.135766,0.1400363,-0.07313357,0.01003289,0.1583014,0.1323201,-0.08533286,-0.004189223,0.1575051,-0.1118684,0.04580154,-0.03668699,0.126326,-0.1564279,0.05295662,-0.02669899,0.167293,-0.1780953,0.04480576,0.00179065,0.1836537,0.09877348,-0.08322866,0.04135772,0.1356233,0.1391375,-0.07369161,0.01005976,0.1577685,0.1317855,-0.08569215,-0.004187651,0.1572517,-0.1119307,0.04610448,-0.03627755,0.1263731,-0.1563984,0.05306319,-0.02686485,0.1673257,-0.1781948,0.04469827,0.001585301,0.1837222,0.1113792,-0.08231854,0.02756339,0.141214,-0.3126332,0.8981721,-0.1230561,0.2835568,147.0548,-0.3260143,0.9366151,-0.128323,-0.1423649,0.04607278,-0.02013081,0.1509825,0.1341323,-0.4837279,-0.2133667,0.8381471,66.11005,0.2459138,-0.8868512,-0.3911797,0.09972283,1.114733,0.2902926,1.156219,0.4090597,-0.8188002,0.1833417,0.3586396,137.9667,0.4382112,-0.8771518,0.1964075,0.1155428,-0.08141655,0.02208852,0.1430619,0.432461,-0.2435572,-0.6553042,0.5694152,110.5811,0.5260763,-0.2962803,-0.7971586,-0.4907057,-0.2222196,-0.336935,0.635373,0.5192782,0.07417265,0.8513742,-0.003269142,180.3746,0.519281,0.07417304,0.8513787,0.000277169,-0.01473248,0.009707421,0.01764531,0.05132877,0.0792225,0.09121598,0.9913471,15.08566,0.3910247,0.6035203,0.6948872,-0.07909399,1.205808,-0.04860427,1.209376,0.003124535,-0.1094731,-0.1422375,-0.9837553,339.317,0.01740545,-0.6098278,-0.7923443,True,True,False,False
1772879695480,21.09929,0.17663,1.052725,0.1868211,1.083665,-0.5043304,-0.7239698,0.08261241,0.4633508,124.7929,-0.5691093,-0.8169603,0.09322359,-0.09999855,0.6232281,-0.05902659,0.6339536,0.522483,0.229142,-0.7636777,0.3021624,144.8249,0.5481032,0.2403781,-0.8011249,0.08594607,1.108298,0.2710594,1.144196,0.1126069,1.134443,0.3065061,1.180503,0.115815,1.117392,0.3170894,1.167272,-0.01329648,0.6399517,0.03131539,0.6408554,-0.002805311,0.638047,0.07634884,0.6426049,-0.02142571,0.6296517,0.1068281,0.6390091,0.09994724,-0.08218028,0.04080448,0.1356763,0.1402176,-0.07307103,0.01004528,0.1584338,0.1324812,-0.08533038,-0.004198164,0.1576393,-0.1118509,0.04576806,-0.03678663,0.1263274,-0.156449,0.05293717,-0.02672084,0.16731,-0.1780744,0.04482243,0.001786716,0.1836376,0.09886711,-0.08314503,0.04131358,0.1356267,0.1392237,-0.07364211,0.0100586,0.1578213,0.131841,-0.0856633,-0.00418849,0.1572825,-0.1119244,0.04607764,-0.03631816,0.1263694,-0.1564025,0.05305313,-0.02685337,0.1673245,-0.1781852,0.04470818,0.001601368,0.1837154,0.1114843,-0.082248,0.02751507,0.1412465,-0.3123744,0.898268,-0.1234598,0.283363,147.078,-0.325725,0.9366592,-0.1287363,-0.142345,0.04606176,-0.02015031,0.150963,0.1338908,-0.4834939,-0.2135876,0.8382644,66.08541,0.2455523,-0.8867154,-0.3917142,0.09967621,1.114565,0.2902572,1.156045,0.410898,-0.8183588,0.1828131,0.3578143,138.068,0.4400313,-0.8763816,0.1957748,0.1155866,-0.08139071,0.02193901,0.1430596,0.4355018,-0.2460057,-0.6537693,0.5678076,110.805,0.5290599,-0.2988547,-0.7942176,-0.4904886,-0.222102,-0.3370178,0.6352081,0.5195075,0.07859258,0.850826,-0.005541335,180.635,0.5195154,0.07859376,0.8508389,0.0003237873,-0.01456535,0.009742826,0.01752646,0.04986423,0.07914837,0.08968752,0.9915671,14.89227,0.3847724,0.6107407,0.692065,-0.07911899,1.205543,-0.04846549,1.209108,0.00195756,-0.1096116,-0.1421203,-0.9837598,339.3199,0.01090624,-0.610684,-0.7918013,True,True,False,False
1772879695495,21.11223,0.1767388,1.052747,0.1867595,1.083694,-0.5033844,-0.724769,0.08194596,0.4632484,124.8062,-0.5680075,-0.8178128,0.09246594,-0.1000553,0.6232232,-0.05900969,0.6339562,0.5223353,0.2292661,-0.7636524,0.3023869,144.7979,0.5479892,0.2405263,-0.8011585,0.08591854,1.108162,0.2710105,1.14405,0.1124673,1.134238,0.3064743,1.180284,0.115683,1.117126,0.317002,1.16698,-0.01333467,0.6400596,0.03129138,0.6409627,-0.002842885,0.6381051,0.07633726,0.6426613,-0.02144077,0.6296799,0.106809,0.6390342,0.1000791,-0.08208799,0.04078138,0.1357107,0.1402743,-0.07297334,0.0100611,0.1584399,0.1324839,-0.0852415,-0.004179507,0.1575931,-0.1118437,0.04573946,-0.0368388,0.1263258,-0.1564391,0.05294594,-0.02672197,0.1673037,-0.1780517,0.04485702,0.001788646,0.183624,0.09896824,-0.08305683,0.04126918,0.1356329,0.1393114,-0.07358631,0.01005881,0.1578727,0.1318947,-0.0856281,-0.00418774,0.1573083,-0.1119176,0.04604942,-0.0363616,0.1263656,-0.1564055,0.05304419,-0.0268424,0.1673227,-0.178174,0.0447206,0.001616994,0.1837078,0.1115959,-0.08217207,0.02746554,0.1412808,-0.3121031,0.898387,-0.1238275,0.2831244,147.1065,-0.3254181,0.9367143,-0.1291102,-0.1423239,0.04605112,-0.02017166,0.1509427,0.1336338,-0.4832484,-0.2138395,0.8383828,66.06051,0.2451628,-0.8865613,-0.3923071,0.09963186,1.114102,0.2902626,1.155596,0.4135161,-0.8188515,0.1813722,0.3543881,138.4881,0.4422166,-0.8756848,0.1939605,0.1156933,-0.08128422,0.02190639,0.1430802,0.435902,-0.2454674,-0.6543888,0.5670191,110.9148,0.5291969,-0.2980041,-0.7944458,-0.4905184,-0.2217216,-0.3369396,0.6350568,0.5203801,0.07977732,0.8501887,-0.004402687,180.5045,0.5203851,0.07977811,0.850197,0.0003681406,-0.01410198,0.009737462,0.01714117,0.0459468,0.08081903,0.08803426,0.9917698,14.71199,0.358864,0.631231,0.687585,-0.07912961,1.205256,-0.04830485,1.208816,0.0006453069,-0.1095189,-0.1419287,-0.9837995,339.3453,0.003599592,-0.6109083,-0.791694,True,True,False,False
1772879695508,21.12737,0.1769746,1.052787,0.1867001,1.08376,-0.5021719,-0.7256546,0.08140152,0.4632739,124.8029,-0.5666478,-0.8188244,0.091853,-0.1002022,0.6232458,-0.05902121,0.6340026,0.5223353,0.2292661,-0.7636524,0.3023869,144.7979,0.5479892,0.2405263,-0.8011585,0.08600651,1.107805,0.271003,1.14371,0.1123695,1.133855,0.3066274,1.179947,0.1155283,1.116549,0.3169519,1.166399,-0.01344096,0.6401585,0.03124227,0.6410613,-0.003043745,0.6382524,0.07642566,0.642819,-0.02169031,0.6298388,0.1068824,0.6392114,0.100077,-0.08208094,0.04070029,0.1356805,0.1403165,-0.07307349,0.0100023,0.1585198,0.1322858,-0.08538186,-0.0041437,0.1575016,-0.1118365,0.04571489,-0.03692949,0.126337,-0.1565457,0.05281582,-0.02673459,0.1673643,-0.1781337,0.04468505,0.001795165,0.1836616,0.09905156,-0.08298349,0.04122642,0.1356359,0.1393869,-0.07354777,0.01005457,0.1579211,0.1319241,-0.08560959,-0.00418443,0.1573228,-0.1119115,0.04602428,-0.03640429,0.1263634,-0.1564161,0.05302703,-0.0268343,0.1673258,-0.178171,0.04471793,0.001630385,0.1837043,0.1116893,-0.0821109,0.02741863,0.1413098,-0.3117478,0.8985479,-0.1241731,0.2828535,147.1388,-0.3250206,0.936804,-0.1294598,-0.1423066,0.04603533,-0.02019409,0.1509246,0.1334493,-0.4830213,-0.2139668,0.8385106,66.03365,0.2449127,-0.8864641,-0.3926822,0.09954166,1.113879,0.290288,1.15538,0.4151396,-0.8184004,0.179995,0.354234,138.507,0.4439251,-0.8751478,0.1924758,0.1156111,-0.08137732,0.02187398,0.1430617,0.4344927,-0.24693,-0.6560968,0.5654899,111.1274,0.5268141,-0.2993979,-0.7955048,-0.490454,-0.2213043,-0.3366776,0.6347224,0.5236679,0.08166051,0.8479941,-0.003083816,180.3534,0.5236704,0.0816609,0.8479982,0.0004583448,-0.01387906,0.00971204,0.01694586,0.04426931,0.07982883,0.08708184,0.9920104,14.4952,0.3509054,0.6327716,0.6902634,-0.07916043,1.204982,-0.0481679,1.208539,-0.000877546,-0.109423,-0.1420886,-0.9837869,339.3372,-0.004893164,-0.610139,-0.7922808,True,True,False,False
1772879695522,21.14022,0.177133,1.052906,0.1867236,1.083906,-0.5006773,-0.726659,0.08095253,0.4633958,124.7871,-0.565002,-0.8200167,0.09135293,-0.1002583,0.6232978,-0.05898842,0.6340595,0.5223353,0.2292661,-0.7636524,0.3023869,144.7979,0.5479892,0.2405263,-0.8011585,0.08588869,1.107608,0.2709991,1.143509,0.1122531,1.133555,0.3065785,1.179635,0.1154453,1.11616,0.3168847,1.166001,-0.01348915,0.6401914,0.0312714,0.6410967,-0.003098894,0.6382911,0.07644521,0.6428601,-0.02172321,0.6298549,0.1068787,0.6392278,0.1001446,-0.08200821,0.04081652,0.1357213,0.140225,-0.07289963,0.01007862,0.1583635,0.1321471,-0.08525722,-0.004100129,0.1573164,-0.111831,0.04573409,-0.0369233,0.1263373,-0.1565306,0.05282639,-0.02673096,0.1673529,-0.1780978,0.0447281,0.001791045,0.1836373,0.09914653,-0.08289875,0.04119081,0.1356426,0.1394597,-0.07349146,0.01005666,0.1579593,0.1319434,-0.08557898,-0.004177106,0.1573222,-0.1119045,0.04599907,-0.03644938,0.126361,-0.156426,0.0530096,-0.02682532,0.1673282,-0.1781646,0.04471881,0.001644344,0.1836984,0.1117932,-0.08203676,0.0273724,0.14134,-0.3114465,0.8987463,-0.1244742,0.2824225,147.1903,-0.3246635,0.9368868,-0.1297566,-0.1422859,0.04602088,-0.02021828,0.1509039,0.1332141,-0.4827858,-0.2140639,0.8386588,66.00247,0.2445835,-0.8864031,-0.393025,0.0994615,1.11361,0.2903681,1.155133,0.415507,-0.8190426,0.1779576,0.3533472,138.6156,0.4441587,-0.8755205,0.1902289,0.1156602,-0.08127321,0.02193499,0.1430516,0.4342743,-0.2455621,-0.6566867,0.5655687,111.1164,0.5265837,-0.2977588,-0.7962721,-0.4903767,-0.2211323,-0.3364746,0.6344951,0.5242106,0.08235271,0.8475966,-0.001127352,180.1292,0.524211,0.08235276,0.8475972,0.0005385056,-0.01360989,0.009631902,0.0166821,0.04204467,0.07964751,0.08778932,0.9920594,14.45063,0.334294,0.6332713,0.6980063,-0.07919297,1.204711,-0.04809573,1.208268,-0.00214801,-0.1095289,-0.142215,-0.9837549,339.3168,-0.01196552,-0.6101324,-0.7922108,True,True,False,False
1772879695536,21.15433,0.1773446,1.053011,0.1868075,1.084057,-0.4991775,-0.7276044,0.0805816,0.4635951,124.7613,-0.5633758,-0.8211802,0.09094504,-0.1003043,0.6234555,-0.05893393,0.6342167,0.5223353,0.2292661,-0.7636524,0.3023869,144.7979,0.5479892,0.2405263,-0.8011585,0.08579028,1.107373,0.2709946,1.143273,0.1121476,1.133162,0.3067571,1.179293,0.1153773,1.115659,0.3169249,1.165524,-0.01351618,0.6403387,0.03131185,0.6412463,-0.003144954,0.6384441,0.07649498,0.6430181,-0.02173332,0.6299617,0.1068895,0.6393352,0.1001466,-0.08193748,0.04100958,0.1357383,0.1401635,-0.07290432,0.01009384,0.1583122,0.1319508,-0.08525094,-0.004058748,0.1571471,-0.1118207,0.04575529,-0.03693383,0.1263389,-0.1565251,0.0528299,-0.02672947,0.1673487,-0.1780554,0.044791,0.001785986,0.1836114,0.09922124,-0.08282693,0.04117727,0.1356493,0.1395123,-0.0734476,0.01005943,0.1579855,0.131944,-0.08555447,-0.004168264,0.1573091,-0.1118983,0.04598086,-0.03648557,0.1263593,-0.1564334,0.05299617,-0.02681816,0.1673297,-0.1781565,0.0447242,0.001654925,0.1836919,0.111872,-0.08197484,0.02734586,0.1413613,-0.3111222,0.8989855,-0.1246679,0.2819326,147.2488,-0.3242767,0.9369954,-0.1299389,-0.1422664,0.04601228,-0.02023863,0.1508856,0.1329673,-0.4826089,-0.2140762,0.8387966,65.97347,0.2442255,-0.8864238,-0.393201,0.0994691,1.112822,0.2905573,1.154422,0.4165795,-0.8212471,0.1741516,0.3488352,139.1678,0.4445012,-0.8762922,0.1858244,0.1156729,-0.08121881,0.02204769,0.1430483,0.432493,-0.2449218,-0.6571454,0.5666774,110.9623,0.5249084,-0.2972569,-0.7975647,-0.4902966,-0.2208532,-0.3361589,0.6341685,0.5257424,0.0815782,0.8467231,0.0002050748,179.9765,0.5257425,0.0815782,0.8467232,0.000530906,-0.01282167,0.009442687,0.01593241,0.03613521,0.08179631,0.08893506,0.9920153,14.49071,0.2865181,0.6485674,0.705171,-0.07920177,1.204515,-0.04801094,1.208071,-0.003157679,-0.1098166,-0.1422879,-0.9837096,339.2878,-0.01756558,-0.6108895,-0.7915214,True,True,False,False
1772879695550,21.16896,0.177765,1.052917,0.1869751,1.084064,-0.497373,-0.7286706,0.08018839,0.4639279,124.7183,-0.5614496,-0.8225453,0.09051906,-0.1002138,0.6236913,-0.05887263,0.6344286,0.522165,0.2293367,-0.7636721,0.3025781,144.775,0.5478455,0.2406157,-0.8012301,0.08587474,1.106834,0.2710843,1.142779,0.1121144,1.132297,0.3071765,1.178568,0.1153534,1.114675,0.3171767,1.164649,-0.01330782,0.6407608,0.03126138,0.6416609,-0.003041733,0.6387922,0.07657129,0.6433723,-0.02161069,0.6302701,0.1069237,0.6396406,0.100122,-0.08186595,0.04121641,0.1357396,0.1400338,-0.07313532,0.01006597,0.1583021,0.131671,-0.08548883,-0.004022136,0.1570406,-0.1117957,0.04573844,-0.03711991,0.1263652,-0.1565696,0.05278916,-0.02673535,0.1673784,-0.1780485,0.04478494,0.001782835,0.1836032,0.09929461,-0.08274867,0.04118046,0.1356561,0.1395548,-0.07342216,0.01005997,0.1580112,0.1319218,-0.08554912,-0.004156363,0.1572872,-0.1118899,0.04596111,-0.03653723,0.1263596,-0.1564445,0.05297931,-0.02681142,0.1673336,-0.1781477,0.04472915,0.001665343,0.1836847,0.1119445,-0.08191535,0.02732967,0.1413811,-0.3106512,0.8993437,-0.1249633,0.2811776,147.339,-0.3237111,0.9371525,-0.1302168,-0.1422413,0.04600228,-0.02026924,0.150863,0.1326863,-0.4823678,-0.2140856,0.8389774,65.93542,0.2438342,-0.8864346,-0.3934195,0.09940287,1.112548,0.2906522,1.154176,0.4175255,-0.8215061,0.1723038,0.3480109,139.2686,0.445365,-0.8762822,0.1837926,0.1155035,-0.08133775,0.02216407,0.142997,0.4278087,-0.2468366,-0.6591941,0.5670226,110.9143,0.519373,-0.2996673,-0.8002819,-0.4903038,-0.2199893,-0.3353064,0.633422,0.5311224,0.08057392,0.8434536,0.00173624,179.801,0.5311232,0.08057404,0.8434548,0.0005971342,-0.01254773,0.009347767,0.01565832,0.03391808,0.08143742,0.08894508,0.9921222,14.39322,0.2707498,0.6500713,0.7100009,-0.07919981,1.20442,-0.0478874,1.20797,-0.003197873,-0.1100002,-0.1426319,-0.9836391,339.243,-0.01775116,-0.6106029,-0.791739,True,True,False,False
1772879695564,21.18179,0.1779372,1.052958,0.186992,1.084135,-0.4958807,-0.7294878,0.07984225,0.4643008,124.67,-0.5598885,-0.8236494,0.09014822,-0.1001228,0.6236985,-0.05886262,0.6344203,0.5220053,0.2294051,-0.763689,0.3027591,144.7532,0.5477108,0.2407019,-0.8012961,0.08588061,1.106525,0.271187,1.142504,0.1120627,1.131936,0.3073747,1.178268,0.1153821,1.114336,0.3173022,1.164361,-0.0131807,0.6408535,0.03122148,0.6417489,-0.002925787,0.6388621,0.07655339,0.6434391,-0.02149132,0.630298,0.1069015,0.6396604,0.1001866,-0.08181295,0.04125454,0.1357669,0.1400854,-0.07310114,0.01006241,0.1583318,0.13173,-0.08539374,-0.004024029,0.1570385,-0.1117835,0.04573246,-0.0371667,0.126366,-0.1565659,0.05279226,-0.02673565,0.167376,-0.1780247,0.04481218,0.001810245,0.1835871,0.09936971,-0.08266988,0.0411867,0.135665,0.1395995,-0.07339513,0.01006017,0.1580382,0.1319056,-0.08553604,-0.004145221,0.1572663,-0.111881,0.04594186,-0.03659023,0.12636,-0.1564547,0.05296356,-0.02680504,0.1673372,-0.1781373,0.04473614,0.001677543,0.1836765,0.1120166,-0.08185425,0.02731813,0.1414006,-0.3101433,0.8997117,-0.1251867,0.2804611,147.4246,-0.3231112,0.9373311,-0.1304211,-0.1422156,0.04599345,-0.02029966,0.1508402,0.1323821,-0.4821144,-0.2140843,0.8391714,65.89455,0.2434089,-0.8864564,-0.3936336,0.09932308,1.111918,0.2908144,1.153603,0.418705,-0.8224416,0.1713723,0.3448297,139.6572,0.4460642,-0.8761821,0.1825702,0.1155928,-0.08127937,0.02227074,0.1430525,0.4265319,-0.2463346,-0.659734,0.5675747,110.8374,0.5180621,-0.2991959,-0.8013074,-0.4904063,-0.2197147,-0.3349212,0.6332023,0.532594,0.08024918,0.8425516,0.003269736,179.6253,0.5325968,0.0802496,0.8425561,0.0006769225,-0.01191759,0.009185612,0.01506196,0.03099963,0.08355539,0.08844509,0.9920863,14.42606,0.2468933,0.6654682,0.7044117,-0.07917772,1.204329,-0.04777833,1.207874,-0.003342988,-0.1103425,-0.1428029,-0.9835755,339.2026,-0.01852101,-0.6113255,-0.7911646,True,True,False,False
1772879695578,21.19622,0.178102,1.052913,0.1870402,1.084127,-0.4942373,-0.7303226,0.07943966,0.4648094,124.6042,-0.5582011,-0.8248404,0.08972068,-0.09993638,0.6236628,-0.05885735,0.6343554,0.5220053,0.2294051,-0.763689,0.3027591,144.7532,0.5477108,0.2407019,-0.8012961,0.08587628,1.105995,0.2713342,1.142026,0.1120035,1.131425,0.3076589,1.177846,0.1153067,1.113729,0.3175723,1.163847,-0.01297669,0.6408455,0.03120691,0.6417361,-0.002725724,0.638763,0.07648216,0.6433313,-0.02142898,0.6302232,0.1069666,0.6395954,0.1001693,-0.08179833,0.04127821,0.1357525,0.1401407,-0.07308547,0.0100508,0.1583727,0.131749,-0.0854772,-0.004033104,0.1571,-0.1117759,0.04572574,-0.03720367,0.1263677,-0.1564839,0.05284959,-0.02672905,0.1673162,-0.1780383,0.04475086,0.001938999,0.1835866,0.09942936,-0.08260487,0.04119353,0.1356712,0.1396398,-0.07337204,0.01005947,0.1580631,0.1318939,-0.08553165,-0.004136858,0.1572539,-0.1118731,0.04592574,-0.03663599,0.1263605,-0.1564569,0.05295506,-0.02679937,0.1673356,-0.1781299,0.04473724,0.001697047,0.1836697,0.112077,-0.08180477,0.027308,0.1414178,-0.3098001,0.8999822,-0.1254559,0.2798516,147.4973,-0.3226939,0.9374392,-0.1306773,-0.1422017,0.04598444,-0.02031784,0.1508267,0.1322348,-0.4818237,-0.2142388,0.8393221,65.86279,0.2432421,-0.886301,-0.3940862,0.09923809,1.111608,0.2909562,1.153332,0.4196827,-0.8227124,0.1696205,0.34386,139.7756,0.4469365,-0.8761386,0.1806355,0.1155108,-0.08134028,0.02230984,0.1430269,0.4248683,-0.2484021,-0.6600088,0.5676019,110.8337,0.5160532,-0.3017139,-0.8016594,-0.4903483,-0.219484,-0.3342948,0.6327462,0.5355398,0.08111029,0.8405991,0.003419045,179.6082,0.5355428,0.08111076,0.8406039,0.0007619113,-0.01160789,0.009043783,0.01473477,0.0287667,0.08335567,0.08838008,0.9921762,14.34379,0.2304164,0.6676646,0.7079093,-0.07915224,1.204173,-0.04771402,1.207715,-0.004017917,-0.1107864,-0.1426405,-0.9835466,339.1842,-0.02224089,-0.6132502,-0.7895761,True,True,False,False
1772879695592,21.20968,0.1782053,1.053095,0.1869971,1.084313,-0.492261,-0.7311123,0.07934347,0.4656808,124.4914,-0.5562568,-0.8261597,0.08965842,-0.09990811,0.6236398,-0.05887369,0.6343298,0.5220053,0.2294051,-0.763689,0.3027591,144.7532,0.5477108,0.2407019,-0.8012961,0.08588891,1.105626,0.2715372,1.141718,0.1119619,1.131033,0.3077603,1.177492,0.1153189,1.113331,0.3177397,1.163513,-0.01295321,0.6408181,0.03119602,0.6417078,-0.002697561,0.6387362,0.07646145,0.6433021,-0.02141466,0.6301711,0.1069429,0.6395397,0.1001924,-0.08178356,0.04125269,0.1357529,0.1400645,-0.07297942,0.01010621,0.1582599,0.1317562,-0.08544421,-0.004029572,0.157088,-0.1117787,0.0457253,-0.03719572,0.1263677,-0.1564789,0.0528523,-0.02672805,0.1673123,-0.1780212,0.04476202,0.001964994,0.183573,0.09949277,-0.08253662,0.04119844,0.1356776,0.1396751,-0.07333941,0.01006336,0.1580794,0.1318825,-0.08552439,-0.004127942,0.1572401,-0.1118653,0.04590908,-0.03668251,0.126361,-0.1564587,0.05294652,-0.02679344,0.1673337,-0.1781209,0.0447393,0.001719313,0.1836617,0.1121422,-0.08175139,0.02729324,0.1414358,-0.309606,0.9002049,-0.1257727,0.2792071,147.5742,-0.3224287,0.937488,-0.1309817,-0.1421874,0.04597555,-0.02033507,0.1508129,0.1320604,-0.4815178,-0.2143776,0.8394896,65.82747,0.243037,-0.8861601,-0.3945293,0.09919843,1.111352,0.2911066,1.15312,0.421024,-0.8231987,0.1672431,0.3422172,139.976,0.4480786,-0.8760967,0.17799,0.1155562,-0.08131012,0.02241627,0.1430631,0.4234418,-0.2485177,-0.6601185,0.5684891,110.7102,0.5147033,-0.3020791,-0.8023893,-0.4904017,-0.219365,-0.3339739,0.6325768,0.5369506,0.08108296,0.8396938,0.004911533,179.4372,0.5369571,0.08108394,0.8397039,0.0008015707,-0.01135194,0.008893371,0.01444303,0.02554637,0.08337493,0.08829611,0.9922702,14.25726,0.2058574,0.6718506,0.7115063,-0.07910824,1.203916,-0.04771571,1.207456,-0.005100248,-0.111044,-0.1424981,-0.9835332,339.1757,-0.02822065,-0.6144277,-0.788469,True,True,False,False
1772879695606,21.22365,0.1783328,1.053299,0.1869566,1.084525,-0.4905741,-0.7317392,0.07920042,0.4664998,124.3853,-0.554621,-0.8272715,0.08954043,-0.09992188,0.6235912,-0.05890537,0.6342872,0.5220053,0.2294051,-0.763689,0.3027591,144.7532,0.5477108,0.2407019,-0.8012961,0.08594283,1.105342,0.2717067,1.141487,0.1119508,1.13075,0.3080828,1.177304,0.115395,1.113033,0.3179336,1.163289,-0.01297401,0.6407626,0.03117404,0.6416517,-0.002712686,0.6386908,0.07643245,0.6432536,-0.02141086,0.6300966,0.1068876,0.6394569,0.100192,-0.08177712,0.04124351,0.135746,0.1401488,-0.07303286,0.01006363,0.1583564,0.1317924,-0.08543218,-0.004050687,0.1571124,-0.1117843,0.045725,-0.03718305,0.1263689,-0.1564817,0.05284905,-0.02672829,0.1673139,-0.177998,0.04479365,0.00196249,0.1835582,0.0995473,-0.08247739,0.04120196,0.1356827,0.1397121,-0.0733155,0.01006338,0.1581009,0.1318755,-0.0855172,-0.004121917,0.1572302,-0.111859,0.04589472,-0.03672154,0.1263615,-0.1564605,0.05293892,-0.02678836,0.1673321,-0.1781113,0.04474354,0.001738278,0.1836536,0.1121981,-0.0817055,0.02728167,0.1414514,-0.3093143,0.900434,-0.1260078,0.278685,147.6365,-0.322074,0.9375784,-0.1312058,-0.1421741,0.0459689,-0.02034991,0.1508003,0.131869,-0.4812656,-0.2144561,0.8396444,65.79483,0.2427916,-0.8860857,-0.3948475,0.09930268,1.11069,0.2913885,1.152562,0.423977,-0.8227776,0.1667141,0.3398337,140.2665,0.4508066,-0.8748434,0.1772639,0.1155818,-0.08132631,0.02250489,0.1431069,0.4214712,-0.2489987,-0.6610047,0.5687132,110.6789,0.5124046,-0.3027207,-0.803618,-0.4905189,-0.2192419,-0.3337549,0.6325094,0.539131,0.08109595,0.838281,0.006818425,179.2187,0.5391435,0.08109783,0.8383003,0.0006973222,-0.0106895,0.00861156,0.01374447,0.0228526,0.08432931,0.08571797,0.9924812,14.06097,0.186708,0.688979,0.7003245,-0.07907941,1.203597,-0.04777052,1.207138,-0.006932019,-0.1113399,-0.1423286,-0.9835131,339.163,-0.038333,-0.6156923,-0.7870554,True,True,False,False
1772879695620,21.23808,0.1784814,1.053313,0.186957,1.084563,-0.4887296,-0.7322633,0.07905301,0.4676372,124.2379,-0.5529113,-0.8284266,0.08943453,-0.1000098,0.623322,-0.05894838,0.6340404,0.5220053,0.2294051,-0.763689,0.3027591,144.7532,0.5477108,0.2407019,-0.8012961,0.08617329,1.104843,0.2720575,1.141105,0.1120354,1.130172,0.308374,1.176833,0.1155531,1.112265,0.3181246,1.162622,-0.01305015,0.6404378,0.03113618,0.6413271,-0.00279795,0.6384125,0.07638051,0.6429715,-0.02146848,0.6298341,0.1068229,0.6391893,0.1002384,-0.08172746,0.04112341,0.1357139,0.1401101,-0.07302098,0.01007932,0.1583177,0.1315944,-0.08547798,-0.004077926,0.156972,-0.11178,0.04577256,-0.03715194,0.1263731,-0.1564721,0.05285767,-0.02672704,0.1673074,-0.1779874,0.04481084,0.001930475,0.1835518,0.09960308,-0.08241687,0.04119562,0.1356849,0.1397442,-0.07329173,0.01006467,0.1581184,0.1318528,-0.08551403,-0.004118367,0.1572093,-0.1118526,0.04588486,-0.03675628,0.1263624,-0.1564614,0.05293236,-0.02678341,0.1673301,-0.1781013,0.04474897,0.001753789,0.1836454,0.1122577,-0.08165884,0.02725653,0.1414669,-0.3089268,0.9007216,-0.126239,0.27808,147.7087,-0.3216118,0.9377068,-0.1314226,-0.1421602,0.04596515,-0.02036409,0.1507879,0.1316864,-0.4810493,-0.2144852,0.8397895,65.76422,0.2425556,-0.8860536,-0.3950643,0.09930731,1.110389,0.2915394,1.152312,0.4245028,-0.8228862,0.164427,0.3400288,140.2428,0.4513995,-0.8750245,0.1748452,0.1154856,-0.08139461,0.02247781,0.1430638,0.4213898,-0.2509084,-0.6614817,0.5673778,110.8649,0.5117322,-0.304701,-0.8032978,-0.4907875,-0.2188385,-0.3335057,0.6324466,0.5410691,0.08374928,0.8367582,0.008138881,179.0674,0.541087,0.08375205,0.8367858,0.0006926954,-0.01038945,0.008460581,0.01341648,0.02100863,0.08297632,0.08627903,0.9925874,13.96123,0.1728629,0.6827444,0.7099198,-0.07907718,1.203305,-0.04781039,1.206848,-0.007639069,-0.1113784,-0.1422278,-0.9835181,339.1661,-0.04224919,-0.6159976,-0.7866154,True,True,False,False
1772879695634,21.25156,0.178596,1.053434,0.1869509,1.084699,-0.487156,-0.732671,0.07901355,0.4686463,124.1071,-0.5514644,-0.8293894,0.08944397,-0.1000554,0.6232387,-0.05892058,0.6339631,0.5220053,0.2294051,-0.763689,0.3027591,144.7532,0.5477108,0.2407019,-0.8012961,0.08613715,1.104569,0.2721764,1.140864,0.1121336,1.129786,0.3085027,1.176505,0.1157251,1.111865,0.3182774,1.162298,-0.01311696,0.6402734,0.03118497,0.6411666,-0.00283904,0.6383141,0.07639332,0.6428754,-0.02149023,0.6297328,0.1068282,0.6390911,0.1002154,-0.08171123,0.04131439,0.1357451,0.1399958,-0.07293858,0.01013915,0.1581824,0.131527,-0.08542655,-0.00407052,0.1568872,-0.1117758,0.04581476,-0.03707657,0.1263625,-0.1564559,0.05287217,-0.0267252,0.1672966,-0.1779689,0.04484119,0.00191889,0.1835411,0.09965396,-0.08235824,0.04120548,0.1356897,0.1397651,-0.07326239,0.01007085,0.1581236,0.1318257,-0.08550676,-0.004114392,0.1571825,-0.1118462,0.04587904,-0.03678289,0.1263623,-0.156461,0.05292736,-0.02677858,0.1673273,-0.1780903,0.04475664,0.001767507,0.1836367,0.1123103,-0.08161253,0.02724274,0.1414792,-0.3086628,0.9009933,-0.1264224,0.2774092,147.7887,-0.3212721,0.9378002,-0.1315869,-0.1421466,0.04596457,-0.02037451,0.1507763,0.1314922,-0.4808838,-0.2144433,0.8399254,65.73551,0.2422917,-0.8860919,-0.3951401,0.09945131,1.109738,0.2918913,1.151786,0.4256567,-0.8233618,0.162466,0.3383735,140.4444,0.4523393,-0.8749749,0.1726503,0.1154743,-0.08138296,0.02262417,0.1430712,0.4200405,-0.2501564,-0.6617036,0.5684509,110.7155,0.5105526,-0.3040612,-0.8042903,-0.4908682,-0.2186532,-0.3333513,0.6323637,0.541734,0.08287936,0.836392,0.01019409,178.8318,0.5417621,0.08288366,0.8364354,0.0005486906,-0.009738445,0.008108705,0.01268422,0.01816969,0.08324087,0.08617014,0.9926307,13.92031,0.1499408,0.6869242,0.7110972,-0.0791292,1.20316,-0.04778975,1.206706,-0.008148139,-0.1112556,-0.1422931,-0.9835184,339.1664,-0.04506515,-0.6153246,-0.7869844,True,True,False,False
1772879695647,21.26599,0.1788484,1.053406,0.187138,1.084745,-0.4856525,-0.7330252,0.07905518,0.4696446,123.9775,-0.5500928,-0.8302889,0.08954486,-0.1001906,0.6231124,-0.05877404,0.6338466,0.5220053,0.2294051,-0.763689,0.3027591,144.7532,0.5477108,0.2407019,-0.8012961,0.08634087,1.104089,0.272587,1.140514,0.1122813,1.129097,0.3089676,1.175979,0.11589,1.110977,0.3184775,1.16152,-0.01317162,0.6401052,0.03130223,0.6410055,-0.002978292,0.638201,0.07655281,0.6427828,-0.02163621,0.6296211,0.1069864,0.6390125,0.1001838,-0.08173644,0.04135614,0.1357496,0.1398404,-0.07310697,0.01013574,0.1581224,0.1310969,-0.08559174,-0.003987491,0.156615,-0.1117609,0.04590202,-0.037112,0.1263915,-0.1564699,0.05285943,-0.02672687,0.1673059,-0.1779801,0.04482277,0.001920223,0.1835475,0.09969535,-0.08230966,0.04121725,0.1356942,0.139771,-0.07325025,0.01007592,0.1581235,0.1317688,-0.0855134,-0.004104477,0.1571382,-0.1118395,0.04588083,-0.0368086,0.1263646,-0.1564617,0.05292205,-0.02677453,0.1673257,-0.1780817,0.0447618,0.001779438,0.1836297,0.1123501,-0.0815773,0.02723078,0.1414882,-0.3082477,0.9013563,-0.1265572,0.2766291,147.8818,-0.320765,0.9379584,-0.1316964,-0.142134,0.04596685,-0.02038507,0.1507667,0.1313285,-0.4807319,-0.214314,0.840071,65.70477,0.2420906,-0.8861801,-0.3950659,0.09945972,1.109495,0.2920445,1.15159,0.4262906,-0.8233559,0.1607504,0.3384093,140.44,0.4530192,-0.8749806,0.1708295,0.1152922,-0.08150491,0.02269766,0.1430053,0.4182399,-0.2512035,-0.6623336,0.5685828,110.6971,0.5084205,-0.3053679,-0.8051454,-0.4910193,-0.218091,-0.3331136,0.6321617,0.5437605,0.08297259,0.8350471,0.01168376,178.6611,0.5437976,0.08297825,0.835104,0.0005402789,-0.009494543,0.007955492,0.01239871,0.01665038,0.08224243,0.08634976,0.992725,13.83091,0.1382868,0.6830502,0.7171628,-0.07918779,1.203071,-0.04776067,1.206619,-0.008203697,-0.1111024,-0.1422386,-0.9835432,339.182,-0.04540625,-0.6149353,-0.7872697,True,True,False,False
1772879695661,21.27861,0.1789399,1.053498,0.1871104,1.084845,-0.4841404,-0.733398,0.07925937,0.4705884,123.855,-0.5486925,-0.8311845,0.0898273,-0.100285,0.6231521,-0.05869534,0.6338933,0.5220053,0.2294051,-0.763689,0.3027591,144.7532,0.5477108,0.2407019,-0.8012961,0.08630963,1.103833,0.2726832,1.140286,0.1123845,1.12879,0.3091085,1.175732,0.1160496,1.110715,0.3187295,1.161354,-0.01322078,0.6401476,0.03134886,0.6410511,-0.003067259,0.6382234,0.07661466,0.6428128,-0.02168031,0.6295869,0.1070212,0.6389861,0.1001793,-0.08170459,0.0415346,0.1357816,0.1398089,-0.0730211,0.01017113,0.1580572,0.1312034,-0.08556908,-0.004013777,0.1566924,-0.1117438,0.04593301,-0.03715475,0.1264001,-0.1564517,0.05287611,-0.02672482,0.1672939,-0.1779362,0.0449122,0.001921043,0.1835268,0.09973559,-0.08225936,0.04124363,0.1357012,0.1397741,-0.0732312,0.01008384,0.158118,0.1317218,-0.08551802,-0.004096938,0.1571011,-0.1118316,0.04588517,-0.03683738,0.1263675,-0.1564609,0.05291823,-0.0267704,0.167323,-0.1780696,0.04477431,0.001791209,0.1836212,0.1123884,-0.08154067,0.02722886,0.1414971,-0.3080303,0.9016534,-0.1267381,0.2758188,147.9784,-0.3204611,0.9380404,-0.1318527,-0.1421179,0.04597345,-0.02039788,0.1507552,0.1310893,-0.4805793,-0.2141253,0.8402437,65.66827,0.241769,-0.886336,-0.3949129,0.09949936,1.10925,0.2922177,1.151403,0.4267727,-0.8232873,0.1587645,0.3389056,140.3796,0.4536176,-0.8750738,0.1687511,0.1153393,-0.0814839,0.02282721,0.1430519,0.4170804,-0.2508863,-0.6624354,0.5694555,110.5755,0.5073834,-0.3052062,-0.8058607,-0.4910538,-0.2178196,-0.3329662,0.6320172,0.5443228,0.08255477,0.8346975,0.01333705,178.4716,0.5443711,0.0825621,0.8347716,0.0005006418,-0.009250402,0.00778231,0.01209896,0.01522996,0.08075473,0.08677993,0.9928324,13.72831,0.1274306,0.6756827,0.7260961,-0.07921761,1.202999,-0.04774435,1.20655,-0.008713051,-0.1112501,-0.1421334,-0.9835373,339.1783,-0.04821696,-0.6156446,-0.7865492,True,True,False,False
1772879695676,21.29273,0.1789291,1.053666,0.1870991,1.085003,-0.4826051,-0.7336722,0.07962435,0.4716751,123.7138,-0.5473126,-0.8320426,0.09030035,-0.1005643,0.6232199,-0.0585408,0.6339899,0.5218078,0.2297088,-0.7637213,0.3027873,144.7498,0.547509,0.2410229,-0.8013377,0.08630573,1.10359,0.2729177,1.140107,0.1123719,1.128395,0.3092594,1.175391,0.1161491,1.110335,0.3188579,1.161036,-0.01339543,0.6402843,0.03141931,0.6411946,-0.003282402,0.6382846,0.07671608,0.6428868,-0.02181518,0.6295448,0.1070699,0.6389574,0.1001691,-0.0816949,0.04157491,0.1357806,0.1396314,-0.0730494,0.01021521,0.1579161,0.131054,-0.08556807,-0.004007265,0.1565666,-0.1117326,0.04593965,-0.03725308,0.1264216,-0.1564426,0.05288353,-0.02672382,0.1672875,-0.1778688,0.0450259,0.001918435,0.1834893,0.09976743,-0.0822179,0.04126796,0.1357069,0.1397637,-0.07321785,0.01009349,0.1581032,0.1316727,-0.0855217,-0.004090351,0.1570618,-0.1118243,0.04588917,-0.03686791,0.1263714,-0.1564595,0.05291568,-0.02676698,0.1673204,-0.1780549,0.04479279,0.001800555,0.1836115,0.1124153,-0.08151131,0.02722798,0.1415015,-0.3078339,0.9019285,-0.1268559,0.2750833,148.066,-0.3201866,0.9381208,-0.1319464,-0.1420996,0.0459824,-0.02041338,0.1507428,0.1307946,-0.4804349,-0.2139223,0.8404239,65.63017,0.2413498,-0.8865266,-0.3947419,0.09975117,1.108782,0.2926542,1.151084,0.4303459,-0.8233672,0.1537812,0.336482,140.6746,0.4569932,-0.8743507,0.1633034,0.1152998,-0.08143253,0.02287748,0.1429989,0.415783,-0.2502805,-0.6625338,0.5705552,110.4221,0.5062749,-0.3047521,-0.8067291,-0.4910594,-0.2173639,-0.3330109,0.6318882,0.5446702,0.08164944,0.8345325,0.01494146,178.2878,0.5447311,0.08165856,0.8346257,0.000248827,-0.008782387,0.007345796,0.0114522,0.008843376,0.07955859,0.08568934,0.9931011,13.46829,0.07541521,0.6784657,0.730748,-0.07924637,1.202928,-0.04776174,1.206481,-0.008857821,-0.1113636,-0.1419372,-0.9835515,339.1873,-0.04903905,-0.6165358,-0.7857985,True,True,False,False
1772879695689,21.3079,0.1792781,1.053843,0.1872716,1.085264,-0.4807924,-0.7339938,0.08010975,0.472942,123.5491,-0.5456769,-0.8330487,0.09092083,-0.1011987,0.6234549,-0.05838728,0.6343077,0.5214896,0.2302737,-0.7638,0.3027082,144.7593,0.5471606,0.2416092,-0.801399,0.08655258,1.103279,0.2732788,1.139911,0.112708,1.127998,0.3098668,1.175202,0.1165024,1.109553,0.3191007,1.160391,-0.01393437,0.6404334,0.03147561,0.6413578,-0.003860716,0.6386412,0.0769196,0.6432683,-0.02239814,0.629854,0.1072825,0.6393178,0.1001005,-0.08170146,0.04176003,0.1357908,0.1396411,-0.07319143,0.01016998,0.1579875,0.1305819,-0.08576682,-0.003960431,0.1562794,-0.1116971,0.0460052,-0.0372283,0.1264068,-0.1565846,0.05271832,-0.02674521,0.1673716,-0.1779949,0.04484457,0.0019316,0.1835673,0.09979458,-0.08217581,0.04130807,0.1357136,0.1397537,-0.07321569,0.01009972,0.1580937,0.1315838,-0.08554168,-0.004079762,0.1569978,-0.1118139,0.04589863,-0.03689729,0.1263743,-0.1564697,0.0528996,-0.0267652,0.1673246,-0.17805,0.04479701,0.001811235,0.1836078,0.1124387,-0.08148432,0.02723282,0.1415054,-0.307342,0.9024014,-0.1269291,0.2740469,148.1895,-0.3195766,0.9383239,-0.1319819,-0.1420816,0.04598737,-0.0204296,0.1507295,0.130467,-0.4803379,-0.2133916,0.8406652,65.57913,0.2409117,-0.8869601,-0.3940348,0.09977098,1.108553,0.2928265,1.150909,0.4302303,-0.8237651,0.152319,0.3363212,140.6942,0.4568426,-0.8747199,0.1617408,0.1151687,-0.08158775,0.02297622,0.1429976,0.4122214,-0.250841,-0.6659659,0.5688953,110.6535,0.5012358,-0.3050072,-0.8097736,-0.4912765,-0.2163836,-0.3331356,0.6317862,0.5482735,0.08217052,0.8320306,0.01921893,177.7975,0.5483748,0.0821857,0.8321843,0.0002290234,-0.00855267,0.007173508,0.01116512,0.007644814,0.07909821,0.0865179,0.993076,13.49268,0.06507664,0.6733252,0.7364854,-0.07925777,1.202948,-0.04777448,1.206502,-0.008790052,-0.1113979,-0.1418382,-0.9835625,339.1943,-0.04868004,-0.6169308,-0.7855119,True,True,False,False
1772879695703,21.32095,0.1793768,1.054057,0.1872973,1.085492,-0.4793117,-0.7342972,0.08043465,0.4739181,123.4221,-0.5443205,-0.8338894,0.09134395,-0.1012917,0.6235666,-0.05844415,0.6344376,0.521259,0.2307875,-0.7638307,0.3026369,144.7679,0.5469056,0.2421426,-0.8014122,0.08658323,1.103071,0.2734769,1.13976,0.1127593,1.127611,0.3100481,1.174884,0.116646,1.109281,0.3193364,1.16021,-0.013986,0.6404965,0.03136008,0.6414163,-0.003870111,0.6387273,0.07681958,0.6433419,-0.02240652,0.6299379,0.1072114,0.6393889,0.1000483,-0.08171742,0.04186353,0.1357938,0.1394366,-0.07327495,0.01020654,0.1578479,0.1305294,-0.08582308,-0.003956452,0.1562664,-0.1116797,0.04601606,-0.03720059,0.1263871,-0.156603,0.05269867,-0.0267477,0.1673831,-0.1780329,0.04478564,0.001934238,0.1835898,0.09981666,-0.08213592,0.0413564,0.1357204,0.1397261,-0.07322085,0.01010902,0.1580723,0.1314921,-0.08556616,-0.004069032,0.156934,-0.1118023,0.04590885,-0.03692368,0.1263753,-0.1564813,0.05288212,-0.02676368,0.1673296,-0.1780485,0.04479602,0.001821938,0.1836063,0.112452,-0.0814623,0.02724488,0.1415056,-0.3069394,0.90285,-0.1270378,0.2729679,148.3181,-0.3190562,0.938491,-0.1320528,-0.1420648,0.04599056,-0.02044412,0.1507166,0.1301849,-0.4802576,-0.2128485,0.8408924,65.53104,0.2405476,-0.8873901,-0.3932882,0.09978359,1.108328,0.2930077,1.150739,0.4315415,-0.8233603,0.1510893,0.336187,140.7105,0.4582116,-0.8742456,0.1604269,0.1150958,-0.08162417,0.02310346,0.1429801,0.4106847,-0.2510512,-0.6656222,0.5703144,110.4557,0.4999653,-0.3056283,-0.8103247,-0.4912931,-0.2161698,-0.3330626,0.6316874,0.5489569,0.08110026,0.8316765,0.01958396,177.7557,0.5490621,0.08111581,0.8318359,0.0002164096,-0.008327961,0.00699231,0.01087631,0.006201962,0.07823005,0.08577149,0.9932195,13.35194,0.05334825,0.6729219,0.7377922,-0.07925665,1.203057,-0.04778173,1.206611,-0.008139903,-0.1116584,-0.1418047,-0.9835434,339.1822,-0.04505349,-0.6180173,-0.7848738,True,True,False,False
1772879695718,21.33532,0.1793724,1.054285,0.1872503,1.085705,-0.4778156,-0.734621,0.08075293,0.4748719,123.298,-0.5429384,-0.8347445,0.09175897,-0.1012633,0.6237249,-0.05851998,0.6345956,0.5210823,0.2313779,-0.7638028,0.3025605,144.7771,0.5467064,0.2427559,-0.8013625,0.08658291,1.102874,0.2736726,1.139616,0.1127301,1.127338,0.3102189,1.174663,0.1166998,1.109062,0.3194779,1.160045,-0.01393341,0.640595,0.03125285,0.6415083,-0.003758628,0.6387882,0.07664965,0.6433815,-0.02225529,0.629967,0.107068,0.6393882,0.1000368,-0.08172771,0.04186669,0.1357925,0.1393496,-0.07332392,0.01021802,0.1577945,0.130497,-0.08583407,-0.003945544,0.1562451,-0.1116747,0.04602272,-0.03716116,0.1263736,-0.156554,0.05273019,-0.02674427,0.1673466,-0.1780107,0.04482264,0.001931511,0.1835773,0.09983334,-0.08210499,0.04139508,0.1357257,0.1396975,-0.07322866,0.01011728,0.1580513,0.1314166,-0.08558647,-0.004059673,0.1568817,-0.1117926,0.04591748,-0.03694168,0.1263752,-0.1564868,0.0528706,-0.02676221,0.1673309,-0.1780456,0.04479804,0.001830243,0.1836041,0.1124591,-0.08144649,0.02725554,0.1415043,-0.3066152,0.9032099,-0.127122,0.2721011,148.4213,-0.3186378,0.9386255,-0.1321066,-0.1420519,0.04599468,-0.0204533,0.150707,0.1299622,-0.4802054,-0.2124408,0.8410598,65.4956,0.2402515,-0.8877205,-0.3927237,0.09993489,1.107911,0.2934311,1.150459,0.4361942,-0.8214696,0.1510112,0.3348401,140.8744,0.462916,-0.8717939,0.1602624,0.1150623,-0.08164889,0.02310303,0.1429672,0.4100669,-0.2510617,-0.6658338,0.5705072,110.4288,0.4992945,-0.3056909,-0.8107145,-0.4912218,-0.2159963,-0.3329844,0.6315314,0.5493125,0.08144002,0.8313819,0.02067572,177.6306,0.5494299,0.08145742,0.8315596,6.511062E-05,-0.007911444,0.006568909,0.01028327,0.003936075,0.07783233,0.0811279,0.9936524,12.91833,0.03498887,0.6918731,0.7211685,-0.07930204,1.203167,-0.04779188,1.206724,-0.007482198,-0.1119756,-0.141681,-0.9835303,339.1739,-0.04139687,-0.6195292,-0.7838809,True,True,False,False
1772879695730,21.34891,0.179475,1.054388,0.1873593,1.08584,-0.4764176,-0.7349374,0.08104233,0.4757368,123.1853,-0.5416374,-0.8355476,0.09213673,-0.1010095,0.6241253,-0.05852601,0.6349493,0.5209869,0.2320288,-0.7637003,0.3024851,144.7861,0.5465925,0.2434326,-0.8012349,0.08680027,1.10251,0.2741568,1.139396,0.112843,1.127159,0.310738,1.17464,0.1168772,1.108722,0.3197822,1.159822,-0.01363033,0.6408792,0.03120356,0.6417831,-0.003450517,0.6390984,0.07659593,0.6436813,-0.02194243,0.630269,0.1070597,0.6396735,0.1000575,-0.08179158,0.04167403,0.1357869,0.1395425,-0.07336646,0.01014708,0.1579801,0.1304594,-0.08585475,-0.003977984,0.1562258,-0.1116433,0.04609288,-0.03712726,0.1263614,-0.1565349,0.05274013,-0.02674329,0.1673317,-0.1780385,0.04479403,0.00193423,0.1835973,0.09985191,-0.08207904,0.04141818,0.1357308,0.1396847,-0.07324007,0.01011975,0.1580453,0.1313374,-0.08560868,-0.004052909,0.1568272,-0.1117802,0.045932,-0.03695704,0.126374,-0.1564908,0.0528598,-0.02676064,0.167331,-0.178045,0.0447977,0.001838854,0.1836035,0.1124732,-0.08143317,0.02725306,0.1415073,-0.3060698,0.9036369,-0.1271295,0.2712928,148.5176,-0.3179956,0.9388466,-0.132083,-0.1420397,0.0460009,-0.02046015,0.1506983,0.1297818,-0.4801687,-0.2119883,0.8412227,65.46108,0.2400305,-0.8880686,-0.3920708,0.09993648,1.107755,0.2935804,1.150346,0.4359933,-0.8216989,0.150005,0.3349915,140.856,0.4627292,-0.8720871,0.1592036,0.1150197,-0.08176082,0.02298366,0.1429776,0.4114473,-0.2520114,-0.6672326,0.5674522,110.8545,0.4996893,-0.3060596,-0.8103321,-0.4911183,-0.2155467,-0.332632,0.6311114,0.5498126,0.08562164,0.8305807,0.02260369,177.4096,0.5499532,0.08564352,0.830793,6.352365E-05,-0.007754564,0.006419659,0.01006724,0.003298452,0.07731748,0.08180362,0.9936395,12.93144,0.02929128,0.6866033,0.7264416,-0.07935364,1.203187,-0.04782424,1.206749,-0.007600831,-0.1120728,-0.1414336,-0.983554,339.1889,-0.04208323,-0.6205093,-0.7830698,True,True,False,False
1772879695745,21.36235,0.1795465,1.054506,0.1873764,1.085969,-0.4753791,-0.7351819,0.08127477,0.4763578,123.1044,-0.5406634,-0.8361452,0.09243631,-0.1009275,0.6242777,-0.05850263,0.6350839,0.5209196,0.2326187,-0.7635286,0.3025815,144.7746,0.5465393,0.2440593,-0.8010803,0.08675192,1.102315,0.2742403,1.139224,0.1128766,1.126909,0.3109114,1.174449,0.1170181,1.108542,0.3199282,1.159703,-0.01359378,0.6409421,0.03123823,0.6418468,-0.003349398,0.6392224,0.07660647,0.6438051,-0.02183176,0.6303614,0.107077,0.6397638,0.09998959,-0.08182831,0.04181056,0.135801,0.1394749,-0.0734282,0.01014893,0.1579492,0.1304434,-0.08583826,-0.004000887,0.156204,-0.1116255,0.0461214,-0.03702524,0.1263262,-0.1565323,0.0527425,-0.02674289,0.16733,-0.178046,0.04478455,0.001934618,0.1836023,0.09986273,-0.08205932,0.04144904,0.1357362,0.1396682,-0.07325487,0.01012204,0.1580378,0.1312671,-0.08562674,-0.004048817,0.1567781,-0.1117681,0.0459469,-0.03696241,0.1263702,-0.1564941,0.05285057,-0.02675925,0.1673309,-0.1780451,0.04479667,0.001846385,0.1836034,0.1124772,-0.08142463,0.02726067,0.141507,-0.3055457,0.9040365,-0.1270662,0.2705809,148.6023,-0.317385,0.9390662,-0.1319897,-0.1420294,0.04600732,-0.02046174,0.1506907,0.1296252,-0.4801829,-0.2115306,0.841354,65.43326,0.2398315,-0.8884304,-0.3913722,0.1000387,1.107519,0.2938364,1.150194,0.4398422,-0.8199241,0.15052,0.3340767,140.9672,0.4666533,-0.8699036,0.1596951,0.1150227,-0.08179468,0.02306314,0.1430122,0.4104344,-0.2518875,-0.6669232,0.5686035,110.6942,0.4989405,-0.3062046,-0.8107386,-0.490932,-0.2152096,-0.3327605,0.6309191,0.5499166,0.08447768,0.8306236,0.02280409,177.3866,0.5500596,0.08449964,0.8308395,-3.872812E-05,-0.007518888,0.006163567,0.009722383,0.00199365,0.07705466,0.07766023,0.9939958,12.56364,0.01822035,0.7042173,0.7097518,-0.07940361,1.203178,-0.04791036,1.206747,-0.007989175,-0.1123747,-0.1417732,-0.9834676,339.1342,-0.04411856,-0.6205661,-0.7829131,True,True,False,False
1772879695759,21.37657,0.1795232,1.054605,0.1873794,1.086062,-0.4742961,-0.7354935,0.08149855,0.4769177,123.0314,-0.539618,-0.8367885,0.09272284,-0.100944,0.6248918,-0.05839096,0.63568,0.5208274,0.2333108,-0.7633419,0.3026784,144.7629,0.5464603,0.2447934,-0.8009104,0.08693168,1.102129,0.2746005,1.139145,0.1128656,1.12686,0.3111566,1.174466,0.117012,1.10834,0.3200731,1.15955,-0.01358271,0.6416334,0.0312841,0.6425392,-0.003339533,0.6398073,0.0767049,0.6443975,-0.02174963,0.6308262,0.1071557,0.640232,0.1001108,-0.0818059,0.04153189,0.1357913,0.1396388,-0.07337284,0.01011583,0.1580661,0.1304488,-0.08584702,-0.004014015,0.1562136,-0.1115958,0.04608085,-0.03710575,0.1263087,-0.1565358,0.05273831,-0.02674346,0.167332,-0.1780328,0.04486907,0.00194101,0.1836101,0.09988204,-0.08203959,0.04145549,0.1357405,0.1396659,-0.07326405,0.01012156,0.15804,0.1312034,-0.08564389,-0.004046108,0.1567341,-0.1117546,0.04595733,-0.03697357,0.1263654,-0.1564973,0.05284183,-0.02675802,0.167331,-0.1780441,0.0448023,0.001853753,0.1836039,0.1124956,-0.08141384,0.02724766,0.1415129,-0.3050025,0.9044091,-0.1270375,0.2699614,148.6761,-0.3167636,0.9392837,-0.1319361,-0.1420159,0.04601409,-0.02046742,0.1506809,0.1293938,-0.4801888,-0.2110996,0.8414944,65.40347,0.2395003,-0.8888012,-0.3907329,0.1000497,1.107425,0.2939479,1.150133,0.4405082,-0.819852,0.1492754,0.3339343,140.9845,0.4673349,-0.8697805,0.1583662,0.1150501,-0.08179542,0.02288568,0.1430062,0.4121036,-0.2525626,-0.667829,0.5660276,111.0526,0.4998914,-0.3063644,-0.8100923,-0.490663,-0.214344,-0.3327067,0.6303866,0.5498989,0.08802789,0.8302327,0.02400428,177.2491,0.5500574,0.08805326,0.8304719,-4.969537E-05,-0.007424831,0.006052136,0.009579089,0.0007356967,0.07640271,0.07757648,0.9940544,12.50213,0.006756617,0.7016803,0.7124602,-0.0794357,1.203182,-0.04798964,1.206756,-0.007768833,-0.1127098,-0.1417801,-0.98343,339.1104,-0.0428535,-0.6217161,-0.7820705,True,True,False,False
1772879695773,21.39017,0.1795972,1.054697,0.1874187,1.08617,-0.4733769,-0.7357522,0.08171216,0.4773952,122.9692,-0.5387311,-0.8373298,0.0929933,-0.1012275,0.6252183,-0.05841123,0.6360478,0.5205752,0.2342348,-0.7631827,0.3027999,144.7483,0.5462178,0.2457728,-0.8007757,0.08690585,1.10202,0.2746734,1.139055,0.1129211,1.126707,0.3112937,1.174361,0.1171133,1.108229,0.3202312,1.159498,-0.01378663,0.6420527,0.03118437,0.6429574,-0.00353029,0.6401179,0.07662329,0.6446972,-0.02189401,0.6310225,0.1070589,0.6404142,0.1001019,-0.08178086,0.04166662,0.1358109,0.1396185,-0.0733505,0.01012875,0.1580386,0.1304902,-0.08582135,-0.004014596,0.1562341,-0.1115897,0.04605108,-0.03719822,0.1263197,-0.1565349,0.05273975,-0.02676611,0.1673352,-0.1780072,0.04491697,0.001939654,0.183597,0.09990007,-0.08201837,0.0414728,0.1357462,0.139662,-0.07327115,0.01012215,0.1580399,0.1311449,-0.08565845,-0.004043523,0.156693,-0.1117411,0.04596502,-0.03699199,0.1263617,-0.1565004,0.05283346,-0.02675868,0.1673313,-0.1780411,0.04481171,0.001860799,0.1836033,0.1125109,-0.08140194,0.02724406,0.1415175,-0.3045298,0.9047602,-0.1270109,0.2693304,148.7512,-0.3162147,0.9394758,-0.1318843,-0.1420006,0.04602095,-0.02047757,0.1506699,0.1291142,-0.4801665,-0.2106897,0.8416529,65.36986,0.239092,-0.8891661,-0.3901524,0.1000764,1.107371,0.2940388,1.150107,0.4409708,-0.8198842,0.1479994,0.3338127,140.9993,0.4678043,-0.8697749,0.1570053,0.1150751,-0.0817696,0.02297769,0.1430263,0.4112111,-0.2523589,-0.668227,0.5662978,111.0151,0.4989211,-0.3061862,-0.8107576,-0.4905099,-0.2136486,-0.3330871,0.6302323,0.5502793,0.08742718,0.8300304,0.02447057,177.1956,0.5504441,0.08745337,0.8302791,-7.635355E-05,-0.007371187,0.00596118,0.00948029,-0.0004722034,0.07578738,0.07771481,0.9940909,12.46374,-0.004350008,0.6981646,0.7159204,-0.07948664,1.203242,-0.04805813,1.206822,-0.00752876,-0.1128637,-0.1419294,-0.9833927,339.0869,-0.04148296,-0.6218712,-0.7820215,True,True,False,False
1772879695787,21.40459,0.1796658,1.054875,0.1874514,1.086361,-0.4725507,-0.7359782,0.08193121,0.4778276,122.9128,-0.5379347,-0.8378111,0.09326755,-0.1018866,0.6258498,-0.05840654,0.6367732,0.5201402,0.2353167,-0.7631265,0.3028503,144.7422,0.5457705,0.2469122,-0.8007301,0.08691686,1.102008,0.2747625,1.139066,0.1129534,1.126617,0.3114277,1.174313,0.117176,1.108136,0.3203294,1.159442,-0.01441386,0.6426568,0.03109943,0.6435703,-0.003967103,0.6406152,0.07640097,0.6451671,-0.02228832,0.6314507,0.106907,0.6408244,0.1000974,-0.08176043,0.04174761,0.1358202,0.1395712,-0.07338049,0.01013413,0.1580111,0.1304321,-0.08584684,-0.003997386,0.1561992,-0.1115638,0.04603492,-0.03714291,0.1262746,-0.1564179,0.05286406,-0.02679857,0.1672702,-0.177944,0.04503355,0.001934364,0.1835643,0.0999156,-0.08199807,0.04149444,0.135752,0.1396549,-0.07327975,0.01012309,0.1580376,0.1310888,-0.08567328,-0.004039891,0.1566541,-0.1117272,0.04597052,-0.03700387,0.1263548,-0.1564939,0.05283587,-0.02676182,0.1673265,-0.1780335,0.04482917,0.00186659,0.1836002,0.1125221,-0.08139139,0.02724561,0.1415207,-0.3041051,0.9050886,-0.1269971,0.2687128,148.8246,-0.315717,0.9396486,-0.1318464,-0.1419878,0.04603089,-0.02048236,0.1506615,0.128876,-0.4801594,-0.210466,0.8417494,65.34938,0.2387173,-0.8894006,-0.3898467,0.1002478,1.107414,0.2941788,1.150199,0.4437397,-0.8189839,0.1459542,0.3332535,141.0673,0.4706429,-0.8686376,0.1548031,0.1150394,-0.08177152,0.02303282,0.1430076,0.4102016,-0.252151,-0.6686132,0.5666665,110.9638,0.4978494,-0.306028,-0.8114757,-0.4903615,-0.2126174,-0.3334807,0.6299762,0.5507674,0.08664306,0.8297855,0.0245872,177.1822,0.5509339,0.08666926,0.8300363,-0.0002478063,-0.007414341,0.005821228,0.00942977,-0.003237617,0.07442802,0.0758656,0.9943312,12.20736,-0.03044935,0.6999855,0.7135058,-0.07958486,1.203319,-0.04806862,1.206906,-0.00693169,-0.1130917,-0.1420074,-0.9833596,339.0659,-0.0381555,-0.6225134,-0.7816796,True,True,False,False
1772879695800,21.41907,0.1797984,1.055145,0.1874802,1.086649,-0.4717973,-0.7361679,0.08211712,0.4782478,122.8579,-0.537217,-0.8382453,0.09350351,-0.1031488,0.6273876,-0.05813396,0.6384626,0.5196428,0.2364628,-0.7631482,0.302757,144.7535,0.5452316,0.248107,-0.800728,0.08703383,1.102149,0.2748813,1.139239,0.1130763,1.126696,0.3116001,1.174446,0.1173054,1.1081,0.3203617,1.15943,-0.01549601,0.6441706,0.03116161,0.64511,-0.00501838,0.6421667,0.07658638,0.646737,-0.02342524,0.6330101,0.1072254,0.6424545,0.1001461,-0.08171655,0.04179437,0.135844,0.1395999,-0.07339336,0.01012157,0.1580416,0.1303005,-0.08586746,-0.003962964,0.1560998,-0.1114857,0.04608458,-0.03722264,0.1262473,-0.1564822,0.0528122,-0.02686581,0.1673248,-0.1780972,0.04481951,0.0019494,0.1836605,0.09993475,-0.08197468,0.04151936,0.1357596,0.1396503,-0.07328919,0.01012297,0.1580379,0.1310233,-0.08568941,-0.0040335,0.1566079,-0.1117071,0.04598,-0.03702205,0.1263458,-0.1564929,0.0528339,-0.02677046,0.1673264,-0.1780387,0.04482837,0.001873469,0.1836053,0.1125363,-0.08137856,0.02724838,0.1415251,-0.3035929,0.9054755,-0.126967,0.2680019,148.9092,-0.3151205,0.939857,-0.1317881,-0.1419795,0.04603517,-0.02048929,0.150656,0.1287951,-0.4801303,-0.2102285,0.8418377,65.33062,0.2386284,-0.8895737,-0.3895063,0.1002414,1.10741,0.2942521,1.150212,0.4441388,-0.8192319,0.1441191,0.3329105,141.1089,0.4710057,-0.868789,0.1528372,0.1150238,-0.08176644,0.02299588,0.1429861,0.4096398,-0.2516461,-0.6706249,0.5649176,111.2069,0.4964443,-0.3049711,-0.8127334,-0.4899887,-0.21067,-0.3338407,0.629222,0.5516659,0.087728,0.8290175,0.02643705,176.9702,0.5518587,0.08775867,0.8293072,-0.0002413914,-0.007409573,0.005747944,0.009380773,-0.004987305,0.07378449,0.07634557,0.9943352,12.20299,-0.04692164,0.6941804,0.7182755,-0.07967519,1.203337,-0.04809806,1.206931,-0.006817641,-0.1131157,-0.1419689,-0.9833632,339.0682,-0.03753171,-0.6227116,-0.7815511,True,True,False,False
1772879695814,21.43225,0.1798509,1.055272,0.187506,1.086787,-0.4711841,-0.7363039,0.08225248,0.4786196,122.8094,-0.5366425,-0.8385935,0.09367926,-0.1034629,0.6278725,-0.05799229,0.638977,0.5191451,0.2375333,-0.7632396,0.3025422,144.7793,0.5446705,0.2492124,-0.8007667,0.08706719,1.102099,0.2749968,1.139222,0.1131272,1.126657,0.3117472,1.174453,0.1173966,1.108057,0.3204408,1.15942,-0.0156715,0.6445642,0.03114717,0.6455066,-0.005127516,0.642552,0.0766152,0.6471239,-0.02350777,0.6333615,0.1072937,0.6428151,0.1001377,-0.08173272,0.04181334,0.1358534,0.1396161,-0.07340818,0.01011197,0.1580622,0.1302815,-0.08584548,-0.00395745,0.1560717,-0.111442,0.04612365,-0.03721663,0.1262212,-0.1565061,0.05280678,-0.02686635,0.1673455,-0.1781411,0.04476946,0.001957171,0.1836911,0.09995168,-0.08195449,0.04154387,0.1357673,0.1396474,-0.07329912,0.01012205,0.1580399,0.1309614,-0.08570243,-0.004027158,0.1565631,-0.111685,0.04599198,-0.03703828,0.1263354,-0.156494,0.05283164,-0.02677846,0.167328,-0.1780473,0.04482346,0.00188045,0.1836124,0.112548,-0.08136731,0.02725312,0.1415289,-0.3030635,0.9058549,-0.1268904,0.2673541,148.9862,-0.3145123,0.9400753,-0.1316839,-0.141971,0.04603908,-0.02049551,0.15065,0.1287636,-0.4801131,-0.2099802,0.8419143,65.31436,0.2386228,-0.8897389,-0.3891324,0.1002651,1.107371,0.2943537,1.150204,0.4441966,-0.8185222,0.1455877,0.3339387,140.984,0.4712487,-0.8683711,0.1544542,0.1150311,-0.08176519,0.02308594,0.1430058,0.4081673,-0.2514153,-0.6714347,0.5651242,111.1782,0.4947447,-0.3047436,-0.8138544,-0.4895749,-0.2103943,-0.3340332,0.6289098,0.552579,0.08687346,0.8284906,0.02669971,176.9401,0.5527762,0.08690445,0.8287861,-0.0002650917,-0.007371187,0.005646288,0.009288985,-0.003273041,0.07348167,0.07551966,0.9944278,12.10272,-0.03104768,0.6970382,0.7163703,-0.07976729,1.203277,-0.04816843,1.206879,-0.007258343,-0.1133819,-0.1416942,-0.9833691,339.0719,-0.03996475,-0.6242859,-0.7801742,True,True,False,False
1772879695828,21.44623,0.179806,1.05548,0.1874089,1.086964,-0.4706317,-0.7363974,0.08236019,0.4790005,122.7597,-0.5361402,-0.8388986,0.09382413,-0.1038976,0.6285706,-0.05793432,0.6397281,0.5186222,0.2386069,-0.7633709,0.3022627,144.8129,0.5440713,0.2503154,-0.8008299,0.08700085,1.10202,0.2750265,1.139147,0.1131238,1.126638,0.3117713,1.174441,0.1173623,1.108045,0.3204217,1.159399,-0.01589794,0.6452803,0.03099162,0.6462197,-0.005375874,0.6431792,0.07660906,0.6477479,-0.02370953,0.6339356,0.1072804,0.643386,0.1000565,-0.08184506,0.04178076,0.1358512,0.1395735,-0.07344454,0.01005536,0.1580379,0.1302345,-0.08589505,-0.003954679,0.1560597,-0.1113959,0.04612052,-0.03734733,0.1262179,-0.1565855,0.05274227,-0.02685303,0.1673973,-0.1781961,0.04468907,0.001964122,0.1837248,0.09995969,-0.08194613,0.04156199,0.1357737,0.1396418,-0.07331023,0.01011695,0.1580398,0.1309058,-0.08571716,-0.004021616,0.1565246,-0.1116629,0.04600181,-0.03706191,0.1263264,-0.156501,0.05282481,-0.02678416,0.1673333,-0.1780587,0.04481318,0.001886848,0.183621,0.1125516,-0.08136423,0.02725676,0.1415307,-0.3026907,0.9061401,-0.126817,0.2668444,149.0468,-0.3140793,0.9402332,-0.1315885,-0.1419596,0.04603928,-0.02050795,0.150641,0.1287569,-0.4800637,-0.2097506,0.8420007,65.29601,0.2386701,-0.8898697,-0.388804,0.1002453,1.107356,0.294419,1.150203,0.4442471,-0.8185577,0.1448616,0.3341002,140.9643,0.4713309,-0.8684617,0.1536932,0.115023,-0.08184772,0.02296252,0.1430266,0.4097294,-0.2512632,-0.6700944,0.565652,111.1048,0.496856,-0.304693,-0.8125863,-0.4892433,-0.2099328,-0.3340786,0.6285216,0.5511738,0.08750302,0.829417,0.02486505,177.1504,0.5513442,0.08753008,0.8296735,-0.0002453029,-0.007355571,0.005581051,0.009236488,-0.003762987,0.07299364,0.07580029,0.9944407,12.08884,-0.03573608,0.6932012,0.7198552,-0.07986405,1.20316,-0.04827463,1.206774,-0.007510697,-0.1133036,-0.1417992,-0.983361,339.0668,-0.04134432,-0.6237054,-0.7805653,True,True,False,False
1772879695842,21.45939,0.179792,1.055576,0.1873733,1.087048,-0.4702025,-0.7364361,0.08246785,0.4793438,122.7149,-0.5357657,-0.8391218,0.09396683,-0.1039457,0.6288485,-0.05798599,0.6400137,0.518185,0.2394801,-0.7635114,0.3019672,144.8484,0.5435593,0.2512069,-0.8008987,0.08704474,1.101947,0.2751249,1.139104,0.1131671,1.126621,0.3118696,1.174454,0.1173753,1.10797,0.3204483,1.159336,-0.0159449,0.645358,0.03085487,0.6462919,-0.005222101,0.6432863,0.07638642,0.6478267,-0.0234902,0.6340113,0.1070977,0.6434222,0.1000439,-0.0818783,0.04171163,0.1358407,0.1396075,-0.07345164,0.01000918,0.1580683,0.130194,-0.08592923,-0.00395003,0.1560446,-0.1113554,0.0461284,-0.03716939,0.1261325,-0.1565366,0.05278886,-0.02684026,0.1673642,-0.1781787,0.04473121,0.001962967,0.1837182,0.09996649,-0.08194065,0.04157408,0.1357791,0.139639,-0.07332166,0.01010825,0.1580421,0.1308483,-0.08573429,-0.004015834,0.1564857,-0.111638,0.04601203,-0.03707059,0.1263107,-0.1565039,0.05282191,-0.02678869,0.1673357,-0.1780684,0.04480656,0.001892996,0.1836288,0.1125557,-0.0813629,0.02725593,0.141533,-0.302331,0.9064123,-0.1267561,0.2663562,149.1049,-0.3136621,0.940384,-0.1315068,-0.1419476,0.04604165,-0.02051201,0.150631,0.128749,-0.480094,-0.2095149,0.8420433,65.28695,0.2386849,-0.8900355,-0.3884151,0.1002165,1.107352,0.2944503,1.150205,0.444253,-0.8184659,0.144607,0.3344274,140.9245,0.4713952,-0.8684712,0.153442,0.1150455,-0.08187735,0.02298401,0.1430651,0.4092185,-0.2510775,-0.6701615,0.5660247,111.0531,0.4963904,-0.3045622,-0.8129197,-0.4889997,-0.2101109,-0.3340437,0.6283729,0.551309,0.08706488,0.8293854,0.02445766,177.1971,0.5514739,0.08709092,0.8296335,-0.0002165213,-0.007351518,0.005549699,0.009213624,-0.003776764,0.07257985,0.07589201,0.994464,12.06345,-0.03594206,0.6907155,0.7222361,-0.07999184,1.203084,-0.04835568,1.206709,-0.007670397,-0.1132231,-0.1418403,-0.9833631,339.0681,-0.04222606,-0.6233009,-0.7808407,True,True,False,False
1772879695856,21.47365,0.1797395,1.055729,0.1873679,1.087187,-0.4698789,-0.7364494,0.08257425,0.4796223,122.6785,-0.5354897,-0.8392825,0.09410438,-0.1039615,0.6292809,-0.05808127,0.6404497,0.5178847,0.2401585,-0.7636241,0.3016581,144.8856,0.5431886,0.2518927,-0.8009347,0.08691722,1.102018,0.2751023,1.139157,0.1131275,1.126588,0.311893,1.174425,0.1173435,1.10794,0.3204397,1.159302,-0.01589942,0.6456978,0.03066686,0.6466212,-0.00508776,0.6436105,0.07622612,0.6481286,-0.02332472,0.6342321,0.1069087,0.6436023,0.1000023,-0.08188562,0.04183637,0.1358528,0.1395104,-0.07349363,0.01001029,0.1580021,0.130087,-0.08596089,-0.00393042,0.1559722,-0.1113307,0.04611871,-0.03713762,0.1260979,-0.1565685,0.05278039,-0.02683919,0.1673912,-0.178159,0.04476471,0.001997694,0.1837076,0.09996922,-0.08193645,0.04159411,0.1357847,0.1396292,-0.07333479,0.01010077,0.158039,0.1307902,-0.08575159,-0.004009311,0.1564464,-0.1116146,0.04602018,-0.03707571,0.1262944,-0.1565088,0.05281874,-0.02679255,0.16734,-0.1780753,0.04480337,0.001900992,0.1836348,0.1125532,-0.08136331,0.02726252,0.1415325,-0.3020222,0.9066711,-0.1266922,0.2658557,149.1644,-0.3132969,0.9405176,-0.1314217,-0.1419342,0.04604445,-0.02051434,0.1506195,0.1286701,-0.4801393,-0.209226,0.8421014,65.27461,0.2385787,-0.8902692,-0.3879446,0.100265,1.107318,0.2945131,1.150193,0.4449572,-0.8181928,0.1452379,0.3338855,140.9904,0.4720463,-0.8680044,0.15408,0.1149749,-0.08190289,0.02298201,0.1430226,0.4091256,-0.2508973,-0.670008,0.5663534,111.0073,0.4964137,-0.304427,-0.8129562,-0.4887361,-0.2102166,-0.3338634,0.6281073,0.5510893,0.08691956,0.8295609,0.02396758,177.2533,0.5512477,0.08694454,0.8297993,-0.000264965,-0.007318377,0.005486906,0.009150682,-0.003809514,0.07310984,0.0749025,0.9944999,12.02407,-0.03637213,0.6980313,0.7151471,-0.08015094,1.203111,-0.04838485,1.206749,-0.007406664,-0.1129477,-0.1418367,-0.9833974,339.0898,-0.0408159,-0.6224208,-0.7816198,True,True,False,False
1772879695870,21.48844,0.1797328,1.05584,0.1873811,1.087297,-0.469555,-0.7364501,0.08272343,0.4799128,122.6406,-0.5352175,-0.8394352,0.09429146,-0.1039358,0.6300033,-0.05824415,0.6411702,0.5177243,0.2408186,-0.7636889,0.3012431,144.9354,0.5429456,0.2525502,-0.8008924,0.08693708,1.101937,0.275225,1.13911,0.1131353,1.126575,0.3119576,1.174431,0.1173723,1.107927,0.3204998,1.15931,-0.01565021,0.6463149,0.03030699,0.6472143,-0.004953865,0.6442308,0.07606134,0.6487243,-0.02334698,0.6347914,0.1068581,0.6441458,0.09994156,-0.08196506,0.04178381,0.1358399,0.1394712,-0.07352053,0.0100226,0.1579808,0.130051,-0.08598705,-0.003924444,0.1559565,-0.1112427,0.04622663,-0.03728094,0.126102,-0.1566437,0.05272179,-0.02685104,0.1674449,-0.1782807,0.04458228,0.002156474,0.1837831,0.09996695,-0.0819388,0.0416097,0.1357893,0.1396162,-0.07335006,0.01009434,0.1580342,0.1307294,-0.08577096,-0.004002333,0.1564061,-0.111584,0.04603716,-0.03709259,0.1262785,-0.1565199,0.05281077,-0.02679736,0.1673486,-0.1780922,0.04478519,0.001921999,0.183647,0.1125471,-0.0813685,0.02726616,0.1415313,-0.3017226,0.9069145,-0.1266074,0.2654055,149.2179,-0.3129458,0.9406492,-0.1313169,-0.1419237,0.04604531,-0.02051625,0.1506101,0.1286663,-0.4800919,-0.2088132,0.8422315,65.24698,0.2386615,-0.8905166,-0.387325,0.1002799,1.107296,0.2945685,1.150188,0.4450157,-0.8177826,0.146099,0.3344366,140.9234,0.4722062,-0.8677491,0.1550256,0.1149149,-0.08191399,0.02295766,0.1429769,0.409595,-0.2517768,-0.6697939,0.5658767,111.0736,0.496786,-0.3053728,-0.8123738,-0.4883975,-0.2101677,-0.333561,0.6276667,0.5510483,0.08812132,0.8294889,0.02299322,177.3649,0.5511941,0.08814463,0.8297083,-0.0002799258,-0.007296205,0.005431473,0.009100212,-0.002841191,0.0729702,0.0743955,0.9945516,11.96752,-0.02725451,0.6999766,0.713649,-0.08034679,1.203167,-0.04839781,1.206818,-0.006926041,-0.1127406,-0.1418633,-0.9834207,339.1045,-0.038194,-0.6217137,-0.7823124,True,True,False,False
1772879695883,21.50172,0.1797242,1.05597,0.1872819,1.087404,-0.4692524,-0.7364379,0.08287673,0.4802011,122.6029,-0.5349688,-0.8395723,0.0944832,-0.1039189,0.6300151,-0.05830232,0.6411843,0.5176975,0.2414365,-0.7636764,0.300826,144.9856,0.5428424,0.2531632,-0.8007687,0.08707352,1.101868,0.2753274,1.139078,0.113136,1.126579,0.3119446,1.174431,0.1174356,1.108089,0.3205588,1.159487,-0.01550197,0.6462029,0.03015865,0.6470919,-0.004863445,0.6440914,0.07599245,0.6485771,-0.0232578,0.6345723,0.1067907,0.6439155,0.0999183,-0.08203392,0.04158755,0.1358041,0.1394498,-0.07357819,0.01002048,0.1579886,0.1301984,-0.08597533,-0.003953889,0.1560737,-0.1112084,0.04628914,-0.03734886,0.1261148,-0.1566756,0.05269418,-0.02685674,0.1674671,-0.1783023,0.04456649,0.002190188,0.1838007,0.09996282,-0.08194689,0.04160782,0.1357905,0.1396021,-0.07336947,0.01008806,0.1580303,0.1306842,-0.08578834,-0.003998213,0.1563777,-0.1115521,0.04605858,-0.03711438,0.1262645,-0.1565332,0.05280085,-0.02680241,0.1673587,-0.17811,0.04476659,0.001944806,0.18366,0.1125395,-0.0813784,0.02726055,0.1415299,-0.3014526,0.9070868,-0.1265341,0.2651584,149.2473,-0.3126438,0.9407616,-0.1312316,-0.1419119,0.04604808,-0.02052044,0.1506005,0.1286315,-0.4800261,-0.2083005,0.8424013,65.21088,0.2387145,-0.8908333,-0.3865644,0.1003749,1.107249,0.2946801,1.15018,0.4445545,-0.8177572,0.1467226,0.3348385,140.8746,0.4717882,-0.8678536,0.1557109,0.1149149,-0.08201429,0.02290056,0.1430252,0.4104499,-0.2518471,-0.6690329,0.5661264,111.0389,0.4979263,-0.3055215,-0.8116194,-0.4880446,-0.2105995,-0.3338757,0.6277043,0.549983,0.08872759,0.8301588,0.02197587,177.4816,0.5501158,0.08874901,0.8303592,-0.0003748611,-0.007249475,0.005319923,0.008999833,-0.001983881,0.07304145,0.07454854,0.9945369,11.98363,-0.01900518,0.6997223,0.71416,-0.08050542,1.20318,-0.04842207,1.206842,-0.006709059,-0.1121356,-0.1417449,-0.9835085,339.1601,-0.03709496,-0.6200072,-0.7837194,True,True,False,False
1772879695897,21.51669,0.1797869,1.056021,0.187267,1.087461,-0.4689024,-0.7364095,0.0830684,0.4805531,122.5569,-0.5346873,-0.8397245,0.09472252,-0.103876,0.6296952,-0.05852711,0.6408836,0.5178126,0.2421358,-0.7635731,0.3003277,145.0454,0.5428737,0.2538547,-0.8005285,0.08710921,1.101801,0.2753899,1.139031,0.1132461,1.126547,0.3120248,1.174432,0.1175854,1.108087,0.3206209,1.159518,-0.01548407,0.6455493,0.02990728,0.6464272,-0.004754495,0.6434953,0.07570817,0.647951,-0.02307573,0.6338944,0.1064841,0.6431901,0.09989583,-0.08208324,0.04163843,0.135833,0.1394644,-0.07358913,0.01001899,0.1580065,0.1302298,-0.08595179,-0.003958136,0.1560871,-0.111135,0.04637523,-0.03719515,0.1260362,-0.1566277,0.05273871,-0.02685181,0.1674355,-0.1782536,0.04467654,0.002171084,0.1837799,0.09995766,-0.08195739,0.04161018,0.1357938,0.1395915,-0.07338639,0.01008274,0.1580285,0.1306492,-0.08580093,-0.003995127,0.1563553,-0.1115199,0.04608297,-0.0371206,0.1262469,-0.1565404,0.05279607,-0.02680621,0.1673646,-0.1781211,0.04475965,0.001962232,0.1836693,0.1125309,-0.08138891,0.02726033,0.1415291,-0.3012206,0.9072309,-0.1264208,0.2649831,149.2681,-0.3123875,0.940864,-0.1311075,-0.1418968,0.04605762,-0.02051889,0.150589,0.1285259,-0.4800647,-0.2077239,0.8425377,65.18185,0.2386131,-0.8912578,-0.385647,0.1004166,1.107211,0.2947486,1.150164,0.4431461,-0.8178859,0.145574,0.3368861,140.6255,0.4706583,-0.8686633,0.1546118,0.1149387,-0.08205698,0.02289034,0.1430672,0.4107567,-0.2521245,-0.668129,0.5668473,110.9387,0.4985983,-0.3060421,-0.8110105,-0.4878272,-0.211263,-0.3345515,0.6281179,0.549019,0.08875307,0.8308261,0.02071555,177.626,0.5491368,0.08877211,0.8310043,-0.0004165694,-0.007210851,0.005251408,0.008930128,-0.00127985,0.07115185,0.0764047,0.9945341,11.98658,-0.01225769,0.6814528,0.7317616,-0.08066139,1.203172,-0.04845508,1.206846,-0.007141256,-0.1118483,-0.1416301,-0.9835547,339.1894,-0.03953955,-0.6192795,-0.7841745,True,True,False,False
1772879695911,21.52987,0.1797829,1.056131,0.1872818,1.08757,-0.4684564,-0.736256,0.08329269,0.4811841,122.4745,-0.5343896,-0.8398808,0.09501576,-0.1038733,0.6296973,-0.05853108,0.6408855,0.5178287,0.2428449,-0.7635334,0.2998277,145.1055,0.5428011,0.2545562,-0.800355,0.08711113,1.101758,0.2754886,1.139014,0.1133477,1.126384,0.3120601,1.174296,0.1177253,1.108016,0.3206982,1.159485,-0.01543736,0.6453974,0.02983862,0.6462712,-0.004656297,0.6432285,0.0756169,0.6476747,-0.02292018,0.6335782,0.1063913,0.6428576,0.09983039,-0.08211375,0.04173186,0.135832,0.1392789,-0.07361549,0.01004764,0.1578569,0.1301536,-0.08595174,-0.003941864,0.1560231,-0.1110957,0.04637683,-0.03719592,0.1260024,-0.156575,0.05278623,-0.02684506,0.1674001,-0.1782149,0.04475116,0.002153434,0.1837603,0.09994671,-0.08197083,0.04162064,0.1357971,0.1395646,-0.07340609,0.01007972,0.1580137,0.1306066,-0.08581389,-0.003990547,0.1563267,-0.1114835,0.04610823,-0.03712707,0.1262258,-0.1565434,0.05279522,-0.02680955,0.1673677,-0.1781292,0.04475892,0.001978671,0.1836771,0.1125119,-0.08140265,0.02726748,0.1415233,-0.3010619,0.907366,-0.1262873,0.2647646,149.2941,-0.3122034,0.9409454,-0.1309609,-0.1418772,0.0460704,-0.02051813,0.1505743,0.1284034,-0.4801151,-0.2071815,0.8426612,65.15556,0.2384712,-0.8916713,-0.3847781,0.1004808,1.107129,0.2948368,1.150113,0.441294,-0.8180068,0.1441439,0.3396278,140.2916,0.4691822,-0.8697019,0.1532533,0.1148687,-0.08206318,0.02298163,0.1430291,0.4101071,-0.2506252,-0.6674251,0.5688083,110.6657,0.4986286,-0.3047226,-0.8114886,-0.4873417,-0.2117336,-0.3350031,0.6281402,0.5475495,0.08670335,0.8320115,0.02071146,177.6265,0.547667,0.08672195,0.83219,-0.0004807785,-0.007129073,0.005163223,0.008815537,-0.0002614399,0.06865254,0.07879704,0.994524,11.99782,-0.002501588,0.6569018,0.7539695,-0.08080421,1.203136,-0.04848772,1.206821,-0.007264059,-0.1115622,-0.1414851,-0.9836072,339.2227,-0.04028331,-0.6186755,-0.784615,True,True,False,False
1772879695926,21.54714,0.1797804,1.056291,0.1872668,1.087723,-0.4678933,-0.7360176,0.0836741,0.4820297,122.3639,-0.5340303,-0.8400543,0.09550149,-0.1038981,0.6298022,-0.05843277,0.6409836,0.5177919,0.2435282,-0.763561,0.2992663,145.1729,0.5426623,0.2552252,-0.800236,0.08714944,1.101787,0.2756038,1.139073,0.113498,1.12616,0.3120792,1.174101,0.1178916,1.107861,0.3207392,1.159365,-0.01538956,0.6453325,0.02983567,0.6462051,-0.004581448,0.6431347,0.07570074,0.6475908,-0.02283365,0.6334498,0.1064667,0.6427404,0.09979624,-0.08211656,0.04184983,0.1358449,0.1390074,-0.07368015,0.01006842,0.157649,0.1299662,-0.08601213,-0.003907979,0.1558992,-0.1110386,0.04639369,-0.03720655,0.1259614,-0.1566173,0.05275954,-0.02684768,0.1674316,-0.1782499,0.04470938,0.00214728,0.183784,0.0999352,-0.08198198,0.04163817,0.1358007,0.139522,-0.07342704,0.01007886,0.1579858,0.1305576,-0.08582906,-0.003984233,0.1562939,-0.1114494,0.04613006,-0.03713315,0.1262055,-0.1565491,0.05279249,-0.02681247,0.1673725,-0.1781384,0.04475513,0.001991566,0.1836853,0.1124873,-0.0814165,0.02727976,0.141514,-0.3010189,0.907483,-0.1262029,0.2644524,149.3312,-0.3121312,0.9409833,-0.1308618,-0.1418579,0.04608005,-0.02051959,0.1505592,0.1283122,-0.4801731,-0.2066897,0.8427628,65.13395,0.2383721,-0.8920424,-0.3839781,0.1007416,1.106811,0.2951038,1.149898,0.4405403,-0.8185454,0.1402747,0.3409263,140.1333,0.4686151,-0.8707097,0.1492141,0.1147484,-0.0821263,0.02307214,0.1429834,0.4092729,-0.2487004,-0.6664764,0.5713608,110.3097,0.4986881,-0.3030349,-0.8120838,-0.48678,-0.2121599,-0.3353276,0.6280216,0.5457029,0.08408059,0.8334887,0.02086724,177.6086,0.5458217,0.08409891,0.8336703,-0.0007415563,-0.006810904,0.004896194,0.008420869,-0.00230488,0.0659978,0.08130529,0.9944992,12.02498,-0.02200464,0.6300797,0.77622,-0.08097345,1.203088,-0.04849452,1.206785,-0.007464815,-0.1113612,-0.1412916,-0.9836563,339.2539,-0.04145819,-0.6184792,-0.7847071,True,True,False,False
1772879695939,21.56102,0.1799136,1.05639,0.1874474,1.087872,-0.467038,-0.735587,0.0842784,0.4834093,122.1834,-0.5335172,-0.8402921,0.09627477,-0.1040532,0.6300669,-0.05824431,0.6412517,0.5177519,0.2442691,-0.7636216,0.2985763,145.2558,0.5424974,0.2559437,-0.8001183,0.08734583,1.101662,0.2760004,1.139063,0.1138736,1.125666,0.3123867,1.173745,0.1182899,1.107327,0.3208852,1.158936,-0.01540262,0.6454734,0.02985045,0.6463467,-0.004635621,0.6432353,0.07595444,0.6477208,-0.02294001,0.633534,0.1067088,0.6428672,0.09972281,-0.08214603,0.0420403,0.1358676,0.1386279,-0.07383041,0.01008511,0.157386,0.1294816,-0.08612553,-0.0038165,0.155556,-0.1109539,0.04639929,-0.03732732,0.1259245,-0.1567551,0.05265918,-0.02685948,0.1675308,-0.1783624,0.04453178,0.00215885,0.1838502,0.09991441,-0.08199804,0.04167753,0.1358072,0.1394345,-0.07346653,0.01007947,0.1579269,0.1304523,-0.08585808,-0.003967812,0.1562215,-0.1114009,0.04615642,-0.03715216,0.1261779,-0.1565692,0.05277944,-0.02681707,0.167388,-0.1781603,0.04473327,0.002007943,0.1837014,0.1124391,-0.08143938,0.02730667,0.1414941,-0.300904,0.9077479,-0.1260475,0.2637471,149.415,-0.3119496,0.9410694,-0.1306744,-0.1418293,0.04608402,-0.0205309,0.1505351,0.1282793,-0.4802145,-0.2060231,0.8429075,65.10316,0.2384113,-0.8924946,-0.3829009,0.1008542,1.106645,0.2952547,1.149786,0.4384125,-0.8192115,0.1366576,0.3435284,139.816,0.4668222,-0.8722975,0.1455132,0.1144711,-0.08219846,0.02324182,0.14283,0.4063854,-0.2475531,-0.6672702,0.5729914,110.0818,0.4958571,-0.3020555,-0.8141795,-0.4862351,-0.2122358,-0.3355775,0.6277587,0.5458139,0.08135758,0.8336353,0.02282094,177.3847,0.5459559,0.08137875,0.8338522,-0.000854224,-0.006644487,0.004745305,0.008209557,-0.002981026,0.06272899,0.08500306,0.9943998,12.13326,-0.02820671,0.5935468,0.804306,-0.08114284,1.202982,-0.04849531,1.20669,-0.008191892,-0.1107968,-0.1410774,-0.983745,339.3105,-0.04561919,-0.6170077,-0.7856348,True,True,False,False
1772879695953,21.57419,0.1798416,1.056463,0.1875179,1.087943,-0.4661914,-0.735137,0.08493935,0.4847933,122.0021,-0.5330163,-0.8405132,0.09711475,-0.1041506,0.6303576,-0.05820196,0.6415493,0.5176409,0.2449048,-0.7636865,0.2980815,145.3152,0.5422933,0.2565683,-0.8000567,0.0874106,1.101523,0.2763456,1.139017,0.1140458,1.12522,0.3124523,1.173351,0.1185674,1.106944,0.3209483,1.158616,-0.01551559,0.6455237,0.02985383,0.6463999,-0.004602965,0.6432918,0.0758906,0.6477692,-0.02288878,0.6335723,0.1066893,0.6429,0.09968318,-0.08216341,0.04215088,0.1358833,0.1382161,-0.07387555,0.01019467,0.1570517,0.1291366,-0.086118,-0.003744632,0.1552629,-0.1109199,0.04641072,-0.03718645,0.1258571,-0.1567145,0.05269975,-0.02685436,0.1675048,-0.1783639,0.04454847,0.002167299,0.1838558,0.09989586,-0.0820113,0.0417155,0.1358132,0.1393367,-0.07349934,0.01008871,0.1578564,0.1303468,-0.08587893,-0.003949911,0.1561444,-0.1113623,0.04617682,-0.03715491,0.1261521,-0.1565809,0.05277305,-0.02682006,0.1673974,-0.1781767,0.04471844,0.002020725,0.1837137,0.1123916,-0.08145854,0.02733174,0.1414722,-0.3008358,0.9079996,-0.1258587,0.2630476,149.498,-0.3118171,0.9411441,-0.1304528,-0.1418089,0.04608836,-0.02053211,0.1505173,0.1282727,-0.4803018,-0.2055337,0.8429782,65.08808,0.2384484,-0.892841,-0.38207,0.1011903,1.106107,0.2957405,1.149423,0.4400529,-0.8186173,0.1357841,0.3431936,139.8569,0.4685079,-0.8715513,0.1445643,0.1143153,-0.08214286,0.02343132,0.1427041,0.4035682,-0.2455548,-0.667131,0.5759965,109.6611,0.4936902,-0.3003904,-0.81611,-0.4858554,-0.2123399,-0.3356553,0.6275414,0.545011,0.07722568,0.8345099,0.02434733,177.2097,0.5451725,0.07724856,0.8347571,-0.001190312,-0.006106853,0.004259557,0.007540181,-0.004357195,0.06207658,0.08374633,0.9945422,11.97774,-0.0417615,0.5949726,0.8026661,-0.08129494,1.202847,-0.04850622,1.206566,-0.008973265,-0.1105106,-0.1411297,-0.9837628,339.3219,-0.04999779,-0.6157498,-0.7863549,True,True,False,False
1772879695966,21.58849,0.1799241,1.056518,0.1877063,1.088042,-0.4649746,-0.7344667,0.08594745,0.486796,121.7396,-0.5323024,-0.8408169,0.09839257,-0.104314,0.6307935,-0.05829727,0.6420127,0.5175381,0.2456371,-0.7637492,0.2974963,145.3854,0.5420818,0.2572863,-0.7999693,0.08810673,1.10112,0.2772878,1.138911,0.1144858,1.124745,0.3130791,1.173105,0.1190902,1.106318,0.321267,1.15816,-0.01552984,0.6458912,0.0296244,0.6467568,-0.004657891,0.6435602,0.0757882,0.6480241,-0.0229286,0.6337718,0.1065814,0.6430801,0.09969299,-0.08223531,0.04175314,0.1358111,0.1380678,-0.07408643,0.01019432,0.1570205,0.1287092,-0.08625399,-0.003667891,0.1549815,-0.1108853,0.04640064,-0.03731239,0.1258602,-0.1567834,0.05263665,-0.02686224,0.1675507,-0.1784186,0.04449142,0.00217957,0.1838951,0.09988037,-0.08202842,0.04171838,0.135813,0.1392398,-0.07354418,0.01009678,0.1577923,0.1302217,-0.08590758,-0.003928367,0.1560552,-0.1113259,0.04619392,-0.03716694,0.1261297,-0.1565964,0.05276263,-0.02682328,0.1674091,-0.1781951,0.0447011,0.002032859,0.1837276,0.1123506,-0.08148173,0.02732833,0.1414523,-0.30046,0.9083435,-0.1256524,0.2623879,149.5764,-0.3113696,0.9413252,-0.1302148,-0.1417885,0.04608957,-0.02053936,0.1504995,0.128256,-0.4803485,-0.2050614,0.8430691,65.0687,0.2384804,-0.8931645,-0.381293,0.1012848,1.105883,0.2959369,1.149267,0.4366826,-0.8192846,0.1327596,0.3470677,139.3839,0.4656259,-0.8735867,0.1415589,0.114011,-0.0823202,0.02354497,0.1425815,0.4031631,-0.2473929,-0.6672379,0.5753693,109.749,0.4929285,-0.3024756,-0.8158002,-0.48581,-0.2120037,-0.3354714,0.6272941,0.5451631,0.0785268,0.8342681,0.02505511,177.1286,0.5453342,0.07855145,0.8345299,-0.001284756,-0.005883455,0.0040631,0.007264601,-0.003457662,0.05832539,0.0883346,0.9943758,12.15908,-0.03264751,0.5507126,0.8340619,-0.08141977,1.202759,-0.04851005,1.206487,-0.0092147,-0.1105078,-0.1414683,-0.9837123,339.2896,-0.05126388,-0.6147848,-0.7870268,True,True,False,False
1772879695981,21.60219,0.1798768,1.056636,0.187795,1.088164,-0.4641648,-0.7339436,0.08651392,0.4882552,121.5481,-0.5318715,-0.8410025,0.09913353,-0.104344,0.6307639,-0.05839631,0.6419976,0.5174934,0.2461258,-0.7637796,0.297092,145.4339,0.5419636,0.2577641,-0.7998956,0.08810376,1.10108,0.277549,1.138935,0.114668,1.124228,0.3131459,1.172645,0.1193664,1.105892,0.32138,1.157813,-0.0154949,0.6457445,0.02945907,0.6466018,-0.004577879,0.6433069,0.07560264,0.6477503,-0.02285445,0.6335396,0.1064324,0.6428239,0.09962727,-0.08222765,0.04202854,0.1358432,0.1375553,-0.07420108,0.01031671,0.1566323,0.1283197,-0.08633517,-0.003595293,0.1547017,-0.110858,0.04641721,-0.03732443,0.1258458,-0.1567402,0.05270439,-0.02685323,0.1675301,-0.1784139,0.04450269,0.00217934,0.1838934,0.0998595,-0.08204485,0.04174395,0.1358154,0.1391009,-0.07359835,0.01011491,0.1576962,0.1300648,-0.08594283,-0.003900902,0.1559431,-0.1112873,0.04621233,-0.03717992,0.1261063,-0.1566082,0.05275783,-0.02682575,0.1674191,-0.1782132,0.04468474,0.002044938,0.1837412,0.112292,-0.08150908,0.02733975,0.1414238,-0.3001528,0.9087488,-0.1254359,0.2614379,149.6892,-0.3109682,0.9414937,-0.1299558,-0.1417677,0.04609224,-0.0205464,0.1504817,0.128317,-0.4803752,-0.2047222,0.8431271,65.05637,0.2386341,-0.8933648,-0.3807267,0.101504,1.105618,0.2962236,1.149105,0.436775,-0.8210486,0.1264727,0.3451253,139.6211,0.4653688,-0.8747993,0.1347524,0.1137907,-0.08236851,0.02374464,0.1424665,0.4008677,-0.2446933,-0.665989,0.5795591,109.1609,0.4919044,-0.300263,-0.8172346,-0.4857063,-0.2122505,-0.335579,0.6273549,0.5432069,0.07340625,0.8359782,0.02604524,177.0151,0.5433912,0.07343116,0.8362618,-0.001504011,-0.005617619,0.003776401,0.006934039,-0.009485868,0.05722877,0.09130389,0.9941321,12.42,-0.08769184,0.5290498,0.8440562,-0.08155227,1.202754,-0.04847841,1.20649,-0.008869939,-0.1103295,-0.1414013,-0.9837451,339.3105,-0.0493953,-0.6144077,-0.7874413,True,True,False,False
1772879695995,21.61618,0.1800418,1.05656,0.1880303,1.088159,-0.4635547,-0.7334991,0.08695196,0.4894237,121.3946,-0.5315712,-0.8411241,0.09971026,-0.1043217,0.6306305,-0.05847544,0.6418701,0.5175035,0.2465256,-0.7638057,0.2966754,145.4839,0.5419006,0.2581478,-0.7998145,0.08832121,1.101049,0.277937,1.139016,0.1150579,1.123834,0.3136419,1.172439,0.1197575,1.105237,0.3215304,1.157269,-0.01551453,0.6453335,0.02935695,0.6461872,-0.004449871,0.6428921,0.07537887,0.6473114,-0.02275243,0.6332126,0.1063331,0.6424816,0.09970583,-0.0821337,0.04228418,0.1359233,0.1374597,-0.07433455,0.01030488,0.156611,0.1278296,-0.08644789,-0.003504559,0.1543565,-0.1108025,0.04647242,-0.03715583,0.1257674,-0.1566237,0.05282496,-0.02683762,0.1674566,-0.1784277,0.04450686,0.002183668,0.1839078,0.09984732,-0.08205189,0.04178678,0.1358239,0.1389708,-0.07365671,0.01012997,0.1576097,0.1298876,-0.08598287,-0.003869481,0.1558166,-0.1112489,0.04623295,-0.03717801,0.1260794,-0.1566094,0.05276315,-0.02682669,0.167422,-0.1782302,0.04467064,0.002055936,0.1837544,0.1122402,-0.08153078,0.0273601,0.1413991,-0.2995954,0.9093189,-0.1251812,0.2602141,149.8345,-0.3102844,0.9417617,-0.1296474,-0.1417525,0.04609777,-0.02054241,0.1504685,0.1285098,-0.4804426,-0.204572,0.8430958,65.06303,0.2389709,-0.893409,-0.3804127,0.1015981,1.10548,0.2963542,1.149014,0.4354989,-0.8212366,0.1252341,0.3467384,139.4241,0.4643034,-0.8755543,0.1335172,0.1136554,-0.08238479,0.0239973,0.1424102,0.3951283,-0.245297,-0.6690856,0.5796789,109.1441,0.4849122,-0.3010352,-0.82112,-0.4857095,-0.2125046,-0.3357334,0.627526,0.5469198,0.07039417,0.8337018,0.02941263,176.6291,0.5471565,0.07042463,0.8340625,-0.001598142,-0.005479574,0.003645837,0.006772881,-0.009131813,0.05562524,0.09306423,0.9940632,12.49278,-0.08392879,0.5112411,0.8553359,-0.08171608,1.202831,-0.04842881,1.206576,-0.00844606,-0.1101144,-0.1414231,-0.9837698,339.3263,-0.04707029,-0.6136727,-0.7881575,True,True,False,False
1772879696007,21.62971,0.1799747,1.056719,0.1880696,1.088309,-0.4629922,-0.7330655,0.08733763,0.4905358,121.2484,-0.5313072,-0.84123,0.1002244,-0.1042881,0.6305354,-0.05843648,0.6417676,0.5175109,0.246826,-0.7638491,0.2963008,145.5289,0.5418425,0.2584309,-0.7997627,0.08851889,1.100979,0.2782983,1.139052,0.1151854,1.123548,0.3137176,1.172197,0.1199444,1.105001,0.3215933,1.157081,-0.01541573,0.6451481,0.02934756,0.6459992,-0.00436258,0.6426677,0.07540058,0.6470904,-0.02267146,0.632983,0.1063647,0.6422577,0.09966409,-0.08217326,0.04217748,0.1358835,0.137126,-0.07443169,0.01037084,0.1563687,0.1275458,-0.08650737,-0.003451705,0.1541537,-0.110788,0.04648684,-0.03718705,0.1257691,-0.1566364,0.05281453,-0.0268389,0.1674654,-0.1784489,0.04447377,0.002185754,0.1839204,0.09983252,-0.08206169,0.04181834,0.1358287,0.1388218,-0.0737193,0.01014942,0.1575089,0.1296985,-0.08602524,-0.00383574,0.1556816,-0.1112117,0.04625345,-0.03717874,0.1260542,-0.1566116,0.0527673,-0.02682768,0.1674255,-0.1782478,0.04465474,0.002066421,0.1837678,0.1121829,-0.08155587,0.02737139,0.1413703,-0.2990577,0.9098821,-0.124939,0.2589776,149.9812,-0.3096209,0.9420207,-0.129352,-0.141738,0.04610238,-0.02054007,0.1504559,0.1287157,-0.4804943,-0.204431,0.8430691,65.0687,0.2393351,-0.8934356,-0.3801209,0.1016795,1.105335,0.2964845,1.148916,0.4347591,-0.8215683,0.1244934,0.3471478,139.3741,0.4635895,-0.8760494,0.132749,0.113453,-0.08242653,0.02409038,0.1422886,0.3942449,-0.2446818,-0.668327,0.5814129,108.9,0.4845633,-0.3007365,-0.8214354,-0.4855012,-0.2128621,-0.3358811,0.627565,0.5459876,0.06854831,0.8344541,0.02975188,176.5902,0.5462294,0.06857867,0.8348237,-0.001679458,-0.00533545,0.003515482,0.006606529,-0.00924457,0.05516646,0.09413402,0.993987,12.57287,-0.08442613,0.5038082,0.8596798,-0.08185815,1.2029,-0.04834107,1.20665,-0.007612485,-0.1097792,-0.1418283,-0.9837558,339.3173,-0.04240653,-0.6115419,-0.7900763,True,True,False,False
1772879696023,21.6434,0.1799535,1.056851,0.1881372,1.088445,-0.4625372,-0.7327114,0.08765585,0.4914365,121.1299,-0.5310944,-0.8413137,0.1006482,-0.1043191,0.630118,-0.05831913,0.6413519,0.517496,0.2470645,-0.7638971,0.296004,145.5645,0.5417747,0.2586557,-0.799736,0.08866753,1.100974,0.2785877,1.13913,0.1153216,1.123335,0.3138613,1.172045,0.1201096,1.104769,0.3216734,1.156899,-0.01533087,0.6447398,0.029365,0.6455902,-0.004354369,0.6421803,0.07552958,0.6466213,-0.02268201,0.6324964,0.1064988,0.6418007,0.09964639,-0.0821835,0.04216285,0.1358721,0.1368976,-0.07453033,0.01040612,0.1562178,0.1272794,-0.08658931,-0.003404573,0.1539784,-0.1107558,0.04648957,-0.03732406,0.1257824,-0.1566779,0.05277646,-0.02684385,0.1674931,-0.1784901,0.04440426,0.002189122,0.1839436,0.09981793,-0.08207124,0.04184534,0.135832,0.138671,-0.07378288,0.01016955,0.157407,0.1295089,-0.08606946,-0.003801939,0.1555473,-0.1111759,0.04627196,-0.03719014,0.1260329,-0.1566168,0.05276802,-0.02682895,0.1674308,-0.1782668,0.04463511,0.00207604,0.1837816,0.112126,-0.08158141,0.02737867,0.1413413,-0.2985272,0.9104359,-0.1247276,0.2577426,150.1277,-0.308966,0.9422718,-0.129089,-0.1417229,0.04610408,-0.02054451,0.1504428,0.1289371,-0.4804925,-0.204324,0.8430622,65.07018,0.2397419,-0.8934142,-0.3799142,0.101946,1.105011,0.2969207,1.14874,0.4352534,-0.8216504,0.123881,0.3465525,139.4468,0.4640077,-0.8759314,0.132065,0.1132568,-0.08249149,0.02418242,0.1421855,0.3934277,-0.2450815,-0.6678078,0.5823938,108.7618,0.4839764,-0.3014878,-0.8215059,-0.4853704,-0.2133187,-0.3362495,0.627816,0.5458786,0.06758069,0.8346075,0.02966272,176.6004,0.5461189,0.06761044,0.8349748,-0.001946025,-0.005010724,0.003079355,0.006194901,-0.01021326,0.05526414,0.0939538,0.9939892,12.57063,-0.09328917,0.5047894,0.8581855,-0.08199856,1.202927,-0.04826877,1.206684,-0.007245069,-0.1097088,-0.1419659,-0.9837465,339.3114,-0.0403484,-0.6109778,-0.7906203,True,True,False,False
1772879696052,21.67448,0.1801564,1.056865,0.1885185,1.088558,-0.4621448,-0.7323933,0.08793812,0.4922289,121.0256,-0.5309166,-0.8413808,0.1010242,-0.104368,0.6292853,-0.05810122,0.640522,0.5174375,0.2472494,-0.7639519,0.2958105,145.5877,0.5416794,0.258833,-0.7997429,0.08907062,1.100853,0.2792389,1.139204,0.1156411,1.12302,0.3143893,1.171916,0.1204535,1.104374,0.3220079,1.15665,-0.01547539,0.6437411,0.02957132,0.6446058,-0.004338202,0.641229,0.07566521,0.6456923,-0.02261737,0.6315093,0.106628,0.6408471,0.09966201,-0.08221652,0.04206797,0.1358742,0.1367285,-0.07469422,0.01040702,0.1561481,0.126941,-0.08669373,-0.003344357,0.1537563,-0.110708,0.04648199,-0.03715518,0.1256875,-0.1566238,0.05282826,-0.02683727,0.1674577,-0.178434,0.0445014,0.002184682,0.1839126,0.09980559,-0.08208275,0.04186298,0.1358353,0.1385171,-0.07385505,0.01018835,0.1573066,0.1293055,-0.08611889,-0.003765703,0.1554045,-0.1111389,0.04628859,-0.03718737,0.1260055,-0.1566174,0.05277279,-0.02682961,0.167433,-0.1782801,0.04462452,0.002084643,0.1837919,0.1120702,-0.08160996,0.02737788,0.1413134,-0.2978378,0.9110582,-0.1244932,0.2564511,150.2808,-0.3081429,0.9425807,-0.1288006,-0.1417053,0.04610896,-0.02054193,0.1504274,0.1290835,-0.4805725,-0.2041866,0.8430275,65.07758,0.2399899,-0.8934727,-0.3796204,0.1024118,1.104709,0.2975509,1.148654,0.4356558,-0.8211306,0.126447,0.346352,139.4713,0.4644,-0.8753081,0.1347899,0.1130116,-0.0826199,0.02425414,0.1420772,0.392877,-0.2461537,-0.6679955,0.5820982,108.8035,0.4831729,-0.3027279,-0.8215227,-0.4856288,-0.213704,-0.3367732,0.6284274,0.5465052,0.06787565,0.8341637,0.02993854,176.5688,0.5467502,0.06790609,0.8345376,-0.00241182,-0.004708886,0.002449095,0.00582997,-0.008459016,0.05647704,0.09237304,0.9940856,12.46928,-0.07789125,0.5200447,0.8505779,-0.08212896,1.202801,-0.04823925,1.206567,-0.008064182,-0.1097433,-0.1418616,-0.9837514,339.3145,-0.04491671,-0.6112594,-0.7901551,True,True,False,False
1772879696064,21.68485,0.18044,1.056774,0.1889462,1.088592,-0.4617727,-0.7321472,0.08818261,0.4928999,120.9373,-0.5307208,-0.8414654,0.1013493,-0.1044767,0.6292027,-0.05816397,0.6404643,0.5173628,0.2474228,-0.763996,0.295682,145.6031,0.5415787,0.2590038,-0.7997559,0.08971418,1.100616,0.2800877,1.139233,0.1160685,1.122794,0.314977,1.1719,0.120902,1.104196,0.3226398,1.156703,-0.01541459,0.6437377,0.02933216,0.64459,-0.004406978,0.6411324,0.0756209,0.6455917,-0.02261252,0.6312894,0.1064941,0.640608,0.09976453,-0.0822545,0.04172809,0.1358676,0.1367192,-0.07473771,0.01039869,0.1561602,0.1270102,-0.0867445,-0.003368452,0.1538426,-0.1106275,0.04651621,-0.0373725,0.1256937,-0.1566729,0.05280047,-0.02683995,0.1674953,-0.1783928,0.04460476,0.002186775,0.1838977,0.09979888,-0.08211081,0.04184094,0.1358406,0.1382234,-0.07399925,0.01022272,0.1571181,0.1289305,-0.0862211,-0.003700804,0.1551478,-0.1110553,0.04632578,-0.03721761,0.1259544,-0.1566264,0.05277731,-0.0268313,0.1674431,-0.1782985,0.04462129,0.002101328,0.1838092,0.1119831,-0.08167114,0.02733182,0.1412707,-0.2965795,0.9121554,-0.124189,0.2541459,150.554,-0.306648,0.9431221,-0.128405,-0.1416474,0.04612742,-0.02056322,0.1503814,0.1290715,-0.4806417,-0.2036532,0.843119,65.05809,0.2400316,-0.8938395,-0.3787297,0.1024764,1.104675,0.297631,1.148648,0.4354385,-0.8210108,0.1251026,0.3473961,139.3438,0.4643595,-0.8755407,0.1334117,0.1129572,-0.08269312,0.02415793,0.1420602,0.394839,-0.2479616,-0.6663564,0.5818818,108.834,0.4854936,-0.3048933,-0.8193511,-0.4863056,-0.2133542,-0.3367922,0.6288419,0.5456806,0.06976935,0.8346133,0.02803064,176.7875,0.545895,0.06979676,0.8349413,-0.002476439,-0.004674673,0.002369046,0.005796352,-0.008838892,0.05498301,0.09313635,0.9940948,12.45952,-0.0814526,0.5066822,0.8582748,-0.08239712,1.202648,-0.04819268,1.20643,-0.008801638,-0.1094664,-0.1422351,-0.9837219,339.2957,-0.04898031,-0.6091706,-0.7915253,True,True,False,False
1772879696077,21.69717,0.1804188,1.056841,0.1889344,1.088651,-0.4613546,-0.7319602,0.08840367,0.4935292,120.8544,-0.5304578,-0.8415955,0.1016451,-0.1045283,0.6291687,-0.05818379,0.6404411,0.5173628,0.2474228,-0.763996,0.295682,145.6031,0.5415787,0.2590038,-0.7997559,0.08972678,1.100578,0.2801694,1.139218,0.1161771,1.122703,0.3150448,1.171842,0.1210363,1.104111,0.3227042,1.156654,-0.01546603,0.6436885,0.02928019,0.6445397,-0.004462902,0.6411136,0.07561749,0.6455731,-0.02271909,0.6312766,0.1065295,0.6406051,0.09973458,-0.08225802,0.04181398,0.1358741,0.1366553,-0.074736,0.01041761,0.1561047,0.1269611,-0.08674473,-0.003358632,0.153802,-0.1105944,0.04652928,-0.03737316,0.1256696,-0.15669,0.05278542,-0.02684198,0.1675068,-0.1784328,0.04454691,0.002226628,0.1839229,0.09979495,-0.08211982,0.04183929,0.1358426,0.1381274,-0.07404433,0.01023464,0.1570557,0.12881,-0.08625314,-0.003679864,0.155065,-0.1110271,0.04633823,-0.03722713,0.1259369,-0.1566303,0.05277781,-0.02683195,0.167447,-0.1783067,0.04461674,0.002108996,0.1838162,0.1119527,-0.08169068,0.0273212,0.1412559,-0.2962026,0.9125028,-0.1240851,0.2533881,150.6438,-0.3061953,0.9432873,-0.1282713,-0.1416298,0.04613213,-0.02056866,0.150367,0.1290896,-0.4806586,-0.2034714,0.8431504,65.0514,0.2400873,-0.8939528,-0.3784262,0.1025674,1.104518,0.2977726,1.148542,0.4361855,-0.82041,0.1226868,0.3487371,139.1798,0.4654033,-0.8753648,0.130905,0.1129392,-0.08268234,0.02421559,0.1420494,0.3941642,-0.2471237,-0.6664701,0.5825652,108.7377,0.4849556,-0.304046,-0.8199842,-0.4864328,-0.213279,-0.3368327,0.6289365,0.5453172,0.06868492,0.8348976,0.02928374,176.6439,0.5455512,0.06871439,0.8352559,-0.002567366,-0.00451839,0.002227426,0.005654081,-0.01017735,0.05239582,0.09337603,0.9941992,12.3487,-0.09462536,0.4871577,0.868177,-0.08254662,1.202533,-0.04817658,1.206325,-0.009091835,-0.109208,-0.1425542,-0.9837018,339.2829,-0.0505643,-0.6073609,-0.7928163,True,True,False,False
1772879696092,21.71111,0.1803076,1.057063,0.188835,1.08883,-0.4600622,-0.7316859,0.08891521,0.4950481,120.6542,-0.5294975,-0.8421164,0.1023348,-0.1045988,0.6291837,-0.05820583,0.6404693,0.5172621,0.2476291,-0.7640421,0.2955666,145.617,0.5414531,0.2592101,-0.7997743,0.08973594,1.100442,0.2803573,1.139133,0.1163043,1.122464,0.3151645,1.171657,0.1212332,1.103867,0.3227847,1.156464,-0.0155241,0.6436442,0.02921374,0.6444938,-0.004477423,0.6410692,0.07554297,0.6455204,-0.02278549,0.6312001,0.106514,0.6405295,0.09967621,-0.08227046,0.04192281,0.1358723,0.13651,-0.07475463,0.01047155,0.1559901,0.1268227,-0.08676349,-0.003318459,0.1536974,-0.1105674,0.04654001,-0.03734258,0.1256407,-0.1566707,0.05280368,-0.02683965,0.1674942,-0.178443,0.0445298,0.002303079,0.1839296,0.09978642,-0.08213063,0.04184529,0.1358448,0.1380113,-0.07409535,0.01025166,0.1569788,0.1286673,-0.0862898,-0.003653907,0.1549663,-0.1109941,0.04635273,-0.03723542,0.1259156,-0.1566332,0.05277967,-0.0268325,0.1674504,-0.1783165,0.04461049,0.002122936,0.1838243,0.1119129,-0.08171356,0.02731499,0.1412363,-0.2958005,0.9129012,-0.1239555,0.2524848,150.7508,-0.3057051,0.9434688,-0.128106,-0.1416123,0.04613737,-0.02056991,0.1503523,0.1291192,-0.480666,-0.2032687,0.8431906,65.04283,0.2401705,-0.8940714,-0.3780935,0.1025869,1.104475,0.2978786,1.148529,0.437063,-0.8200551,0.1227857,0.3484383,139.2164,0.4662843,-0.8748825,0.130995,0.1128608,-0.08267367,0.02430003,0.1419964,0.3931949,-0.2462034,-0.6668625,0.5831603,108.6537,0.4840173,-0.3030729,-0.8208983,-0.4865075,-0.2132052,-0.3368023,0.6289529,0.5449803,0.06788216,0.8350912,0.031802,176.3551,0.5452561,0.06791651,0.8355138,-0.002586856,-0.004474521,0.002121389,0.0055869,-0.0105421,0.05241364,0.09245139,0.9942809,12.26132,-0.09871238,0.4907823,0.8656812,-0.08273938,1.202538,-0.04810429,1.206341,-0.0093528,-0.1089438,-0.1427252,-0.9837039,339.2842,-0.05201883,-0.6059288,-0.7938158,True,True,False,False
1772879696106,21.72339,0.1802759,1.05712,0.1888084,1.088876,-0.4596761,-0.7316258,0.08904377,0.4954723,120.5982,-0.5292005,-0.8422816,0.1025113,-0.1046682,0.6293114,-0.05828094,0.640613,0.5172473,0.247816,-0.7640749,0.2953507,145.6429,0.5413998,0.2593875,-0.7997528,0.08973053,1.100393,0.2804182,1.139101,0.1163243,1.122481,0.3152964,1.171711,0.1212753,1.103873,0.3228815,1.156501,-0.01561978,0.6435869,0.02911862,0.6444346,-0.004510295,0.6411244,0.07545356,0.6455649,-0.02286752,0.6312115,0.1064591,0.6405345,0.09966661,-0.08227938,0.041953,0.13588,0.1366058,-0.0747672,0.01047838,0.1560804,0.1268981,-0.08676638,-0.003308728,0.1537611,-0.1105245,0.04659421,-0.03722104,0.125587,-0.1566784,0.05279694,-0.02684063,0.1674995,-0.1784604,0.04450291,0.002371557,0.1839409,0.09977677,-0.08214261,0.04185396,0.1358476,0.1378981,-0.07414947,0.01026992,0.156906,0.1285247,-0.08632819,-0.0036261,0.1548687,-0.1109563,0.04637218,-0.03723427,0.1258891,-0.1566369,0.05278106,-0.02683316,0.1674544,-0.1783281,0.04460183,0.002142964,0.1838337,0.1118725,-0.08173792,0.02731171,0.1412178,-0.2953421,0.9133154,-0.1238175,0.2515897,150.8568,-0.3051578,0.9436694,-0.1279325,-0.1415951,0.04614434,-0.02056305,0.1503373,0.1291268,-0.4807158,-0.2029168,0.8432457,65.03107,0.2402233,-0.8943079,-0.3774998,0.1026287,1.104414,0.2981815,1.148553,0.4376579,-0.8195454,0.1238461,0.3485154,139.2069,0.4669332,-0.8743655,0.1321303,0.1128905,-0.08270295,0.02429631,0.1420365,0.3935338,-0.2467475,-0.6669157,0.5826408,108.727,0.4842124,-0.3036034,-0.8205873,-0.486498,-0.2132837,-0.3367699,0.6289549,0.5450133,0.06890702,0.8349802,0.03194095,176.3392,0.5452917,0.06894221,0.8354066,-0.002628721,-0.004413486,0.001818478,0.005449394,-0.009857804,0.05262114,0.0913455,0.9943792,12.15553,-0.09310509,0.4969967,0.8627409,-0.08292674,1.202572,-0.04803838,1.206385,-0.009237316,-0.1085495,-0.1429463,-0.9837164,339.2922,-0.05139624,-0.6039674,-0.7953504,True,True,False,False
1772879696120,21.73792,0.180243,1.057209,0.1889234,1.088977,-0.4591686,-0.7315665,0.08916263,0.4960089,120.5274,-0.5288026,-0.8425103,0.1026844,-0.1047166,0.6295887,-0.05840539,0.6409046,0.5172299,0.2480394,-0.7641066,0.2951118,145.6715,0.5413396,0.2596013,-0.799724,0.08979103,1.100293,0.2807285,1.139086,0.116344,1.122478,0.3155776,1.171786,0.1212683,1.103876,0.3231551,1.15658,-0.01556559,0.6436748,0.02890076,0.6445113,-0.004516278,0.641328,0.0753331,0.6457531,-0.02295278,0.6314587,0.1064108,0.6407731,0.09966791,-0.08232982,0.04188126,0.1358894,0.1366809,-0.07478237,0.0105004,0.1561549,0.1269919,-0.08681227,-0.003251702,0.1538632,-0.1104519,0.04674111,-0.03720642,0.1255734,-0.1567079,0.05278303,-0.02684144,0.1675228,-0.1785434,0.04438083,0.002411805,0.1839924,0.09976897,-0.08215602,0.04185592,0.1358506,0.1378109,-0.07419479,0.01028642,0.1568519,0.128415,-0.08636285,-0.003599292,0.1547963,-0.1109202,0.04639859,-0.03723227,0.1258664,-0.156642,0.0527812,-0.02683375,0.1674593,-0.1783435,0.044586,0.002162214,0.183845,0.1118419,-0.08176064,0.02730731,0.1412059,-0.2950191,0.9136084,-0.1237516,0.2509366,150.9341,-0.3047707,0.9438069,-0.1278421,-0.1415817,0.04615187,-0.02055519,0.150326,0.1292173,-0.4807584,-0.2025264,0.8433014,65.01919,0.2404308,-0.8945328,-0.3768349,0.1026512,1.104363,0.2982983,1.148537,0.4371015,-0.8199297,0.1228119,0.348676,139.1873,0.4663692,-0.8748311,0.1310352,0.1129299,-0.0827501,0.0242649,0.1420898,0.3946384,-0.2474286,-0.6661311,0.5825024,108.7465,0.4855122,-0.3044042,-0.8195219,-0.4866615,-0.2132872,-0.3365624,0.6289715,0.5443968,0.07017113,0.8353012,0.03130963,176.4116,0.5446638,0.07020555,0.8357109,-0.002651207,-0.004362702,0.001701683,0.005381245,-0.01039751,0.05219413,0.09238127,0.9943005,12.24039,-0.09752432,0.489559,0.8664976,-0.08305149,1.202555,-0.04796102,1.206374,-0.00911702,-0.1081154,-0.1429464,-0.9837654,339.3235,-0.05080267,-0.6024505,-0.7965386,True,True,False,False
1772879696135,21.75283,0.1802652,1.057312,0.1889567,1.089086,-0.458618,-0.7315164,0.08932544,0.4965625,120.4543,-0.5283611,-0.8427598,0.1029094,-0.1047193,0.6297086,-0.05840166,0.6410224,0.5172182,0.2482592,-0.7641369,0.2948688,145.7007,0.541285,0.2598109,-0.799693,0.08979328,1.100237,0.2808287,1.139056,0.1164243,1.122389,0.3157151,1.171746,0.1213672,1.103808,0.323281,1.156561,-0.01549595,0.6437168,0.02884476,0.6445491,-0.004473832,0.6413478,0.07530566,0.6457693,-0.02288979,0.631476,0.1063815,0.6407831,0.09962387,-0.082346,0.04198114,0.1358977,0.1366435,-0.07480825,0.01052122,0.1561359,0.1269784,-0.08683319,-0.003223523,0.1538633,-0.1104235,0.04678557,-0.03723881,0.1255746,-0.1566999,0.05279216,-0.02684017,0.167518,-0.1785397,0.04439052,0.002395838,0.183991,0.09975684,-0.08217191,0.04186639,0.1358545,0.1377133,-0.07424609,0.01030606,0.1567917,0.1282948,-0.08640219,-0.003567865,0.1547179,-0.1108786,0.04643096,-0.03723282,0.1258419,-0.1566468,0.05278212,-0.02683428,0.1674642,-0.1783599,0.04456965,0.002181753,0.1838572,0.111804,-0.08178712,0.0273103,0.1411918,-0.2946918,0.9139212,-0.123683,0.2502147,151.0196,-0.3043738,0.9439477,-0.1277466,-0.1415647,0.04616229,-0.02054909,0.1503123,0.1293242,-0.4808017,-0.202084,0.8433665,65.00533,0.2406753,-0.8947832,-0.3760831,0.1028848,1.104307,0.2985844,1.148579,0.4389059,-0.8193191,0.122699,0.3478833,139.2842,0.4681474,-0.8739051,0.1308737,0.1129101,-0.08277475,0.02435079,0.1421032,0.3935556,-0.2474522,-0.6659433,0.583439,108.6144,0.4845807,-0.3046851,-0.8199686,-0.4865412,-0.213435,-0.3365373,0.6289151,0.5445954,0.06919225,0.8352466,0.03149035,176.3909,0.5448656,0.06922659,0.8356611,-0.002884783,-0.00430727,0.001415581,0.005373864,-0.01149457,0.05224872,0.09063708,0.9944461,12.08294,-0.109214,0.4964337,0.8611753,-0.08315018,1.202549,-0.04793043,1.206373,-0.009530048,-0.1079013,-0.1433516,-0.983726,339.2983,-0.05304046,-0.600536,-0.7978379,True,True,False,False
1772879696147,21.76658,0.1804276,1.057439,0.1891412,1.089268,-0.4581816,-0.7314847,0.08947674,0.4969846,120.3986,-0.5280054,-0.8429579,0.1031124,-0.1047737,0.6301627,-0.05838431,0.6414759,0.5172159,0.2484213,-0.7641581,0.2946812,145.7232,0.5412498,0.2599649,-0.7996668,0.09005323,1.100207,0.281154,1.139128,0.1165897,1.122374,0.3160084,1.171827,0.1215975,1.103787,0.3235633,1.156644,-0.01547921,0.6441633,0.02874007,0.6449898,-0.004502904,0.6417472,0.07532339,0.6461682,-0.02289072,0.6318681,0.1063742,0.6411682,0.09961296,-0.08236316,0.04191156,0.1358787,0.1366411,-0.07486624,0.01055682,0.156164,0.1269711,-0.08686998,-0.00322853,0.1538781,-0.1103442,0.04680039,-0.03733705,0.1255396,-0.1567174,0.0527764,-0.02684216,0.1675296,-0.1785413,0.04439016,0.002368256,0.1839921,0.09974451,-0.08218829,0.04187026,0.1358565,0.1376214,-0.07429923,0.01032755,0.1567376,0.1281814,-0.08644228,-0.003538789,0.1546456,-0.1108328,0.04646261,-0.03724175,0.1258159,-0.1566529,0.05278163,-0.02683496,0.1674698,-0.1783754,0.04455427,0.002197734,0.1838687,0.111769,-0.08181441,0.02730785,0.1411794,-0.294295,0.9142343,-0.1236231,0.2495669,151.0962,-0.3039115,0.944108,-0.1276626,-0.1415406,0.04617259,-0.02055112,0.150293,0.1294184,-0.480834,-0.2016507,0.8434373,64.9902,0.2409006,-0.8950286,-0.3753543,0.1029468,1.104282,0.2986721,1.148583,0.4391425,-0.8191258,0.1220359,0.348273,139.2366,0.4684721,-0.8738338,0.1301864,0.1128646,-0.08281,0.02431967,0.1420823,0.3939656,-0.248208,-0.6665978,0.5820921,108.8043,0.4845093,-0.3052528,-0.8197997,-0.4866233,-0.2131058,-0.3363712,0.6287781,0.5450149,0.0709958,0.8347934,0.03222597,176.3065,0.545298,0.0710327,0.8352272,-0.002946757,-0.004282117,0.001327872,0.005364993,-0.01185901,0.05150688,0.09066752,0.9944777,12.04836,-0.1129988,0.4907843,0.8639272,-0.08321161,1.202544,-0.04787851,1.20637,-0.009235814,-0.1077344,-0.1434877,-0.9837272,339.2991,-0.05140477,-0.5996291,-0.7986252,True,True,False,False
1772879696161,21.7795,0.1804571,1.057538,0.1891526,1.089371,-0.4576463,-0.7314789,0.08970027,0.4974459,120.3377,-0.5275492,-0.8432083,0.1034015,-0.1047662,0.6302581,-0.05834804,0.641565,0.5172265,0.2486578,-0.7641469,0.2944923,145.7458,0.5412278,0.2601965,-0.7996064,0.09007814,1.100199,0.2812317,1.139142,0.1166735,1.122325,0.3161052,1.171815,0.1217113,1.103735,0.3236505,1.15663,-0.01542274,0.6442619,0.02872775,0.6450865,-0.004469183,0.6417685,0.07535248,0.6461926,-0.02287012,0.6318998,0.1064203,0.6412064,0.09961177,-0.0823475,0.0419917,0.135893,0.1366232,-0.0748675,0.01057109,0.1561499,0.1269546,-0.0868739,-0.003223255,0.1538666,-0.1103283,0.04678503,-0.03740843,0.1255411,-0.1567245,0.05277024,-0.02684295,0.1675345,-0.1785658,0.04434994,0.002367526,0.1840062,0.09973395,-0.08220095,0.04187992,0.1358594,0.137542,-0.07434442,0.01034692,0.1566907,0.1280838,-0.0864766,-0.003513696,0.1545834,-0.1107927,0.04648825,-0.037255,0.1257939,-0.1566586,0.05278072,-0.02683559,0.1674749,-0.1783906,0.04453802,0.002211236,0.1838796,0.1117381,-0.08183707,0.02731025,0.1411686,-0.2939611,0.9145095,-0.1235717,0.2489762,151.1661,-0.3035191,0.9442443,-0.1275895,-0.1415197,0.04617931,-0.02055599,0.1502761,0.1295436,-0.4808311,-0.2013501,0.8434916,64.97864,0.2411718,-0.8951651,-0.3748543,0.1029711,1.104253,0.2987462,1.148576,0.4397017,-0.8188796,0.121924,0.3481855,139.2473,0.4690524,-0.873541,0.1300626,0.1128606,-0.08280259,0.02436493,0.1420825,0.3936263,-0.2479568,-0.6666273,0.582395,108.7617,0.4842212,-0.3050252,-0.8200547,-0.4864653,-0.2131846,-0.3364684,0.6287345,0.5447754,0.0708625,0.8349401,0.03276447,176.2448,0.545068,0.07090057,0.8353885,-0.002971135,-0.004252791,0.001253784,0.005337214,-0.01216791,0.05134309,0.09014929,0.9945296,11.99168,-0.1164881,0.4915272,0.8630339,-0.08327302,1.202589,-0.04782692,1.206417,-0.008894743,-0.107612,-0.143597,-0.9837279,339.2995,-0.04950739,-0.5989593,-0.7992487,True,True,False,False
1772879696176,21.79298,0.1804164,1.057621,0.1891114,1.089438,-0.4571657,-0.7314744,0.08989538,0.497859,120.2831,-0.5271392,-0.8434334,0.1036547,-0.1047235,0.6303138,-0.05827211,0.6416059,0.5172098,0.248934,-0.7641253,0.2943444,145.7635,0.5411845,0.260473,-0.7995456,0.09011532,1.100179,0.2813217,1.139147,0.1167018,1.12232,0.3161851,1.171834,0.1217366,1.103722,0.3237031,1.156636,-0.01538236,0.6442218,0.02877022,0.6450473,-0.004391794,0.6417441,0.07539923,0.6461732,-0.02279219,0.6318655,0.1064843,0.6411805,0.09964457,-0.08233222,0.04195926,0.1358978,0.1366681,-0.07485724,0.01055989,0.1561835,0.1269882,-0.08687508,-0.003210768,0.1538948,-0.1102928,0.04680806,-0.03736488,0.1255055,-0.1567124,0.0527815,-0.02684158,0.1675265,-0.1785706,0.04434766,0.002373628,0.1840104,0.09972724,-0.0822108,0.04188588,0.1358623,0.1374764,-0.07438291,0.0103629,0.1566524,0.1280016,-0.08650651,-0.003490961,0.1545315,-0.1107552,0.04651225,-0.03726325,0.1257722,-0.1566626,0.05278078,-0.02683604,0.1674788,-0.1784041,0.04452374,0.002223424,0.1838894,0.1117143,-0.08185578,0.02731087,0.1411607,-0.2936808,0.91474,-0.1235491,0.2484712,151.2259,-0.303189,0.9443557,-0.1275491,-0.1415005,0.04618607,-0.02055823,0.1502604,0.1296605,-0.480849,-0.2010685,0.8435305,64.97031,0.2414171,-0.8953005,-0.3743727,0.1029935,1.104288,0.2988972,1.148651,0.4389519,-0.8188856,0.1237995,0.3484556,139.2142,0.4683026,-0.8736407,0.1320774,0.1128837,-0.08280291,0.02435283,0.142099,0.3936587,-0.2482644,-0.6665936,0.5822806,108.7778,0.4842122,-0.3053729,-0.8199304,-0.4862553,-0.2132871,-0.3365741,0.6286634,0.5447144,0.07133974,0.8349342,0.03289226,176.2301,0.5450092,0.07137835,0.8353861,-0.002993494,-0.004287481,0.001102835,0.005344132,-0.01032652,0.05220869,0.09003887,0.9945153,12.00723,-0.09873229,0.4991695,0.8608654,-0.08332995,1.202641,-0.0477431,1.206469,-0.007903884,-0.1075809,-0.1432639,-0.9837883,339.3381,-0.04407361,-0.5998921,-0.7988677,True,True,False,False
1772879696189,21.80764,0.1803152,1.057688,0.1890705,1.089479,-0.4567134,-0.7314522,0.09017513,0.4982559,120.2306,-0.5267562,-0.8436297,0.1040046,-0.104694,0.6306695,-0.05819671,0.6419438,0.5172068,0.2491616,-0.7641059,0.2942073,145.78,0.5411575,0.2606997,-0.79949,0.09017475,1.100168,0.2814805,1.13918,0.1167083,1.122383,0.3162815,1.171921,0.1217096,1.103803,0.323834,1.156746,-0.01535421,0.6445548,0.02881323,0.6453812,-0.004339848,0.6420438,0.07546869,0.6464786,-0.02276974,0.632183,0.1065969,0.6415113,0.09972526,-0.08230591,0.04183393,0.1359024,0.1367738,-0.07480577,0.01053227,0.1562495,0.1271417,-0.08687401,-0.003209978,0.1540208,-0.11027,0.04678578,-0.03737334,0.1254796,-0.1567197,0.05277497,-0.02684235,0.1675314,-0.1786159,0.04428858,0.00238774,0.1840402,0.09972709,-0.08221823,0.04188182,0.1358654,0.1374215,-0.07441594,0.01037613,0.1566208,0.1279344,-0.08653522,-0.003469013,0.1544914,-0.1107173,0.04653362,-0.03727185,0.1257493,-0.1566671,0.05278033,-0.02683653,0.1674829,-0.1784206,0.04450537,0.002236259,0.1839012,0.1116995,-0.08187167,0.02730472,0.141157,-0.2935092,0.9149024,-0.1236069,0.2480471,151.276,-0.3029779,0.9444173,-0.1275945,-0.1414833,0.04618978,-0.02055991,0.1502456,0.1298272,-0.4808584,-0.2008552,0.8435504,64.96608,0.2417415,-0.8953699,-0.3739973,0.1029814,1.104264,0.2989596,1.148643,0.439466,-0.8185247,0.1240969,0.3485498,139.2027,0.4688686,-0.8732883,0.1323997,0.113002,-0.08278348,0.02428021,0.1421692,0.394565,-0.2492594,-0.6648066,0.5832841,108.6363,0.4857571,-0.3068684,-0.818457,-0.4860962,-0.2132105,-0.3364762,0.628462,0.5437885,0.07169179,0.8355829,0.03091636,176.4567,0.5440485,0.07172608,0.8359825,-0.002981387,-0.00426352,0.001040429,0.005305541,-0.01019969,0.05208011,0.08936471,0.9945842,11.9315,-0.09813627,0.5010884,0.859822,-0.08345939,1.202627,-0.04773298,1.206464,-0.008331221,-0.1074643,-0.1432355,-0.9838017,339.3466,-0.04647552,-0.5994872,-0.7990357,True,True,False,False
1772879696203,21.82061,0.1802462,1.057812,0.189042,1.089584,-0.456229,-0.7313917,0.0905608,0.4987184,120.1695,-0.526359,-0.8438187,0.1044815,-0.1047424,0.6309292,-0.05817672,0.6422049,0.5171634,0.2493528,-0.7641248,0.2940726,145.7961,0.5410886,0.2608884,-0.7994751,0.090169,1.100135,0.2815778,1.139173,0.1167046,1.122386,0.3163438,1.171941,0.1217436,1.103854,0.3239183,1.156822,-0.0154282,0.6447464,0.02881466,0.6455743,-0.004345458,0.6422272,0.07544205,0.6466576,-0.02274787,0.6322878,0.1065636,0.6416082,0.09969868,-0.08233514,0.04182224,0.135897,0.1367586,-0.07482599,0.01054756,0.1562469,0.1271817,-0.08688222,-0.003205582,0.1540584,-0.1102489,0.04677512,-0.03731897,0.125441,-0.1566944,0.05279853,-0.02683931,0.1675147,-0.1785763,0.04437283,0.002421215,0.1840226,0.0997247,-0.08222809,0.0418768,0.1358681,0.1373657,-0.07445051,0.01039058,0.1565892,0.127871,-0.08656447,-0.003446804,0.1544548,-0.1106778,0.04655398,-0.03727582,0.1257232,-0.1566694,0.05278186,-0.02683677,0.1674856,-0.1784338,0.0444942,0.002251852,0.1839114,0.1116827,-0.0818897,0.02729924,0.1411531,-0.2933601,0.9150428,-0.12367,0.2476736,151.3202,-0.3027941,0.9444691,-0.127647,-0.1414643,0.0461961,-0.02055793,0.1502293,0.1299066,-0.4808946,-0.2005889,0.843581,64.95956,0.2419109,-0.8955174,-0.3735347,0.1029503,1.104246,0.2990589,1.148649,0.4402944,-0.8177519,0.123836,0.3494099,139.0975,0.4699131,-0.8727623,0.1321664,0.1129653,-0.08281234,0.02429806,0.1421599,0.3948255,-0.249702,-0.664532,0.5832315,108.6437,0.4860551,-0.3073989,-0.8180809,-0.4859675,-0.213144,-0.3363722,0.6282842,0.5434888,0.07236773,0.8357221,0.03084772,176.4646,0.5437475,0.07240219,0.83612,-0.002950318,-0.004245877,0.0009411573,0.005255247,-0.01016426,0.0508847,0.08856269,0.9947182,11.78298,-0.09902363,0.4957357,0.8628073,-0.08355369,1.202552,-0.04773109,1.206396,-0.008683596,-0.1074741,-0.1432974,-0.9837885,339.3382,-0.0484217,-0.5993,-0.7990592,True,True,False,False
1772879696217,21.83452,0.1801194,1.05791,0.1889913,1.089649,-0.4556446,-0.7312788,0.09111585,0.4993169,120.0904,-0.5258938,-0.844024,0.1051637,-0.1047734,0.6312146,-0.05814462,0.6424874,0.5171634,0.2493528,-0.7641248,0.2940726,145.7961,0.5410886,0.2608884,-0.7994751,0.09011675,1.10006,0.2816864,1.139123,0.1166741,1.1224,0.316401,1.171966,0.1217594,1.103847,0.3239602,1.156829,-0.01551098,0.6449454,0.02887405,0.6457778,-0.004377779,0.6425031,0.0754544,0.6469333,-0.02279876,0.6324856,0.1065901,0.6418094,0.0996737,-0.08237161,0.04182746,0.1359024,0.1367749,-0.07481946,0.01058771,0.1562608,0.1271775,-0.08688158,-0.003182217,0.154054,-0.1102428,0.04679705,-0.03721721,0.1254136,-0.1566737,0.05280578,-0.02683869,0.1674975,-0.1785485,0.04442073,0.002492122,0.1840081,0.09972085,-0.08223891,0.04187308,0.1358707,0.1373211,-0.07447832,0.01040544,0.1565643,0.1278187,-0.08658838,-0.003426857,0.1544244,-0.110645,0.04657231,-0.0372714,0.1256999,-0.1566697,0.05278366,-0.02683691,0.1674865,-0.1784424,0.04448866,0.002269966,0.1839187,0.1116688,-0.08190593,0.02729516,0.1411507,-0.2932269,0.9151568,-0.1236998,0.2473951,151.3532,-0.3026344,0.9445174,-0.1276684,-0.1414501,0.04620371,-0.020549,0.1502171,0.129895,-0.4809516,-0.2002568,0.8436291,64.9493,0.2419233,-0.8957496,-0.3729688,0.102851,1.104179,0.2993102,1.148641,0.4415178,-0.8161553,0.1273169,0.3503473,138.9829,0.4713948,-0.8713837,0.1359323,0.1129827,-0.08282876,0.02431503,0.1421862,0.3951016,-0.2493443,-0.6645856,0.5831366,108.6571,0.4863542,-0.3069328,-0.8180782,-0.4859724,-0.2129362,-0.3361416,0.6280941,0.5427622,0.07287858,0.8361095,0.03192122,176.3415,0.5430388,0.07291573,0.8365357,-0.002851024,-0.004178762,0.0006898046,0.005105509,-0.007298307,0.05118049,0.08561842,0.994986,11.48013,-0.0729718,0.5117258,0.8560519,-0.08358711,1.202429,-0.04775982,1.206276,-0.008814873,-0.1074801,-0.1434224,-0.9837685,339.3254,-0.04912366,-0.5989668,-0.7992665,True,True,False,False
1772879696230,21.84904,0.1798663,1.058135,0.1889944,1.089826,-0.454672,-0.7312825,0.09212162,0.5000131,119.9983,-0.5250145,-0.8444195,0.1063738,-0.1046838,0.6314723,-0.05807435,0.6427197,0.5171949,0.2494761,-0.7641463,0.2938567,145.822,0.541084,0.2609994,-0.7994419,0.09005959,1.099884,0.2820112,1.139029,0.1164828,1.122456,0.3165486,1.17204,0.1216597,1.103987,0.3241793,1.157013,-0.01537399,0.6450586,0.02891965,0.6458896,-0.004228946,0.6425934,0.07544038,0.6470204,-0.02278721,0.632652,0.1067335,0.6419967,0.09961028,-0.08249345,0.04162937,0.135869,0.1367774,-0.07485723,0.01063278,0.1562841,0.1272873,-0.08690892,-0.003181726,0.1541601,-0.1102196,0.04688159,-0.03718275,0.1254145,-0.1565985,0.05289896,-0.02682644,0.1674546,-0.1785975,0.04434314,0.002590269,0.1840382,0.09971196,-0.08225936,0.04185348,0.1358705,0.1372774,-0.07450878,0.01042372,0.1565417,0.127776,-0.08661415,-0.003407152,0.1544031,-0.1106108,0.04659717,-0.03726428,0.1256769,-0.156664,0.05279293,-0.02683607,0.1674839,-0.1784549,0.04447696,0.002295713,0.1839283,0.111654,-0.0819291,0.02728123,0.1411498,-0.2931319,0.9152056,-0.1237363,0.2473091,151.3633,-0.3025294,0.9445463,-0.1277032,-0.1414441,0.04621266,-0.0205311,0.1502118,0.1300532,-0.4809543,-0.200072,0.843647,64.94547,0.2422306,-0.8958017,-0.3726441,0.1027813,1.104094,0.2994266,1.148583,0.4411023,-0.8158201,0.1284262,0.351245,138.873,0.4711204,-0.8713387,0.137166,0.1129567,-0.08291594,0.02422204,0.1422005,0.3979768,-0.2504462,-0.6625716,0.5830011,108.6762,0.4898348,-0.3082523,-0.8155013,-0.4858588,-0.2130979,-0.3358224,0.6278902,0.5404446,0.0759958,0.837389,0.03040265,176.5156,0.5406945,0.07603095,0.8377762,-0.002781257,-0.004093647,0.0005733967,0.00498218,-0.005793713,0.05100151,0.0854615,0.9950185,11.44271,-0.05811687,0.5115973,0.8572664,-0.08360073,1.202378,-0.04772204,1.206225,-0.009038952,-0.1075831,-0.1436794,-0.9837177,339.293,-0.05029445,-0.5986127,-0.7994597,True,True,False,False
1772879696245,21.86192,0.1797816,1.058383,0.1889677,1.090048,-0.4535768,-0.7313983,0.0931963,0.5006387,119.9155,-0.5239686,-0.8449061,0.1076597,-0.1046363,0.6314695,-0.05810821,0.6427122,0.5172803,0.2495584,-0.7641556,0.2936122,145.8513,0.5411308,0.2610649,-0.799389,0.08992703,1.099773,0.2820754,1.138926,0.1164339,1.122383,0.3166115,1.171983,0.1216803,1.104061,0.3243481,1.157134,-0.01533546,0.6449157,0.02887469,0.6457439,-0.004167978,0.6425048,0.07542241,0.6469299,-0.02273769,0.632561,0.1067045,0.6419005,0.09947857,-0.08257113,0.04173744,0.1358528,0.1366497,-0.07493613,0.01064692,0.1562111,0.1273373,-0.08697806,-0.003185973,0.1542404,-0.1101888,0.04692137,-0.0371254,0.1253853,-0.1566154,0.05289662,-0.0268262,0.1674697,-0.1786053,0.04433135,0.002590977,0.184043,0.09969245,-0.08228543,0.04184378,0.135869,0.1372249,-0.0745445,0.01044238,0.1565139,0.1277393,-0.08664457,-0.003388663,0.1543894,-0.1105755,0.04662427,-0.03725267,0.1256524,-0.1566599,0.0528016,-0.02683525,0.1674827,-0.1784675,0.04446479,0.002320395,0.1839378,0.1116268,-0.08195868,0.02727818,0.1411449,-0.2931707,0.9151899,-0.1238123,0.247283,151.3664,-0.3025675,0.9445238,-0.1277808,-0.1414367,0.04622264,-0.02051208,0.1502052,0.1302012,-0.4809908,-0.199819,0.8436633,64.94199,0.2425179,-0.8959125,-0.3721907,0.1027422,1.104152,0.2996772,1.148701,0.441108,-0.8151361,0.1321514,0.3514442,138.8487,0.4711641,-0.8706777,0.1411559,0.112867,-0.0830196,0.02425842,0.142196,0.3980488,-0.2508914,-0.6610981,0.5844314,108.4743,0.4905443,-0.3091916,-0.8147189,-0.4857619,-0.2134005,-0.3357419,0.627875,0.5391845,0.07631221,0.8382018,0.02957098,176.6109,0.5394204,0.07634559,0.8385684,-0.002742209,-0.004152179,0.0003228188,0.004986432,-0.00278393,0.05250008,0.0837085,0.9951026,11.3457,-0.02816365,0.5311176,0.8468379,-0.08361734,1.202381,-0.0476933,1.206228,-0.009450017,-0.1076417,-0.1436966,-0.9837049,339.2849,-0.05256119,-0.5987051,-0.7992433,True,True,False,False
1772879696258,21.87621,0.1795675,1.058644,0.1888528,1.090247,-0.4521432,-0.7315534,0.09453136,0.5014579,119.807,-0.5225989,-0.8455486,0.1092618,-0.1045979,0.6315555,-0.05816904,0.642796,0.5172803,0.2495584,-0.7641556,0.2936122,145.8513,0.5411308,0.2610649,-0.799389,0.08991428,1.099805,0.282314,1.139015,0.1163306,1.12256,0.3167673,1.172184,0.1216588,1.104338,0.3246011,1.157467,-0.01527465,0.6448575,0.02879265,0.6456807,-0.004118685,0.6425625,0.07533623,0.6469769,-0.02263091,0.6326045,0.1065803,0.641919,0.0996218,-0.08252083,0.04162568,0.1358929,0.1368347,-0.07489396,0.01064718,0.1563528,0.1276608,-0.08695595,-0.003214121,0.1544958,-0.110148,0.04704019,-0.03704824,0.1253711,-0.1565895,0.05292615,-0.02682241,0.1674541,-0.1785578,0.04441442,0.002554476,0.1840164,0.09968716,-0.08230305,0.04182746,0.1358707,0.1371957,-0.07457066,0.01045771,0.1565018,0.1277334,-0.08666788,-0.003375596,0.1543974,-0.1105435,0.04665541,-0.03723736,0.1256313,-0.1566546,0.05281093,-0.02683429,0.1674806,-0.1784742,0.04446102,0.002337919,0.1839437,0.1116173,-0.08198017,0.02727068,0.1411484,-0.2932819,0.9151111,-0.1239595,0.2473691,151.3562,-0.3026891,0.9444637,-0.1279356,-0.1414258,0.04623817,-0.02049542,0.1501975,0.1302702,-0.4810759,-0.1994632,0.8436884,64.93664,0.2426643,-0.8961366,-0.3715552,0.1026997,1.104112,0.2997685,1.148683,0.4416638,-0.8146085,0.13253,0.3518267,138.8018,0.4718302,-0.8702477,0.141582,0.1130332,-0.08303373,0.02416694,0.1423206,0.3997201,-0.2531062,-0.6582064,0.5855986,108.3094,0.4931155,-0.312245,-0.8119977,-0.4860258,-0.2134601,-0.3355672,0.6280062,0.5376309,0.0783947,0.8390954,0.02695648,176.9106,0.5378264,0.0784232,0.8394003,-0.002699673,-0.004112124,0.0002314746,0.004924569,-0.002440494,0.05212564,0.08292665,0.9951887,11.24555,-0.02490844,0.5320104,0.8463751,-0.08363495,1.202388,-0.04765398,1.206235,-0.009101991,-0.1077037,-0.143692,-0.9837021,339.2831,-0.05062111,-0.5989987,-0.7991494,True,True,False,False
1772879696272,21.88952,0.1794461,1.058879,0.1886722,1.090423,-0.4506389,-0.7317293,0.0958323,0.5023078,119.6944,-0.5211573,-0.8462341,0.1108286,-0.1045815,0.6316506,-0.05813788,0.642884,0.5172803,0.2495584,-0.7641556,0.2936122,145.8513,0.5411308,0.2610649,-0.799389,0.08995427,1.09962,0.2824487,1.138874,0.1162843,1.122525,0.3167685,1.172146,0.1216883,1.104365,0.3246793,1.157518,-0.01524833,0.644883,0.02882039,0.6457067,-0.004080412,0.6425594,0.07531488,0.6469711,-0.02258446,0.6326777,0.1066078,0.6419941,0.09961186,-0.0825636,0.04151417,0.1358775,0.1368376,-0.07490332,0.01067096,0.1563615,0.1277631,-0.087001,-0.003216162,0.1546057,-0.1101344,0.04709645,-0.03700812,0.1253685,-0.156528,0.05301475,-0.02678713,0.167419,-0.1785589,0.04445137,0.002548806,0.1840264,0.09968096,-0.08232451,0.04180165,0.1358712,0.1371662,-0.07459807,0.01047528,0.1564902,0.1277359,-0.08669532,-0.003362463,0.1544145,-0.1105098,0.04669174,-0.03721848,0.1256095,-0.1566442,0.05282772,-0.0268304,0.1674755,-0.1784812,0.04446023,0.002355291,0.1839505,0.1116092,-0.08200542,0.02725668,0.1411539,-0.293491,0.9149658,-0.124178,0.2475488,151.335,-0.3029193,0.9443585,-0.1281672,-0.1414156,0.04625805,-0.02047556,0.1501913,0.1304272,-0.4811611,-0.1992216,0.8436728,64.93998,0.2429455,-0.8962542,-0.3710881,0.1026393,1.104146,0.29973,1.148699,0.443408,-0.8133033,0.1351019,0.351674,138.8205,0.4736645,-0.8688,0.1443208,0.1131056,-0.08307017,0.02418607,0.1424026,0.3993082,-0.2537912,-0.6574181,0.5864679,108.1865,0.4929897,-0.313333,-0.8116547,-0.4860393,-0.2134114,-0.3354162,0.6279193,0.5370986,0.07907465,0.8393645,0.02719868,176.8829,0.5372973,0.07910391,0.8396751,-0.002639309,-0.004145503,0.0002699792,0.004921792,-0.001060695,0.05281698,0.07993367,0.9953995,10.99622,-0.01107047,0.5512506,0.8342676,-0.08365773,1.202369,-0.04765357,1.206218,-0.009225254,-0.10799,-0.1437776,-0.983657,339.2544,-0.05123647,-0.5997693,-0.7985317,True,True,False,False
1772879696287,21.90363,0.1791984,1.059094,0.1882706,1.090522,-0.4493878,-0.7318649,0.09698415,0.5030094,119.6014,-0.5199557,-0.8467906,0.1122137,-0.1045557,0.6317871,-0.05814596,0.6430146,0.517334,0.2497449,-0.7641234,0.2934425,145.8717,0.5411575,0.2612458,-0.7993118,0.0899121,1.099535,0.2823974,1.138776,0.1161619,1.122717,0.3166687,1.172291,0.1215983,1.104556,0.3245895,1.157665,-0.01520474,0.6449425,0.02880863,0.6457646,-0.004058678,0.642561,0.07531515,0.6469726,-0.02253905,0.6327201,0.106597,0.6420324,0.09968653,-0.08258949,0.04133934,0.1358947,0.1370782,-0.07486041,0.01062958,0.1565487,0.1280118,-0.08700457,-0.00324291,0.1548139,-0.1101292,0.04712208,-0.03699769,0.1253705,-0.1565222,0.05304485,-0.0267327,0.1674144,-0.1785631,0.04445868,0.00254871,0.1840322,0.09968139,-0.08234497,0.04176596,0.135873,0.1371594,-0.07461832,0.01048719,0.1564947,0.1277572,-0.08671919,-0.003353233,0.1544453,-0.1104804,0.04672496,-0.03720144,0.125591,-0.1566348,0.05284448,-0.02682286,0.1674708,-0.1784875,0.04446011,0.002370223,0.1839568,0.1116137,-0.08202736,0.02723536,0.1411661,-0.2937198,0.9147783,-0.1244193,0.2478493,151.2994,-0.3031794,0.9442399,-0.1284264,-0.1414052,0.04627651,-0.0204584,0.1501848,0.1306116,-0.4812271,-0.19908,0.8436399,64.94699,0.2432656,-0.896291,-0.3707889,0.1024221,1.104511,0.2992443,1.148904,0.4440053,-0.812048,0.1475399,0.3488116,139.1707,0.4737608,-0.8664684,0.1574274,0.1132733,-0.08309463,0.02405339,0.1425276,0.4010753,-0.2554381,-0.6561526,0.5859641,108.2578,0.4949487,-0.3152244,-0.809728,-0.4857752,-0.2135637,-0.3354709,0.6277959,0.5359049,0.08222475,0.8398554,0.02623329,176.9935,0.5360893,0.08225305,0.8401444,-0.002422139,-0.00451076,0.0007557571,0.005175412,0.006813339,0.06079767,0.07367771,0.9954039,10.99073,0.07114615,0.6348606,0.7693564,-0.08377937,1.202391,-0.04760363,1.206246,-0.009827843,-0.1081755,-0.1440878,-0.9835854,339.2089,-0.05446502,-0.5994986,-0.7985216,True,True,False,False
1772879696300,21.91844,0.1785252,1.059588,0.1872875,1.090722,-0.4480357,-0.731971,0.09824363,0.5038162,119.4944,-0.5186734,-0.8473741,0.1137328,-0.1045555,0.6319144,-0.05832555,0.6431559,0.5174378,0.2501112,-0.7640303,0.29319,145.9019,0.5412222,0.2616077,-0.7991495,0.08967514,1.099421,0.2819894,1.138546,0.1156878,1.123481,0.3160907,1.17282,0.1211811,1.105528,0.3242826,1.158463,-0.01518311,0.6450258,0.02862671,0.6458393,-0.004082609,0.6425244,0.07517307,0.6469198,-0.02254386,0.6327099,0.1064349,0.6419956,0.09965441,-0.08278263,0.04081056,0.1358288,0.1376031,-0.07465963,0.01060525,0.1569112,0.1288719,-0.08687593,-0.003327981,0.1554556,-0.1101339,0.04710632,-0.03703441,0.1253795,-0.1565382,0.05304464,-0.02667027,0.1674194,-0.1785826,0.04443222,0.002558351,0.1840449,0.09967919,-0.08238061,0.04168817,0.1358691,0.1371955,-0.07462168,0.0104968,0.1565286,0.1278479,-0.08673196,-0.003351177,0.1545275,-0.1104522,0.04675601,-0.03718784,0.1255737,-0.1566269,0.05286078,-0.02681044,0.1674666,-0.1784953,0.04445783,0.00238554,0.183964,0.1116345,-0.08205333,0.0271912,0.1411891,-0.2942563,0.9142846,-0.1247428,0.2488698,151.1787,-0.3038152,0.9439853,-0.1287951,-0.1413936,0.04629286,-0.02044358,0.1501769,0.1308507,-0.4812598,-0.1990455,0.8435923,64.95715,0.243677,-0.8962272,-0.370673,0.1023639,1.104577,0.299136,1.148935,0.4466737,-0.8090621,0.1547362,0.3492248,139.1202,0.4766863,-0.8634241,0.1651331,0.1135458,-0.08300711,0.02369035,0.1426326,0.4081934,-0.2635268,-0.648761,0.5856971,108.2955,0.5036129,-0.325129,-0.8004156,-0.485129,-0.2140848,-0.3359481,0.6277289,0.5332175,0.09025015,0.8409948,0.01618596,178.1451,0.5332873,0.09026197,0.8411049,-0.00236389,-0.004576802,0.0008640587,0.005223188,0.01185845,0.06266191,0.06743377,0.9956836,10.65107,0.1277655,0.6751325,0.7265455,-0.08395308,1.202409,-0.04756129,1.206274,-0.01018041,-0.1082517,-0.1446041,-0.9834976,339.1532,-0.05626991,-0.5983365,-0.7992662,True,True,False,False
1772879696313,21.93183,0.1782727,1.060161,0.1867203,1.09114,-0.4468277,-0.7320294,0.09938283,0.5045801,119.393,-0.5175421,-0.8478795,0.115111,-0.1045605,0.6318932,-0.05840287,0.6431429,0.5176038,0.2506935,-0.7638593,0.292845,145.9433,0.5413359,0.2621878,-0.7988824,0.08985294,1.099452,0.2819011,1.138568,0.1154938,1.123787,0.315774,1.173009,0.1211332,1.106247,0.3241915,1.159119,-0.01520875,0.6448615,0.02857303,0.6456734,-0.00407653,0.6423201,0.07510158,0.6467085,-0.02253461,0.6324548,0.10635,0.6417298,0.09959403,-0.08291661,0.04033779,0.135725,0.137623,-0.07478,0.01059546,0.1569854,0.1293442,-0.08686645,-0.003393561,0.1558436,-0.1101326,0.04710548,-0.03699446,0.1253663,-0.1565374,0.05304642,-0.02667008,0.1674192,-0.1785801,0.04443691,0.00256148,0.1840436,0.09967194,-0.08242624,0.04157319,0.1358562,0.1372319,-0.07463516,0.0105052,0.1565675,0.1279753,-0.08674341,-0.003354786,0.1546395,-0.110425,0.04678577,-0.03717138,0.125556,-0.1566193,0.05287658,-0.02679848,0.1674625,-0.1785025,0.04445605,0.00240052,0.1839708,0.1116523,-0.08208845,0.02712868,0.1412116,-0.2948726,0.9136245,-0.1251504,0.2503552,151.0029,-0.304572,0.9436768,-0.1292671,-0.1413827,0.04630875,-0.0204274,0.1501694,0.1310707,-0.4813089,-0.1989928,0.8435427,64.96777,0.2440511,-0.896188,-0.3705207,0.1023149,1.104809,0.2988775,1.149086,0.4468333,-0.8063813,0.1663138,0.3498985,139.0378,0.4769846,-0.8607941,0.1775363,0.1135169,-0.08328933,0.02343102,0.1427313,0.4142905,-0.2661259,-0.6451197,0.5842611,108.4984,0.510483,-0.3279166,-0.7949076,-0.4845803,-0.214465,-0.3365537,0.6277593,0.5292643,0.09680973,0.8428241,0.01244545,178.5738,0.5293053,0.09681722,0.8428893,-0.002314888,-0.004808903,0.001122504,0.005453831,0.02126422,0.06704573,0.06160131,0.9956195,10.72974,0.2274299,0.7170828,0.6588524,-0.08407574,1.202411,-0.0475616,1.206285,-0.01032406,-0.1083016,-0.1447596,-0.9834678,339.1343,-0.05701283,-0.5980772,-0.79941,True,True,False,False
1772879696327,21.94557,0.1777714,1.060441,0.1857926,1.091172,-0.4453703,-0.7321337,0.1007536,0.5054446,119.2783,-0.5161566,-0.8484975,0.1167672,-0.1045586,0.6318413,-0.05845024,0.6430959,0.5177636,0.2512907,-0.7637027,0.2924591,145.9895,0.5414362,0.2627799,-0.7986197,0.09009257,1.099191,0.281726,1.138292,0.1152372,1.124434,0.3152485,1.173462,0.1209584,1.106985,0.3238372,1.159706,-0.01524068,0.6446468,0.0285586,0.6454591,-0.004036624,0.6420688,0.07502578,0.6464499,-0.02257564,0.6320841,0.1063245,0.6413618,0.09970547,-0.08300188,0.0395211,0.1356186,0.138218,-0.074487,0.01058185,0.1573674,0.1301194,-0.08664483,-0.003473386,0.1563663,-0.1101369,0.04709767,-0.03693093,0.1253484,-0.1565142,0.05306688,-0.02668952,0.1674071,-0.178577,0.04444253,0.002667852,0.1840435,0.09967455,-0.08247089,0.04141404,0.1358366,0.1373084,-0.07462367,0.01051114,0.1566294,0.1281416,-0.08673576,-0.003363984,0.154773,-0.1104027,0.04680996,-0.03715273,0.1255398,-0.1566112,0.05289134,-0.02679003,0.1674582,-0.1785083,0.044455,0.002421253,0.1839764,0.1116963,-0.08211324,0.02703336,0.1412425,-0.2955292,0.9128288,-0.1255583,0.2522722,150.776,-0.3054072,0.9433399,-0.129755,-0.1413788,0.04632203,-0.02040558,0.1501668,0.1312192,-0.4813412,-0.1989113,0.8435203,64.9725,0.2443118,-0.89619,-0.370345,0.102247,1.104882,0.2988014,1.149131,0.4488204,-0.8051538,0.16898,0.3489033,139.1595,0.4789161,-0.8591434,0.180311,0.1139671,-0.08325338,0.02303903,0.143005,0.4222021,-0.2704999,-0.6374711,0.5849836,108.3963,0.5205655,-0.3335203,-0.7859874,-0.4838783,-0.2150176,-0.3373541,0.6278363,0.5235582,0.1035993,0.8456584,0.0040346,179.5377,0.5235624,0.1036001,0.8456652,-0.002246961,-0.004881978,0.00119859,0.005506284,0.02217904,0.06841765,0.05831073,0.9957044,10.62528,0.2395399,0.7389299,0.6297724,-0.08415692,1.202376,-0.04761706,1.206258,-0.009880835,-0.1081584,-0.1448928,-0.9834685,339.1347,-0.0545663,-0.5972983,-0.8001615,True,True,False,False
1772879696341,21.95948,0.1774606,1.060744,0.1852922,1.091331,-0.4435412,-0.7323229,0.1023308,0.506461,119.1432,-0.5143921,-0.8493035,0.118677,-0.1045523,0.6318542,-0.05842656,0.6431054,0.5178417,0.2518369,-0.7635995,0.2921202,146.0301,0.5414593,0.2633226,-0.7984254,0.09008044,1.099086,0.2816625,1.138173,0.1150684,1.124534,0.3150215,1.173481,0.1208866,1.107216,0.3237481,1.159894,-0.0152215,0.6445447,0.02858155,0.6453576,-0.003991146,0.641921,0.07503188,0.6463035,-0.02256452,0.6318519,0.1063446,0.6411358,0.09979339,-0.08299519,0.03931506,0.1356193,0.1383432,-0.07443665,0.01058327,0.1574537,0.1304349,-0.08662995,-0.00351277,0.1566216,-0.1101385,0.04709743,-0.03691629,0.1253454,-0.1565124,0.05306806,-0.0266964,0.1674069,-0.1785751,0.04444152,0.002725795,0.1840422,0.09968399,-0.08251257,0.04124714,0.1358181,0.1373907,-0.0746088,0.01051688,0.1566949,0.128324,-0.08672735,-0.003375814,0.1549196,-0.1103817,0.04683281,-0.03713392,0.1255243,-0.1566033,0.0529054,-0.02678259,0.1674541,-0.1785136,0.04445393,0.002445468,0.1839816,0.1117484,-0.08213603,0.02693217,0.1412776,-0.2962882,0.9119635,-0.1260503,0.254258,150.5408,-0.3063561,0.9429523,-0.1303336,-0.1413772,0.04633456,-0.02038149,0.1501659,0.131335,-0.4813606,-0.1988004,0.8435174,64.97314,0.2445253,-0.8962185,-0.3701353,0.1021398,1.105036,0.2986397,1.149227,0.4517906,-0.802758,0.1732915,0.3484751,139.2119,0.4820035,-0.8564415,0.1848801,0.1141793,-0.08322697,0.02293346,0.1431419,0.4234189,-0.2731468,-0.6359221,0.58456,108.4562,0.5218693,-0.336657,-0.7837822,-0.4833207,-0.2154144,-0.3378329,0.6278004,0.5226924,0.1071555,0.8457565,0.002539118,179.709,0.5226941,0.1071559,0.8457592,-0.002139807,-0.005035639,0.001360327,0.005637989,0.02441505,0.06962071,0.05312779,0.9958587,10.43263,0.2685449,0.7657688,0.5843607,-0.08425722,1.202352,-0.04769059,1.206244,-0.009848531,-0.1082978,-0.1446254,-0.9834928,339.1501,-0.05442764,-0.5985051,-0.7992684,True,True,False,False
1772879696356,21.97323,0.1770022,1.061146,0.1845408,1.09152,-0.4416373,-0.7325136,0.1037521,0.5075587,118.9973,-0.5125678,-0.8501613,0.1204156,-0.104578,0.6318282,-0.05838944,0.6430807,0.517915,0.2522336,-0.7635006,0.2919062,146.0558,0.5414989,0.2637194,-0.7982676,0.09009762,1.099088,0.2814968,1.138136,0.1148191,1.124859,0.3146948,1.17368,0.1206969,1.107583,0.3234511,1.160141,-0.01525403,0.6444227,0.02861145,0.6452379,-0.004004527,0.6417988,0.07508124,0.646188,-0.02259939,0.6316805,0.1063931,0.6409763,0.09998377,-0.08295436,0.03891443,0.135619,0.1386749,-0.07432889,0.01052408,0.1576904,0.1308291,-0.08656693,-0.003560901,0.1569164,-0.1101218,0.04710425,-0.03689083,0.1253258,-0.156529,0.05305316,-0.02669993,0.1674182,-0.1785863,0.0444203,0.00275398,0.1840484,0.09970809,-0.08254808,0.04105964,0.1358005,0.1374939,-0.07458629,0.01051746,0.1567747,0.1285253,-0.08671445,-0.003390691,0.1550795,-0.1103608,0.04685463,-0.03711439,0.1255083,-0.1565973,0.05291727,-0.02677594,0.1674512,-0.1785194,0.04445123,0.002470266,0.183987,0.1118195,-0.08215211,0.02681473,0.1413209,-0.2970511,0.9110522,-0.1266135,0.2563468,150.2932,-0.3073202,0.9425475,-0.1309905,-0.1413758,0.0463458,-0.02035712,0.1501648,0.1314299,-0.4813877,-0.1986447,0.8435239,64.97175,0.2447066,-0.8962858,-0.3698525,0.101814,1.105695,0.2980058,1.149667,0.4573632,-0.7974877,0.1807832,0.3494992,139.0866,0.4881474,-0.851165,0.1929513,0.1144942,-0.08322304,0.02267743,0.1433502,0.4268604,-0.2755903,-0.6336701,0.5833545,108.6263,0.5255492,-0.3393059,-0.7801728,-0.4828176,-0.2157602,-0.3383226,0.6277957,0.5205963,0.1124655,0.846363,0.0009204415,179.8945,0.5205965,0.1124655,0.8463633,-0.001813963,-0.005694747,0.001994222,0.006300597,0.02920527,0.06989422,0.04349027,0.996178,10.02205,0.3343575,0.8001862,0.4978998,-0.08436423,1.20232,-0.04776048,1.206222,-0.009643236,-0.1080847,-0.1447303,-0.9835029,339.1565,-0.05330919,-0.5975075,-0.8000898,True,True,False,False
1772879696369,21.98718,0.1761072,1.062247,0.1833721,1.092249,-0.4395514,-0.7326653,0.1052453,0.5088414,118.8266,-0.5105956,-0.8510851,0.122256,-0.1045769,0.6317418,-0.05823058,0.6429812,0.5179492,0.2525889,-0.7634077,0.2917813,146.0707,0.541513,0.2640803,-0.7981386,0.08999275,1.099414,0.2811184,1.138348,0.1141329,1.125845,0.3138769,1.174339,0.1201721,1.108647,0.3225371,1.160849,-0.01528854,0.6442203,0.02877824,0.645044,-0.003990565,0.6416269,0.07523137,0.6460347,-0.02257015,0.6315031,0.1065402,0.6408248,0.1000027,-0.08305898,0.03810573,0.1354673,0.1389413,-0.07416901,0.01055105,0.1578514,0.1310997,-0.0863073,-0.003535435,0.1569986,-0.1101049,0.04712247,-0.03681092,0.1252943,-0.1565235,0.05305852,-0.02669462,0.1674139,-0.1785895,0.04441691,0.002739191,0.1840505,0.09973151,-0.08258871,0.04082475,0.1357716,0.137609,-0.07455311,0.01052013,0.1568601,0.12873,-0.08668208,-0.003402201,0.1552314,-0.1103404,0.04687593,-0.03709025,0.1254912,-0.1565915,0.0529285,-0.02676948,0.1674483,-0.178525,0.0444485,0.002491651,0.183992,0.1118985,-0.08216365,0.02666544,0.1413618,-0.2975906,0.9101248,-0.1270177,0.2588035,150.0018,-0.3080871,0.9422265,-0.1314979,-0.1413739,0.04635676,-0.02033224,0.150163,0.1315249,-0.4814517,-0.1984741,0.8435126,64.97416,0.2448754,-0.8963756,-0.3695227,0.1017598,1.105752,0.297962,1.149706,0.4604552,-0.7956551,0.18187,0.3490519,139.1413,0.4913601,-0.8490581,0.1940767,0.1146184,-0.08315476,0.02227057,0.143346,0.4348699,-0.2773277,-0.6304242,0.5801232,109.0816,0.5338914,-0.3404762,-0.7739741,-0.4818681,-0.2165349,-0.3391886,0.6278002,0.5155717,0.1218195,0.8481425,-0.0005796052,180.0664,0.5155718,0.1218195,0.8481427,-0.00175979,-0.005752206,0.002038002,0.006351235,0.02887007,0.06965549,0.03973569,0.9963613,9.778485,0.3387317,0.8172658,0.4662177,-0.0844965,1.202289,-0.04785122,1.206204,-0.009389788,-0.1078616,-0.1448756,-0.9835084,339.16,-0.05191675,-0.5963736,-0.8010268,True,True,False,False
1772879696390,22.00123,0.1758626,1.062809,0.1830727,1.092705,-0.4375871,-0.7328029,0.1064959,0.5100747,118.6624,-0.5087452,-0.8519674,0.1238137,-0.1045588,0.6316952,-0.05820363,0.64293,0.5179566,0.2529197,-0.7633412,0.2916556,146.0858,0.541499,0.2644156,-0.7980371,0.08999646,1.099371,0.2811799,1.138322,0.1140012,1.125934,0.3138267,1.174398,0.1201817,1.108869,0.3224911,1.161049,-0.01524416,0.6441456,0.02878919,0.6449688,-0.003957127,0.6415246,0.0752666,0.6459369,-0.02252491,0.6313882,0.106562,0.6407136,0.09992063,-0.0831171,0.03797714,0.1354062,0.1388844,-0.0742113,0.01058823,0.1578237,0.1311579,-0.08628212,-0.003522053,0.1570331,-0.1101033,0.0471227,-0.03683189,0.1252991,-0.1565427,0.05304146,-0.02669461,0.1674265,-0.1786029,0.04439535,0.002724819,0.1840581,0.09974675,-0.08263129,0.04059529,0.1357399,0.1377118,-0.07452556,0.01052562,0.1569375,0.1289257,-0.08664985,-0.003411859,0.1553759,-0.1103213,0.04689582,-0.03706944,0.1254757,-0.1565875,0.0529376,-0.02676344,0.1674465,-0.1785313,0.04444421,0.002510439,0.1839973,0.1119662,-0.08217782,0.02652213,0.1413968,-0.2980674,0.909216,-0.1273804,0.2612592,149.7104,-0.3087921,0.9419305,-0.1319637,-0.1413715,0.04636619,-0.02031096,0.1501607,0.1316231,-0.4815097,-0.1983101,0.8435028,64.97626,0.2450512,-0.8964577,-0.3692067,0.1015171,1.1061,0.2979401,1.150014,0.4614404,-0.7947875,0.1760605,0.3526875,138.6964,0.4931283,-0.8493668,0.1881508,0.1145507,-0.08316916,0.02227067,0.1433002,0.436148,-0.2786779,-0.6299967,0.5789801,109.2423,0.5349267,-0.3417928,-0.7726781,-0.4815789,-0.2167533,-0.3394872,0.6278151,0.5148585,0.1253458,0.8480621,0.0002330199,179.9733,0.5148585,0.1253458,0.8480622,-0.001517065,-0.006100297,0.002059877,0.006614998,0.02609163,0.06345806,0.04127849,0.9967892,9.185387,0.3258529,0.7925143,0.5155184,-0.08464098,1.202236,-0.04795885,1.206166,-0.008743638,-0.1073263,-0.1447287,-0.9835945,339.2147,-0.0484699,-0.5949578,-0.8022958,True,True,False,True
1772879696397,22.02169,0.1755599,1.063346,0.1826888,1.093115,-0.4358163,-0.7329227,0.1075034,0.511206,118.5116,-0.5070826,-0.8527729,0.1250828,-0.1045483,0.6315015,-0.05824223,0.6427415,0.5179395,0.2532247,-0.7633013,0.2915258,146.1013,0.5414588,0.2647235,-0.7979622,0.08958539,1.099683,0.2809677,1.138539,0.1138791,1.126257,0.3137651,1.17468,0.1200476,1.10888,0.3221677,1.160956,-0.01528682,0.6437231,0.0287561,0.6445463,-0.003962275,0.6412001,0.07522732,0.6456101,-0.02246008,0.6311023,0.1064909,0.6404177,0.1000235,-0.08305882,0.03830567,0.1355389,0.1390565,-0.07412645,0.01058084,0.1579347,0.1309535,-0.08630615,-0.003440738,0.1568739,-0.110065,0.04720362,-0.03664979,0.1252425,-0.1565332,0.05305376,-0.0266161,0.1674089,-0.1785943,0.04441118,0.002712272,0.1840533,0.0997692,-0.08266597,0.04040954,0.1357221,0.1378209,-0.07449318,0.0105301,0.1570182,0.1290902,-0.08662196,-0.003414202,0.1554969,-0.1103005,0.04692079,-0.03703539,0.1254567,-0.1565831,0.05294703,-0.02675149,0.1674434,-0.1785364,0.04444154,0.002526813,0.1840018,0.1120378,-0.08218551,0.02640507,0.1414361,-0.2984411,0.9084781,-0.1276581,0.2632561,149.4733,-0.3093533,0.9416956,-0.1323257,-0.1413648,0.04637901,-0.02028494,0.1501549,0.1317299,-0.4816444,-0.1980735,0.8434648,64.98435,0.2452228,-0.896609,-0.3687254,0.1013536,1.105873,0.298218,1.149853,0.4611548,-0.7951493,0.1718699,0.3543086,138.4978,0.4931459,-0.8503102,0.1837928,0.1147933,-0.08315391,0.02238552,0.1435032,0.4331944,-0.2741439,-0.6324934,0.5806376,109.0092,0.5320738,-0.336719,-0.7768641,-0.481423,-0.2174316,-0.3398949,0.6281506,0.5139304,0.1223965,0.8490329,0.006168719,179.2931,0.5139401,0.1223988,0.849049,-0.001353644,-0.005872846,0.00178203,0.006284767,0.02381654,0.06026162,0.04351057,0.9969496,8.952994,0.3051438,0.7720879,0.5574691,-0.08483604,1.202216,-0.04804599,1.206163,-0.008518754,-0.1070215,-0.1450121,-0.983588,339.2105,-0.04721383,-0.5931497,-0.8037063,True,True,False,True
1772879696410,22.02941,0.1754154,1.063685,0.1828256,1.093445,-0.4341598,-0.7330041,0.1084271,0.5123025,118.3654,-0.5055394,-0.8535162,0.1262534,-0.1045232,0.6314656,-0.05801327,0.6426814,0.517912,0.2534405,-0.7633023,0.2913843,146.1183,0.5414057,0.2649371,-0.7979274,0.08912858,1.099377,0.2810252,1.138222,0.1137863,1.125814,0.313996,1.174307,0.1200429,1.108559,0.3223903,1.160711,-0.01519827,0.6436077,0.02892785,0.6444368,-0.003939514,0.6410426,0.07543948,0.6454784,-0.02243586,0.6308821,0.1066968,0.6402342,0.09965346,-0.08322963,0.03878756,0.1355081,0.1386562,-0.07433368,0.01061615,0.1576824,0.1306576,-0.08645894,-0.003395349,0.1567102,-0.1100313,0.04726639,-0.03666274,0.1252404,-0.1565145,0.053073,-0.02655026,0.1673871,-0.1785594,0.04446016,0.002813153,0.1840329,0.09975602,-0.08273017,0.04022482,0.1356966,0.137916,-0.07447502,0.0105399,0.1570937,0.1292687,-0.0866034,-0.003412055,0.1556348,-0.1102699,0.04696015,-0.03699295,0.125432,-0.1565753,0.05296138,-0.02672857,0.167437,-0.178539,0.04444366,0.002559423,0.1840053,0.1120772,-0.0822171,0.02630105,0.1414662,-0.2990339,0.9075426,-0.1279342,0.2656651,149.187,-0.3101801,0.9413703,-0.1327029,-0.1413517,0.04640156,-0.02024702,0.1501444,0.1318101,-0.4817696,-0.1976852,0.8434718,64.98286,0.2453771,-0.8968605,-0.36801,0.1013536,1.105873,0.298218,1.149853,0.4611548,-0.7951493,0.1718699,0.3543086,138.4978,0.4931459,-0.8503102,0.1837928,0.1146042,-0.08329342,0.02254824,0.1434585,0.4298429,-0.2722681,-0.6336175,0.5827814,108.7072,0.5289534,-0.3350459,-0.779713,-0.4812273,-0.217586,-0.3397429,0.6279718,0.5142531,0.1195239,0.8492175,0.009365852,178.9267,0.5142756,0.1195291,0.8492546,-0.001353644,-0.005872846,0.00178203,0.006284767,0.02381654,0.06026162,0.04351057,0.9969496,8.952994,0.3051438,0.7720879,0.5574691,-0.08503178,1.202208,-0.04810185,1.206171,-0.008284778,-0.1063579,-0.1452221,-0.983631,339.2378,-0.04597688,-0.5902398,-0.8059186,True,True,False,True
1772879696425,22.04187,0.1754154,1.063685,0.1828256,1.093445,-0.4341598,-0.7330041,0.1084271,0.5123025,118.3654,-0.5055394,-0.8535162,0.1262534,-0.1045232,0.6314656,-0.05801327,0.6426814,0.517912,0.2534405,-0.7633023,0.2913843,146.1183,0.5414057,0.2649371,-0.7979274,0.08912858,1.099377,0.2810252,1.138222,0.1137863,1.125814,0.313996,1.174307,0.1200429,1.108559,0.3223903,1.160711,-0.01519827,0.6436077,0.02892785,0.6444368,-0.003939514,0.6410426,0.07543948,0.6454784,-0.02243586,0.6308821,0.1066968,0.6402342,0.09965346,-0.08322963,0.03878756,0.1355081,0.1386562,-0.07433368,0.01061615,0.1576824,0.1306576,-0.08645894,-0.003395349,0.1567102,-0.1100313,0.04726639,-0.03666274,0.1252404,-0.1565145,0.053073,-0.02655026,0.1673871,-0.1785594,0.04446016,0.002813153,0.1840329,0.09975127,-0.08275329,0.04015827,0.1356875,0.1379503,-0.07446848,0.01054343,0.157121,0.129333,-0.08659671,-0.003411281,0.1556845,-0.1102588,0.04697433,-0.03697766,0.125423,-0.1565725,0.05296655,-0.02672032,0.1674347,-0.1785399,0.04444442,0.002571172,0.1840066,0.1120913,-0.0822285,0.02626358,0.1414771,-0.2992467,0.9072037,-0.1280343,0.2665337,149.0838,-0.3104781,0.9412529,-0.1328397,-0.141347,0.04640969,-0.02023336,0.1501407,0.131839,-0.4818146,-0.1975454,0.8434744,64.98231,0.2454328,-0.896951,-0.3677525,0.1014399,1.105253,0.2987357,1.149399,0.4607365,-0.7949075,0.1694299,0.3565634,138.2214,0.4931507,-0.8508317,0.1813498,0.1146042,-0.08329342,0.02254824,0.1434585,0.4298429,-0.2722681,-0.6336175,0.5827814,108.7072,0.5289534,-0.3350459,-0.779713,-0.4812273,-0.217586,-0.3397429,0.6279718,0.5142531,0.1195239,0.8492175,0.009365852,178.9267,0.5142756,0.1195291,0.8492546,-0.001439944,-0.005252838,0.001264274,0.005591434,0.02332434,0.05727227,0.04495204,0.9970734,8.769266,0.3050867,0.749132,0.5879812,-0.08522577,1.202224,-0.04810242,1.206201,-0.007796584,-0.1057606,-0.1453268,-0.9836839,339.2715,-0.04333716,-0.5878684,-0.8077959,True,True,False,True
1772879696439,22.05528,0.1753971,1.063862,0.1828893,1.093625,-0.4308698,-0.733194,0.1103554,0.5143925,118.0863,-0.5024399,-0.854982,0.1286861,-0.1046314,0.6317272,-0.05788279,0.6429443,0.517912,0.2534405,-0.7633023,0.2913843,146.1183,0.5414057,0.2649371,-0.7979274,0.08902872,1.098547,0.2813642,1.137496,0.114032,1.125168,0.3145124,1.173851,0.1203606,1.107841,0.3227927,1.160169,-0.01519097,0.6438753,0.02897726,0.644706,-0.004008908,0.6412671,0.0755581,0.6457156,-0.02262195,0.6311111,0.1068759,0.6404963,0.09936105,-0.08338906,0.03915939,0.1354984,0.1385671,-0.07439923,0.0106155,0.1576349,0.1304806,-0.08660141,-0.003333449,0.15664,-0.1099902,0.04735081,-0.0367682,0.1252671,-0.156508,0.05312753,-0.02655354,0.1673988,-0.1785762,0.04442385,0.002902105,0.1840418,0.09972295,-0.08279943,0.04008577,0.1356734,0.137995,-0.07446345,0.01054866,0.1571582,0.1294163,-0.08659705,-0.003405632,0.1557537,-0.1102393,0.04700165,-0.03696246,0.1254117,-0.1565678,0.05297823,-0.02670821,0.1674321,-0.1785426,0.04444293,0.00259519,0.1840091,0.1120924,-0.08225538,0.0262298,0.1414873,-0.2996709,0.9066775,-0.1281704,0.2677789,148.9357,-0.3110296,0.9410442,-0.1330285,-0.1413409,0.04642417,-0.0202131,0.1501367,0.1319464,-0.4818079,-0.1973751,0.8435013,64.97657,0.245652,-0.897009,-0.3674643,0.101451,1.105136,0.2988558,1.149318,0.4608501,-0.7945077,0.1692866,0.357375,138.1219,0.4934362,-0.8506861,0.1812566,0.1145759,-0.08341512,0.02274932,0.1435383,0.4271344,-0.2713113,-0.6325061,0.5864151,108.194,0.5273193,-0.3349476,-0.7808612,-0.4814871,-0.2168627,-0.3391309,0.6275898,0.5133973,0.1174398,0.8499963,0.01172998,178.6558,0.5134325,0.1174479,0.8500547,-0.00145103,-0.005135655,0.00114426,0.005458001,0.02364505,0.05641672,0.04482953,0.9971202,8.698853,0.3117797,0.7439013,0.5911145,-0.08540861,1.202246,-0.04808323,1.206235,-0.007578498,-0.1052617,-0.1456142,-0.9836966,339.2796,-0.04214119,-0.5853207,-0.8097062,True,True,False,True
1772879696454,22.07144,0.1754048,1.063889,0.1829201,1.093657,-0.4301528,-0.7332915,0.110828,0.5147518,118.0383,-0.5017299,-0.8553107,0.1292696,-0.1047081,0.6321245,-0.05786427,0.6433455,0.517912,0.2534405,-0.7633023,0.2913843,146.1183,0.5414057,0.2649371,-0.7979274,0.08896017,1.098308,0.2814163,1.137272,0.1140804,1.125072,0.3146295,1.173794,0.1204111,1.107729,0.3228813,1.160093,-0.01530482,0.6441392,0.02900956,0.6449738,-0.004058529,0.641615,0.07551427,0.6460563,-0.02265413,0.6314493,0.1068442,0.6408253,0.09925093,-0.08346245,0.03926972,0.1354948,0.1385837,-0.07438582,0.01061645,0.1576433,0.1304742,-0.08660846,-0.003303617,0.156638,-0.1099679,0.04741699,-0.03664785,0.1252373,-0.1564484,0.05318668,-0.02655783,0.1673626,-0.1785314,0.04450112,0.002897367,0.1840169,0.09968627,-0.08285096,0.04002236,0.1356592,0.1380408,-0.07445741,0.01055392,0.1571959,0.1294985,-0.08659793,-0.003397705,0.1558224,-0.1102182,0.04703392,-0.03693802,0.125398,-0.1565585,0.05299443,-0.02669653,0.1674267,-0.1785417,0.04444745,0.00261867,0.1840097,0.1120863,-0.08228537,0.02620479,0.1414953,-0.3001456,0.9061278,-0.128278,0.2690536,148.7841,-0.3116372,0.9408205,-0.1331894,-0.1413342,0.04644403,-0.02018741,0.1501331,0.1320262,-0.4818514,-0.1971447,0.8435178,64.97305,0.2458126,-0.8971332,-0.3670532,0.1015939,1.104912,0.2991432,1.14919,0.4625238,-0.7924106,0.1727132,0.358228,138.0172,0.4954015,-0.8487378,0.1849903,0.1145912,-0.08343177,0.0227938,0.1435673,0.4270321,-0.2708084,-0.6321638,0.5870908,108.0983,0.5275119,-0.3345291,-0.7809107,-0.4815144,-0.2164481,-0.338799,0.6272883,0.5127411,0.1173631,0.8503958,0.01223604,178.5978,0.5127795,0.1173719,0.8504593,-0.001593925,-0.0049119,0.0008568168,0.005234643,0.02632443,0.05649389,0.04129728,0.9972011,8.575495,0.3520926,0.7556129,0.5523562,-0.08557966,1.202234,-0.04807292,1.206235,-0.007486031,-0.1051784,-0.1457776,-0.983682,339.2703,-0.04160854,-0.5845984,-0.8102549,True,True,False,True
1772879696467,22.08594,0.1753988,1.06397,0.1827863,1.093713,-0.4286709,-0.7335488,0.1117518,0.5154212,117.9488,-0.5002362,-0.8560125,0.1304085,-0.1050152,0.6331669,-0.05786115,0.6444194,0.5179023,0.2536536,-0.7632766,0.2912832,146.1304,0.5413781,0.2651514,-0.797875,0.08923381,1.097938,0.2816251,1.136989,0.1141791,1.125093,0.3148476,1.173882,0.120523,1.107691,0.3230623,1.160118,-0.01554213,0.6451789,0.02893283,0.6460143,-0.00435916,0.6426795,0.0755744,0.6471224,-0.02304051,0.632616,0.1069846,0.6420122,0.09926169,-0.08350849,0.0389968,0.1354522,0.1388827,-0.07432502,0.01055023,0.1578731,0.1307172,-0.08661447,-0.003336191,0.1568445,-0.1099234,0.04744366,-0.03672678,0.1252314,-0.1565222,0.05312008,-0.02657462,0.1674132,-0.1786763,0.04428012,0.002885893,0.184104,0.09964712,-0.08291159,0.03992779,0.1356396,0.1381184,-0.0744452,0.01055358,0.1572583,0.1296109,-0.08659946,-0.003392033,0.1559165,-0.110191,0.04707171,-0.03691854,0.1253826,-0.1565552,0.05300601,-0.02668529,0.1674254,-0.1785541,0.04443202,0.002643311,0.1840184,0.1120917,-0.08231862,0.02616009,0.1415106,-0.3006869,0.9054273,-0.1284706,0.2707102,148.5869,-0.3123497,0.9405465,-0.1334537,-0.1413301,0.04645825,-0.0201637,0.1501304,0.132305,-0.481868,-0.1969422,0.8435121,64.9743,0.2463273,-0.8971487,-0.3666698,0.1015837,1.104803,0.2992831,1.149121,0.4621725,-0.7928487,0.1693046,0.3593376,137.881,0.4952515,-0.8495952,0.1814223,0.1147689,-0.08353554,0.02263168,0.1437438,0.4300967,-0.2713726,-0.6299797,0.5869406,108.1196,0.5312263,-0.335181,-0.7781082,-0.4815405,-0.2153603,-0.3382626,0.6266441,0.5102175,0.1208004,0.8514476,0.01106211,178.7323,0.5102488,0.1208078,0.8514997,-0.001583703,-0.004803181,0.0007168651,0.005108087,0.02439204,0.05412342,0.04324722,0.9972991,8.424157,0.3320967,0.7368883,0.5888092,-0.08571688,1.202191,-0.04806705,1.206202,-0.007841349,-0.1049864,-0.1461144,-0.9836498,339.2498,-0.04354082,-0.5829604,-0.8113326,True,True,False,True
1772879696481,22.09877,0.1754074,1.064087,0.1828,1.09383,-0.4268772,-0.7339006,0.1129704,0.516143,117.8522,-0.4983957,-0.8568576,0.1318974,-0.1051883,0.6334515,-0.05786356,0.6447275,0.5178618,0.2539903,-0.7632375,0.2911641,146.1447,0.5413153,0.2654933,-0.7978038,0.08896326,1.097696,0.2816034,1.136728,0.1141998,1.124758,0.3149199,1.173582,0.1206682,1.107478,0.32321,1.159971,-0.0157186,0.6454127,0.0288988,0.6462505,-0.004495237,0.642891,0.07554282,0.6473297,-0.02318202,0.6328487,0.1069825,0.6422462,0.09918267,-0.0835023,0.03942576,0.1355147,0.1387289,-0.07433002,0.01059559,0.1577432,0.1307036,-0.08660004,-0.00333932,0.1568252,-0.1098999,0.04743752,-0.03670552,0.1252023,-0.1565143,0.05312891,-0.02657165,0.1674081,-0.1787005,0.0442432,0.002878554,0.1841185,0.09960835,-0.0829609,0.03988589,0.135629,0.1381694,-0.07443559,0.01055709,0.1572987,0.1297021,-0.08659951,-0.003387633,0.1559923,-0.1101667,0.04710224,-0.03690076,0.1253674,-0.1565518,0.05301627,-0.0266758,0.167424,-0.1785664,0.04441626,0.002662947,0.1840267,0.1120827,-0.08234726,0.02615104,0.1415185,-0.3012542,0.9048572,-0.1285876,0.2719276,148.442,-0.3130507,0.9402895,-0.1336229,-0.1413268,0.04646847,-0.02014332,0.1501278,0.1325902,-0.4818893,-0.1968316,0.8434808,64.98094,0.2468359,-0.8971069,-0.3664306,0.1015853,1.10465,0.299459,1.14902,0.4626112,-0.7919925,0.1677962,0.3613631,137.6321,0.4961376,-0.8493899,0.1799567,0.1148572,-0.08345301,0.02279222,0.1437917,0.4266244,-0.2699893,-0.6308469,0.5891773,107.8027,0.5279979,-0.3341435,-0.7807472,-0.4814572,-0.2150889,-0.3382553,0.626483,0.5106109,0.1183065,0.8515288,0.01337216,178.4676,0.5106566,0.118317,0.8516049,-0.00158532,-0.004650354,0.0005410314,0.004942848,0.02424393,0.05143023,0.04333736,0.9974414,8.19928,0.3391181,0.7193931,0.6061922,-0.08587945,1.202136,-0.04800852,1.206155,-0.008098584,-0.1047811,-0.1462763,-0.9836456,339.2471,-0.04496339,-0.5817452,-0.8121272,True,True,False,True
1772879696495,22.11184,0.1754164,1.064381,0.1826894,1.094099,-0.4245295,-0.7343978,0.1146645,0.5169978,117.7378,-0.4959534,-0.8579547,0.1339559,-0.1053437,0.6336915,-0.05786695,0.644989,0.5176787,0.2547934,-0.7632225,0.2908277,146.185,0.541066,0.2663042,-0.7977026,0.08887846,1.097408,0.2816195,1.136447,0.1142084,1.124493,0.3149688,1.173342,0.1208045,1.107359,0.3233213,1.159903,-0.01582061,0.6455695,0.02880538,0.6464055,-0.004534293,0.6429684,0.07545613,0.6473967,-0.0232228,0.6328763,0.1069367,0.6422672,0.09908655,-0.08353455,0.03963085,0.135524,0.1386049,-0.07438914,0.01061305,0.1576632,0.1307272,-0.08663831,-0.003341049,0.1568661,-0.1098702,0.04742084,-0.03670665,0.1251702,-0.156507,0.05313517,-0.02656803,0.1674027,-0.1787204,0.04421867,0.002914138,0.1841325,0.09956941,-0.08300371,0.03986685,0.135621,0.1382019,-0.07443213,0.01056127,0.1573259,0.1297786,-0.0866024,-0.003384157,0.1560574,-0.1101446,0.04712601,-0.03688627,0.1253527,-0.1565484,0.05302515,-0.02666776,0.1674224,-0.1785778,0.04440151,0.002681692,0.1840346,0.1120647,-0.08237476,0.02615704,0.1415213,-0.3018091,0.9043633,-0.1287,0.2729006,148.3261,-0.3137171,0.9400453,-0.1337779,-0.1413245,0.04647549,-0.02012509,0.1501253,0.1328461,-0.4818977,-0.1967764,0.8434486,64.9878,0.247289,-0.897038,-0.3662934,0.1018286,1.104558,0.2996798,1.149011,0.4653838,-0.7895402,0.1706196,0.3618471,137.5726,0.4992117,-0.8469303,0.1830216,0.1149374,-0.08351154,0.02287019,0.1439021,0.424994,-0.2683536,-0.6306501,0.5913096,107.5,0.526997,-0.3327613,-0.7820128,-0.4811665,-0.2150705,-0.338419,0.6263417,0.5091832,0.1175335,0.8524681,0.01471811,178.3134,0.5092384,0.1175462,0.8525604,-0.001828648,-0.004558206,0.0003201663,0.004921758,0.02590753,0.05118668,0.03897186,0.9975922,7.953802,0.3735526,0.7380449,0.5619231,-0.08611418,1.202129,-0.0478741,1.20616,-0.008187293,-0.1047957,-0.1464399,-0.9836189,339.2301,-0.04541924,-0.5813572,-0.8123796,True,True,False,True
1772879696508,22.1262,0.1754678,1.064646,0.1825176,1.094337,-0.4223429,-0.7348195,0.1163496,0.5178124,117.6288,-0.493683,-0.8589416,0.1360028,-0.1053449,0.633837,-0.05780109,0.6451262,0.5175129,0.255418,-0.7631946,0.2906481,146.2065,0.5408618,0.2669418,-0.797628,0.08931374,1.096988,0.2819125,1.136149,0.114327,1.124639,0.3151263,1.173536,0.121012,1.107507,0.3234479,1.160101,-0.01569091,0.6457694,0.02872092,0.6465982,-0.004497607,0.642975,0.07549717,0.6474078,-0.02327178,0.6328687,0.1070709,0.6422839,0.09906001,-0.08363567,0.03924343,0.1354543,0.1388894,-0.07429305,0.0106128,0.1578681,0.1309911,-0.08656816,-0.003329083,0.1570472,-0.109816,0.04741231,-0.03686209,0.125165,-0.1565164,0.05312999,-0.02649414,0.1673981,-0.1787873,0.04410662,0.003070936,0.1841731,0.09953076,-0.08305165,0.03981956,0.1356081,0.138254,-0.07442158,0.01056518,0.157367,0.1298706,-0.0865998,-0.003379979,0.1561324,-0.1101197,0.04714773,-0.03688443,0.1253384,-0.156546,0.0530331,-0.02665459,0.1674205,-0.1785937,0.04437914,0.002711222,0.184045,0.1120564,-0.08240182,0.02614417,0.1415282,-0.3023283,0.9037955,-0.1288072,0.2741532,148.1769,-0.3143732,0.9398032,-0.1339389,-0.1413232,0.04647804,-0.02010789,0.1501225,0.1331905,-0.4817873,-0.196866,0.8434365,64.99039,0.2479214,-0.8968008,-0.3664472,0.1018809,1.104435,0.2998152,1.148932,0.465747,-0.7885201,0.17107,0.3633881,137.3832,0.4999228,-0.8463805,0.1836229,0.1151067,-0.08352043,0.02274796,0.1440232,0.427317,-0.2691486,-0.6291816,0.5908384,107.567,0.5296507,-0.3336042,-0.7798579,-0.4810507,-0.2149232,-0.3386598,0.6263324,0.5069959,0.1215756,0.8532146,0.01413355,178.3804,0.5070465,0.1215877,0.8532997,-0.001880862,-0.004434824,0.0001847744,0.004820731,0.02704234,0.04981256,0.03821747,0.9976608,7.839631,0.3955857,0.7286772,0.5590598,-0.0863307,1.202155,-0.04772417,1.206196,-0.008131769,-0.1050974,-0.1466909,-0.9835498,339.1863,-0.04501719,-0.5818157,-0.8120755,True,True,False,True
1772879696522,22.1397,0.1755151,1.064877,0.1824362,1.094556,-0.4203462,-0.7351849,0.1180666,0.5185292,117.5327,-0.4915986,-0.8598052,0.1380799,-0.1052796,0.6337739,-0.0577892,0.6450526,0.5173741,0.255986,-0.7631407,0.2905368,146.2198,0.5406978,0.267526,-0.7975436,0.08931436,1.096721,0.2819494,1.135901,0.1143788,1.124463,0.3151567,1.173381,0.1212074,1.107516,0.323605,1.160174,-0.01559531,0.6456683,0.02864616,0.6464916,-0.004391779,0.6428189,0.07548475,0.6472506,-0.02314096,0.6326755,0.1070507,0.6420854,0.09895992,-0.08367574,0.03940529,0.1354528,0.1387959,-0.07432922,0.01066037,0.1578062,0.1311062,-0.08657967,-0.003338918,0.1571497,-0.1097661,0.04741226,-0.03686877,0.1251232,-0.1565251,0.05312398,-0.02645439,0.1673981,-0.1787891,0.0441018,0.003104761,0.1841742,0.09948352,-0.0831033,0.03978527,0.135595,0.1382989,-0.07441393,0.01057305,0.1574033,0.1299728,-0.08659814,-0.003376581,0.1562164,-0.1100904,0.04716963,-0.03688314,0.1253205,-0.1565443,0.05304062,-0.02663802,0.1674186,-0.1786099,0.04435619,0.002743791,0.1840557,0.1120377,-0.08243349,0.02614393,0.1415317,-0.302967,0.9031646,-0.1289371,0.2754635,148.0207,-0.31516,0.9395128,-0.1341262,-0.1413175,0.04648043,-0.02009066,0.1501156,0.1335384,-0.4816713,-0.1969579,0.8434262,64.99258,0.2485615,-0.896558,-0.3666072,0.1019434,1.104287,0.2999757,1.148837,0.4653793,-0.7883432,0.1696094,0.3649245,137.1941,0.4998505,-0.8467366,0.1821726,0.1151518,-0.08356453,0.02283985,0.1440994,0.4269224,-0.2686111,-0.6280608,0.592558,107.3225,0.529991,-0.3334597,-0.7796887,-0.4809023,-0.2149934,-0.3388644,0.6263531,0.5052693,0.1218213,0.8542029,0.01414245,178.3793,0.5053198,0.1218335,0.8542883,-0.001943424,-0.004286885,2.43187E-05,0.004706896,0.02689287,0.04788623,0.03917854,0.9977219,7.736542,0.3986325,0.7098165,0.5807426,-0.08639268,1.202139,-0.04765566,1.206181,-0.008062067,-0.105045,-0.1471758,-0.9834836,339.1443,-0.04454243,-0.5803674,-0.8131374,True,True,False,True
1772879696536,22.15378,0.1755571,1.06505,0.1824116,1.094726,-0.4182217,-0.7355515,0.119848,0.5193181,117.427,-0.4893879,-0.8607158,0.1402417,-0.1051925,0.6336595,-0.05782737,0.6449293,0.5172763,0.2564613,-0.763081,0.2904487,146.2304,0.5405803,0.2680152,-0.7974589,0.08928265,1.096397,0.2820285,1.135604,0.114454,1.124197,0.3152312,1.173154,0.1214227,1.107438,0.3237915,1.160174,-0.01548903,0.6455029,0.02855974,0.64632,-0.004241195,0.642579,0.07538143,0.6469994,-0.02299922,0.6324847,0.1070006,0.641884,0.09886531,-0.08369512,0.0396259,0.1354601,0.1386783,-0.07434189,0.01070684,0.1577118,0.1311906,-0.08656454,-0.003337801,0.1572118,-0.1097392,0.04742205,-0.03685334,0.1250988,-0.1564884,0.05318126,-0.02642828,0.1673778,-0.1788095,0.04407804,0.003108606,0.1841884,0.09943517,-0.08314958,0.03977281,0.1355842,0.1383286,-0.0744083,0.01058352,0.1574274,0.1300681,-0.08659551,-0.003373548,0.1562942,-0.1100629,0.04718937,-0.03688081,0.1253032,-0.1565399,0.05305162,-0.02662162,0.1674154,-0.1786255,0.04433444,0.00277232,0.184066,0.1120106,-0.08246342,0.02615924,0.1415306,-0.3036433,0.9025713,-0.1290552,0.2766054,147.8846,-0.3159713,0.9392162,-0.1342949,-0.1413131,0.04648243,-0.02007408,0.1501099,0.1339421,-0.4815575,-0.1971778,0.8433759,65.00333,0.249276,-0.8962141,-0.3669624,0.1021375,1.104043,0.3003776,1.148725,0.4686728,-0.7855917,0.1707227,0.3661221,137.0467,0.5036423,-0.8442076,0.1834609,0.115211,-0.08353846,0.02296919,0.1441521,0.4245744,-0.2676893,-0.6276669,0.5950745,106.9641,0.528294,-0.3330833,-0.7810001,-0.4808582,-0.2150694,-0.3390269,0.6264334,0.5044735,0.1202948,0.8548728,0.0151163,178.2677,0.5045311,0.1203086,0.8549704,-0.002137519,-0.004042506,-0.0003776252,0.004588403,0.02747327,0.04603866,0.03502037,0.9979476,7.343144,0.4290217,0.7189382,0.546877,-0.08646502,1.202102,-0.04758493,1.206147,-0.008182642,-0.1055263,-0.1477489,-0.9833451,339.0568,-0.04502185,-0.5806179,-0.8129317,True,True,False,True
1772879696550,22.16871,0.1755712,1.065181,0.1824695,1.094866,-0.4159009,-0.7360124,0.1217133,0.5200944,117.3228,-0.4869414,-0.8617315,0.1425032,-0.1051989,0.6334708,-0.0579222,0.6447535,0.5171586,0.2568846,-0.7630508,0.2903632,146.2406,0.5404428,0.2684504,-0.7974058,0.08953282,1.095934,0.2824565,1.135284,0.1144988,1.124097,0.315533,1.173143,0.1215879,1.107329,0.3240317,1.160155,-0.01542403,0.6452402,0.02840109,0.6460491,-0.00415482,0.642279,0.07519443,0.646679,-0.02298335,0.6321486,0.1068951,0.6415346,0.09887481,-0.08374824,0.0394434,0.1354466,0.1388335,-0.07427481,0.01073757,0.1578188,0.1312902,-0.08650144,-0.003306344,0.1572595,-0.1097111,0.04748688,-0.03685417,0.125099,-0.1564384,0.05325469,-0.02642934,0.1673545,-0.1788073,0.04408665,0.003195792,0.1841898,0.09938961,-0.08319826,0.03974603,0.1355728,0.1383696,-0.07439744,0.01059604,0.1574592,0.1301674,-0.08658786,-0.003368084,0.1563725,-0.1100343,0.04721355,-0.03687865,0.1252865,-0.1565317,0.05306813,-0.02660599,0.1674105,-0.1786403,0.04431429,0.002806748,0.184076,0.1119912,-0.08249194,0.0261644,0.1415328,-0.3042498,0.9019691,-0.1291279,0.2778663,147.7342,-0.3167224,0.9389451,-0.1344214,-0.141312,0.04648768,-0.02005284,0.1501076,0.1343716,-0.4814078,-0.1974257,0.843335,65.01203,0.2500456,-0.8958288,-0.3673801,0.102162,1.103881,0.3005388,1.148614,0.4700313,-0.7843783,0.1714793,0.3666282,136.9844,0.5052103,-0.8430843,0.1843136,0.1153463,-0.08352809,0.02287735,0.1442396,0.4260617,-0.2671589,-0.6274473,0.594481,107.0487,0.5298551,-0.3322418,-0.7803007,-0.4811945,-0.2150101,-0.3391572,0.6267416,0.5023325,0.1237538,0.8556117,0.01661012,178.0965,0.5024018,0.1237709,0.8557298,-0.00216198,-0.003881454,-0.0005387664,0.004475501,0.02795466,0.04539005,0.0331529,0.9980277,7.198368,0.4453049,0.7230428,0.5281105,-0.08649892,1.202051,-0.04752713,1.206096,-0.008195029,-0.105981,-0.1477592,-0.9832945,339.0249,-0.04502222,-0.5822435,-0.8117664,True,True,False,True
1772879696563,22.18132,0.1755411,1.065352,0.182379,1.095012,-0.413788,-0.7364803,0.1233476,0.5207319,117.2373,-0.484688,-0.8626716,0.1444825,-0.1052722,0.6334243,-0.0579359,0.644721,0.5170377,0.2571914,-0.7630569,0.2902913,146.2492,0.5403041,0.2687648,-0.7973939,0.08947892,1.09553,0.2825118,1.134903,0.1144521,1.12388,0.3155728,1.172941,0.1216798,1.107247,0.3241583,1.160121,-0.01548604,0.6450919,0.02837641,0.6459014,-0.004183989,0.642193,0.07515524,0.6465892,-0.02303005,0.6320126,0.1068684,0.6413978,0.09876953,-0.08381759,0.039537,0.13544,0.1387961,-0.07427992,0.01077411,0.1577908,0.1313982,-0.08649345,-0.00332135,0.1573456,-0.1097086,0.04752997,-0.03677531,0.12509,-0.1564462,0.05325103,-0.02641795,0.1673588,-0.178809,0.04407968,0.003252439,0.1841908,0.09933644,-0.08325137,0.0397281,0.1355612,0.1384062,-0.07438736,0.01061131,0.1574876,0.130273,-0.08657976,-0.003364076,0.1564558,-0.1100064,0.04724069,-0.03686978,0.1252696,-0.1565243,0.05308381,-0.02658986,0.167406,-0.1786548,0.04429417,0.002844969,0.1840858,0.1119639,-0.08252433,0.02617767,0.1415325,-0.3049315,0.9013256,-0.1291876,0.2791766,147.5779,-0.3175576,0.9386464,-0.1345368,-0.1413126,0.04649448,-0.020026,0.1501067,0.1347605,-0.4812808,-0.1975603,0.8433139,65.01653,0.250754,-0.8955373,-0.3676079,0.1022994,1.103633,0.3008454,1.148468,0.4706527,-0.782626,0.1737669,0.368494,136.7545,0.5062795,-0.8418682,0.1869204,0.1154579,-0.08352304,0.02289391,0.1443286,0.4260066,-0.2673697,-0.626663,0.5952524,106.9388,0.530163,-0.3327402,-0.779879,-0.4812532,-0.2149576,-0.339193,0.6267881,0.5013077,0.12533,0.8559783,0.01686906,178.0669,0.501379,0.1253479,0.8561,-0.002299428,-0.003632545,-0.0008454025,0.004381491,0.03064763,0.04439685,0.03117018,0.9980572,7.144308,0.4918918,0.7125657,0.5002787,-0.08655955,1.201986,-0.04747013,1.206033,-0.008419992,-0.1064364,-0.1482192,-0.9831742,338.9493,-0.04609391,-0.5826691,-0.8114023,True,True,False,True
1772879696577,22.19548,0.1755127,1.065424,0.182252,1.095056,-0.4115177,-0.7369624,0.1249938,0.5214558,117.1401,-0.4822785,-0.8636835,0.1464866,-0.1053359,0.6333257,-0.05803792,0.6446437,0.5170377,0.2571914,-0.7630569,0.2902913,146.2492,0.5403041,0.2687648,-0.7973939,0.08954496,1.095071,0.2826307,1.134495,0.114461,1.123641,0.3156698,1.17274,0.1217715,1.107116,0.3242978,1.160045,-0.01559377,0.6449005,0.02829858,0.6457094,-0.004301321,0.6420481,0.07509667,0.6464393,-0.02317953,0.6319808,0.1068602,0.6413705,0.09876924,-0.08383055,0.03952646,0.1354447,0.1388906,-0.07423107,0.01077229,0.1578509,0.1315982,-0.08645411,-0.003312454,0.1574909,-0.1097019,0.04756145,-0.03667484,0.1250665,-0.1564628,0.05324141,-0.02633712,0.1673586,-0.1788833,0.04396359,0.003292255,0.1842359,0.09929482,-0.08329387,0.0397133,0.1355525,0.1384417,-0.0743759,0.01062312,0.1575142,0.1303702,-0.08657055,-0.003360288,0.1565316,-0.1099841,0.04726423,-0.03685548,0.1252546,-0.1565198,0.05309537,-0.02657132,0.1674025,-0.1786715,0.04426992,0.002877789,0.1840968,0.1119438,-0.08254945,0.02619029,0.1415336,-0.3055609,0.9007505,-0.1292676,0.2803052,147.4432,-0.3183222,0.9383689,-0.1346663,-0.1413156,0.04649744,-0.01999921,0.1501069,0.1351831,-0.4811881,-0.1977207,0.8432615,65.02769,0.2515019,-0.8952279,-0.3678501,0.1023141,1.103455,0.301009,1.148342,0.4714418,-0.7818597,0.1731768,0.3693886,136.6442,0.5073221,-0.8413652,0.1863569,0.1157059,-0.08353572,0.02276876,0.1445147,0.4273026,-0.2668755,-0.6243655,0.5969571,106.6954,0.5326149,-0.3326491,-0.7782456,-0.4816698,-0.2147476,-0.3390815,0.6269757,0.4985979,0.1270158,0.8573198,0.01643715,178.1164,0.4986653,0.1270329,0.8574355,-0.002314113,-0.0034554,-0.001008958,0.004279358,0.03046627,0.04301457,0.03053193,0.9981431,6.984668,0.5001446,0.7061417,0.5012225,-0.08663731,1.20191,-0.04740584,1.205961,-0.00886382,-0.106959,-0.1483313,-0.9830967,338.9007,-0.04841309,-0.5841969,-0.8101674,True,True,False,True
1772879696590,22.20856,0.1754954,1.065616,0.1821626,1.095226,-0.4090533,-0.7374746,0.1267667,0.5222421,117.0345,-0.4796607,-0.8647714,0.1486481,-0.1052592,0.6332568,-0.05809155,0.6445683,0.5170377,0.2571914,-0.7630569,0.2902913,146.2492,0.5403041,0.2687648,-0.7973939,0.08956043,1.094675,0.2827411,1.134142,0.1144485,1.123339,0.3157171,1.172462,0.1218786,1.106932,0.3244137,1.159913,-0.0155065,0.6448372,0.02823908,0.6456414,-0.004239981,0.6419801,0.07507725,0.646369,-0.02313721,0.6319233,0.1068362,0.6413083,0.09872423,-0.08384641,0.03960533,0.1354447,0.1388109,-0.07423019,0.01081212,0.1577831,0.1316459,-0.08646184,-0.00329724,0.1575347,-0.1097005,0.04756552,-0.03668739,0.1250705,-0.1564905,0.05322669,-0.02631648,0.1673766,-0.178903,0.04392847,0.003316298,0.1842471,0.0992482,-0.08333901,0.03970448,0.1355435,0.1384719,-0.07436399,0.01063856,0.1575362,0.1304745,-0.08656166,-0.003355137,0.1566134,-0.1099609,0.04728884,-0.03684174,0.1252396,-0.1565174,0.0531061,-0.0265505,0.1674004,-0.1786904,0.04424202,0.002913617,0.184109,0.1119181,-0.08257723,0.02620926,0.141533,-0.3063204,0.9001091,-0.1293856,0.2814799,147.3029,-0.3192277,0.9380366,-0.1348375,-0.1413186,0.04649941,-0.0199716,0.1501066,0.1356382,-0.4810773,-0.1978876,0.8432126,65.03813,0.2523125,-0.8948938,-0.3681079,0.1023136,1.103265,0.3011253,1.148189,0.4726813,-0.7807104,0.1729813,0.3703257,136.5286,0.5088602,-0.8404659,0.1862213,0.1158323,-0.08350112,0.02285235,0.144609,0.4259061,-0.2665071,-0.6238846,0.5986201,106.4577,0.5316961,-0.3327042,-0.77885,-0.481836,-0.214736,-0.3388944,0.6269983,0.4979315,0.1273052,0.8576379,0.01775216,177.9657,0.4980099,0.1273253,0.8577729,-0.002313621,-0.003264546,-0.001125276,0.004156483,0.03048607,0.04159294,0.02921193,0.9982421,6.795532,0.5143821,0.7017849,0.4928839,-0.08678689,1.201809,-0.04734278,1.205869,-0.008971584,-0.1071567,-0.1489635,-0.9829786,338.8269,-0.04883288,-0.5832605,-0.8108172,True,True,False,True
1772879696605,22.22217,0.1754611,1.065831,0.182148,1.095427,-0.4068372,-0.7380162,0.1284382,0.5227994,116.9596,-0.4772531,-0.8657531,0.1506685,-0.1051137,0.6330916,-0.05819241,0.6443913,0.5170377,0.2571914,-0.7630569,0.2902913,146.2492,0.5403041,0.2687648,-0.7973939,0.08954169,1.094381,0.2828846,1.133892,0.1143379,1.123056,0.3157081,1.172177,0.1219334,1.106804,0.3245066,1.159822,-0.01532024,0.6446887,0.02811591,0.6454834,-0.004079577,0.6417897,0.07497314,0.6461669,-0.02306072,0.6317546,0.1067895,0.6411316,0.09869614,-0.08384947,0.03966622,0.135444,0.138632,-0.07423784,0.01090433,0.1576357,0.1316308,-0.08644346,-0.003281668,0.1575116,-0.1096946,0.04758475,-0.03673249,0.1250859,-0.1564874,0.05325513,-0.02630966,0.1673816,-0.1789327,0.0438769,0.003380843,0.1842648,0.09920627,-0.08337779,0.03970158,0.1355358,0.138484,-0.07435441,0.01065875,0.1575437,0.1305623,-0.08655269,-0.003349557,0.1566815,-0.1099407,0.04731132,-0.03683345,0.1252278,-0.1565151,0.05311742,-0.0265322,0.1673989,-0.1787088,0.04421429,0.002949104,0.1841207,0.1118912,-0.08260209,0.02622876,0.1415298,-0.307031,0.8995431,-0.1294868,0.2824665,147.1851,-0.3200649,0.9377302,-0.1349837,-0.1413242,0.04650033,-0.01994644,0.1501088,0.1360932,-0.4809312,-0.198102,0.8431723,65.04672,0.2531291,-0.8945169,-0.3684635,0.1024197,1.102852,0.3013224,1.147854,0.4775876,-0.7786974,0.1718853,0.3687763,136.7197,0.5138012,-0.837743,0.1849187,0.1158312,-0.08346255,0.02290285,0.1445939,0.4251697,-0.2659342,-0.6235979,0.5996961,106.3037,0.5313108,-0.3323231,-0.7792755,-0.4819919,-0.2148416,-0.3387109,0.6270552,0.4969801,0.1282425,0.8580208,0.01910985,177.81,0.4970708,0.1282659,0.8581774,-0.002419733,-0.00285244,-0.001322418,0.003967406,0.02726737,0.04074357,0.02467524,0.9984928,6.292571,0.4968046,0.7423375,0.4495764,-0.08695062,1.201741,-0.04727317,1.20581,-0.009198599,-0.107443,-0.1492079,-0.9829081,338.7831,-0.0499661,-0.5836226,-0.8104864,True,True,False,True
1772879696619,22.23736,0.1755227,1.065983,0.182167,1.095588,-0.4038867,-0.7388573,0.130599,0.5233634,116.8837,-0.4739845,-0.867092,0.1532655,-0.1048087,0.6328297,-0.05833006,0.6440968,0.5170377,0.2571914,-0.7630569,0.2902913,146.2492,0.5403041,0.2687648,-0.7973939,0.08962549,1.093856,0.2830994,1.133445,0.1142958,1.122838,0.3160392,1.172054,0.1220441,1.106302,0.3245293,1.159361,-0.01498335,0.6443975,0.02794935,0.6451774,-0.0037275,0.6414413,0.07472841,0.6457904,-0.02274768,0.631358,0.1066076,0.6406993,0.09867445,-0.0838438,0.03970066,0.1354347,0.1388274,-0.07423647,0.01090676,0.157807,0.1313922,-0.08647619,-0.003252,0.1573296,-0.1096717,0.04763055,-0.03674222,0.1250862,-0.1563856,0.05335883,-0.02631558,0.1673205,-0.1788697,0.04398088,0.003454268,0.1842298,0.09916437,-0.0834145,0.03970151,0.1355277,0.1385111,-0.07434512,0.01067829,0.1575644,0.1306277,-0.08654666,-0.00334187,0.1567325,-0.1099195,0.04733647,-0.03682626,0.1252166,-0.1565049,0.05313644,-0.02651514,0.1673927,-0.1787215,0.04419589,0.002988908,0.1841293,0.1118703,-0.08262371,0.02624568,0.1415291,-0.30741,0.899145,-0.1294778,0.2833246,147.0826,-0.3205446,0.9375625,-0.13501,-0.1413308,0.04650684,-0.01991773,0.1501133,0.136512,-0.4807541,-0.1983568,0.8431457,65.05241,0.2538883,-0.8941182,-0.3689088,0.1023941,1.102638,0.3014276,1.147673,0.479298,-0.7770322,0.172159,0.3699401,136.5762,0.515898,-0.8363677,0.1853054,0.1158335,-0.08342295,0.0229048,0.1445733,0.4241973,-0.2668633,-0.625578,0.5979071,106.5597,0.529211,-0.3329277,-0.7804453,-0.4822205,-0.2149085,-0.3383682,0.6270688,0.4979513,0.1324024,0.8567414,0.02255086,177.4156,0.498078,0.1324361,0.8569592,-0.002394132,-0.002637863,-0.001427621,0.003837746,0.02765,0.03912809,0.02258689,0.9985963,6.072439,0.5220205,0.7387222,0.4264311,-0.08709035,1.201679,-0.04718745,1.205755,-0.009251048,-0.1078761,-0.1494547,-0.9828227,338.7299,-0.05012699,-0.584529,-0.8098231,True,True,False,True
1772879696633,22.2509,0.1756451,1.066229,0.1821211,1.095839,-0.4010658,-0.739769,0.1326883,0.5237193,116.8359,-0.4707948,-0.8683847,0.1557574,-0.1047798,0.6328067,-0.05833988,0.6440703,0.5170377,0.2571914,-0.7630569,0.2902913,146.2492,0.5403041,0.2687648,-0.7973939,0.08970925,1.093465,0.2832062,1.133101,0.1142825,1.12257,0.3160783,1.171806,0.1221498,1.106009,0.3245818,1.159108,-0.01495565,0.6443275,0.02794218,0.6451065,-0.003694896,0.6414267,0.07472099,0.6457748,-0.02266688,0.6312666,0.1065506,0.6405969,0.09866352,-0.0838449,0.03975564,0.1354436,0.1387645,-0.07422408,0.0109303,0.1577475,0.1312989,-0.08654086,-0.003248438,0.1572872,-0.1096656,0.04766233,-0.03670807,0.1250828,-0.1563905,0.0533554,-0.02632301,0.167325,-0.1788287,0.04406992,0.003452696,0.1842112,0.09912074,-0.083452,0.03970622,0.1355203,0.1385332,-0.07433458,0.01070025,0.1575804,0.1306861,-0.08654615,-0.00333373,0.1567808,-0.1098974,0.04736486,-0.03681596,0.1252049,-0.156495,0.05315552,-0.0264984,0.1673868,-0.1787308,0.04418492,0.003029313,0.1841364,0.1118489,-0.08264666,0.02626296,0.1415288,-0.3078664,0.8987395,-0.1295157,0.2840975,146.9902,-0.321097,0.9373631,-0.1350817,-0.1413343,0.04651811,-0.019888,0.1501162,0.1368174,-0.4806138,-0.1984603,0.8431518,65.05109,0.2544608,-0.8938732,-0.3691078,0.1023602,1.102407,0.3015379,1.147477,0.4783026,-0.7766606,0.1723708,0.3719051,136.3337,0.5152619,-0.8366746,0.1856902,0.1159157,-0.08341365,0.02304499,0.144656,0.4236427,-0.2659209,-0.6251346,0.5991825,106.3773,0.5291483,-0.3321469,-0.7808205,-0.4822783,-0.2148238,-0.3381623,0.6269732,0.4965051,0.1340332,0.8572878,0.02399249,177.2504,0.496648,0.1340718,0.8575346,-0.002360165,-0.002407193,-0.001537859,0.003705397,0.02925129,0.03774957,0.02334225,0.9985864,6.094065,0.5502974,0.7101735,0.4391321,-0.08720934,1.201632,-0.04710666,1.205713,-0.009155862,-0.108149,-0.1501085,-0.982694,338.6501,-0.04942797,-0.5838431,-0.8103613,True,True,False,True
1772879696647,22.2646,0.1757394,1.066512,0.1820781,1.096122,-0.3980441,-0.7408328,0.1349444,0.5239444,116.8056,-0.4673236,-0.8697748,0.1584315,-0.1048262,0.6327951,-0.05834867,0.6440673,0.5170377,0.2571914,-0.7630569,0.2902913,146.2492,0.5403041,0.2687648,-0.7973939,0.08960041,1.093038,0.2832006,1.132679,0.1141605,1.12222,0.3160053,1.171439,0.1221524,1.105618,0.3245253,1.158719,-0.01497278,0.6442472,0.02791655,0.6450256,-0.003708977,0.6413667,0.07469128,0.6457118,-0.02267461,0.6312236,0.1065082,0.6405478,0.09858429,-0.08386445,0.03996499,0.1354596,0.1385709,-0.07422254,0.01099856,0.1575813,0.1310592,-0.08663315,-0.003201485,0.1571371,-0.1096462,0.04773269,-0.03668472,0.1250859,-0.1563718,0.05341408,-0.02631705,0.1673254,-0.1788031,0.04412235,0.003438577,0.1841987,0.09907866,-0.08348435,0.03972652,0.1355154,0.1385362,-0.07432579,0.01072364,0.1575804,0.1307154,-0.08655298,-0.003323358,0.1568087,-0.1098777,0.04739371,-0.03680567,0.1251955,-0.1564853,0.0531758,-0.02648417,0.167382,-0.1787365,0.04418001,0.003061412,0.1841412,0.111824,-0.08266797,0.02628582,0.1415257,-0.3083392,0.8984252,-0.129572,0.2845525,146.9358,-0.3216355,0.9371673,-0.1351594,-0.141335,0.04653229,-0.01986334,0.1501179,0.1370782,-0.480509,-0.1985379,0.8431509,65.05128,0.2549453,-0.8936759,-0.3692512,0.1023877,1.101874,0.3015794,1.146979,0.4807897,-0.7751405,0.1744621,0.3708929,136.4586,0.5177155,-0.834673,0.1878612,0.1159896,-0.08339931,0.02312174,0.1447192,0.4215305,-0.2645629,-0.6233612,0.6031082,105.8143,0.5284593,-0.331674,-0.7814879,-0.4823549,-0.2146728,-0.3379788,0.6268814,0.494862,0.1329857,0.8584006,0.02398221,177.2516,0.4950043,0.1330239,0.8586474,-0.002387673,-0.001874089,-0.001579344,0.003421625,0.02957275,0.03865736,0.01974143,0.9986199,6.021419,0.5630481,0.7360139,0.3758655,-0.08733388,1.201593,-0.04703869,1.205681,-0.009141364,-0.1083844,-0.1502956,-0.9826396,338.6165,-0.04927294,-0.5842035,-0.8101096,True,True,False,True
1772879696661,22.27849,0.1758866,1.066706,0.182004,1.096322,-0.3948519,-0.7418473,0.1371358,0.5243552,116.7503,-0.4637136,-0.8712245,0.1610521,-0.1049412,0.6327984,-0.05837508,0.6440917,0.5170377,0.2571914,-0.7630569,0.2902913,146.2492,0.5403041,0.2687648,-0.7973939,0.0897081,1.092473,0.2832612,1.132158,0.1140765,1.121697,0.3160513,1.170942,0.1222412,1.105224,0.3245294,1.158354,-0.01507737,0.6440129,0.02788849,0.6447927,-0.003800702,0.6413103,0.07462099,0.6456482,-0.02278354,0.6312557,0.1064887,0.64058,0.09852938,-0.08386099,0.04003769,0.135439,0.1384417,-0.07432717,0.0110698,0.157522,0.1309711,-0.08667038,-0.00313285,0.1570828,-0.1096057,0.0479064,-0.03652734,0.1250707,-0.156327,0.05347647,-0.02630517,0.1673016,-0.1788165,0.04410591,0.00341703,0.1842074,0.09903516,-0.08351418,0.03975116,0.1355092,0.1385287,-0.0743259,0.01075106,0.1575758,0.1307357,-0.08656228,-0.003308269,0.1568304,-0.1098561,0.04743432,-0.03678362,0.1251855,-0.1564728,0.05319961,-0.02647,0.1673756,-0.1787428,0.04417414,0.003089579,0.1841464,0.1117932,-0.08269011,0.02631369,0.1415196,-0.3087038,0.8981648,-0.1296238,0.2849556,146.8876,-0.3220561,0.9370127,-0.1352303,-0.1413366,0.04655241,-0.01983332,0.1501217,0.1374035,-0.480471,-0.1985244,0.8431228,65.05728,0.2555294,-0.8935319,-0.3691959,0.1023622,1.101612,0.3016542,1.146744,0.4815103,-0.774397,0.1745349,0.3714765,136.3866,0.5186216,-0.8340819,0.1879867,0.1159028,-0.08345277,0.02322396,0.1446969,0.4216771,-0.2661232,-0.6221209,0.6035998,105.7437,0.5288895,-0.3337857,-0.7802967,-0.4823659,-0.214203,-0.3376758,0.6265658,0.4944097,0.1366663,0.858089,0.02376946,177.276,0.4945493,0.136705,0.8583314,-0.002362236,-0.001611948,-0.001654148,0.003303747,0.02975554,0.03786842,0.01886947,0.9986615,5.929822,0.5752708,0.732119,0.3648079,-0.0874908,1.201589,-0.04695734,1.205685,-0.009253967,-0.1084896,-0.1506998,-0.982565,338.5705,-0.04977406,-0.5835301,-0.8105649,True,True,False,True
1772879696675,22.2921,0.1759099,1.066888,0.1819082,1.096488,-0.3921627,-0.7426295,0.138772,0.5248356,116.6857,-0.4607155,-0.8724464,0.1630303,-0.1050175,0.6328006,-0.05832908,0.6441021,0.5170377,0.2571914,-0.7630569,0.2902913,146.2492,0.5403041,0.2687648,-0.7973939,0.08973212,1.092046,0.283336,1.131767,0.1140021,1.121337,0.3159938,1.170575,0.1222821,1.104937,0.3245973,1.158103,-0.01512546,0.6439855,0.0279217,0.6447679,-0.00387362,0.6412972,0.07465442,0.6456395,-0.02285754,0.6312554,0.1065359,0.6405902,0.09853887,-0.08384852,0.04008341,0.1354517,0.1383344,-0.07426882,0.01113433,0.1574047,0.1309917,-0.08669087,-0.003124326,0.157111,-0.1095969,0.04794827,-0.03652918,0.1250795,-0.1563135,0.05349067,-0.026301,0.1672929,-0.1788178,0.04410917,0.003417604,0.1842094,0.09899531,-0.08354103,0.03977784,0.1355044,0.1385131,-0.07432132,0.01078184,0.157562,0.1307562,-0.0865726,-0.003293499,0.156853,-0.1098353,0.04747558,-0.03676319,0.1251769,-0.15646,0.05322298,-0.02645642,0.1673689,-0.1787489,0.04416892,0.003115918,0.1841515,0.1117653,-0.08271044,0.0263402,0.1415143,-0.3092246,0.897862,-0.1297493,0.2852877,146.8479,-0.3226326,0.9367933,-0.1353752,-0.141338,0.04657305,-0.019805,0.1501257,0.137722,-0.480433,-0.1984999,0.8430982,65.06251,0.2561033,-0.8933973,-0.3691239,0.1024256,1.101231,0.3015913,1.146367,0.4848443,-0.7735322,0.1711976,0.3704936,136.5079,0.5219918,-0.8327982,0.1843144,0.116002,-0.08339299,0.02330823,0.1447554,0.4205431,-0.2658279,-0.6212218,0.6054443,105.4784,0.5283949,-0.3340017,-0.7805394,-0.4823613,-0.2139848,-0.3375157,0.6264014,0.493731,0.1373195,0.8583564,0.02444713,177.1983,0.4938786,0.1373606,0.8586129,-0.002425596,-0.001231074,-0.001591325,0.003151408,0.02557546,0.03610063,0.01704661,0.9988755,5.435147,0.539419,0.7614083,0.3595347,-0.08766092,1.201573,-0.04687827,1.205678,-0.008954581,-0.108703,-0.150899,-0.9825136,338.5389,-0.04809358,-0.5838261,-0.8104538,True,True,False,True
1772879696687,22.30683,0.1760035,1.067262,0.1817551,1.096841,-0.3897073,-0.7432534,0.1400995,0.5254282,116.6059,-0.4580276,-0.8735546,0.1646606,-0.1052789,0.6330064,-0.05819589,0.6443349,0.5169728,0.2572281,-0.762996,0.290534,146.2201,0.5402778,0.2688239,-0.7973917,0.08970483,1.091786,0.2832424,1.13149,0.1140375,1.121044,0.3160995,1.170326,0.1224164,1.104585,0.3244708,1.157746,-0.01535158,0.6442148,0.02802573,0.6450068,-0.004152712,0.641592,0.07481036,0.6459521,-0.0231938,0.6316109,0.1067581,0.6409895,0.09843874,-0.08387271,0.04029594,0.1354569,0.1382639,-0.07443546,0.01109719,0.1574188,0.1307234,-0.08679993,-0.00309509,0.1569472,-0.1095731,0.04800988,-0.03654439,0.1250868,-0.1563311,0.053476,-0.02630175,0.1673047,-0.1788905,0.04400174,0.003433049,0.1842545,0.09895145,-0.08356716,0.03981866,0.1355005,0.1384934,-0.07433031,0.01080668,0.1575507,0.1307536,-0.08659051,-0.003277865,0.1568604,-0.1098147,0.04751768,-0.03674595,0.1251697,-0.1564498,0.05324292,-0.02644424,0.1673638,-0.17876,0.04415575,0.003140906,0.1841595,0.1117286,-0.08273339,0.02637704,0.1415056,-0.3095018,0.8977128,-0.1297982,0.2854344,146.8304,-0.3229365,0.9366804,-0.1354324,-0.141342,0.04659054,-0.01977871,0.1501314,0.1381013,-0.4803836,-0.1984747,0.8430702,65.06848,0.2567877,-0.8932326,-0.3690468,0.1023907,1.101085,0.301631,1.146235,0.4859306,-0.7729727,0.1714701,0.3701119,136.555,0.5230756,-0.8320596,0.1845774,0.1157954,-0.0835067,0.023375,0.1446663,0.4180067,-0.2657084,-0.6237672,0.6046355,105.5948,0.5248029,-0.333594,-0.7831329,-0.4822881,-0.213038,-0.3373951,0.6259572,0.4954937,0.1384,0.8570345,0.02869498,176.7113,0.4956978,0.138457,0.8573875,-0.002390705,-0.001085401,-0.001630992,0.003090906,0.02524805,0.03616254,0.01578126,0.9989024,5.369785,0.5389906,0.7719911,0.3368954,-0.08785913,1.201626,-0.04674123,1.20574,-0.008858206,-0.1084272,-0.151133,-0.982509,338.536,-0.04756979,-0.5822692,-0.8116049,True,True,False,True
1772879696701,22.3201,0.1759699,1.06753,0.1815671,1.097066,-0.3874909,-0.7437884,0.1411584,0.5260267,116.5252,-0.4556207,-0.8745636,0.1659773,-0.1053156,0.633144,-0.05816945,0.6444737,0.5168684,0.2574006,-0.7629284,0.2907447,146.1949,0.5402048,0.2690222,-0.7973744,0.08979339,1.091564,0.2832742,1.131291,0.1140099,1.120892,0.3161311,1.170186,0.1224798,1.104504,0.3245046,1.157685,-0.01537915,0.6444008,0.02803248,0.6451935,-0.004185174,0.6418185,0.07488251,0.6461856,-0.02324495,0.6318277,0.1068109,0.6412138,0.09849001,-0.08383641,0.04024336,0.1354561,0.1383242,-0.07441566,0.01107784,0.1574611,0.1308415,-0.08677659,-0.003121763,0.1570332,-0.1095634,0.04801958,-0.03655196,0.1250842,-0.1563868,0.053448,-0.0263048,0.1673483,-0.178919,0.04395485,0.003439002,0.1842711,0.09891238,-0.08358996,0.03985462,0.1354966,0.1384791,-0.07433754,0.01082964,0.157543,0.1307611,-0.08660627,-0.003264648,0.156875,-0.1097934,0.04756018,-0.03672953,0.1251623,-0.1564445,0.05326028,-0.02643243,0.1673625,-0.1787735,0.04413874,0.003166146,0.184169,0.111697,-0.08275378,0.0264105,0.1414988,-0.3097989,0.8975389,-0.1298825,0.2856207,146.8081,-0.3232652,0.9365531,-0.1355282,-0.1413451,0.0466066,-0.01975399,0.150136,0.1384827,-0.480337,-0.1984016,0.8430514,65.07249,0.2574827,-0.8930971,-0.3688908,0.1023435,1.100952,0.301646,1.146106,0.4888146,-0.7716196,0.1712213,0.3692517,136.6611,0.5259863,-0.8302971,0.1842418,0.1159055,-0.08350124,0.02342346,0.1447591,0.4174533,-0.2663556,-0.622996,0.6055276,105.4664,0.5245545,-0.3346914,-0.782831,-0.4823111,-0.2125836,-0.3372712,0.6257536,0.4955689,0.139353,0.8568268,0.02898716,176.6779,0.4957772,0.1394115,0.8571868,-0.002343528,-0.0009518862,-0.001645982,0.003017858,0.02370455,0.03576295,0.01288307,0.9989961,5.135005,0.5291629,0.7983459,0.2875921,-0.08807842,1.201662,-0.04661505,1.205787,-0.008651322,-0.1081317,-0.1510706,-0.982553,338.5631,-0.04651679,-0.581407,-0.8122826,True,True,False,True
1772879696716,22.33379,0.1758649,1.067937,0.1814469,1.097425,-0.3855542,-0.7442328,0.1419554,0.5266064,116.4471,-0.4535349,-0.8754555,0.1669849,-0.1052907,0.6333383,-0.05814251,0.6446581,0.5166561,0.2579194,-0.7628298,0.2909204,146.1739,0.5400131,0.2695795,-0.7973159,0.08979326,1.091558,0.2833254,1.131298,0.1138959,1.120873,0.3162126,1.170179,0.122457,1.104503,0.32455,1.157694,-0.01536037,0.6445959,0.02801621,0.6453872,-0.004113559,0.6420587,0.07489833,0.6464256,-0.02314066,0.6320024,0.1067939,0.6413793,0.09853571,-0.08377659,0.04022062,0.1354456,0.1383515,-0.07443336,0.01107806,0.1574934,0.1308641,-0.08679114,-0.003135309,0.1570603,-0.1095369,0.04802548,-0.03650671,0.1250501,-0.1564157,0.05343017,-0.0263072,0.16737,-0.1789118,0.04396769,0.003439635,0.1842673,0.09888339,-0.08360433,0.03988279,0.1354926,0.1384693,-0.07434492,0.01084876,0.1575392,0.130769,-0.0866205,-0.003254693,0.1568892,-0.1097736,0.04759599,-0.03671237,0.1251536,-0.1564423,0.05327336,-0.02642279,0.1673631,-0.1787841,0.04412558,0.003187197,0.1841765,0.1116743,-0.08276837,0.02643606,0.1414942,-0.3099983,0.8974124,-0.1299876,0.2857539,146.7922,-0.3234867,0.9364599,-0.1356436,-0.1413447,0.04662066,-0.01973285,0.1501372,0.1387536,-0.4803324,-0.1982548,0.843044,65.07405,0.2579809,-0.8930692,-0.3686099,0.1022939,1.100791,0.3015271,1.145916,0.4929024,-0.76962,0.1709773,0.368102,136.8028,0.530125,-0.8277394,0.183889,0.1158277,-0.08353882,0.02341801,0.1447176,0.4176724,-0.2669355,-0.623544,0.6045561,105.6062,0.5243436,-0.3351094,-0.7827936,-0.4821559,-0.2121722,-0.3372402,0.6254777,0.4958831,0.1416278,0.8562247,0.03034352,176.5224,0.4961115,0.1416931,0.8566192,-0.002293929,-0.0007909536,-0.001527041,0.00286698,0.02164594,0.03516858,0.008701462,0.9991091,4.837293,0.5129245,0.8333583,0.2061907,-0.08828212,1.201678,-0.0465255,1.205815,-0.008913036,-0.1080559,-0.1513943,-0.9825091,338.5361,-0.0478644,-0.5802769,-0.813011,True,True,False,True
1772879696729,22.34804,0.1757135,1.068338,0.1812876,1.097765,-0.3836296,-0.7446309,0.1427311,0.5272391,116.3618,-0.4514792,-0.8763281,0.1679748,-0.1051988,0.6334563,-0.05818804,0.6447632,0.5164623,0.2584522,-0.7627384,0.2910315,146.1606,0.5398296,0.2701459,-0.7972485,0.08969513,1.091428,0.2832526,1.131147,0.113702,1.120865,0.3162608,1.170165,0.1223791,1.104447,0.324438,1.157601,-0.01530716,0.6446733,0.02796956,0.6454613,-0.003977944,0.6422157,0.07485439,0.6465756,-0.02307055,0.6322153,0.1068388,0.6415941,0.0984399,-0.08376703,0.0402721,0.1353853,0.1383975,-0.07446095,0.01113169,0.1575507,0.130773,-0.08677192,-0.003081173,0.1569727,-0.1095359,0.04801919,-0.03640764,0.1250179,-0.1564586,0.0533956,-0.02631161,0.1673998,-0.1790259,0.04379725,0.003456198,0.1843378,0.09884825,-0.08361722,0.03991364,0.135484,0.1384636,-0.07435411,0.01087118,0.1575401,0.1307693,-0.0866325,-0.003240945,0.1568958,-0.1097548,0.04762952,-0.03668823,0.1251428,-0.1564436,0.05328304,-0.02641398,0.167366,-0.1788033,0.04409956,0.003208509,0.1841893,0.1116476,-0.08278108,0.02646508,0.141486,-0.3099975,0.8973569,-0.1300212,0.285914,146.773,-0.323502,0.9364486,-0.1356853,-0.1413511,0.04662808,-0.01970687,0.1501421,0.1391353,-0.4803516,-0.1981459,0.8429958,65.08433,0.2586543,-0.8929796,-0.3683557,0.1022973,1.100678,0.3015754,1.14582,0.4929728,-0.7697051,0.1706591,0.3679774,136.8181,0.5301725,-0.8277869,0.183537,0.1156599,-0.08351698,0.02342717,0.1445722,0.4185585,-0.267618,-0.624673,0.6024724,105.9056,0.5244176,-0.3353022,-0.7826613,-0.4818875,-0.2119108,-0.337236,0.6251799,0.4961686,0.1451385,0.8553967,0.03237382,176.2896,0.4964288,0.1452146,0.8558453,-0.002297267,-0.0006775856,-0.00157541,0.002866789,0.02130273,0.03512221,0.008796272,0.9991173,4.815069,0.5071223,0.8361019,0.2093997,-0.08846372,1.201653,-0.04647316,1.2058,-0.008774662,-0.1078687,-0.1516886,-0.9824856,338.5216,-0.04708987,-0.5788851,-0.8140479,True,True,False,True
1772879696743,22.36113,0.1757272,1.068551,0.181203,1.09796,-0.3820229,-0.7449416,0.1434641,0.5277675,116.2905,-0.4497622,-0.8770325,0.1689028,-0.1051312,0.6334054,-0.05825272,0.644708,0.5163473,0.2588623,-0.7626643,0.2910656,146.1565,0.5397153,0.2705774,-0.7971796,0.08978553,1.091231,0.2833122,1.130978,0.1137221,1.120689,0.3162842,1.170006,0.1224637,1.104391,0.3245564,1.157589,-0.01521431,0.6446098,0.02789375,0.6453924,-0.003887054,0.6421323,0.07477112,0.6464826,-0.02296497,0.6321408,0.1067673,0.641505,0.09842071,-0.08377458,0.04027171,0.1353759,0.1383452,-0.07447118,0.0111617,0.1575117,0.1308779,-0.08679364,-0.003081992,0.1570722,-0.1095449,0.04803237,-0.03639523,0.1250272,-0.1564598,0.05339606,-0.02628819,0.1673974,-0.1790441,0.04376927,0.003457852,0.1843489,0.09881312,-0.08363015,0.03994307,0.135475,0.1384539,-0.07436373,0.01089505,0.1575377,0.1307782,-0.08664574,-0.003227882,0.1569103,-0.1097375,0.04766263,-0.03666415,0.1251332,-0.1564449,0.05329233,-0.02640365,0.1673686,-0.1788231,0.04407242,0.003229001,0.1842023,0.1116201,-0.08279502,0.0264938,0.1414779,-0.3101104,0.8972391,-0.1301238,0.2861143,146.7491,-0.32364,0.9363841,-0.1358009,-0.1413583,0.04663473,-0.01968117,0.1501476,0.1395418,-0.4803644,-0.1980711,0.8429389,65.09645,0.2593669,-0.8928552,-0.3681555,0.1023162,1.100534,0.3016714,1.145709,0.4918754,-0.7702677,0.1701717,0.3684944,136.7544,0.5291088,-0.8285745,0.1830531,0.1156969,-0.08351564,0.02351477,0.1446153,0.4174568,-0.2680233,-0.6240042,0.6037484,105.7223,0.5236703,-0.3362165,-0.7827694,-0.4818401,-0.2118522,-0.3373353,0.6251771,0.4963327,0.1448019,0.8553634,0.03224754,176.3041,0.4965909,0.1448773,0.8558084,-0.002316177,-0.0005337,-0.001671374,0.002905684,0.02154107,0.03485046,0.01017288,0.9991087,4.83875,0.5102856,0.8255712,0.240985,-0.0886653,1.201645,-0.0464347,1.205806,-0.008767108,-0.1075895,-0.1518838,-0.9824861,338.522,-0.04705006,-0.5773957,-0.8151084,True,True,False,True
1772879696758,22.37575,0.1757604,1.068811,0.1811809,1.098215,-0.3805277,-0.7452517,0.1441786,0.5282151,116.2301,-0.4481486,-0.877685,0.1697995,-0.1050269,0.6333848,-0.05834299,0.6446789,0.516302,0.2591856,-0.7625877,0.2910587,146.1573,0.5396668,0.2709148,-0.797098,0.08981109,1.091131,0.2833745,1.130899,0.1137397,1.120435,0.3163091,1.16977,0.1225446,1.104285,0.3246777,1.157531,-0.01508082,0.6445572,0.02778786,0.6453322,-0.003787715,0.6420314,0.07466669,0.6463697,-0.0228111,0.6320432,0.106641,0.6413823,0.0983996,-0.08377237,0.04035693,0.1353845,0.1381533,-0.07456347,0.01118793,0.1573887,0.1308625,-0.08687442,-0.003082842,0.157104,-0.1095415,0.04806154,-0.03639238,0.1250346,-0.1564429,0.05341366,-0.02623601,0.167379,-0.1790263,0.04380175,0.003455862,0.1843392,0.0987817,-0.08364096,0.03997451,0.1354681,0.138431,-0.0743789,0.0109173,0.1575264,0.1307846,-0.0866631,-0.003216865,0.156925,-0.1097227,0.04769293,-0.03664351,0.1251256,-0.1564448,0.05330155,-0.02639091,0.1673694,-0.1788385,0.04405186,0.003246233,0.1842127,0.1115908,-0.08281046,0.02652302,0.1414692,-0.3103017,0.8971158,-0.1302846,0.2862204,146.7364,-0.3238504,0.9362864,-0.1359732,-0.141362,0.04664255,-0.01965964,0.1501507,0.1398974,-0.4803706,-0.1980302,0.8428861,65.1077,0.259988,-0.8927294,-0.368023,0.1024754,1.100192,0.3018819,1.14545,0.4898578,-0.7719924,0.1707003,0.3673264,136.8984,0.5266766,-0.8300171,0.1835305,0.1156571,-0.08358292,0.02357263,0.1446318,0.415803,-0.2679189,-0.6229209,0.6060505,105.3911,0.5227423,-0.3368243,-0.7831283,-0.4818312,-0.2118143,-0.3373474,0.6251639,0.4962008,0.1432565,0.8557171,0.03179666,176.3558,0.4964518,0.143329,0.8561499,-0.002475373,-0.0001920462,-0.001881897,0.003115428,0.02187162,0.03694659,0.01221613,0.9990034,5.116828,0.4899809,0.8276992,0.2736729,-0.08886006,1.201636,-0.04639518,1.20581,-0.008643058,-0.1073052,-0.1521066,-0.9824839,338.5206,-0.04638138,-0.5758337,-0.8162519,True,True,False,True
1772879696772,22.38953,0.1759365,1.068717,0.1813242,1.098175,-0.3790853,-0.7455164,0.1449906,0.5286563,116.1706,-0.4465943,-0.8782808,0.1708111,-0.1048249,0.6336041,-0.05852589,0.644878,0.5163003,0.2594741,-0.7624949,0.2910478,146.1586,0.5396631,0.2712154,-0.7969981,0.08994765,1.090807,0.2835245,1.130636,0.1139752,1.120123,0.3166155,1.169577,0.1228285,1.104026,0.3250666,1.157423,-0.0148191,0.6447512,0.02756713,0.6455104,-0.003612269,0.6421601,0.07448575,0.6464757,-0.02259605,0.6322105,0.1064605,0.6415095,0.09840715,-0.08366622,0.0405332,0.135377,0.1382259,-0.07452825,0.01116148,0.157434,0.131032,-0.08688951,-0.00313431,0.1572546,-0.1095221,0.04811401,-0.03643157,0.1250492,-0.1564278,0.05342925,-0.0261716,0.1673598,-0.1790356,0.04379855,0.00345774,0.1843475,0.09875019,-0.08364308,0.04002152,0.1354603,0.1384138,-0.07439147,0.01093785,0.1575186,0.1308054,-0.08668216,-0.003209919,0.1569527,-0.1097058,0.04772836,-0.03662568,0.1251191,-0.1564433,0.05331229,-0.02637246,0.1673685,-0.1788551,0.04403054,0.003264029,0.184224,0.1115615,-0.08282141,0.02656331,0.1414601,-0.3106024,0.8969525,-0.1305624,0.2862792,146.7294,-0.3241702,0.9361333,-0.1362656,-0.1413631,0.04665266,-0.01963949,0.1501522,0.1403216,-0.4803495,-0.1980447,0.8428241,65.1209,0.2607293,-0.8925292,-0.3679834,0.1024805,1.100067,0.3019743,1.145355,0.4893982,-0.7725836,0.169731,0.3671451,136.9207,0.5261419,-0.8305888,0.1824743,0.1156778,-0.08353938,0.02368917,0.1446421,0.4135427,-0.2700055,-0.620865,0.6087744,104.9981,0.5212657,-0.3403388,-0.782593,-0.4819435,-0.2114565,-0.3370287,0.6249573,0.4972692,0.1416483,0.8554518,0.02935308,176.6359,0.4974835,0.1417094,0.8558204,-0.002480499,-6.735325E-05,-0.001974255,0.003170977,0.02113947,0.03687676,0.01321225,0.999009,5.102425,0.4749091,0.8284553,0.29682,-0.08904587,1.201637,-0.04636618,1.205824,-0.008769138,-0.1068756,-0.1522064,-0.9825141,338.5392,-0.04709824,-0.574019,-0.8174865,True,True,False,True
1772879696786,22.40338,0.1759527,1.068751,0.1813296,1.098212,-0.3779546,-0.745711,0.1456384,0.5290133,116.1224,-0.4453789,-0.8787403,0.1716192,-0.1047598,0.6337174,-0.05854353,0.6449804,0.5163003,0.2594741,-0.7624949,0.2910478,146.1586,0.5396631,0.2712154,-0.7969981,0.09001829,1.090659,0.2836101,1.13052,0.1140267,1.119922,0.316704,1.169413,0.1229384,1.103933,0.3252436,1.157396,-0.01473992,0.6448669,0.02753599,0.6456228,-0.003521342,0.642218,0.07442461,0.6465256,-0.02255246,0.6323484,0.1064704,0.6416456,0.09844705,-0.08359616,0.04056895,0.1353735,0.1382068,-0.0745234,0.01116224,0.1574149,0.1311503,-0.08688541,-0.003168464,0.1573515,-0.1095141,0.04812362,-0.03644679,0.1250504,-0.156385,0.05349036,-0.02616397,0.1673381,-0.1790594,0.0437635,0.00346335,0.1843625,0.09872603,-0.08363934,0.04006514,0.1354533,0.1383973,-0.07440198,0.01095573,0.1575103,0.1308329,-0.08669835,-0.003206615,0.1569845,-0.1096905,0.04775986,-0.03661142,0.1251136,-0.1564387,0.05332648,-0.02635584,0.1673661,-0.1788714,0.04400926,0.003279914,0.184235,0.1115377,-0.08282824,0.02660007,0.1414523,-0.3109326,0.8967806,-0.1308745,0.286317,146.7248,-0.3245185,0.9359648,-0.136593,-0.1413669,0.0466609,-0.01962082,0.150156,0.1408038,-0.4802973,-0.1982168,0.842733,65.14029,0.2615558,-0.8921956,-0.3682056,0.102375,1.099869,0.3019623,1.145152,0.4896967,-0.772303,0.1728082,0.3658999,137.0741,0.5261854,-0.8298495,0.1856847,0.1157409,-0.08350278,0.02377668,0.1446859,0.4117147,-0.2703486,-0.6206316,0.6100978,104.8069,0.5196277,-0.3412087,-0.783303,-0.481987,-0.211344,-0.3367883,0.6248233,0.4979314,0.1406724,0.8552175,0.02964871,176.602,0.4981503,0.1407343,0.8555936,-0.002375014,0.000131011,-0.001962304,0.003083585,0.02275008,0.03924729,0.01149078,0.9989045,5.364532,0.4861402,0.8386644,0.2455434,-0.08928561,1.201646,-0.046242,1.205845,-0.008807956,-0.106418,-0.1522288,-0.9825599,338.5674,-0.0473683,-0.5723054,-0.818671,True,True,False,True
1772879696799,22.41801,0.1757214,1.068837,0.1812855,1.098251,-0.3768914,-0.7458835,0.1462482,0.5293602,116.0755,-0.4442393,-0.8791678,0.1723817,-0.1046114,0.6339493,-0.05854952,0.6451848,0.5163003,0.2594741,-0.7624949,0.2910478,146.1586,0.5396631,0.2712154,-0.7969981,0.08993376,1.090467,0.2836851,1.130347,0.1138305,1.11979,0.3167177,1.169272,0.1228025,1.103886,0.3253265,1.15736,-0.01462616,0.6450562,0.02751827,0.6458086,-0.003344063,0.6424313,0.07438254,0.6467317,-0.02243509,0.6326188,0.1065008,0.6419131,0.0984221,-0.08358951,0.04048419,0.1353258,0.1381773,-0.07450358,0.0111755,0.1573805,0.1312272,-0.0868672,-0.003190711,0.157406,-0.1094853,0.04812974,-0.0363989,0.1250135,-0.1563564,0.05352732,-0.02618127,0.1673259,-0.1790912,0.04371114,0.003468469,0.1843809,0.0987017,-0.08363535,0.04009868,0.135443,0.1383797,-0.07441011,0.01097332,0.1574999,0.1308645,-0.08671187,-0.003205342,0.1570183,-0.1096741,0.04778947,-0.03659441,0.1251055,-0.1564321,0.05334255,-0.02634187,0.1673628,-0.178889,0.0439854,0.003295006,0.1842467,0.1115149,-0.08283412,0.02662917,0.1414432,-0.3112886,0.8965748,-0.1312012,0.286425,146.7119,-0.3249011,0.9357816,-0.1369386,-0.1413731,0.04666723,-0.0196,0.1501611,0.1413338,-0.4802548,-0.198452,0.8426132,65.16579,0.2624489,-0.891806,-0.3685142,0.1022726,1.099851,0.3019277,1.145117,0.4917107,-0.7706919,0.1741196,0.3659742,137.0649,0.5283661,-0.8281444,0.1870996,0.1156479,-0.08347306,0.02373633,0.1445877,0.4130773,-0.2726549,-0.6183654,0.6104513,104.7557,0.5215267,-0.3442378,-0.7807113,-0.4818302,-0.2112247,-0.3363291,0.6244145,0.4976487,0.1428936,0.8550961,0.02716684,176.8865,0.4978324,0.1429463,0.8554116,-0.002272576,0.0001487732,-0.001927733,0.002983771,0.02323369,0.0389655,0.008651238,0.9989331,5.29416,0.503069,0.8437031,0.1873215,-0.08953777,1.201671,-0.04611561,1.205885,-0.008646835,-0.1060931,-0.1523505,-0.9825777,338.5783,-0.04652531,-0.5708463,-0.8197396,True,True,False,True
1772879696813,22.43126,0.1754983,1.068964,0.1811217,1.098312,-0.3760725,-0.7460064,0.1467179,0.5296394,116.0378,-0.4433652,-0.8794933,0.172971,-0.1045615,0.6340361,-0.05856672,0.6452635,0.5164304,0.2596522,-0.7623706,0.2909839,146.1663,0.5397881,0.271396,-0.7968519,0.08997934,1.090389,0.2837336,1.130287,0.1136508,1.119849,0.3166603,1.169296,0.1226765,1.103976,0.3252251,1.157404,-0.01461392,0.6450955,0.0275321,0.6458482,-0.003315043,0.6424676,0.0743859,0.646768,-0.02241796,0.6326361,0.1065006,0.6419294,0.09846427,-0.08359152,0.04023638,0.1352839,0.1382639,-0.07445425,0.01116915,0.1574328,0.1313046,-0.08677915,-0.003198743,0.1574222,-0.1094848,0.04812467,-0.03637297,0.1250036,-0.1563561,0.05352861,-0.02618814,0.1673271,-0.1790929,0.04370861,0.003468834,0.1843821,0.09868171,-0.08363166,0.04011028,0.1354296,0.1383699,-0.07441383,0.01098981,0.1574942,0.1309015,-0.08671753,-0.003204787,0.1570523,-0.1096581,0.04781769,-0.03657576,0.1250969,-0.1564257,0.05335822,-0.02632893,0.1673598,-0.1789061,0.04396209,0.003309641,0.184258,0.1114994,-0.08283715,0.02664287,0.1414353,-0.3115575,0.8963591,-0.1314785,0.2866804,146.6814,-0.3252078,0.9356311,-0.137239,-0.1413798,0.04667309,-0.01957856,0.1501664,0.1418439,-0.4802248,-0.1986713,0.8424928,65.19141,0.2633042,-0.8914388,-0.3687925,0.1016918,1.10007,0.3015521,1.145176,0.4933102,-0.7697765,0.1740426,0.3657847,137.0882,0.5300424,-0.8270946,0.1870019,0.1156949,-0.08345662,0.02366014,0.1446033,0.4148822,-0.2727941,-0.6181297,0.609403,104.9073,0.5232723,-0.344063,-0.7796195,-0.4815646,-0.2112615,-0.3364295,0.6242761,0.4964221,0.1455015,0.8553564,0.02757145,176.8401,0.4966108,0.1455568,0.8556815,-0.001691766,-6.961823E-05,-0.001552135,0.002296963,0.02259436,0.03849484,0.006976192,0.9989791,5.17873,0.5001197,0.8520725,0.154416,-0.0897359,1.201683,-0.04605176,1.205908,-0.008340464,-0.1057573,-0.1522071,-0.9826387,338.616,-0.04495495,-0.5700302,-0.8203934,True,True,False,True
1772879696827,22.44475,0.1747831,1.069286,0.1807358,1.098447,-0.3753263,-0.7461289,0.1471129,0.5298865,116.0044,-0.442566,-0.8797979,0.1734682,-0.1044529,0.6342103,-0.05863829,0.6454235,0.5164304,0.2596522,-0.7623706,0.2909839,146.1663,0.5397881,0.271396,-0.7968519,0.08939721,1.090707,0.2834592,1.130479,0.1129575,1.120013,0.3162546,1.169275,0.1220383,1.104154,0.3247907,1.157384,-0.01451297,0.6452743,0.02747003,0.6460218,-0.00320651,0.6426426,0.07431588,0.6469332,-0.02230797,0.6328087,0.1064276,0.6420836,0.09859953,-0.08346273,0.04017226,0.1352838,0.138201,-0.07440369,0.01120466,0.1573561,0.1312305,-0.08670692,-0.003178269,0.1573201,-0.1094922,0.04811507,-0.0363681,0.125005,-0.1563576,0.05352783,-0.02618808,0.1673283,-0.1790917,0.04371079,0.003468648,0.1843814,0.09867539,-0.08361868,0.04011504,0.1354184,0.1383569,-0.07441305,0.01100632,0.1574836,0.1309268,-0.08671672,-0.003202748,0.1570728,-0.1096454,0.04784055,-0.0365598,0.1250897,-0.1564205,0.05337125,-0.0263181,0.1673574,-0.1789204,0.04394278,0.003321863,0.1842675,0.111494,-0.08283167,0.02664849,0.1414289,-0.311728,0.8962241,-0.1317108,0.2868103,146.6658,-0.3253989,0.9355281,-0.137487,-0.1413857,0.04667766,-0.01956043,0.1501711,0.1422667,-0.4802006,-0.1988591,0.8423911,65.21304,0.264011,-0.8911306,-0.3690322,0.1015016,1.100121,0.301478,1.145189,0.4950141,-0.7683213,0.174246,0.3664449,137.0069,0.5320216,-0.8257614,0.1872727,0.1156854,-0.08334236,0.02361214,0.144522,0.4153011,-0.2728667,-0.6185793,0.6086285,105.0192,0.5234082,-0.3438967,-0.7796018,-0.481082,-0.2117541,-0.3361225,0.6239054,0.4963075,0.1469967,0.8551321,0.02863873,176.7178,0.4965111,0.147057,0.8554829,-0.00150156,-0.0001212358,-0.001477957,0.002110388,0.0226385,0.03730504,0.004956967,0.9990353,5.034146,0.5154858,0.8494475,0.1128717,-0.08991191,1.2017,-0.04602934,1.205938,-0.008030255,-0.1053782,-0.1521914,-0.9826845,338.6443,-0.0433396,-0.5687304,-0.8213827,True,True,False,True
1772879696841,22.45839,0.1745117,1.069594,0.1805467,1.098674,-0.3745016,-0.7462717,0.1475148,0.5301572,115.9678,-0.4416816,-0.8801417,0.1739768,-0.1044184,0.63423,-0.05865289,0.6454387,0.5166256,0.2598334,-0.7622233,0.2908613,146.1809,0.5399711,0.2715749,-0.796667,0.08924287,1.090858,0.2833854,1.130594,0.1126958,1.120062,0.3161313,1.169264,0.121819,1.104232,0.3246132,1.157386,-0.01450997,0.6452371,0.02749413,0.6459857,-0.003210727,0.642579,0.07433444,0.6468722,-0.02232071,0.6327304,0.1064362,0.6420083,0.09864142,-0.08342949,0.04010093,0.1352727,0.1381358,-0.07446009,0.0112052,0.1573257,0.1311502,-0.08672389,-0.003167182,0.1572624,-0.1094957,0.04811215,-0.03635798,0.125004,-0.1563564,0.0535288,-0.02618515,0.167327,-0.1790926,0.04370928,0.003468692,0.1843819,0.09867274,-0.0836039,0.04011394,0.135407,0.1383397,-0.07441672,0.01102186,0.1574712,0.1309443,-0.08671728,-0.00319997,0.1570876,-0.1096337,0.04786176,-0.03654404,0.125083,-0.1564154,0.05338356,-0.02630772,0.167355,-0.1789338,0.04392454,0.003333332,0.1842764,0.1114899,-0.08282584,0.02664917,0.1414224,-0.3118115,0.8961349,-0.1319331,0.2868966,146.6555,-0.3254948,0.9354602,-0.1377228,-0.1413916,0.04668178,-0.01954293,0.1501756,0.1426666,-0.4801797,-0.1990404,0.8422925,65.234,0.2646773,-0.8908371,-0.3692628,0.1013217,1.100159,0.3014447,1.145201,0.496787,-0.7683228,0.1717995,0.3651955,137.1608,0.5336454,-0.8253275,0.1845459,0.1156565,-0.08340085,0.02355049,0.1445225,0.4163655,-0.272141,-0.6188308,0.6079702,105.1143,0.5244162,-0.3427641,-0.7794232,-0.4807171,-0.2119825,-0.3363429,0.6238205,0.4950232,0.1486416,0.8555499,0.02987172,176.5764,0.4952441,0.148708,0.8559318,-0.001321651,-0.0001590252,-0.001444668,0.001964463,0.01947071,0.0367457,0.004379769,0.9991255,4.793068,0.4656382,0.8787662,0.1047413,-0.09008737,1.201736,-0.0459949,1.205986,-0.00778024,-0.1047423,-0.1524279,-0.9827178,338.6649,-0.04203037,-0.5658381,-0.8234453,True,True,False,True
1772879696855,22.47218,0.1743001,1.069862,0.1805737,1.098905,-0.3735003,-0.746458,0.147961,0.5304768,115.9247,-0.4406047,-0.8805692,0.1745442,-0.1044153,0.634246,-0.05862789,0.6454516,0.5168064,0.2600117,-0.7620867,0.2907388,146.1956,0.5401391,0.2717507,-0.7964932,0.08900855,1.090898,0.2834422,1.130628,0.1124809,1.120039,0.3161915,1.169238,0.1216733,1.104222,0.3246137,1.157362,-0.01453458,0.6451933,0.02755313,0.645945,-0.003238116,0.6425027,0.07437618,0.6468014,-0.02234324,0.6326299,0.1064631,0.6419145,0.09862102,-0.08341075,0.04019448,0.135274,0.1380487,-0.0744836,0.0112381,0.1572627,0.1310313,-0.08671014,-0.003145188,0.1571551,-0.1094972,0.04811317,-0.03634607,0.1250022,-0.1563423,0.05354166,-0.02618138,0.1673173,-0.1790771,0.04373614,0.00346709,0.1843732,0.09866866,-0.08358865,0.0401203,0.1353965,0.1383167,-0.074422,0.01103893,0.1574548,0.1309511,-0.08671671,-0.003195646,0.157093,-0.1096229,0.04788161,-0.03652841,0.1250766,-0.1564097,0.05339604,-0.02629774,0.167352,-0.1789452,0.04390967,0.003343891,0.184284,0.1114821,-0.08281969,0.02665502,0.1414138,-0.3118226,0.8961042,-0.1320909,0.2869073,146.6542,-0.3255076,0.9354314,-0.1378879,-0.1413968,0.04668659,-0.01952607,0.1501797,0.1430272,-0.4801647,-0.1992117,0.8421994,65.2538,0.2652748,-0.890569,-0.369481,0.1009445,1.10018,0.3013912,1.145174,0.4967236,-0.7698429,0.1687508,0.3634981,137.3696,0.5331969,-0.8263708,0.1811418,0.1155589,-0.0833163,0.02362406,0.1444076,0.4144939,-0.2726466,-0.6206985,0.607118,105.2372,0.5216307,-0.3431192,-0.7811342,-0.4803734,-0.21218,-0.3365652,0.6237429,0.4965585,0.1490454,0.854504,0.03222013,176.3072,0.4968165,0.1491228,0.8549479,-0.0009444878,-0.0001802444,-0.001391172,0.001691126,0.0161081,0.03705412,0.006136629,0.9991647,4.684357,0.3941577,0.9066973,0.1501605,-0.09027573,1.20174,-0.04596511,1.206003,-0.007629961,-0.1043916,-0.1524013,-0.9827604,338.6913,-0.04126899,-0.5646339,-0.8243095,True,True,False,True
1772879696869,22.48733,0.1740393,1.070265,0.1805384,1.09925,-0.3723212,-0.7466556,0.1485207,0.530871,115.8714,-0.4393416,-0.8810588,0.1752554,-0.1044537,0.634477,-0.05851581,0.6456746,0.5169737,0.2601667,-0.7619549,0.2906481,146.2065,0.5402983,0.2719049,-0.7963326,0.08876088,1.091125,0.2833793,1.130812,0.1121726,1.120051,0.3162616,1.169239,0.1214513,1.104288,0.3247749,1.157446,-0.01460566,0.6453664,0.0276992,0.6461257,-0.003267963,0.6425726,0.07443883,0.6468781,-0.02242502,0.6327818,0.1065968,0.6420892,0.09860961,-0.08327309,0.04031801,0.1352176,0.1379599,-0.07460917,0.01129079,0.157248,0.1310409,-0.08686472,-0.003165662,0.1572489,-0.1094966,0.04811632,-0.03632604,0.1249971,-0.1562637,0.05364652,-0.02616732,0.1672753,-0.1790785,0.04373367,0.003467314,0.184374,0.09866395,-0.08356349,0.04013606,0.1353822,0.1382882,-0.07443693,0.01105901,0.1574382,0.1309583,-0.08672851,-0.003193255,0.1571054,-0.1096128,0.04790032,-0.03651227,0.1250702,-0.156398,0.05341601,-0.02628734,0.1673459,-0.1789558,0.04389564,0.003353733,0.1842912,0.1114732,-0.08281232,0.02666491,0.1414042,-0.3118006,0.8960987,-0.1324161,0.2867989,146.6672,-0.3254735,0.9353938,-0.1382227,-0.1414051,0.04669154,-0.01950723,0.1501867,0.1434954,-0.4801191,-0.1995936,0.8420553,65.2844,0.2660322,-0.8901131,-0.3700349,0.1008345,1.100142,0.3014237,1.145136,0.4983337,-0.769883,0.1674382,0.3618124,137.5769,0.5345489,-0.8258324,0.1796063,0.1154207,-0.08339018,0.02381834,0.1443716,0.4106954,-0.2738826,-0.6219124,0.6079004,105.1243,0.5172398,-0.3449345,-0.7832517,-0.4798744,-0.2122858,-0.3365359,0.6233788,0.499135,0.1473972,0.8532357,0.03357501,176.1519,0.4994166,0.1474804,0.853717,-0.0008344948,-0.0001424551,-0.001423717,0.001656395,0.01362972,0.03744383,0.00520722,0.9991924,4.606156,0.3391707,0.9317762,0.1295798,-0.09043143,1.201732,-0.04595001,1.206006,-0.007616564,-0.1039675,-0.152378,-0.9828091,338.7215,-0.04125434,-0.5631294,-0.8253398,True,True,False,True
1772879696882,22.50063,0.1739022,1.070388,0.1805417,1.099348,-0.3712604,-0.7468309,0.1490492,0.531219,115.8243,-0.4382026,-0.8814926,0.1759244,-0.1044933,0.6345423,-0.0584846,0.6457424,0.5171036,0.26035,-0.7618234,0.2905975,146.2125,0.5404255,0.272092,-0.7961823,0.08852623,1.091148,0.2833581,1.130811,0.1120673,1.120036,0.3164167,1.169256,0.1214039,1.104337,0.3249471,1.157536,-0.01467642,0.6453804,0.02774379,0.6461431,-0.003333237,0.6425864,0.07449634,0.6468989,-0.02251508,0.6328011,0.1066632,0.6421224,0.09865728,-0.08315431,0.04053836,0.1352452,0.1380583,-0.07458617,0.0112855,0.1573231,0.1311972,-0.08682525,-0.003190354,0.1573579,-0.10948,0.04812314,-0.03630657,0.1249795,-0.1562662,0.05364813,-0.02616761,0.1672782,-0.1790956,0.04370365,0.003469072,0.1843835,0.09866337,-0.08352792,0.04017103,0.1353702,0.1382683,-0.0744499,0.0110787,0.1574282,0.1309791,-0.08673692,-0.003193003,0.1571274,-0.1096013,0.04791969,-0.03649439,0.1250623,-0.1563866,0.05343619,-0.02627693,0.16734,-0.1789679,0.04387895,0.003363759,0.1842992,0.1114664,-0.08279832,0.02668993,0.1413954,-0.3117774,0.8961078,-0.1327754,0.2866295,146.6875,-0.3254321,0.9353538,-0.1385904,-0.1414137,0.04669578,-0.01948728,0.1501935,0.1439969,-0.4800797,-0.1999859,0.841899,65.3176,0.2668413,-0.8896377,-0.3705947,0.1007214,1.100085,0.3014849,1.145087,0.4997141,-0.769609,0.1664603,0.3609417,137.6839,0.5358357,-0.8252397,0.1784928,0.1154358,-0.08331046,0.02388844,0.1443492,0.4093485,-0.2752032,-0.6229796,0.607119,105.237,0.5151559,-0.3463371,-0.7840058,-0.4796538,-0.2122491,-0.3366895,0.6232794,0.5006424,0.1483012,0.8521448,0.03483455,176.0074,0.5009464,0.1483912,0.8526621,-0.0007214397,-8.511543E-05,-0.001484901,0.001653073,0.01195439,0.03730154,0.004276118,0.9992235,4.516389,0.3033892,0.946672,0.1085232,-0.09062423,1.201745,-0.04593346,1.206032,-0.007721036,-0.1037811,-0.152712,-0.9827762,338.7011,-0.04178051,-0.561586,-0.8263641,True,True,False,True
1772879696897,22.51458,0.173748,1.070465,0.1805496,1.099401,-0.3703399,-0.7469816,0.1495226,0.5315166,115.784,-0.4372124,-0.8818646,0.176522,-0.1045832,0.6345543,-0.05845119,0.6457657,0.5171943,0.2605642,-0.761692,0.2905886,146.2136,0.5405186,0.2723151,-0.7960428,0.08850853,1.091089,0.283427,1.130769,0.1119581,1.120036,0.3165768,1.169288,0.1213383,1.104356,0.325064,1.15758,-0.01478164,0.6453488,0.02778597,0.6461158,-0.00342517,0.6425771,0.07453454,0.6468945,-0.02260919,0.6327306,0.1066791,0.6420589,0.09868292,-0.08304961,0.04048859,0.1351846,0.1381835,-0.07454615,0.01126356,0.1574124,0.1313083,-0.08676206,-0.003206357,0.157416,-0.1094669,0.04814152,-0.03629168,0.1249708,-0.1562619,0.0536523,-0.02619502,0.1672798,-0.1790698,0.04373858,0.003465876,0.1843667,0.09866487,-0.08349103,0.04019552,0.1353558,0.1382617,-0.07445732,0.01109296,0.157427,0.1310045,-0.08673886,-0.003194033,0.1571496,-0.1095909,0.0479368,-0.03647875,0.1250552,-0.1563769,0.05345286,-0.02627062,0.1673353,-0.1789758,0.04386812,0.003371636,0.1843044,0.1114646,-0.08278026,0.02670843,0.1413869,-0.3116798,0.8961207,-0.1330913,0.2865487,146.6971,-0.325322,0.9353437,-0.1389166,-0.1414194,0.04670114,-0.01947088,0.1501984,0.144355,-0.4800657,-0.2002317,0.8417873,65.34132,0.2674186,-0.8893247,-0.3709305,0.1004148,1.09993,0.3014661,1.144907,0.4992173,-0.7720182,0.1614158,0.3587688,137.9508,0.5348223,-0.8270799,0.1729282,0.1154672,-0.08325035,0.02392286,0.1443454,0.4085463,-0.2758085,-0.6237867,0.6065558,105.3182,0.5138683,-0.346911,-0.7845969,-0.4795016,-0.2121614,-0.3368812,0.6232361,0.5013657,0.1490325,0.8515429,0.03601082,175.8726,0.501691,0.1491292,0.8520955,-0.0004148409,6.973743E-05,-0.001466125,0.00152528,0.006881446,0.037346,0.007513815,0.9992506,4.436994,0.1777658,0.9647453,0.1941016,-0.09080811,1.201776,-0.04592131,1.206077,-0.007579059,-0.1037115,-0.1526602,-0.9827926,338.7113,-0.04103169,-0.5614755,-0.8264752,True,True,False,True
1772879696911,22.52889,0.1735789,1.070481,0.1806472,1.099405,-0.3694564,-0.7471221,0.1499725,0.5318072,115.7447,-0.4362634,-0.8822206,0.1770913,-0.104739,0.6346291,-0.0584009,0.64586,0.5173005,0.2607797,-0.7615396,0.2906058,146.2115,0.5406327,0.2725418,-0.7958877,0.08810743,1.091081,0.2833306,1.130707,0.1117831,1.119867,0.3167833,1.169166,0.1212053,1.104146,0.3253197,1.157438,-0.01488382,0.6452842,0.02783656,0.6460558,-0.003542025,0.6426907,0.07456535,0.6470115,-0.02276662,0.6327128,0.1067065,0.6420515,0.09866922,-0.08286276,0.04088748,0.13518,0.1382082,-0.07457846,0.01128505,0.157451,0.1313388,-0.08686919,-0.003225029,0.1575009,-0.1094456,0.04828409,-0.03625854,0.1249975,-0.1562532,0.05365628,-0.02630184,0.1672897,-0.1790357,0.04379331,0.003461868,0.1843464,0.09866522,-0.08344041,0.04025127,0.1353414,0.1382574,-0.07446708,0.01110843,0.1574289,0.1310314,-0.08674936,-0.00319653,0.1571779,-0.1095792,0.04796478,-0.03646101,0.1250505,-0.156367,0.05346925,-0.02627313,0.1673316,-0.1789806,0.04386209,0.003378906,0.1843078,0.1114607,-0.08275644,0.02674739,0.1413773,-0.3116,0.8961756,-0.1335424,0.2862537,146.7324,-0.3252087,0.9353149,-0.1393747,-0.1414259,0.04671407,-0.01945316,0.1502063,0.1445829,-0.4801002,-0.2001687,0.8417435,65.35063,0.2678067,-0.8892759,-0.3707668,0.1003399,1.099855,0.3014734,1.14483,0.4996267,-0.7716846,0.1616333,0.3588186,137.9447,0.5352719,-0.8267394,0.1731648,0.1153816,-0.08318697,0.02417618,0.1442826,0.4028526,-0.2770258,-0.6261667,0.6073566,105.2028,0.5070967,-0.3487103,-0.7881967,-0.4791943,-0.2120052,-0.3369338,0.6229749,0.5053126,0.1457617,0.8496761,0.03825452,175.6153,0.5056826,0.1458684,0.8502983,-0.0003399476,0.0001449585,-0.001473367,0.001519009,0.006961399,0.03723496,0.006957137,0.9992582,4.414174,0.1807611,0.9668507,0.1806505,-0.0909408,1.201838,-0.04590897,1.206148,-0.00753553,-0.1035535,-0.1526142,-0.9828168,338.7263,-0.04082442,-0.5610106,-0.8268015,True,True,False,True
1772879696925,22.54159,0.1734973,1.070569,0.1805891,1.099468,-0.3688125,-0.7472199,0.1502914,0.5320267,115.715,-0.4355739,-0.8824797,0.1774968,-0.1047632,0.6347071,-0.05835934,0.6459367,0.5174066,0.260975,-0.7613986,0.2906113,146.2109,0.5407444,0.2727464,-0.7957417,0.08813637,1.091017,0.2833504,1.130652,0.1116976,1.119788,0.3167817,1.169082,0.1211661,1.104063,0.3252959,1.157348,-0.01491169,0.6452787,0.02789399,0.6460534,-0.003549893,0.642684,0.07456407,0.6470047,-0.02281236,0.6327263,0.1067515,0.6420739,0.09866817,-0.08284298,0.04081854,0.1351463,0.1381878,-0.07460889,0.01130682,0.157449,0.1312987,-0.08689497,-0.003220052,0.1574816,-0.1094326,0.04834317,-0.03622326,0.1249988,-0.1561952,0.05373039,-0.02631558,0.1672615,-0.1790252,0.04381126,0.003460661,0.1843406,0.09866547,-0.08339112,0.04029807,0.1353251,0.1382517,-0.07447878,0.0111248,0.1574305,0.1310534,-0.08676137,-0.00319847,0.157203,-0.1095671,0.047996,-0.0364414,0.1250462,-0.1563528,0.05349079,-0.02627663,0.1673258,-0.1789843,0.0438579,0.00338565,0.1843105,0.1114579,-0.08273367,0.02677892,0.1413677,-0.3114583,0.8962458,-0.1339862,0.2859804,146.7651,-0.3250332,0.9353086,-0.139826,-0.1414342,0.04672969,-0.01943328,0.1502164,0.1448555,-0.4801309,-0.2001609,0.8416809,65.3639,0.2682633,-0.8891723,-0.3706854,0.1002257,1.099687,0.3014749,1.144659,0.4988197,-0.7725801,0.1597612,0.3588526,137.9405,0.5344148,-0.8277104,0.1711616,0.1153775,-0.0832168,0.0242013,0.1443007,0.4029496,-0.2771424,-0.625872,0.6075427,105.1759,0.5073098,-0.3489197,-0.7879671,-0.4789678,-0.2118525,-0.337073,0.6228241,0.5049194,0.1461422,0.8498412,0.03832915,175.6067,0.5052906,0.1462497,0.8504661,-0.0002256557,0.000312686,-0.001474887,0.001524462,0.005748098,0.03670439,0.008747471,0.9992715,4.374803,0.1505999,0.961653,0.2291833,-0.09098534,1.201918,-0.04590302,1.20623,-0.006959775,-0.1033971,-0.1525211,-0.982852,338.7481,-0.03774357,-0.5607328,-0.8271372,True,True,False,True
1772879696938,22.55623,0.1734357,1.070552,0.1806593,1.099454,-0.3682465,-0.7472971,0.1505657,0.5322326,115.6871,-0.434972,-0.8827059,0.177848,-0.1046894,0.6348652,-0.05822203,0.6460677,0.5174882,0.2611981,-0.7612767,0.2905842,146.2141,0.5408252,0.2729773,-0.7956077,0.08796854,1.090859,0.2833562,1.130488,0.1116356,1.119557,0.3168331,1.168869,0.1211249,1.103708,0.3253072,1.157008,-0.01482707,0.6454102,0.02803564,0.6461889,-0.003484871,0.6427729,0.07472172,0.6471109,-0.0227739,0.6328468,0.1069165,0.6422186,0.0986024,-0.08282849,0.04099616,0.1351432,0.1380745,-0.07463811,0.01134345,0.1573661,0.1310726,-0.08699733,-0.003192335,0.1573492,-0.1094287,0.04836345,-0.03623744,0.1250073,-0.1561979,0.05375403,-0.02629898,0.167269,-0.1790426,0.04377996,0.0034623,0.18435,0.09866081,-0.08334955,0.04034965,0.1353115,0.1382386,-0.07449055,0.01114096,0.1574257,0.1310549,-0.0867788,-0.003198017,0.1572138,-0.1095569,0.04802315,-0.03642633,0.1250433,-0.1563414,0.05351024,-0.02627828,0.1673216,-0.1789886,0.04385214,0.003391314,0.1843134,0.1114506,-0.0827159,0.02681136,0.1413577,-0.3113388,0.8963515,-0.1343738,0.2855974,146.8109,-0.3248698,0.9353074,-0.1402137,-0.1414414,0.04674245,-0.01941731,0.150225,0.1451404,-0.4801372,-0.2002167,0.841615,65.37789,0.2687398,-0.8890146,-0.3707182,0.1002077,1.099584,0.3015333,1.144573,0.4989348,-0.7723811,0.1598592,0.3590774,137.9129,0.5345876,-0.8275738,0.1712824,0.1152912,-0.08319294,0.02432843,0.1442394,0.4006993,-0.2769595,-0.6262672,0.6087059,105.008,0.5050433,-0.3490811,-0.7893501,-0.4785618,-0.2117123,-0.3370284,0.62244,0.5056651,0.1441832,0.8497021,0.03899121,175.5308,0.5060499,0.1442929,0.8503488,-0.0002077147,0.0004162788,-0.0015333,0.001602324,0.005921256,0.03649252,0.008552387,0.9992799,4.349318,0.1560459,0.9617059,0.2253854,-0.09104478,1.202025,-0.04588717,1.206341,-0.006364701,-0.1033277,-0.152759,-0.9828263,338.7322,-0.03449088,-0.559942,-0.8278149,True,True,False,True
1772879696952,22.57009,0.1734103,1.07059,0.1806748,1.09949,-0.3677831,-0.747361,0.1507818,0.5324021,115.6642,-0.4344793,-0.8828924,0.1781256,-0.1046638,0.6348777,-0.05821297,0.646075,0.5175956,0.2614147,-0.7611706,0.2904764,146.2271,0.5409188,0.2731942,-0.7954695,0.08787579,1.090787,0.2833649,1.130413,0.1116268,1.119423,0.3168365,1.16874,0.1211253,1.103599,0.3253678,1.156921,-0.01481051,0.6454042,0.02806095,0.6461837,-0.003482912,0.6427209,0.07476605,0.6470644,-0.02277245,0.6327844,0.1069423,0.6421614,0.09858134,-0.08283289,0.0411066,0.1351641,0.1379841,-0.07465417,0.01135743,0.1572954,0.1310434,-0.08704495,-0.003192365,0.1573511,-0.1094347,0.04834633,-0.03625303,0.1250104,-0.1562156,0.05374183,-0.02628712,0.1672797,-0.1790518,0.04376398,0.003463179,0.1843551,0.09865412,-0.08330603,0.04041342,0.1352988,0.1382171,-0.07450433,0.01115919,0.1574147,0.1310539,-0.08680122,-0.003197541,0.1572253,-0.1095466,0.04805037,-0.03641173,0.1250404,-0.1563308,0.05352975,-0.02627903,0.167318,-0.1789939,0.04384471,0.003397367,0.1843169,0.1114392,-0.08269899,0.02685152,0.1413465,-0.3113103,0.8964465,-0.1348221,0.2851186,146.8681,-0.3247916,0.9352674,-0.1406606,-0.1414486,0.04675458,-0.01940154,0.1502336,0.1454505,-0.4801345,-0.2002971,0.8415439,65.39298,0.2692587,-0.8888273,-0.3707909,0.1001774,1.099537,0.3016004,1.144543,0.4985099,-0.7725437,0.159159,0.3596287,137.8452,0.5342538,-0.8279363,0.1705709,0.1152679,-0.08322651,0.02434499,0.1442429,0.400708,-0.2768807,-0.6259862,0.6090252,104.9619,0.5052103,-0.3490895,-0.7892397,-0.4783646,-0.2117259,-0.3371661,0.6223677,0.5051962,0.1442903,0.8499644,0.0389581,175.5346,0.5055799,0.1443999,0.8506102,-0.0001773983,0.0004634857,-0.001600385,0.001675566,0.005815067,0.03583848,0.009301959,0.9992976,4.295708,0.1551571,0.9562394,0.2481941,-0.09106652,1.202104,-0.04588943,1.206421,-0.005972436,-0.1033333,-0.1527311,-0.9828326,338.7361,-0.03237097,-0.5600729,-0.827812,True,True,False,True
1772879696967,22.58437,0.1734252,1.070589,0.1807185,1.099498,-0.3674699,-0.7474152,0.1509378,0.5324981,115.6512,-0.4341402,-0.8830194,0.1783226,-0.1046237,0.6348273,-0.05822032,0.6460197,0.5176874,0.2615733,-0.7611209,0.2903006,146.2481,0.5409846,0.2733448,-0.7953731,0.08780612,1.090723,0.2833729,1.130348,0.1116633,1.119407,0.3169338,1.168755,0.1211439,1.103501,0.3254145,1.156843,-0.01478013,0.645312,0.0280666,0.6460911,-0.003449675,0.642607,0.07480197,0.6469551,-0.02273737,0.6326456,0.1069386,0.6420228,0.09856193,-0.08282451,0.04122597,0.1351811,0.1380361,-0.07463046,0.01134399,0.1573288,0.1310083,-0.08706461,-0.00317499,0.1573325,-0.1094404,0.04832953,-0.03625289,0.1250089,-0.1562525,0.0537223,-0.02628108,0.167307,-0.1790555,0.04375778,0.003463544,0.1843573,0.09864673,-0.08326744,0.04047852,0.1352891,0.1382026,-0.07451443,0.011174,0.1574078,0.1310502,-0.08682233,-0.003195734,0.1572339,-0.1095381,0.04807274,-0.036399,0.1250379,-0.1563245,0.05354518,-0.02627919,0.1673172,-0.1789989,0.04383775,0.00340267,0.1843202,0.1114285,-0.08268342,0.02689345,0.1413369,-0.3113007,0.8965409,-0.1352143,0.2846461,146.9246,-0.3247341,0.9352288,-0.1410491,-0.1414537,0.04676424,-0.01938883,0.1502397,0.1457025,-0.4801371,-0.2003459,0.8414872,65.405,0.269681,-0.8886869,-0.3708208,0.1001731,1.099423,0.3016904,1.144457,0.4991696,-0.7723683,0.1594677,0.3589526,137.9282,0.5348117,-0.8275176,0.1708542,0.1152928,-0.08323176,0.02440682,0.1442763,0.39996,-0.2763162,-0.6260101,0.6097483,104.8574,0.5046208,-0.3486221,-0.7898232,-0.4782127,-0.2119445,-0.3372855,0.62239,0.5049098,0.1434817,0.8502578,0.03925667,175.5004,0.5052993,0.1435924,0.8509136,-0.0001730844,0.0005774498,-0.001690358,0.001794635,0.005473434,0.03634821,0.008500739,0.9992881,4.324407,0.1450753,0.9634221,0.2253151,-0.09104758,1.202118,-0.04592279,1.206436,-0.005972746,-0.1035555,-0.1529115,-0.9827811,338.7041,-0.03232466,-0.5604452,-0.8275611,True,True,False,True
1772879696980,22.59847,0.1734243,1.070563,0.1808445,1.099493,-0.3672029,-0.7474781,0.1510863,0.5325519,115.6439,-0.4338422,-0.8831291,0.1785052,-0.1044674,0.6346182,-0.05817103,0.6457845,0.5177953,0.2617177,-0.7611313,0.2899503,146.29,0.5410373,0.2734652,-0.7952958,0.08781175,1.090611,0.2835142,1.130276,0.1116735,1.119379,0.3171104,1.168777,0.1211036,1.10341,0.3255131,1.156779,-0.01467825,0.6449275,0.02818317,0.6457099,-0.003275324,0.6422774,0.074862,0.6466338,-0.02253887,0.6322628,0.1069495,0.6416404,0.09854285,-0.08283844,0.04122621,0.1351758,0.1380922,-0.07461095,0.01132901,0.1573677,0.1309754,-0.08706963,-0.003116652,0.1573067,-0.109473,0.04832917,-0.03612999,0.1250017,-0.1562703,0.05371351,-0.02628192,0.1673209,-0.1790313,0.04379986,0.003460959,0.1843437,0.09863818,-0.08323212,0.04054008,0.1352796,0.1381935,-0.07452238,0.01118676,0.1574045,0.1310441,-0.08684269,-0.003189223,0.1572399,-0.1095327,0.04809386,-0.03637685,0.1250349,-0.15632,0.05355904,-0.02627942,0.1673175,-0.1790015,0.04383463,0.003407469,0.1843221,0.1114177,-0.08266846,0.02693518,0.1413276,-0.3113017,0.8966204,-0.1355897,0.2842157,146.9761,-0.3246919,0.9351872,-0.1414219,-0.1414593,0.04677491,-0.01937204,0.1502461,0.1458681,-0.4801982,-0.2002811,0.8414391,65.41521,0.2699502,-0.8886766,-0.3706493,0.1001544,1.099407,0.3017252,1.144449,0.4990561,-0.7721791,0.1598158,0.3593627,137.8779,0.5347805,-0.8274547,0.1712561,0.1152357,-0.08322332,0.02443282,0.1442302,0.4001465,-0.2769917,-0.6260422,0.6092861,104.9242,0.5046299,-0.3493178,-0.7895099,-0.4779435,-0.2125024,-0.3373927,0.6224316,0.5050086,0.1446126,0.8500179,0.03902772,175.5266,0.5053936,0.1447229,0.850666,-0.0001543611,0.0005931854,-0.001725197,0.001830847,0.006016772,0.03616047,0.008413639,0.9992926,4.310808,0.1599765,0.9614503,0.2237055,-0.09105163,1.202131,-0.04593544,1.206449,-0.005900541,-0.103637,-0.1529016,-0.9827745,338.7,-0.03192781,-0.5607796,-0.8273503,True,True,False,True
1772879696995,22.61148,0.1734256,1.0706,0.1808708,1.099534,-0.3672029,-0.7474781,0.1510863,0.5325519,115.6439,-0.4338422,-0.8831291,0.1785052,-0.1043952,0.6345333,-0.05816741,0.645689,0.5179033,0.2617695,-0.7611207,0.2897384,146.3154,0.5411139,0.2735011,-0.7952315,0.08786513,1.090533,0.2835645,1.130218,0.1116745,1.119422,0.3171498,1.168828,0.1210896,1.103423,0.3255441,1.156799,-0.01461474,0.6447701,0.02820321,0.6455521,-0.00320575,0.6421223,0.0748812,0.6464816,-0.02247692,0.6320961,0.1069593,0.6414756,0.09846892,-0.08291207,0.04115058,0.135144,0.1381048,-0.07461558,0.01132503,0.1573807,0.1309642,-0.08709493,-0.003108621,0.1573112,-0.1094773,0.04833031,-0.03611267,0.1250009,-0.1562808,0.05370471,-0.02628622,0.1673286,-0.179035,0.04379333,0.003461286,0.1843458,0.0986244,-0.08320606,0.04058978,0.1352684,0.1381863,-0.07452997,0.01119802,0.1574026,0.1310376,-0.08686323,-0.003182662,0.1572457,-0.1095282,0.0481131,-0.03635535,0.1250321,-0.1563168,0.0535709,-0.02627997,0.1673184,-0.1790043,0.04383127,0.00341185,0.184324,0.1114048,-0.0826587,0.02696926,0.1413182,-0.3113181,0.896663,-0.1359271,0.283902,147.0135,-0.3246775,0.935141,-0.14176,-0.1414647,0.0467844,-0.01935618,0.1502522,0.1460098,-0.4802632,-0.2001955,0.8413978,65.42396,0.2701803,-0.8886912,-0.3704469,0.1001751,1.099278,0.3018721,1.144366,0.4991192,-0.7713828,0.1650987,0.3585958,137.972,0.5346792,-0.8263404,0.1768612,0.1152072,-0.0832727,0.02443888,0.144237,0.4005254,-0.276695,-0.6257645,0.6094574,104.8995,0.5051915,-0.3490016,-0.7892905,-0.4777844,-0.2128348,-0.3374823,0.6224716,0.5043671,0.1448109,0.8503749,0.03881193,175.5514,0.5047473,0.1449201,0.851016,-0.0001750886,0.0007221699,-0.001872092,0.002014179,0.009701262,0.03913706,0.005828294,0.9991698,4.669626,0.2381345,0.9606878,0.1430657,-0.09114192,1.202185,-0.0459095,1.206509,-0.005927597,-0.1039649,-0.153009,-0.982723,338.6681,-0.0320268,-0.561722,-0.8267075,True,True,False,True
1772879697008,22.62584,0.1733691,1.070612,0.1810091,1.099559,-0.3672029,-0.7474781,0.1510863,0.5325519,115.6439,-0.4338422,-0.8831291,0.1785052,-0.104176,0.6338139,-0.05830041,0.6449586,0.5179033,0.2617695,-0.7611207,0.2897384,146.3154,0.5411139,0.2735011,-0.7952315,0.08797124,1.090328,0.2837813,1.130082,0.1116165,1.119441,0.3172911,1.16888,0.1210424,1.103527,0.325778,1.156959,-0.01433094,0.6440455,0.02803362,0.6448146,-0.002947431,0.6413392,0.07471018,0.6456828,-0.02228521,0.631412,0.1068577,0.6407779,0.09834228,-0.08304574,0.04093693,0.135069,0.1381126,-0.07461268,0.01132657,0.1573863,0.1310935,-0.08708711,-0.00313881,0.1574151,-0.1094611,0.04838348,-0.03616217,0.1250216,-0.1562458,0.05378056,-0.02627908,0.1673191,-0.1790625,0.0437461,0.003464349,0.1843613,0.09860309,-0.08319396,0.040616,0.1352533,0.1381807,-0.07453622,0.01120773,0.1574013,0.1310418,-0.08688014,-0.003179349,0.1572585,-0.1095232,0.04813353,-0.03634075,0.1250312,-0.1563115,0.05358673,-0.0262799,0.1673184,-0.1790087,0.04382484,0.003415816,0.1843268,0.1113891,-0.08265669,0.02698843,0.1413083,-0.3113959,0.8966078,-0.1362151,0.2838533,147.0194,-0.3247538,0.9350693,-0.1420582,-0.1414715,0.04679335,-0.01934312,0.1502596,0.146265,-0.4802686,-0.2002743,0.8413316,65.43799,0.2706009,-0.8885319,-0.370522,0.1001543,1.09925,0.301965,1.144362,0.4990724,-0.7707598,0.1655314,0.3597993,137.8243,0.5348944,-0.8260828,0.1774127,0.1151007,-0.08334423,0.02434233,0.1441769,0.4043466,-0.2787936,-0.62259,0.6092288,104.9325,0.5098983,-0.3515707,-0.7851127,-0.4780892,-0.2134141,-0.337677,0.6230093,0.5027937,0.1480264,0.850926,0.03481,176.0103,0.5030985,0.1481162,0.8514419,-0.0001542941,0.0007501841,-0.001964986,0.00210897,0.01075083,0.03821813,0.005546887,0.9991963,4.594924,0.2681846,0.9533698,0.1383698,-0.09122822,1.202276,-0.0458708,1.206604,-0.005855375,-0.1040338,-0.1528571,-0.9827397,338.6785,-0.03165179,-0.5623643,-0.8262835,True,True,False,True
1772879697021,22.63918,0.1733531,1.070643,0.1810297,1.099591,-0.3670667,-0.7474779,0.1513315,0.5325764,115.6406,-0.4336892,-0.8831449,0.1787982,-0.1041064,0.633306,-0.05836465,0.6444541,0.5181375,0.2617521,-0.7610256,0.2895852,146.3337,0.5413323,0.2734696,-0.7950935,0.08792102,1.09033,0.2837913,1.130083,0.1116112,1.119464,0.3173299,1.168911,0.1210464,1.103537,0.3258211,1.156981,-0.01422494,0.643508,0.02796441,0.6442723,-0.00292759,0.6407633,0.0746976,0.6451092,-0.02228068,0.6308265,0.106824,0.6401951,0.09832318,-0.08305581,0.04099309,0.1350783,0.1381156,-0.07462663,0.01132244,0.1573952,0.1310853,-0.08711635,-0.003147215,0.1574246,-0.1094449,0.04841662,-0.03623676,0.1250419,-0.1562563,0.05377432,-0.02627962,0.167327,-0.1790622,0.043745,0.003464177,0.1843608,0.09857993,-0.08318253,0.0406472,0.1352388,0.1381754,-0.0745437,0.01121722,0.1574008,0.1310454,-0.08689968,-0.00317669,0.1572722,-0.1095167,0.04815695,-0.03633215,0.1250321,-0.1563069,0.05360226,-0.02627988,0.1673191,-0.1790131,0.04381823,0.003419817,0.1843296,0.1113717,-0.0826559,0.0270108,0.1412984,-0.3114839,0.8965556,-0.1365127,0.2837783,147.0283,-0.3248381,0.9349932,-0.1423654,-0.1414763,0.04680372,-0.01933369,0.1502661,0.1465216,-0.4802485,-0.2003339,0.8412842,65.44804,0.2710386,-0.8883734,-0.3705816,0.1001269,1.099269,0.3020291,1.144395,0.4987384,-0.7717431,0.1637318,0.358977,137.9252,0.5343551,-0.8268561,0.1754245,0.1151092,-0.08342414,0.02433186,0.1442281,0.4049553,-0.2778329,-0.6222567,0.6096038,104.8783,0.5108516,-0.3504866,-0.7849776,-0.4781062,-0.213937,-0.3380964,0.623429,0.5013382,0.148196,0.8517447,0.0350591,175.9817,0.5016466,0.1482872,0.8522686,-0.0001268908,0.0007309914,-0.002029061,0.002160449,0.008959652,0.0383389,0.006877332,0.9992011,4.581274,0.224169,0.9592328,0.1720697,-0.09122637,1.202343,-0.04587183,1.206671,-0.005711446,-0.1042661,-0.1527862,-0.982727,338.6706,-0.03086248,-0.5634142,-0.8255982,True,True,False,True
1772879697036,22.6539,0.173351,1.070592,0.1812025,1.099569,-0.3670667,-0.7474779,0.1513315,0.5325764,115.6406,-0.4336892,-0.8831449,0.1787982,-0.1041,0.632885,-0.05839768,0.6440423,0.5181375,0.2617521,-0.7610256,0.2895852,146.3337,0.5413323,0.2734696,-0.7950935,0.08787967,1.090304,0.283943,1.130093,0.1116095,1.119412,0.3174593,1.168897,0.1210484,1.103417,0.3259256,1.156897,-0.01426966,0.6429726,0.02792376,0.6437368,-0.002904382,0.6402899,0.0746078,0.6446285,-0.02219168,0.6303537,0.1067155,0.6397082,0.09833295,-0.08304091,0.04104105,0.1350908,0.1380857,-0.07459992,0.0113389,0.1573575,0.1309894,-0.08711945,-0.003135726,0.1573462,-0.1094033,0.04846048,-0.03612684,0.1249906,-0.156199,0.05382831,-0.02627225,0.1672897,-0.1790069,0.04384718,0.003423035,0.1843306,0.09856082,-0.08317157,0.04067768,0.1352273,0.1381684,-0.07454805,0.01122664,0.1573974,0.131041,-0.08691669,-0.00317352,0.1572779,-0.1095079,0.04818044,-0.03631626,0.1250288,-0.1562986,0.05361975,-0.02627929,0.1673168,-0.1790126,0.04382047,0.003420066,0.1843297,0.1113576,-0.08265395,0.02703089,0.1412899,-0.311555,0.8965369,-0.1367536,0.2836431,147.0445,-0.3248986,0.9349347,-0.1426106,-0.141476,0.04681798,-0.01932292,0.150269,0.1467044,-0.4802962,-0.2003403,0.8412237,65.46088,0.2713294,-0.8883067,-0.3705289,0.1001898,1.099295,0.3022392,1.144481,0.4986708,-0.7713738,0.1654848,0.3590608,137.9149,0.5343012,-0.8264889,0.1773088,0.1150887,-0.08331884,0.02440849,0.1441639,0.4029816,-0.2782601,-0.623202,0.6097512,104.857,0.5084346,-0.3510758,-0.7862826,-0.4782622,-0.2142767,-0.3383507,0.6238032,0.502887,0.1469399,0.8510199,0.03576004,175.9013,0.5032087,0.1470339,0.8515643,-0.000189811,0.0007045269,-0.002239168,0.00235505,0.01040444,0.03904333,0.006079702,0.9991649,4.683688,0.2546282,0.9555088,0.1487888,-0.09120355,1.202407,-0.04588007,1.206734,-0.00575409,-0.1043432,-0.1529518,-0.9826929,338.6495,-0.03106251,-0.5632796,-0.8256852,True,True,False,True
1772879697049,22.66819,0.1733972,1.070611,0.1813606,1.09962,-0.3670667,-0.7474779,0.1513315,0.5325764,115.6406,-0.4336892,-0.8831449,0.1787982,-0.1042814,0.6327342,-0.05844909,0.6439282,0.5181375,0.2617521,-0.7610256,0.2895852,146.3337,0.5413323,0.2734696,-0.7950935,0.08798643,1.090376,0.284125,1.130216,0.1116668,1.11951,0.317663,1.169051,0.1211052,1.103527,0.3261408,1.157068,-0.01445314,0.6428899,0.02782911,0.6436542,-0.003052142,0.6400827,0.07453266,0.6444147,-0.02226238,0.6302741,0.1066034,0.6396134,0.09837724,-0.08299567,0.0409856,0.1350784,0.138171,-0.07456978,0.01132415,0.157417,0.1310915,-0.08708802,-0.0031524,0.1574143,-0.1093736,0.04841589,-0.03618721,0.1249648,-0.1561771,0.0538938,-0.02626204,0.1672888,-0.1789945,0.04388254,0.003283039,0.1843244,0.09854528,-0.08315668,0.04070374,0.1352146,0.1381686,-0.07454989,0.01123489,0.1573991,0.1310453,-0.08693119,-0.003171733,0.1572894,-0.1094965,0.04820037,-0.03630534,0.1250234,-0.1562883,0.05364294,-0.02627783,0.1673144,-0.1790111,0.04382572,0.00340847,0.1843293,0.1113482,-0.08264861,0.02704798,0.1412828,-0.3116153,0.8965039,-0.1370222,0.2835517,147.0554,-0.3249523,0.9348741,-0.1428867,-0.1414689,0.04683223,-0.01932197,0.1502665,0.1469965,-0.4803472,-0.2005956,0.8410827,65.49075,0.2717594,-0.8880411,-0.3708507,0.1001688,1.099348,0.3022898,1.144543,0.4984704,-0.7721866,0.1640237,0.3582614,138.0131,0.5339107,-0.8270877,0.1756855,0.1151272,-0.08333902,0.02437449,0.1442005,0.4043427,-0.2786341,-0.6220949,0.6098098,104.8485,0.5101808,-0.3515676,-0.7849305,-0.4786103,-0.2142517,-0.3385449,0.6241668,0.5020841,0.1478818,0.8513822,0.03451185,176.0444,0.5023834,0.1479699,0.8518897,-0.0001687557,0.0006523132,-0.002289772,0.002386849,0.00885339,0.03923658,0.007095441,0.9991656,4.681515,0.21677,0.9606843,0.1737276,-0.09118985,1.202441,-0.0459096,1.206768,-0.005815589,-0.1045722,-0.1532199,-0.9826264,338.6084,-0.03133488,-0.5634439,-0.8255616,True,True,False,True
1772879697063,22.68141,0.1733948,1.070613,0.1814922,1.099644,-0.3670667,-0.7474779,0.1513315,0.5325764,115.6406,-0.4336892,-0.8831449,0.1787982,-0.1043866,0.6327369,-0.05847753,0.6439505,0.5181375,0.2617521,-0.7610256,0.2895852,146.3337,0.5413323,0.2734696,-0.7950935,0.08790857,1.090433,0.2842194,1.130289,0.1116655,1.119518,0.3177783,1.169091,0.1210984,1.103485,0.3262374,1.157054,-0.01452171,0.6430027,0.02777023,0.6437659,-0.00314707,0.6401196,0.07452121,0.6444504,-0.02241391,0.6303818,0.1066508,0.6397328,0.09840363,-0.08296388,0.04107761,0.1351061,0.1381641,-0.07455505,0.0113305,0.1574044,0.1310368,-0.08709846,-0.003142208,0.1573742,-0.1093744,0.0483684,-0.03629727,0.124979,-0.1562019,0.05387568,-0.0262868,0.1673099,-0.17907,0.04376901,0.00326401,0.1843704,0.09853362,-0.0831408,0.04073454,0.1352057,0.1381683,-0.07455032,0.01124277,0.1573996,0.1310446,-0.08694497,-0.003169301,0.1572964,-0.1094865,0.04821421,-0.03630468,0.1250197,-0.1562812,0.05366212,-0.02627857,0.1673141,-0.1790159,0.04382105,0.003396569,0.1843327,0.1113411,-0.08264209,0.02706748,0.1412771,-0.3116741,0.8965002,-0.1372627,0.2833826,147.0756,-0.3249967,0.9348214,-0.1431301,-0.1414659,0.04683883,-0.019326,0.1502664,0.1473695,-0.4803392,-0.2009711,0.8409323,65.5226,0.2723314,-0.8876425,-0.3713844,0.1001443,1.099474,0.3024291,1.144699,0.4982002,-0.7723627,0.1651352,0.3577469,138.0762,0.5335085,-0.8271015,0.1768386,0.1151104,-0.08326191,0.02443103,0.1441521,0.4027273,-0.2790979,-0.6229007,0.6098441,104.8435,0.5081596,-0.3521645,-0.7859734,-0.4787178,-0.214234,-0.3386072,0.624277,0.5034413,0.146946,0.8507194,0.03507566,175.9798,0.5037513,0.1470365,0.8512432,-0.0001443401,0.0005260706,-0.002429128,0.002489628,0.009507746,0.04030075,0.006892512,0.9991187,4.811653,0.2264974,0.9600607,0.1641962,-0.09118318,1.202466,-0.04594242,1.206793,-0.005935616,-0.1046976,-0.1531423,-0.9826244,338.6071,-0.03197974,-0.564087,-0.8250958,True,True,False,True
1772879697076,22.69526,0.1733526,1.070744,0.1816779,1.099796,-0.3670667,-0.7474779,0.1513315,0.5325764,115.6406,-0.4336892,-0.8831449,0.1787982,-0.1045191,0.6327794,-0.05839247,0.644006,0.5181375,0.2617521,-0.7610256,0.2895852,146.3337,0.5413323,0.2734696,-0.7950935,0.08795457,1.090611,0.2844218,1.130515,0.1116225,1.119642,0.3179305,1.169247,0.1210622,1.103628,0.3264181,1.157238,-0.01471732,0.6430102,0.02785554,0.6437815,-0.003220599,0.6402157,0.07456614,0.6445515,-0.02261155,0.630483,0.1068074,0.6398655,0.09843298,-0.08290879,0.04099865,0.1350697,0.138136,-0.07453972,0.01134293,0.1573734,0.1310403,-0.08708537,-0.003143862,0.15737,-0.1093501,0.04834778,-0.03623264,0.124931,-0.1561907,0.05388433,-0.02637502,0.1673161,-0.179128,0.04367482,0.00328777,0.1844048,0.0985259,-0.083123,0.0407548,0.1351952,0.1381658,-0.0745495,0.01125045,0.1573975,0.1310443,-0.08695574,-0.003167349,0.1573021,-0.109476,0.04822446,-0.03629915,0.1250129,-0.1562742,0.05367916,-0.02628597,0.1673142,-0.1790245,0.04380983,0.003388222,0.1843382,0.1113374,-0.0826336,0.02707884,0.1412713,-0.3117187,0.8964919,-0.1375052,0.2832421,147.0924,-0.3250291,0.9347723,-0.1433767,-0.1414702,0.04684073,-0.01932394,0.1502707,0.1477373,-0.4803512,-0.2012933,0.8407839,65.55402,0.2728947,-0.8872867,-0.3718215,0.1001121,1.09954,0.30244,1.144762,0.4989772,-0.7720764,0.1641442,0.3577379,138.0773,0.5343387,-0.8267919,0.1757768,0.1150719,-0.08323007,0.02443195,0.1441031,0.4031987,-0.2799433,-0.6220935,0.6099691,104.8255,0.5088161,-0.3532741,-0.7850502,-0.478815,-0.2142206,-0.338717,0.6244065,0.5034726,0.1474,0.8506703,0.03389475,176.1152,0.503762,0.1474847,0.8511593,-0.0001121387,0.0004599094,-0.002439946,0.002485443,0.008497269,0.03958073,0.006536584,0.9991589,4.700208,0.2072229,0.9652553,0.1594077,-0.09119449,1.20249,-0.04598253,1.206819,-0.005773923,-0.1046254,-0.1531692,-0.9826288,338.6099,-0.03111256,-0.5637701,-0.8253462,True,True,False,True
1772879697090,22.70857,0.1733098,1.070835,0.1817199,1.099885,-0.3670667,-0.7474779,0.1513315,0.5325764,115.6406,-0.4336892,-0.8831449,0.1787982,-0.1045312,0.6327909,-0.05835037,0.6440154,0.5181375,0.2617521,-0.7610256,0.2895852,146.3337,0.5413323,0.2734696,-0.7950935,0.08800729,1.090723,0.2845093,1.130649,0.1115741,1.119691,0.3179515,1.169294,0.1210208,1.103652,0.3263803,1.157246,-0.01473966,0.6430497,0.02789978,0.6438234,-0.003224354,0.6402538,0.07461636,0.6445952,-0.0226449,0.6304952,0.1068659,0.6398885,0.09846353,-0.0828854,0.04089788,0.135047,0.1380923,-0.07455809,0.0113492,0.1573442,0.1309382,-0.08708123,-0.003125235,0.1572823,-0.1093538,0.04832083,-0.03624485,0.1249274,-0.1562053,0.05387094,-0.02639621,0.1673288,-0.1791372,0.04365758,0.003306217,0.18441,0.0985209,-0.08310398,0.04076625,0.1351833,0.1381599,-0.07455019,0.01125835,0.1573933,0.1310358,-0.08696578,-0.003163979,0.1573005,-0.1094662,0.04823217,-0.0362948,0.125006,-0.1562687,0.05369451,-0.02629479,0.1673153,-0.1790335,0.04379765,0.00338166,0.1843439,0.1113354,-0.08262401,0.02708304,0.1412649,-0.3116783,0.8965207,-0.1377256,0.283088,147.1108,-0.3249716,0.934758,-0.1435997,-0.1414756,0.04684082,-0.01932169,0.1502756,0.1480767,-0.4803559,-0.2015944,0.8406493,65.5825,0.2734162,-0.8869531,-0.3722339,0.100073,1.099547,0.3024685,1.144773,0.4986724,-0.7721595,0.1646689,0.3577426,138.0768,0.5340133,-0.8268824,0.176339,0.1150311,-0.08322389,0.02443026,0.1440666,0.4029118,-0.2795514,-0.6230956,0.6093151,104.92,0.5081316,-0.3525558,-0.785816,-0.4787889,-0.2142698,-0.3387524,0.6244226,0.5037439,0.1475632,0.8504314,0.03512381,175.9743,0.5040549,0.1476543,0.8509565,-7.300079E-05,0.0004533529,-0.002468467,0.002510814,0.009001055,0.03992087,0.006609293,0.9991406,4.751563,0.2171356,0.9630252,0.1594383,-0.09128971,1.202541,-0.04604021,1.20688,-0.005724389,-0.1044964,-0.1532561,-0.9826293,338.6102,-0.03084605,-0.5630822,-0.8258253,True,True,False,True
1772879697105,22.72245,0.1732826,1.070905,0.1817676,1.099957,-0.3670667,-0.7474779,0.1513315,0.5325764,115.6406,-0.4336892,-0.8831449,0.1787982,-0.1045499,0.6328178,-0.05833976,0.6440439,0.5181375,0.2617521,-0.7610256,0.2895852,146.3337,0.5413323,0.2734696,-0.7950935,0.08789957,1.090739,0.284491,1.130652,0.1115377,1.119692,0.3179789,1.1693,0.1209839,1.103669,0.3264296,1.157272,-0.01474388,0.6431302,0.02788951,0.6439034,-0.003242959,0.6402806,0.0746271,0.6446231,-0.02266393,0.6305062,0.1068721,0.6399011,0.0983933,-0.0829127,0.0409876,0.1350398,0.1380315,-0.07459593,0.01135407,0.1573091,0.1309028,-0.08712278,-0.003125876,0.1572759,-0.1093475,0.04829591,-0.03629836,0.1249278,-0.1562054,0.05387109,-0.02639616,0.1673289,-0.1791303,0.04366881,0.003316075,0.1844061,0.09851106,-0.08308922,0.04078333,0.1351722,0.13815,-0.07455372,0.01126574,0.1573868,0.1310255,-0.0869779,-0.003161039,0.1572986,-0.1094571,0.04823709,-0.03629508,0.125,-0.1562638,0.05370814,-0.02630262,0.1673164,-0.179041,0.04378771,0.003376599,0.1843487,0.1113275,-0.08261826,0.02709222,0.1412572,-0.3116688,0.8965431,-0.1379282,0.2829292,147.1298,-0.3249458,0.9347357,-0.1438039,-0.1414795,0.04684025,-0.01932175,0.150279,0.1483683,-0.4803384,-0.2018935,0.8405361,65.60645,0.2738657,-0.8866331,-0.3726653,0.1000227,1.099532,0.3025331,1.144772,0.4983761,-0.7710394,0.1678635,0.3590842,137.9121,0.5339906,-0.8261387,0.1798592,0.1149749,-0.0832601,0.02443805,0.144044,0.4031309,-0.2797386,-0.6226196,0.609571,104.883,0.508534,-0.3528795,-0.7854105,-0.4787962,-0.214272,-0.3387194,0.624411,0.503579,0.1475778,0.8505502,0.03454621,176.0405,0.5038798,0.1476659,0.8510582,-2.270937E-05,0.0004675388,-0.002533048,0.002575935,0.0123729,0.04015955,0.005223771,0.9991032,4.853774,0.2921937,0.9483927,0.1233626,-0.0913771,1.202539,-0.04611672,1.206888,-0.005680577,-0.104433,-0.1535295,-0.9825937,338.5882,-0.03057889,-0.5621691,-0.8264586,True,True,False,True
1772879697119,22.73724,0.1732241,1.070915,0.1816823,1.099942,-0.3670454,-0.7475011,0.1515522,0.5324958,115.6515,-0.4336381,-0.8831195,0.1790481,-0.1046181,0.6330765,-0.05824145,0.6443003,0.5181375,0.2617521,-0.7610256,0.2895852,146.3337,0.5413323,0.2734696,-0.7950935,0.08782678,1.090651,0.2844304,1.130546,0.111478,1.119817,0.3179471,1.169405,0.1209252,1.103847,0.3264627,1.157445,-0.01480806,0.6434696,0.02796189,0.6442471,-0.003321532,0.6405144,0.0747211,0.6448666,-0.02271286,0.6307403,0.1069486,0.6401463,0.09833883,-0.08300917,0.04096784,0.1350534,0.1381378,-0.0745764,0.01133141,0.1573915,0.1310847,-0.08710848,-0.003159776,0.1574201,-0.109338,0.0482453,-0.03636575,0.1249195,-0.1561941,0.05388149,-0.02637358,0.1673182,-0.1791113,0.04370183,0.003313862,0.1843955,0.09849723,-0.0830828,0.04079814,0.1351627,0.138149,-0.07455554,0.01127101,0.1573872,0.1310303,-0.08698838,-0.003160937,0.1573083,-0.1094475,0.04823775,-0.03630075,0.1249935,-0.1562582,0.05372205,-0.02630831,0.1673165,-0.1790467,0.04378081,0.003371564,0.1843525,0.1113189,-0.08261728,0.02710207,0.1412517,-0.3117394,0.8964954,-0.1381075,0.2829151,147.1315,-0.325018,0.9346819,-0.1439902,-0.1414802,0.04683878,-0.01932533,0.1502797,0.1486462,-0.4802929,-0.2022755,0.8404211,65.63078,0.2742884,-0.8862574,-0.3732475,0.09998724,1.099574,0.302551,1.144814,0.4979701,-0.7716374,0.1667132,0.3588987,137.9348,0.5335147,-0.8267161,0.1786131,0.1150497,-0.08338268,0.02435654,0.1441608,0.4058088,-0.2793029,-0.6205766,0.6100771,104.8099,0.5121636,-0.3525029,-0.7832178,-0.4787236,-0.2140661,-0.3385512,0.6241935,0.5011095,0.1489807,0.8518384,0.03264321,176.2587,0.5013767,0.1490601,0.8522925,1.276284E-05,0.0004256964,-0.002551019,0.002586325,0.01148045,0.03999507,0.006251519,0.9991145,4.822867,0.2728558,0.950563,0.1485799,-0.09139355,1.20249,-0.04620199,1.206842,-0.005696675,-0.1042922,-0.1535979,-0.9825978,338.5907,-0.03066915,-0.5614772,-0.8269241,True,True,False,True
1772879697132,22.75076,0.1732111,1.070849,0.1817099,1.099881,-0.3670454,-0.7475011,0.1515522,0.5324958,115.6515,-0.4336381,-0.8831195,0.1790481,-0.1046325,0.6331924,-0.05820715,0.6444134,0.5181375,0.2617521,-0.7610256,0.2895852,146.3337,0.5413323,0.2734696,-0.7950935,0.08777094,1.09057,0.2844593,1.130471,0.1114774,1.119843,0.3179957,1.169443,0.1209241,1.103842,0.3265084,1.157453,-0.01484297,0.6436236,0.02800295,0.6444035,-0.003345292,0.6406571,0.07480301,0.645018,-0.0227422,0.6308821,0.107002,0.640296,0.09833593,-0.0830369,0.04100372,0.1350792,0.1382158,-0.07452136,0.01132718,0.1574336,0.1311382,-0.08707369,-0.003167793,0.1574455,-0.1093448,0.04820349,-0.03637711,0.1249126,-0.1562406,0.05385149,-0.02637083,0.1673515,-0.1791292,0.04367128,0.003311493,0.1844056,0.09848352,-0.0830789,0.04081562,0.1351555,0.1381547,-0.07455263,0.01127578,0.1573911,0.1310395,-0.08699563,-0.00316152,0.15732,-0.1094388,0.04823484,-0.03630724,0.1249867,-0.1562567,0.05373305,-0.02631363,0.1673195,-0.1790537,0.0437715,0.003366457,0.184357,0.1113121,-0.08261622,0.02711408,0.141248,-0.3118393,0.8964348,-0.1382458,0.2829294,147.1298,-0.3251236,0.9346228,-0.1441351,-0.1414801,0.0468344,-0.01933059,0.1502789,0.1489139,-0.4802481,-0.2026551,0.8403078,65.65471,0.2746934,-0.8858877,-0.373827,0.09995816,1.099606,0.3025522,1.144842,0.4974825,-0.771435,0.1675667,0.3596119,137.8473,0.5331491,-0.8267425,0.1795803,0.1151232,-0.08331183,0.02439829,0.1441856,0.4045741,-0.2792763,-0.621077,0.6104,104.7632,0.5107656,-0.3525799,-0.7840956,-0.4786895,-0.2140281,-0.3384914,0.6241218,0.5018442,0.1479511,0.8515677,0.03309802,176.2066,0.5021192,0.1480322,0.8520345,4.184246E-05,0.0003941059,-0.002552152,0.002582741,0.01270605,0.03988514,0.006289294,0.9991038,4.851999,0.300171,0.9422569,0.1485799,-0.09140092,1.202438,-0.04629758,1.206795,-0.005678303,-0.1041803,-0.153553,-0.9826168,338.6024,-0.03058681,-0.561179,-0.8271301,True,True,False,True
1772879697146,22.76439,0.173235,1.07094,0.1817023,1.099972,-0.3669996,-0.7475485,0.15181,0.5323874,115.6662,-0.433549,-0.8831043,0.1793383,-0.1046335,0.6333352,-0.05819391,0.6445527,0.5181375,0.2617521,-0.7610256,0.2895852,146.3337,0.5413323,0.2734696,-0.7950935,0.08777514,1.090583,0.2844175,1.130473,0.1114722,1.119906,0.3179732,1.169496,0.1209179,1.103891,0.3264813,1.157492,-0.0148557,0.6438231,0.02801793,0.6446037,-0.003350724,0.6408155,0.07483941,0.6451796,-0.02274046,0.6310266,0.1070138,0.6404402,0.09826089,-0.08308253,0.04100955,0.1350544,0.1381795,-0.07456729,0.01132271,0.1574232,0.1310814,-0.08712921,-0.003164366,0.1574289,-0.1093526,0.0481555,-0.03640869,0.1249101,-0.1562637,0.05383521,-0.02637129,0.1673679,-0.179129,0.04367222,0.003308184,0.1844055,0.09846609,-0.08307918,0.0408308,0.1351476,0.1381566,-0.07455378,0.01127946,0.1573936,0.1310427,-0.08700608,-0.003161743,0.1573285,-0.109432,0.04822863,-0.03631518,0.1249807,-0.1562573,0.05374105,-0.02631814,0.1673233,-0.1790596,0.04376373,0.003361896,0.1843608,0.1113013,-0.08261893,0.02712474,0.1412431,-0.3119179,0.8963824,-0.1383702,0.282948,147.1275,-0.3252075,0.9345735,-0.1442655,-0.1414791,0.04682881,-0.01933718,0.1502771,0.1491232,-0.4802021,-0.2030006,0.8402137,65.67463,0.2750054,-0.8855642,-0.3743634,0.09999944,1.099691,0.3025576,1.144928,0.4974215,-0.7713462,0.168061,0.3596558,137.8419,0.5330935,-0.8266624,0.1801133,0.1150889,-0.08339341,0.02441386,0.144208,0.4049835,-0.2788947,-0.620391,0.6110004,104.6763,0.5115815,-0.3523042,-0.7836876,-0.4786509,-0.2139696,-0.3383997,0.6240225,0.5009561,0.1478941,0.8521252,0.03245535,176.2802,0.50122,0.1479721,0.8525741,5.587935E-07,0.0003094673,-0.002557635,0.00257629,0.01313772,0.04008016,0.006106752,0.9990915,4.884966,0.3082789,0.9404879,0.143296,-0.09140758,1.202404,-0.04640217,1.206766,-0.005691671,-0.1039691,-0.1536257,-0.9826277,338.6092,-0.0306684,-0.5602163,-0.8277803,True,True,False,True
1772879697160,22.77902,0.1732558,1.07098,0.1816912,1.100013,-0.3669631,-0.7475956,0.1520501,0.5322779,115.681,-0.4334706,-0.8830881,0.1796073,-0.1046944,0.6335119,-0.05822911,0.6447394,0.5181375,0.2617521,-0.7610256,0.2895852,146.3337,0.5413323,0.2734696,-0.7950935,0.08781772,1.090638,0.2844177,1.130529,0.1114679,1.119951,0.3179125,1.169522,0.1209641,1.103995,0.3264963,1.1576,-0.01490026,0.6440819,0.02797189,0.6448612,-0.003412966,0.6410264,0.07485229,0.6453908,-0.02280925,0.6312149,0.1069877,0.6406237,0.09827455,-0.08307894,0.04097344,0.1350512,0.1381424,-0.07456767,0.01133253,0.1573915,0.1311214,-0.0871194,-0.003213435,0.1574577,-0.1093611,0.04811111,-0.03647994,0.1249213,-0.1563143,0.05380572,-0.02637864,0.1674069,-0.1791371,0.04365762,0.00330805,0.18441,0.09845098,-0.08307916,0.04084205,0.13514,0.1381555,-0.07455488,0.01128364,0.1573935,0.1310489,-0.08701503,-0.003165821,0.1573387,-0.1094265,0.04821935,-0.03632818,0.124976,-0.1562618,0.05374615,-0.02632291,0.1673299,-0.1790657,0.04375536,0.003357648,0.1843647,0.1112924,-0.08262166,0.02713086,0.1412389,-0.3119992,0.8963279,-0.138486,0.2829745,147.1244,-0.3252949,0.9345243,-0.1443875,-0.1414768,0.04682128,-0.01934754,0.1502739,0.1492983,-0.4801373,-0.2033333,0.8401391,65.69037,0.2752697,-0.8852565,-0.3748972,0.09999126,1.09973,0.3025503,1.144963,0.4970269,-0.7713911,0.1679366,0.360163,137.7796,0.5327822,-0.8268837,0.1800177,0.1151212,-0.0833813,0.02437512,0.1442203,0.4051053,-0.2789986,-0.6201563,0.6111103,104.6603,0.5117903,-0.3524733,-0.7834753,-0.4787037,-0.2138368,-0.3383873,0.6240107,0.5007187,0.1481181,0.8522397,0.03208356,176.3229,0.5009766,0.1481944,0.8526787,8.739531E-06,0.0002703667,-0.002550274,0.00256458,0.01344883,0.03970564,0.00654653,0.9990996,4.863603,0.3169657,0.9357932,0.1542904,-0.09142753,1.202397,-0.04649559,1.206764,-0.005666078,-0.1038325,-0.1537672,-0.9826201,338.6046,-0.03052392,-0.5593594,-0.8283647,True,True,False,True
1772879697175,22.79251,0.1732652,1.071034,0.1816603,1.100061,-0.3669631,-0.7475956,0.1520501,0.5322779,115.681,-0.4334706,-0.8830881,0.1796073,-0.1047105,0.633532,-0.05820116,0.6447593,0.5181375,0.2617521,-0.7610256,0.2895852,146.3337,0.5413323,0.2734696,-0.7950935,0.08780491,1.090693,0.2843713,1.13057,0.1114739,1.119979,0.3178791,1.169541,0.120995,1.104021,0.3264645,1.157619,-0.0149384,0.6440933,0.02801096,0.6448752,-0.003422264,0.6410315,0.07486221,0.6453971,-0.02281572,0.6312212,0.1070045,0.640633,0.09826889,-0.08307674,0.0409998,0.1350537,0.1381236,-0.07458433,0.01133247,0.1573829,0.1310974,-0.08712972,-0.003237203,0.1574439,-0.1093636,0.04810044,-0.03645626,0.1249124,-0.1562968,0.05382285,-0.02637842,0.167396,-0.1791272,0.04367526,0.003307894,0.1844045,0.09843566,-0.08307896,0.04085533,0.1351327,0.1381528,-0.07455736,0.01128775,0.1573925,0.131053,-0.08702468,-0.00317183,0.1573476,-0.1094212,0.04820934,-0.03633896,0.1249706,-0.1562647,0.05375261,-0.02632759,0.1673355,-0.1790709,0.04374862,0.00335346,0.184368,0.111283,-0.08262478,0.02713734,0.1412345,-0.3120505,0.8962952,-0.1385863,0.2829722,147.1246,-0.325348,0.9344895,-0.1444919,-0.141475,0.04681414,-0.01935631,0.1502711,0.1494704,-0.4800798,-0.2036841,0.8400565,65.70783,0.275522,-0.8849415,-0.3754553,0.09995385,1.099797,0.3024656,1.145002,0.4959972,-0.772281,0.1669709,0.3601245,137.7843,0.53167,-0.8278245,0.1789797,0.11513,-0.08341248,0.02437955,0.144246,0.4049816,-0.2785377,-0.620021,0.6115397,104.5982,0.5118484,-0.3520384,-0.7836326,-0.4786761,-0.2138408,-0.3384171,0.6240071,0.5004083,0.1476075,0.8525097,0.03210883,176.32,0.5006665,0.1476837,0.8529495,4.615635E-05,0.0002025366,-0.002465546,0.002474281,0.01296896,0.0397239,0.008145175,0.9990935,4.879995,0.3046289,0.9330778,0.1913227,-0.09142243,1.202422,-0.04659999,1.206792,-0.005457748,-0.1035287,-0.1537576,-0.9826549,338.626,-0.02943078,-0.5582759,-0.8291341,True,True,False,True
1772879697189,22.8069,0.1732716,1.071033,0.1815969,1.100051,-0.3669631,-0.7475956,0.1520501,0.5322779,115.681,-0.4334706,-0.8830881,0.1796073,-0.1046326,0.6337057,-0.05810774,0.6449088,0.5181375,0.2617521,-0.7610256,0.2895852,146.3337,0.5413323,0.2734696,-0.7950935,0.08772854,1.090705,0.2842871,1.130554,0.1114804,1.119978,0.3177974,1.169518,0.1210073,1.103995,0.3264127,1.157581,-0.01485923,0.6443714,0.02810491,0.6451552,-0.003307011,0.6411238,0.07488824,0.6454912,-0.0227365,0.631391,0.1070957,0.6408128,0.09827757,-0.08308679,0.04108517,0.1350921,0.1381106,-0.07457342,0.01133938,0.1573668,0.1310869,-0.08715139,-0.003251031,0.1574475,-0.1093822,0.04802867,-0.03652981,0.1249225,-0.1562307,0.05391261,-0.02636733,0.1673614,-0.1791248,0.04367907,0.003309056,0.1844031,0.09842329,-0.08307957,0.0408733,0.1351295,0.1381495,-0.07455862,0.01129179,0.1573905,0.1310557,-0.08703458,-0.003178021,0.1573554,-0.1094181,0.04819522,-0.03635388,0.1249668,-0.1562621,0.05376511,-0.02633069,0.1673375,-0.1790751,0.04374318,0.003349988,0.1843707,0.1112754,-0.08262832,0.02714622,0.1412323,-0.3121409,0.8962687,-0.1386722,0.2829146,147.1315,-0.3254366,0.9344454,-0.1445789,-0.1414766,0.04680561,-0.01936487,0.1502711,0.1497322,-0.4799609,-0.2042757,0.8399341,65.73367,0.2759082,-0.8844135,-0.3764144,0.09990284,1.099845,0.3024082,1.145028,0.4954869,-0.7722594,0.1677811,0.3604966,137.7386,0.5312049,-0.8279289,0.1798759,0.1151715,-0.08336909,0.02443883,0.1442641,0.4035621,-0.2785292,-0.620086,0.6124155,104.4713,0.5104915,-0.3523294,-0.7843866,-0.4784566,-0.2138319,-0.3383278,0.6237872,0.5010601,0.1460759,0.8523923,0.03206621,176.3249,0.5013178,0.1461511,0.8528308,9.716302E-05,0.0001553297,-0.002408236,0.002415196,0.01397025,0.03992176,0.008261575,0.9990711,4.939792,0.3241748,0.9263708,0.191707,-0.0914684,1.202477,-0.04671076,1.206855,-0.005484429,-0.1033643,-0.153741,-0.9826747,338.6382,-0.02959135,-0.557704,-0.8295126,True,True,False,True
1772879697202,22.82052,0.1732568,1.071088,0.1815628,1.100096,-0.3669872,-0.7476124,0.152284,0.5321709,115.6955,-0.4334646,-0.8830376,0.1798693,-0.1045721,0.6337477,-0.0581012,0.6449397,0.5181375,0.2617521,-0.7610256,0.2895852,146.3337,0.5413323,0.2734696,-0.7950935,0.08765423,1.090746,0.284204,1.130567,0.1114637,1.120056,0.3177495,1.169579,0.1209677,1.104044,0.3263414,1.157603,-0.01480821,0.6444353,0.02812505,0.6452187,-0.003245805,0.6411657,0.074898,0.6455337,-0.02269239,0.6314539,0.1071206,0.6408774,0.0982327,-0.08310911,0.04114221,0.1350906,0.1380993,-0.07458903,0.01132092,0.157363,0.1310333,-0.08718301,-0.003239065,0.1574201,-0.1093959,0.04800539,-0.03653463,0.124927,-0.156234,0.05391285,-0.0263667,0.1673644,-0.1791408,0.04365107,0.003310859,0.1844121,0.09840749,-0.08308202,0.04089559,0.1351263,0.1381454,-0.07456113,0.0112942,0.1573883,0.1310538,-0.08704688,-0.003183081,0.1573607,-0.1094163,0.04817948,-0.03636886,0.1249635,-0.1562597,0.05377736,-0.02633368,0.1673397,-0.1790805,0.04373555,0.003346745,0.1843742,0.1112641,-0.08263346,0.02715891,0.1412289,-0.3122441,0.8962457,-0.1387568,0.2828319,147.1414,-0.3255359,0.9343976,-0.1446634,-0.1414802,0.0467953,-0.01937297,0.1502723,0.1500203,-0.4798323,-0.2049073,0.8398024,65.76148,0.2763354,-0.8838444,-0.3774364,0.09984046,1.099899,0.3023686,1.145065,0.4959267,-0.7718342,0.1678619,0.3607647,137.7057,0.5317354,-0.827565,0.1799825,0.115139,-0.08340324,0.02446005,0.1442615,0.4038138,-0.2784905,-0.6194511,0.6129094,104.3997,0.5110576,-0.3524512,-0.7839632,-0.4783645,-0.2139086,-0.3382812,0.6237177,0.500491,0.1460163,0.8527653,0.03129862,176.4129,0.5007362,0.1460878,0.8531832,0.0001595393,0.0001008511,-0.002368629,0.002376137,0.01406009,0.03953648,0.007717816,0.9990895,4.890412,0.329555,0.9266967,0.1808981,-0.0914729,1.202537,-0.04684747,1.206921,-0.005646404,-0.1032384,-0.1539394,-0.9826559,338.6266,-0.03044894,-0.5567262,-0.8301378,True,True,False,True
1772879697217,22.83413,0.1731662,1.071099,0.181489,1.100081,-0.3669872,-0.7476124,0.152284,0.5321709,115.6955,-0.4334646,-0.8830376,0.1798693,-0.1044789,0.6337398,-0.05810291,0.644917,0.5183334,0.2618533,-0.7607763,0.2897978,146.3083,0.5415735,0.2735939,-0.7948866,0.08764814,1.090747,0.2841845,1.130562,0.1114235,1.120195,0.3177381,1.169705,0.1208871,1.104115,0.3262651,1.157641,-0.01480654,0.6444464,0.0282068,0.6452333,-0.003236313,0.641179,0.07495783,0.6455538,-0.02270332,0.6314614,0.1071737,0.640894,0.09824795,-0.08311781,0.04104273,0.1350768,0.1382245,-0.07452083,0.01127189,0.1574371,0.1310726,-0.08713668,-0.003237396,0.1574271,-0.1094098,0.04798395,-0.03649868,0.1249204,-0.1562323,0.05391547,-0.02636566,0.1673635,-0.1791455,0.04364288,0.00331118,0.1844146,0.09839492,-0.08308484,0.04090719,0.1351223,0.1381516,-0.07455796,0.01129245,0.1573921,0.1310553,-0.08705396,-0.003187361,0.157366,-0.1094158,0.04816407,-0.03637909,0.1249601,-0.1562576,0.05378824,-0.0263362,0.1673416,-0.1790856,0.04372824,0.003343942,0.1843774,0.111258,-0.08263589,0.02716504,0.1412267,-0.3123315,0.8962089,-0.1388147,0.2828236,147.1424,-0.3256262,0.9343568,-0.1447234,-0.1414848,0.04678522,-0.01937822,0.1502742,0.1502807,-0.4797285,-0.2054786,0.8396754,65.78828,0.2767149,-0.8833339,-0.3783519,0.09965566,1.099915,0.3022276,1.145026,0.494813,-0.7720491,0.1703922,0.3606478,137.72,0.5305156,-0.8277553,0.1826866,0.1151882,-0.08338425,0.02442824,0.1442845,0.4042714,-0.2781605,-0.6196216,0.6125852,104.4467,0.5114739,-0.3519216,-0.7839296,-0.4782224,-0.2137038,-0.3385626,0.6236911,0.49996,0.1461544,0.8530347,0.0317914,176.3564,0.5002129,0.1462284,0.8534662,0.0003443435,8.535385E-05,-0.002227604,0.002255677,0.01630757,0.0411613,0.007684747,0.99899,5.15099,0.3629082,0.9160022,0.1710161,-0.09142859,1.202589,-0.04698856,1.206974,-0.005481759,-0.1031618,-0.1538577,-0.9826777,338.6401,-0.02957951,-0.5566601,-0.8302143,True,True,False,True
1772879697230,22.84855,0.1729611,1.071107,0.1813133,1.100027,-0.3669872,-0.7476124,0.152284,0.5321709,115.6955,-0.4334646,-0.8830376,0.1798693,-0.1043228,0.6337935,-0.0582153,0.6449546,0.5184493,0.2620766,-0.7604758,0.2901774,146.2628,0.5417597,0.27386,-0.794668,0.08744065,1.090759,0.2840112,1.130514,0.1112754,1.120315,0.3176138,1.169772,0.1206842,1.104241,0.326193,1.157719,-0.01477049,0.6445781,0.02821846,0.6453645,-0.003158074,0.6412928,0.07489215,0.6456587,-0.02261009,0.6315277,0.1070759,0.6409397,0.09825307,-0.08311714,0.04104467,0.1350807,0.13833,-0.07445364,0.01121855,0.1574941,0.1312269,-0.08711923,-0.003260255,0.1575464,-0.1094613,0.04792575,-0.03644285,0.1249269,-0.1562212,0.05392624,-0.02636398,0.1673564,-0.179119,0.04368925,0.003308006,0.1843999,0.09838374,-0.08308739,0.04091802,0.1351191,0.1381657,-0.07454974,0.01128662,0.1574001,0.1310688,-0.0870591,-0.003193106,0.1573802,-0.1094194,0.04814529,-0.03638412,0.1249575,-0.1562547,0.05379912,-0.02633839,0.1673427,-0.1790883,0.04372517,0.00334111,0.1843791,0.1112546,-0.08263698,0.02717195,0.141226,-0.3125389,0.8961064,-0.1389175,0.2828689,147.137,-0.3258469,0.934263,-0.1448327,-0.1414915,0.04677517,-0.01938045,0.1502776,0.1504848,-0.4796484,-0.206034,0.8395486,65.81503,0.2769908,-0.8828676,-0.3792376,0.09956662,1.09999,0.3021865,1.14508,0.4945937,-0.7721179,0.1702794,0.3608544,137.6946,0.5303259,-0.8279001,0.1825814,0.1152143,-0.08339233,0.02439768,0.1443047,0.4054947,-0.2791212,-0.6175036,0.6134777,104.3172,0.5134716,-0.3534467,-0.7819351,-0.4780711,-0.2133609,-0.3387043,0.6235347,0.4990748,0.1460844,0.8536552,0.02927217,176.6452,0.4992887,0.146147,0.8540211,0.0004333854,1.037121E-05,-0.002186537,0.002229097,0.01640273,0.04100443,0.007957783,0.9989927,5.143841,0.3655332,0.9137798,0.1773384,-0.09136175,1.202664,-0.04711812,1.207049,-0.005362548,-0.103049,-0.1537385,-0.9827089,338.6594,-0.0289621,-0.5565478,-0.8303123,True,True,False,True
1772879697244,22.86117,0.1728666,1.071087,0.1812799,1.099987,-0.3670344,-0.7475615,0.1525127,0.5321442,115.6991,-0.4335118,-0.8829601,0.1801359,-0.1042687,0.6337858,-0.05829827,0.6449458,0.5185553,0.2622451,-0.7602268,0.2904879,146.2257,0.5419238,0.2740631,-0.794486,0.08744432,1.090798,0.284047,1.130562,0.1112055,1.120409,0.317578,1.169845,0.120617,1.104296,0.3261431,1.157751,-0.01478255,0.6446285,0.02820011,0.6454143,-0.003181372,0.6413786,0.07491027,0.6457462,-0.02264982,0.631579,0.1070495,0.6409873,0.09830254,-0.08310466,0.04094873,0.1350799,0.13838,-0.07441144,0.01121774,0.157518,0.1312325,-0.08709534,-0.003259659,0.1575379,-0.1094757,0.04791,-0.03642818,0.1249292,-0.1562732,0.05389106,-0.02636783,0.1673942,-0.1791341,0.04366282,0.003309548,0.1844083,0.098377,-0.08308882,0.04092057,0.1351158,0.1381835,-0.07453825,0.0112809,0.1574099,0.1310824,-0.08706211,-0.003198634,0.1573933,-0.109424,0.04812575,-0.03638778,0.1249551,-0.1562562,0.05380676,-0.02634083,0.167347,-0.1790921,0.04371999,0.003338489,0.1843815,0.1112571,-0.08263595,0.02717165,0.1412273,-0.3127231,0.8960072,-0.1390152,0.2829313,147.1295,-0.3260453,0.9341776,-0.1449373,-0.1414978,0.0467638,-0.01938296,0.1502804,0.1506598,-0.4795833,-0.2065184,0.8394353,65.83892,0.2772237,-0.8824637,-0.380007,0.09950428,1.100035,0.3021634,1.145112,0.4946328,-0.7719249,0.1704843,0.3611169,137.6624,0.5304256,-0.8277833,0.182821,0.1152492,-0.08335478,0.02441913,0.1443145,0.4051777,-0.2790474,-0.6175547,0.6136691,104.2894,0.5131668,-0.35342,-0.7821472,-0.4780686,-0.2130674,-0.338965,0.623574,0.4988803,0.1453795,0.8538859,0.02936287,176.6348,0.4990955,0.1454422,0.8542543,0.0004957244,-3.480911E-05,-0.002163351,0.002219694,0.01670429,0.04083193,0.007787558,0.9989961,5.13531,0.3728721,0.9114477,0.1738334,-0.09128969,1.202753,-0.0472585,1.207138,-0.004866896,-0.1031346,-0.1535573,-0.9827308,338.673,-0.02630171,-0.5573605,-0.8298551,True,True,False,True
1772879697258,22.87532,0.1727925,1.071172,0.1812699,1.100057,-0.3670322,-0.7475207,0.1527413,0.5321375,115.7,-0.433507,-0.8829075,0.1804049,-0.1041926,0.6336631,-0.0583716,0.6448195,0.5186617,0.2623216,-0.7600163,0.2907795,146.1908,0.5420852,0.2741684,-0.7943397,0.08724899,1.09091,0.2839634,1.130634,0.1111289,1.120438,0.3175278,1.169852,0.1205528,1.104342,0.3261097,1.157779,-0.0147137,0.6446028,0.02819389,0.6453869,-0.003180761,0.6413414,0.07491717,0.6457101,-0.02266925,0.6315274,0.107034,0.6409345,0.09827428,-0.08310001,0.04110748,0.1351047,0.1382946,-0.07445931,0.01123399,0.1574668,0.1311633,-0.08714038,-0.003253117,0.157505,-0.1095174,0.04790736,-0.03647712,0.124979,-0.1563047,0.0538671,-0.02637094,0.1674164,-0.1791498,0.0436353,0.003311068,0.184417,0.09836945,-0.08308964,0.0409343,0.135115,0.1381916,-0.07453246,0.01127745,0.1574141,0.1310884,-0.08706786,-0.003202636,0.1574015,-0.1094309,0.04810971,-0.03639434,0.1249568,-0.1562598,0.05381119,-0.02634304,0.1673521,-0.1790963,0.04371377,0.003336474,0.1843841,0.1112546,-0.08263657,0.02717966,0.1412272,-0.3128847,0.895949,-0.1390967,0.282897,147.1336,-0.3262103,0.9341069,-0.1450208,-0.1415051,0.04675348,-0.01938681,0.1502845,0.1508056,-0.4795062,-0.2069093,0.839357,65.85544,0.2774301,-0.8821252,-0.3806414,0.09941909,1.100084,0.3021026,1.145135,0.4949144,-0.771655,0.1709096,0.3611071,137.6636,0.5307254,-0.8274904,0.1832763,0.1151905,-0.08339219,0.02442075,0.1442896,0.40529,-0.2789519,-0.6175059,0.6136876,104.2868,0.5133184,-0.3533054,-0.7820995,-0.478127,-0.2128698,-0.3392075,0.6236832,0.4984853,0.145164,0.8541489,0.02948901,176.6203,0.4987022,0.1452271,0.8545204,0.0005809143,-8.356571E-05,-0.002102584,0.002182957,0.0169505,0.04091491,0.00727224,0.9989925,5.144601,0.3776843,0.9116499,0.1620372,-0.0912004,1.202843,-0.04739971,1.207226,-0.004625898,-0.1029335,-0.1534924,-0.9827631,338.693,-0.02502253,-0.5567907,-0.8302755,True,True,False,True
1772879697272,22.88997,0.1726815,1.071254,0.181226,1.100112,-0.3669918,-0.747503,0.1529732,0.5321236,115.7019,-0.4334549,-0.8828776,0.180677,-0.1040105,0.6332791,-0.05842073,0.6444173,0.5188176,0.2619863,-0.7597867,0.2914034,146.116,0.5423556,0.2738723,-0.794257,0.08721945,1.090872,0.2839426,1.13059,0.1110051,1.120466,0.3174377,1.169843,0.1204622,1.104428,0.3260436,1.157833,-0.01460288,0.6443542,0.02825121,0.6451386,-0.003088746,0.6410369,0.07486072,0.6454006,-0.02267631,0.6313829,0.1071099,0.6408051,0.09818194,-0.08316901,0.04101908,0.1350531,0.1382136,-0.07449638,0.01125798,0.1574149,0.1311288,-0.08714437,-0.003253043,0.1574786,-0.1095491,0.04792401,-0.03647883,0.1250136,-0.1562048,0.05398893,-0.02635527,0.1673599,-0.1791869,0.04359233,0.003319912,0.1844431,0.09835413,-0.08309612,0.04094123,0.1351099,0.1381934,-0.07452951,0.01127586,0.1574142,0.1310917,-0.08707412,-0.003206753,0.1574078,-0.1094405,0.04809454,-0.03640124,0.1249615,-0.1562553,0.05382571,-0.02634404,0.1673527,-0.1791037,0.04370385,0.003335122,0.184389,0.1112455,-0.08264146,0.02718356,0.1412236,-0.3130295,0.8958736,-0.1391547,0.282947,147.1277,-0.3263662,0.9340428,-0.1450835,-0.1415218,0.04674239,-0.01938622,0.1502967,0.1511601,-0.47936,-0.2076129,0.8392028,65.88792,0.2779606,-0.8814707,-0.3817688,0.09938549,1.100121,0.3020824,1.145162,0.4948388,-0.7716156,0.170799,0.3613469,137.6341,0.5306973,-0.8275307,0.1831759,0.1151384,-0.08340872,0.02440933,0.1442556,0.4055919,-0.2791183,-0.6174356,0.6134831,104.3164,0.5135974,-0.353445,-0.7818533,-0.4784492,-0.2125799,-0.3393575,0.6239129,0.4983882,0.1452323,0.854177,0.02998016,176.564,0.4986123,0.1452976,0.854561,0.0006145164,-0.0001206398,-0.002082378,0.002174507,0.01702441,0.04067247,0.007385044,0.9990003,5.124473,0.3808217,0.9098091,0.1651972,-0.09113213,1.202899,-0.04754872,1.207283,-0.004399002,-0.1028287,-0.1534422,-0.982783,338.7053,-0.02380883,-0.5565422,-0.8304792,True,True,False,True
1772879697286,22.90388,0.1726638,1.071254,0.1811816,1.100102,-0.3668847,-0.7475252,0.1532459,0.5320879,115.7067,-0.4333169,-0.8828803,0.1809943,-0.103958,0.6332111,-0.05844114,0.6443439,0.5188048,0.2615587,-0.7595872,0.2923283,146.0052,0.5425025,0.273506,-0.7942832,0.08724239,1.090857,0.2839268,1.130572,0.1109913,1.120536,0.3174212,1.169905,0.1204532,1.104477,0.3260218,1.157872,-0.01465587,0.6444881,0.02834261,0.6452774,-0.003162991,0.6412687,0.07491136,0.6456372,-0.02272951,0.6315983,0.1071316,0.6410228,0.09818589,-0.08317417,0.04097877,0.1350469,0.138276,-0.07447621,0.01124844,0.1574595,0.1311658,-0.0871395,-0.003259778,0.1575068,-0.1095842,0.04792816,-0.03643683,0.1250338,-0.1561948,0.054001,-0.02635357,0.1673542,-0.1791571,0.04366606,0.003318563,0.1844316,0.09833995,-0.0831027,0.04094439,0.1351046,0.1382004,-0.07452502,0.01127355,0.157418,0.1310979,-0.08707962,-0.003211221,0.1574161,-0.1094526,0.04808052,-0.03640424,0.1249675,-0.1562502,0.05384048,-0.02634485,0.1673528,-0.1791082,0.04370067,0.003333726,0.1843925,0.1112392,-0.0826457,0.02718465,0.1412214,-0.3131604,0.8957928,-0.1392132,0.2830292,147.1178,-0.326511,0.9339821,-0.1451482,-0.1415385,0.04673469,-0.0193837,0.1503097,0.1514282,-0.4792446,-0.2082262,0.8390686,65.91624,0.2783473,-0.8809224,-0.3827505,0.09935962,1.100086,0.3019758,1.145099,0.4939457,-0.7720119,0.1709728,0.3616403,137.5981,0.5298041,-0.8280566,0.1833847,0.115181,-0.08340705,0.02442546,0.1442914,0.4053,-0.278947,-0.6174933,0.6136959,104.2856,0.5133352,-0.3533021,-0.7820899,-0.4790431,-0.2116333,-0.3392041,0.6239634,0.4986223,0.144406,0.8541511,0.03079721,176.4703,0.498859,0.1444746,0.8545566,0.0006403849,-8.583069E-05,-0.001975775,0.002078736,0.0175926,0.04081676,0.00823756,0.9989779,5.181753,0.3891856,0.9029534,0.1822323,-0.09117928,1.202971,-0.04777194,1.207367,-0.004115201,-0.1024971,-0.1534272,-0.9828212,338.729,-0.02229735,-0.5553591,-0.8313128,True,True,False,True
1772879697299,22.91819,0.1726799,1.071261,0.1810987,1.100098,-0.3667834,-0.747544,0.1535196,0.5320525,115.7115,-0.4331858,-0.8828793,0.1813127,-0.1038504,0.6331668,-0.05852883,0.6442909,0.5186123,0.2609196,-0.7593597,0.2938287,145.8254,0.5425619,0.2729689,-0.794427,0.08713002,1.090884,0.2837488,1.130545,0.1110006,1.120494,0.3173074,1.169835,0.1204553,1.104407,0.3259324,1.157781,-0.01472739,0.644549,0.02844095,0.6453442,-0.003177975,0.6416604,0.07484299,0.6460183,-0.02274807,0.6320546,0.1070848,0.6414652,0.09815747,-0.08314452,0.04114586,0.1350588,0.1382145,-0.07450633,0.01125276,0.1574201,0.1310964,-0.08721249,-0.003254503,0.1574893,-0.109627,0.0480656,-0.03616397,0.1250449,-0.1561247,0.05409592,-0.02634118,0.1673175,-0.1791121,0.04375583,0.003314406,0.1844091,0.09832528,-0.08310606,0.04096059,0.1351009,0.1382015,-0.07452352,0.01127188,0.1574181,0.1310978,-0.08709031,-0.003214701,0.157422,-0.1094667,0.04807932,-0.03638493,0.1249737,-0.1562401,0.05386101,-0.02634455,0.16735,-0.1791085,0.0437051,0.003332173,0.1843939,0.1112299,-0.08264979,0.02719422,0.1412183,-0.3133203,0.8957354,-0.1393131,0.2829848,147.1231,-0.3266733,0.9339095,-0.1452503,-0.1415582,0.04673716,-0.01936786,0.150327,0.1516544,-0.4792363,-0.2086393,0.8389298,65.94543,0.2786537,-0.8805611,-0.3833592,0.09932519,1.100136,0.3019419,1.145135,0.4942571,-0.7720696,0.1695112,0.3617795,137.5809,0.5301688,-0.8281666,0.1818275,0.1151381,-0.08344091,0.02447138,0.1442845,0.4047395,-0.2789491,-0.6169596,0.614601,104.1541,0.5130829,-0.3536201,-0.7821117,-0.4800273,-0.2100301,-0.3387221,0.6239163,0.4992088,0.1425528,0.8541067,0.03116371,176.4283,0.4994513,0.142622,0.8545216,0.0006748065,-0.0001358986,-0.001941919,0.002060311,0.01643266,0.03994005,0.008610805,0.9990299,5.048124,0.3731406,0.9069287,0.1955277,-0.09122451,1.203043,-0.04799498,1.207451,-0.003782161,-0.1022178,-0.1532378,-0.9828812,338.7663,-0.02052839,-0.5548064,-0.831727,True,True,False,True
1772879697313,22.93142,0.172647,1.071228,0.181063,1.100055,-0.3667834,-0.747544,0.1535196,0.5320525,115.7115,-0.4331858,-0.8828793,0.1813127,-0.1037945,0.6329269,-0.05855016,0.6440481,0.5184181,0.2604247,-0.7591609,0.2951214,145.6704,0.542585,0.2725648,-0.7945504,0.08714232,1.090883,0.2837518,1.130546,0.1109778,1.120526,0.3172894,1.169858,0.1204338,1.104397,0.3258614,1.157749,-0.01477816,0.6445655,0.02853953,0.6453662,-0.00326081,0.6418946,0.07492301,0.6462606,-0.02288419,0.6323596,0.1071893,0.6417881,0.09819917,-0.08312922,0.04109491,0.1350642,0.1382708,-0.07446953,0.01124698,0.1574516,0.1310865,-0.08717094,-0.003247738,0.1574579,-0.1096726,0.04810353,-0.03608256,0.1250759,-0.1561567,0.05407015,-0.02634428,0.1673396,-0.179159,0.04367403,0.003319249,0.1844353,0.09831487,-0.08310797,0.04097167,0.1350978,0.1382072,-0.07451906,0.01126983,0.1574209,0.1310969,-0.08709696,-0.003217427,0.157425,-0.1094837,0.04808132,-0.03635998,0.1249821,-0.1562332,0.05387827,-0.02634453,0.1673491,-0.1791127,0.04370254,0.003331106,0.1843973,0.1112253,-0.08265115,0.02719991,0.1412165,-0.3134225,0.8957005,-0.1393748,0.2829518,147.1271,-0.3267765,0.9338636,-0.1453132,-0.1415829,0.04673816,-0.01934823,0.150348,0.1519128,-0.4792472,-0.2089681,0.838795,65.97382,0.279022,-0.8802451,-0.3838168,0.09928631,1.10011,0.3017516,1.145056,0.4926491,-0.7732714,0.1695127,0.3614053,137.627,0.5283617,-0.8293266,0.1818008,0.1151987,-0.08338592,0.02448531,0.1443034,0.4038547,-0.2783875,-0.6180126,0.6143797,104.1863,0.5118495,-0.3528311,-0.7832754,-0.4809196,-0.2088234,-0.3385347,0.6240966,0.500293,0.1410278,0.8536468,0.03324842,176.1893,0.5005698,0.1411058,0.8541191,0.0007136911,-0.0001100302,-0.001751572,0.001894589,0.01668883,0.04090858,0.01038916,0.9989696,5.202713,0.3677045,0.9013375,0.2289041,-0.09120756,1.203114,-0.04817489,1.207528,-0.00354179,-0.1019492,-0.1531618,-0.9829219,338.7916,-0.01924643,-0.5540019,-0.8322959,True,True,False,True
1772879697326,22.94552,0.1726765,1.071201,0.1809392,1.100012,-0.3667834,-0.747544,0.1535196,0.5320525,115.7115,-0.4331858,-0.8828793,0.1813127,-0.1036545,0.6319296,-0.0584673,0.6430379,0.5182937,0.260003,-0.7590219,0.2960675,145.5569,0.5426211,0.2722068,-0.7946483,0.08702558,1.090922,0.2835217,1.130517,0.111001,1.120446,0.3171225,1.169738,0.1204491,1.104274,0.3257233,1.157594,-0.01493061,0.6435812,0.02886043,0.644401,-0.003208231,0.6411828,0.0750114,0.6455637,-0.02281869,0.6316727,0.1072864,0.6411251,0.09819818,-0.08307398,0.04127958,0.1350858,0.1382051,-0.07448097,0.01126097,0.1574003,0.1310107,-0.08723314,-0.003244728,0.1574292,-0.109752,0.04808827,-0.03571903,0.1250353,-0.1561063,0.05411796,-0.02633839,0.167307,-0.1791212,0.04374234,0.003315441,0.1844147,0.09830593,-0.08310536,0.04099529,0.1350969,0.1382071,-0.07451614,0.01126915,0.1574193,0.1310903,-0.08710741,-0.003219521,0.1574253,-0.1095042,0.04808185,-0.03631081,0.1249861,-0.1562235,0.05389666,-0.02634406,0.1673459,-0.1791133,0.04370559,0.003329905,0.1843986,0.1112195,-0.08265112,0.02721309,0.1412145,-0.3135552,0.8956912,-0.139475,0.2827849,147.147,-0.326898,0.933806,-0.1454102,-0.1416112,0.04674099,-0.01931503,0.1503713,0.1520894,-0.4793826,-0.20917,0.8386353,66.00744,0.2792201,-0.880096,-0.3840141,0.09924009,1.100119,0.3017014,1.145047,0.4922594,-0.7735392,0.1690741,0.3615686,137.6069,0.5279796,-0.8296701,0.1813427,0.1151655,-0.08337001,0.02457339,0.1442827,0.4026785,-0.2790603,-0.6171931,0.615669,103.9989,0.5110101,-0.3541352,-0.783235,-0.4814459,-0.2085231,-0.3389155,0.6246085,0.5013994,0.1388818,0.8533736,0.0326206,176.2613,0.5016664,0.1389558,0.853828,0.0007599071,-0.000118494,-0.001701415,0.001867167,0.01655292,0.04071721,0.01101173,0.998973,5.194129,0.365313,0.8986043,0.2430224,-0.09114118,1.20318,-0.04831896,1.207594,-0.003206176,-0.1017633,-0.1528099,-0.9829971,338.8385,-0.0174608,-0.5542021,-0.8322009,True,True,False,True
1772879697341,22.95862,0.1726557,1.071172,0.1808927,1.099974,-0.3667834,-0.747544,0.1535196,0.5320525,115.7115,-0.4331858,-0.8828793,0.1813127,-0.1036151,0.6317624,-0.05844977,0.6428656,0.5182433,0.2596094,-0.7588966,0.2968214,145.4664,0.5427012,0.2718614,-0.7947119,0.08706358,1.090902,0.283491,1.130493,0.1109859,1.120465,0.3170938,1.169747,0.1204292,1.104235,0.3256615,1.157538,-0.0150463,0.6435542,0.02898557,0.6443823,-0.003237386,0.6412107,0.07502507,0.645593,-0.02284202,0.6317329,0.107305,0.6411884,0.09820537,-0.08305541,0.04122141,0.1350618,0.1382498,-0.07445773,0.0112565,0.1574283,0.1309931,-0.08723006,-0.003241226,0.1574127,-0.1097775,0.04805628,-0.03560785,0.1250137,-0.1560467,0.05419163,-0.02632878,0.1672737,-0.1790734,0.04382602,0.003310561,0.1843881,0.09829774,-0.08310129,0.0410137,0.135094,0.1382105,-0.07451139,0.01126812,0.15742,0.1310823,-0.08711739,-0.003221287,0.1574243,-0.1095265,0.04807977,-0.03625361,0.1249881,-0.1562091,0.05392066,-0.02634281,0.16734,-0.1791101,0.04371539,0.003328331,0.1843978,0.1112164,-0.08264929,0.02722178,0.1412127,-0.3136498,0.8956897,-0.139581,0.2826321,147.1653,-0.3269814,0.9337606,-0.1455138,-0.1416406,0.04674572,-0.01927689,0.1503955,0.1522562,-0.4795454,-0.2094473,0.8384427,66.04793,0.2793743,-0.8799162,-0.3843141,0.09920814,1.100084,0.3016596,1.145001,0.4919243,-0.7737311,0.1691464,0.3615803,137.6055,0.5276227,-0.82988,0.1814211,0.1151935,-0.08335228,0.02460384,0.1443,0.402162,-0.27886,-0.6172584,0.6160316,103.9462,0.5105383,-0.3540083,-0.7835998,-0.4819164,-0.2078345,-0.3387895,0.6246734,0.5018757,0.1377259,0.8532546,0.03330358,176.183,0.5021542,0.1378023,0.8537281,0.0007918626,-8.440018E-05,-0.001659602,0.001840774,0.01671489,0.04086585,0.01133732,0.9989606,5.225388,0.3666801,0.8964877,0.2487105,-0.09105937,1.203259,-0.04844734,1.207672,-0.002934972,-0.1014016,-0.1525543,-0.9830749,338.8871,-0.01602023,-0.5534899,-0.8327017,True,True,False,True
1772879697356,22.97232,0.1726379,1.071138,0.1808476,1.09993,-0.3667834,-0.747544,0.1535196,0.5320525,115.7115,-0.4331858,-0.8828793,0.1813127,-0.1035625,0.6318141,-0.05845438,0.6429083,0.518252,0.2592928,-0.7587862,0.2973646,145.4012,0.5428064,0.271578,-0.7947369,0.08697724,1.090909,0.2834062,1.130472,0.110966,1.120419,0.3170497,1.169689,0.1204052,1.104188,0.3256354,1.157483,-0.01507671,0.6437283,0.02904724,0.6445597,-0.003255036,0.6414122,0.07503591,0.6457946,-0.022887,0.6319903,0.1073469,0.6414506,0.09821868,-0.08302908,0.04130559,0.135081,0.1382423,-0.07446712,0.01125604,0.1574261,0.130998,-0.08725285,-0.003244922,0.1574296,-0.1097918,0.04804549,-0.03557543,0.1250128,-0.156011,0.05423079,-0.0263237,0.1672524,-0.1790719,0.04382856,0.00331042,0.1843872,0.09829173,-0.0830958,0.0410359,0.135093,0.1382129,-0.07450802,0.0112672,0.1574205,0.1310759,-0.08712769,-0.003223085,0.1574247,-0.1095467,0.04807716,-0.03620202,0.1249899,-0.156194,0.05394425,-0.02634136,0.1673333,-0.1791072,0.043724,0.003326968,0.184397,0.1112137,-0.08264717,0.02723347,0.1412116,-0.3137529,0.8956934,-0.1396941,0.2824502,147.187,-0.3270706,0.9337123,-0.1456236,-0.1416683,0.04674961,-0.01924174,0.1504183,0.1524416,-0.4796807,-0.2097647,0.8382522,66.08796,0.2795644,-0.8796917,-0.3846897,0.09921294,1.099871,0.3015563,1.144769,0.4886943,-0.7755188,0.1676547,0.3628229,137.4527,0.5244299,-0.8322284,0.1799144,0.1151982,-0.08335956,0.02461543,0.14431,0.4020126,-0.2789285,-0.6170416,0.6163153,103.9049,0.5104925,-0.354195,-0.7835453,-0.4822111,-0.2071981,-0.3385509,0.6245601,0.5021292,0.1370904,0.8532004,0.03349303,176.1613,0.5024111,0.1371673,0.8536793,0.000787057,0.0001291037,-0.001556307,0.001748776,0.01721146,0.04029815,0.01543942,0.9989202,5.325715,0.3704686,0.8673987,0.3323262,-0.09097028,1.203324,-0.0485808,1.207735,-0.002604368,-0.1012803,-0.1523138,-0.9831257,338.9189,-0.01423686,-0.5536516,-0.8326281,True,True,False,True
1772879697369,22.98745,0.1727513,1.070948,0.1807957,1.099754,-0.3667834,-0.747544,0.1535196,0.5320525,115.7115,-0.4331858,-0.8828793,0.1813127,-0.1035434,0.6321307,-0.05840902,0.6432123,0.5182531,0.258981,-0.7586957,0.2978649,145.3412,0.5428963,0.2712956,-0.7947719,0.0868988,1.0907,0.28322,1.130217,0.1111086,1.120077,0.3169167,1.169339,0.1205192,1.103745,0.3255186,1.157039,-0.01506705,0.6441364,0.02912171,0.6449704,-0.003317546,0.6419227,0.07515046,0.6463152,-0.0230019,0.6325587,0.1074827,0.6420375,0.09814522,-0.08303247,0.04152876,0.1350982,0.1380749,-0.07450868,0.01123673,0.1572974,0.1307737,-0.08738527,-0.00326106,0.1573168,-0.109791,0.04810137,-0.03558138,0.1250354,-0.1560359,0.0542125,-0.02632601,0.16727,-0.1791138,0.04375436,0.003314666,0.1844104,0.09828012,-0.08309078,0.04107496,0.1350933,0.138202,-0.07450807,0.01126479,0.1574108,0.131052,-0.08714811,-0.003226095,0.1574161,-0.109566,0.04807908,-0.03615282,0.1249933,-0.1561815,0.05396551,-0.02634014,0.1673283,-0.1791077,0.04372641,0.003325993,0.184398,0.111203,-0.08264817,0.02725374,0.1412077,-0.3139429,0.8957249,-0.1398492,0.2820621,147.2334,-0.3272296,0.933634,-0.1457679,-0.141697,0.04675303,-0.0192077,0.1504421,0.1526713,-0.4798021,-0.2100333,0.8380737,66.12547,0.2798449,-0.8794721,-0.3849887,0.09919901,1.099836,0.3015505,1.144732,0.4876148,-0.7763504,0.1670866,0.3627591,137.4605,0.5232576,-0.8330986,0.1792999,0.1151646,-0.08338525,0.02473025,0.1443176,0.3993604,-0.2779077,-0.6162672,0.6192685,103.4745,0.5086232,-0.3539417,-0.7848745,-0.4823235,-0.2062515,-0.3380692,0.6240724,0.5024942,0.1326938,0.8536882,0.03329606,176.1838,0.5027729,0.1327674,0.8541618,0.0008009896,0.0001645088,-0.001550466,0.001752881,0.0170462,0.04052422,0.01689008,0.9988905,5.398723,0.3619526,0.8604762,0.3586378,-0.09088566,1.20339,-0.04870118,1.207799,-0.002549724,-0.1013077,-0.1523451,-0.9831182,338.9142,-0.01393507,-0.5536792,-0.832615,True,True,False,True
